0 1
0 12
0 22
0 2
0 13
0 3
0 4
0 5
0 9
0 11
1 2
1 3
1 4
1 5
1 6
1 7
1 8
1 9
1 10
1 11
2 12
2 13
2 24
2 25
2 26
2 6
2 7
2 27
2 9
2 28
2 11
3 12
3 29
3 9
3 14
3 11
4 12
4 29
4 30
4 9
4 14
4 28
4 11
5 12
5 9
5 14
5 28
5 11
6 12
6 32
6 33
6 37
6 38
6 35
6 36
6 9
6 14
6 28
6 11
7 12
7 37
7 35
7 36
7 9
7 14
7 28
7 11
8 23
8 10
9 12
9 23
9 22
9 13
9 24
9 14
9 10
10 21
11 12
11 16
11 21
11 23
11 22
11 13
11 24
11 15
11 17
11 18
11 19
11 20
11 29
11 25
11 26
11 27
11 31
11 30
11 32
11 33
11 34
11 37
11 38
11 35
11 36
12 13
12 14
13 24
13 14
14 16
14 21
14 24
14 15
14 17
14 18
14 19
14 20
14 29
14 25
14 26
14 27
14 31
14 30
14 32
14 33
14 34
14 37
14 38
14 35
14 36
15 16
15 31
15 30
15 32
15 33
15 34
16 17
16 18
16 19
16 20
17 29
17 31
17 30
17 32
17 33
17 34
18 29
18 32
19 21
20 29
20 31
20 30
20 32
20 34
20 35
22 23
25 28
26 36
26 28
27 28
28 29
28 31
28 30
28 32
28 33
28 34
28 37
28 38
28 35
28 36
29 36
32 37
35 38
