0 1
0 60
0 73
0 2
0 3
0 5
0 74
0 75
0 62
0 64
0 65
0 76
0 77
0 8
0 9
0 11
0 12
0 13
0 15
0 66
0 16
0 78
0 79
0 17
0 18
0 19
0 80
0 21
0 81
0 23
0 24
0 25
0 26
0 82
0 27
0 28
0 83
0 84
0 30
0 31
0 32
0 68
0 69
0 85
0 34
0 35
0 38
0 40
0 70
0 41
0 42
0 45
0 47
0 51
0 53
0 54
0 86
0 87
0 56
0 71
0 72
1 2
1 3
1 4
1 5
1 6
1 7
1 8
1 9
1 10
1 11
1 12
1 13
1 14
1 15
1 16
1 17
1 18
1 19
1 20
1 21
1 22
1 23
1 24
1 25
1 26
1 27
1 28
1 29
1 30
1 31
1 32
1 33
1 34
1 35
1 36
1 37
1 38
1 39
1 40
1 41
1 42
1 43
1 44
1 45
1 46
1 47
1 48
1 49
1 50
1 51
1 52
1 53
1 54
1 55
1 56
1 57
1 58
1 59
2 61
2 3
2 5
2 74
2 75
2 89
2 62
2 7
2 64
2 65
2 93
2 76
2 9
2 94
2 10
2 11
2 12
2 13
2 15
2 66
2 16
2 78
2 79
2 17
2 18
2 19
2 21
2 81
2 24
2 82
2 27
2 28
2 83
2 29
2 84
2 100
2 30
2 31
2 68
2 85
2 34
2 37
2 38
2 39
2 70
2 41
2 42
2 43
2 45
2 101
2 102
2 47
2 48
2 92
2 51
2 53
2 54
2 71
2 72
2 59
3 61
3 88
3 98
3 4
3 103
3 5
3 74
3 75
3 62
3 7
3 63
3 9
3 10
3 11
3 90
3 12
3 13
3 14
3 15
3 66
3 16
3 78
3 79
3 17
3 18
3 19
3 67
3 22
3 23
3 24
3 27
3 91
3 83
3 29
3 84
3 31
3 32
3 33
3 68
3 85
3 34
3 35
3 37
3 38
3 104
3 40
3 70
3 41
3 42
3 43
3 44
3 45
3 46
3 92
3 50
3 51
3 52
3 54
3 55
3 86
3 87
3 56
3 71
3 59
4 8
4 12
4 79
4 22
4 81
4 23
4 25
4 26
4 84
4 100
4 85
4 39
4 40
4 41
4 42
4 47
4 51
4 54
4 56
4 71
5 61
5 88
5 98
5 107
5 62
5 65
5 93
5 9
5 11
5 99
5 12
5 13
5 14
5 15
5 16
5 79
5 108
5 17
5 18
5 19
5 80
5 20
5 21
5 22
5 23
5 25
5 26
5 27
5 91
5 109
5 29
5 84
5 100
5 30
5 31
5 32
5 68
5 95
5 85
5 34
5 35
5 37
5 38
5 40
5 70
5 41
5 42
5 43
5 44
5 45
5 46
5 47
5 50
5 51
5 52
5 53
5 54
5 55
5 86
5 87
5 56
5 71
5 57
5 106
5 59
6 89
6 64
6 76
6 11
6 12
6 13
6 14
6 16
6 78
6 108
6 19
6 22
6 81
6 24
6 82
6 28
6 109
6 29
6 84
6 32
6 68
6 40
6 102
6 47
6 52
6 53
6 54
6 86
6 110
6 71
7 60
7 88
7 74
7 62
7 65
7 8
7 9
7 94
7 11
7 99
7 12
7 13
7 15
7 66
7 18
7 21
7 22
7 24
7 25
7 26
7 27
7 91
7 28
7 29
7 30
7 31
7 32
7 33
7 68
7 96
7 85
7 37
7 70
7 43
7 47
7 50
7 111
7 56
7 71
7 59
8 98
8 103
8 75
8 107
8 65
8 77
8 94
8 10
8 11
8 12
8 16
8 78
8 79
8 108
8 17
8 19
8 67
8 80
8 21
8 81
8 23
8 24
8 25
8 26
8 82
8 28
8 83
8 109
8 31
8 32
8 96
8 85
8 35
8 37
8 40
8 42
8 43
8 45
8 101
8 102
8 48
8 50
8 52
8 54
8 55
8 56
8 71
8 72
8 57
8 58
8 59
9 88
9 98
9 103
9 107
9 65
9 76
9 11
9 13
9 15
9 16
9 79
9 17
9 21
9 81
9 24
9 25
9 82
9 27
9 91
9 29
9 84
9 32
9 36
9 70
9 44
9 45
9 47
9 48
9 50
9 54
9 55
9 86
9 87
9 56
9 57
10 98
10 103
10 89
10 65
10 93
10 11
10 12
10 15
10 66
10 16
10 78
10 79
10 19
10 21
10 81
10 82
10 91
10 28
10 33
10 68
10 40
10 70
10 105
10 44
10 47
10 52
10 54
10 86
10 59
11 60
11 61
11 88
11 98
11 103
11 74
11 75
11 63
11 64
11 65
11 93
11 77
11 94
11 90
11 12
11 13
11 14
11 15
11 66
11 16
11 78
11 79
11 108
11 17
11 18
11 19
11 67
11 20
11 21
11 22
11 81
11 23
11 24
11 25
11 26
11 82
11 27
11 91
11 28
11 83
11 109
11 29
11 84
11 100
11 30
11 31
11 32
11 68
11 69
11 95
11 96
11 85
11 34
11 112
11 35
11 97
11 36
11 37
11 38
11 104
11 39
11 40
11 105
11 41
11 42
11 43
11 44
11 45
11 101
11 102
11 46
11 47
11 48
11 49
11 51
11 52
11 53
11 111
11 54
11 55
11 86
11 56
11 71
11 72
11 57
11 58
11 106
11 59
12 60
12 61
12 103
12 75
12 63
12 64
12 93
12 76
12 77
12 90
12 13
12 14
12 15
12 66
12 16
12 78
12 79
12 17
12 19
12 80
12 20
12 21
12 22
12 81
12 23
12 25
12 26
12 82
12 27
12 91
12 28
12 83
12 109
12 29
12 100
12 30
12 31
12 32
12 33
12 68
12 69
12 96
12 85
12 34
12 35
12 97
12 37
12 38
12 39
12 105
12 42
12 43
12 44
12 45
12 46
12 47
12 48
12 51
12 52
12 53
12 54
12 55
12 86
12 56
12 110
12 72
12 106
12 59
13 88
13 98
13 103
13 74
13 89
13 107
13 62
13 76
13 77
13 94
13 90
13 15
13 16
13 79
13 17
13 18
13 19
13 67
13 80
13 21
13 22
13 81
13 23
13 24
13 82
13 27
13 28
13 83
13 29
13 84
13 30
13 31
13 32
13 33
13 68
13 34
13 97
13 37
13 38
13 39
13 40
13 41
13 42
13 43
13 44
13 45
13 102
13 46
13 47
13 50
13 51
13 52
13 54
13 55
13 86
13 87
13 56
13 58
13 59
14 60
14 15
14 16
14 17
14 81
14 32
14 85
14 37
14 41
14 49
14 53
14 71
15 98
15 74
15 62
15 63
15 65
15 93
15 76
15 94
15 16
15 79
15 108
15 17
15 19
15 21
15 81
15 23
15 82
15 27
15 83
15 29
15 100
15 30
15 31
15 32
15 33
15 68
15 69
15 96
15 85
15 40
15 70
15 43
15 44
15 46
15 47
15 48
15 92
15 52
15 53
15 111
15 54
15 56
15 71
15 72
15 58
15 106
15 59
16 60
16 61
16 88
16 98
16 103
16 74
16 75
16 62
16 63
16 64
16 93
16 76
16 94
16 90
16 99
16 66
16 79
16 108
16 17
16 18
16 19
16 67
16 20
16 21
16 22
16 81
16 23
16 24
16 25
16 26
16 82
16 27
16 91
16 28
16 83
16 109
16 84
16 31
16 32
16 33
16 68
16 85
16 34
16 35
16 38
16 104
16 39
16 40
16 41
16 43
16 44
16 45
16 46
16 47
16 48
16 49
16 92
16 50
16 51
16 52
16 111
16 54
16 86
16 87
16 56
16 71
16 106
16 59
17 60
17 61
17 88
17 98
17 103
17 74
17 75
17 62
17 63
17 64
17 93
17 94
17 99
17 66
17 78
17 79
17 18
17 19
17 67
17 20
17 21
17 22
17 23
17 24
17 25
17 26
17 82
17 27
17 91
17 28
17 83
17 29
17 100
17 31
17 32
17 68
17 69
17 85
17 34
17 97
17 36
17 38
17 40
17 70
17 105
17 41
17 42
17 43
17 44
17 45
17 101
17 46
17 47
17 48
17 49
17 92
17 50
17 51
17 52
17 111
17 54
17 86
17 87
17 56
17 71
17 57
17 58
17 106
17 59
18 73
18 98
18 89
18 62
18 65
18 93
18 77
18 94
18 19
18 67
18 80
18 22
18 23
18 25
18 26
18 27
18 28
18 84
18 31
18 32
18 85
18 35
18 37
18 38
18 40
18 70
18 41
18 42
18 43
18 44
18 45
18 46
18 47
18 92
18 50
18 51
18 52
18 53
18 111
18 54
18 55
18 86
18 56
18 71
18 58
18 59
19 88
19 103
19 89
19 62
19 76
19 77
19 90
19 66
19 78
19 79
19 21
19 27
19 91
19 28
19 83
19 84
19 100
19 30
19 32
19 33
19 68
19 35
19 97
19 38
19 39
19 70
19 41
19 42
19 43
19 102
19 47
19 48
19 51
19 52
19 53
19 54
19 55
19 87
19 56
19 72
19 58
19 106
19 59
20 88
20 98
20 74
20 89
20 94
20 67
20 21
20 23
20 25
20 91
20 32
20 95
20 70
20 44
20 45
20 46
20 48
20 49
20 50
20 53
20 86
20 59
21 60
21 61
21 98
21 103
21 74
21 62
21 65
21 93
21 94
21 66
21 79
21 67
21 80
21 22
21 81
21 23
21 24
21 25
21 82
21 27
21 28
21 83
21 29
21 84
21 30
21 31
21 32
21 33
21 96
21 85
21 34
21 35
21 37
21 38
21 70
21 41
21 42
21 44
21 45
21 101
21 46
21 47
21 48
21 50
21 51
21 52
21 53
21 111
21 54
21 55
21 86
21 87
21 56
21 71
21 72
21 106
21 59
22 62
22 93
22 78
22 108
22 67
22 27
22 84
22 30
22 68
22 85
22 34
22 35
22 104
22 39
22 40
22 105
22 42
22 43
22 44
22 45
22 102
22 47
22 50
22 51
22 52
22 54
22 55
22 86
22 56
22 71
22 57
22 59
23 60
23 73
23 88
23 103
23 62
23 64
23 93
23 76
23 77
23 94
23 79
23 67
23 80
23 81
23 24
23 26
23 83
23 109
23 29
23 100
23 30
23 32
23 85
23 34
23 97
23 37
23 38
23 104
23 70
23 41
23 42
23 43
23 44
23 45
23 48
23 49
23 92
23 50
23 51
23 52
23 53
23 54
23 86
23 56
23 106
23 59
24 60
24 88
24 103
24 74
24 89
24 107
24 65
24 99
24 67
24 25
24 91
24 28
24 84
24 31
24 68
24 34
24 35
24 38
24 105
24 44
24 45
24 101
24 46
24 48
24 54
24 55
24 87
24 71
24 72
24 57
25 60
25 98
25 74
25 89
25 62
25 76
25 66
25 79
25 81
25 82
25 91
25 28
25 84
25 31
25 68
25 69
25 34
25 35
25 97
25 36
25 104
25 39
25 70
25 105
25 43
25 44
25 45
25 101
25 51
25 54
25 55
25 86
25 57
25 106
25 59
26 73
26 75
26 62
26 77
26 94
26 79
26 80
26 83
26 100
26 31
26 68
26 85
26 37
26 38
26 39
26 70
26 42
26 43
26 47
26 92
26 50
26 54
26 86
26 56
26 110
26 71
26 58
27 88
27 64
27 65
27 93
27 77
27 66
27 79
27 108
27 67
27 29
27 84
27 30
27 31
27 33
27 68
27 85
27 38
27 104
27 70
27 43
27 45
27 47
27 48
27 50
27 51
27 53
27 54
27 56
27 57
27 59
28 61
28 88
28 103
28 74
28 89
28 62
28 65
28 99
28 79
28 81
28 91
28 83
28 85
28 35
28 37
28 39
28 47
28 50
28 52
28 54
28 56
29 64
29 65
29 76
29 90
29 68
29 96
29 36
29 38
29 39
29 70
29 41
29 43
29 45
29 101
29 47
29 50
29 51
29 54
29 56
29 59
30 93
30 79
30 100
30 85
30 37
30 70
30 42
30 44
30 48
30 52
30 53
30 54
30 56
31 60
31 103
31 74
31 89
31 63
31 64
31 93
31 66
31 79
31 108
31 67
31 81
31 82
31 91
31 109
31 84
31 32
31 69
31 96
31 34
31 37
31 40
31 70
31 42
31 43
31 44
31 45
31 47
31 52
31 53
31 54
31 86
31 87
31 56
31 71
31 72
31 106
31 59
32 88
32 98
32 89
32 107
32 62
32 65
32 93
32 77
32 78
32 79
32 81
32 91
32 33
32 68
32 85
32 97
32 37
32 104
32 39
32 70
32 105
32 42
32 43
32 47
32 49
32 53
32 54
32 55
32 86
32 56
32 72
32 57
33 61
33 88
33 98
33 74
33 65
33 76
33 80
33 41
33 44
33 46
33 47
33 48
33 50
33 54
33 86
33 59
34 60
34 63
34 64
34 93
34 84
34 69
34 38
34 44
34 45
34 50
34 54
34 71
34 72
34 106
35 88
35 77
35 79
35 67
35 80
35 91
35 84
35 68
35 39
35 42
35 45
35 101
35 47
35 52
35 53
35 54
35 86
35 87
35 56
35 71
35 57
35 106
36 88
36 66
36 109
36 42
36 46
36 56
36 57
37 74
37 75
37 62
37 65
37 77
37 67
37 80
37 91
37 109
37 84
37 85
37 43
37 46
37 47
37 48
37 50
37 53
37 56
37 58
38 73
38 75
38 62
38 78
38 79
38 81
38 82
38 91
38 83
38 84
38 85
38 97
38 39
38 40
38 41
38 43
38 45
38 101
38 49
38 92
38 51
38 54
38 86
38 87
38 110
39 60
39 75
39 78
39 81
39 84
39 68
39 101
39 47
39 92
39 52
39 86
39 56
39 71
40 88
40 62
40 93
40 78
40 82
40 84
40 96
40 70
40 41
40 44
40 45
40 47
40 86
40 106
40 59
41 103
41 74
41 93
41 76
41 94
41 79
41 108
41 67
41 83
41 109
41 84
41 95
41 96
41 85
41 70
41 43
41 44
41 45
41 47
41 48
41 54
41 86
41 56
41 110
41 71
41 106
42 88
42 74
42 76
42 77
42 94
42 79
42 108
42 67
42 80
42 100
42 85
42 97
42 43
42 45
42 49
42 92
42 50
42 54
42 55
42 106
43 73
43 88
43 98
43 74
43 75
43 89
43 62
43 77
43 94
43 66
43 78
43 108
43 67
43 80
43 81
43 100
43 68
43 45
43 47
43 92
43 50
43 54
43 55
43 86
43 56
43 110
43 71
43 58
43 59
44 60
44 103
44 74
44 62
44 93
44 66
44 79
44 81
44 82
44 91
44 83
44 104
44 70
44 46
44 48
44 51
44 54
44 86
44 56
44 71
44 58
44 106
44 59
45 60
45 88
45 107
45 62
45 77
45 99
45 78
45 79
45 80
45 83
45 84
45 97
45 70
45 102
45 46
45 47
45 48
45 50
45 51
45 53
45 54
45 86
45 87
45 56
45 110
45 71
45 57
46 61
46 73
46 88
46 68
46 48
46 51
46 54
46 59
47 61
47 75
47 89
47 107
47 64
47 93
47 77
47 94
47 78
47 79
47 67
47 81
47 82
47 91
47 84
47 96
47 85
47 104
47 70
47 101
47 102
47 48
47 52
47 53
47 54
47 86
47 71
47 57
47 59
48 73
48 98
48 103
48 107
48 94
48 79
48 67
48 80
48 82
48 84
48 100
48 68
48 70
48 101
48 102
48 51
48 52
48 53
48 54
48 87
48 110
49 85
49 104
50 103
50 89
50 107
50 77
50 99
50 66
50 79
50 80
50 83
50 92
50 52
50 54
50 55
50 71
50 58
50 106
50 59
51 60
51 75
51 89
51 62
51 64
51 66
51 108
51 83
51 100
51 96
51 104
51 70
51 92
51 54
51 71
52 88
52 103
52 89
52 107
52 65
52 93
52 76
52 67
52 81
52 91
52 83
52 109
52 84
52 96
52 85
52 104
52 70
52 101
52 92
52 54
52 86
52 56
52 72
52 106
52 59
53 88
53 103
53 62
53 93
53 90
53 79
53 82
53 68
53 96
53 85
53 70
53 102
53 87
53 56
53 72
53 59
54 60
54 73
54 88
54 98
54 74
54 89
54 107
54 62
54 65
54 93
54 94
54 90
54 99
54 66
54 79
54 108
54 81
54 82
54 91
54 83
54 109
54 84
54 100
54 68
54 85
54 70
54 105
54 102
54 92
54 86
54 87
54 56
54 71
54 72
54 106
54 59
55 88
55 103
55 89
55 107
55 77
55 78
55 79
55 81
55 82
55 83
55 84
55 96
55 85
55 101
55 86
55 56
55 106
55 59
56 88
56 74
56 62
56 65
56 93
56 76
56 77
56 94
56 79
56 67
56 81
56 82
56 83
56 109
56 84
56 100
56 96
56 85
56 104
56 70
56 105
56 92
56 111
56 86
56 71
56 58
56 106
56 59
57 77
57 83
57 84
57 104
57 102
57 92
57 58
58 88
58 75
58 93
58 77
58 80
58 85
58 97
58 106
59 60
59 61
59 88
59 98
59 74
59 89
59 107
59 65
59 93
59 76
59 90
59 99
59 66
59 79
59 67
59 80
59 82
59 91
59 84
59 68
59 70
59 92
59 111
59 86
59 87
59 71
60 61
60 62
60 63
60 64
60 65
60 66
60 67
60 68
60 69
60 70
60 71
60 72
61 88
61 89
61 90
61 91
61 83
61 70
61 92
62 88
62 89
62 107
62 78
62 79
62 82
62 91
62 68
62 69
62 70
62 106
63 71
63 106
64 93
64 108
64 109
64 71
64 106
65 88
65 75
65 76
65 90
65 81
65 82
65 91
65 100
65 68
65 96
65 92
65 72
66 75
66 90
66 78
66 79
66 67
66 91
66 97
66 70
66 111
66 86
66 71
66 72
67 98
67 103
67 89
67 76
67 83
67 109
67 68
67 95
67 85
67 86
68 88
68 103
68 75
68 89
68 79
68 82
68 91
68 109
68 95
68 96
68 97
68 102
68 71
69 88
69 76
69 79
69 86
69 87
69 71
69 106
70 88
70 75
70 89
70 93
70 79
70 91
70 100
70 92
70 86
71 74
71 89
71 93
71 79
71 108
71 82
71 84
71 96
71 85
71 101
71 86
71 110
71 106
72 73
72 88
72 103
72 75
72 90
72 108
72 85
73 93
73 77
73 94
73 91
73 86
74 88
74 98
74 103
74 93
74 79
74 82
74 91
74 84
74 100
74 95
75 77
75 99
75 80
75 83
75 86
75 87
76 89
76 93
76 78
76 81
76 100
76 85
76 86
77 94
77 81
77 82
77 100
77 85
78 88
78 103
78 89
78 91
78 101
78 102
78 92
78 86
78 87
79 103
79 93
79 90
79 82
79 91
79 83
79 100
79 96
79 85
79 92
79 86
80 94
80 84
80 110
81 88
81 98
81 89
81 93
81 94
81 82
81 91
81 83
81 109
81 100
81 96
81 85
81 92
81 86
82 103
82 93
82 94
82 91
82 83
82 84
82 100
82 92
82 106
83 88
83 93
83 94
83 84
83 111
83 86
83 87
83 106
84 88
84 93
84 90
84 96
84 86
85 103
85 94
85 100
85 110
86 88
86 98
86 103
86 107
86 91
86 92
86 110
87 88
87 107
87 99
87 105
87 111
88 89
88 95
88 96
88 97
88 92
89 103
89 108
89 91
89 101
89 102
90 103
91 98
91 107
91 93
91 94
91 109
91 104
91 101
92 94
92 109
92 100
92 95
92 96
93 108
93 95
93 96
94 98
94 100
94 110
94 106
95 108
96 109
96 102
98 99
102 107
103 105
103 106
105 107
105 106
108 109
