0 1
0 6
0 7
0 8
0 9
0 10
1 2
1 3
1 4
1 5
2 4
2 5
2 11
2 12
3 13
3 14
4 5
4 11
4 15
4 12
5 15
5 9
5 10
6 7
6 8
6 9
6 1628
7 9
7 10
7 1628
8 9
8 1629
8 1630
8 1628
9 10
9 1629
9 1628
10 1628
11 15
11 268
11 269
11 270
12 15
12 269
13 2110
13 14
13 2111
14 2110
16 17
16 18
16 19
16 21
16 22
16 23
16 24
16 25
16 26
17 18
17 19
17 20
18 20
18 27
18 28
18 29
18 26
19 30
19 24
19 31
20 32
20 33
21 1293
21 22
21 23
21 24
22 1293
22 23
22 3690
22 3691
23 24
23 25
23 26
25 26
25 3927
25 3722
25 3909
25 3928
26 3909
27 2353
27 2352
27 28
27 1920
28 1920
28 1109
29 1920
29 3908
29 3503
29 3909
30 1875
30 31
30 1880
31 3367
31 2836
31 1880
32 662
32 3028
32 3029
32 33
34 35
34 39
34 40
35 36
35 37
35 38
36 37
36 38
36 41
36 42
37 38
37 43
37 44
37 41
38 44
39 3022
39 3024
39 3025
39 3026
39 40
40 3026
41 43
41 3605
41 42
42 116
42 118
42 119
43 44
43 245
44 243
45 46
45 47
45 54
45 48
45 49
45 50
45 55
45 56
45 57
45 58
46 47
46 48
46 49
46 50
46 51
46 52
46 53
47 54
47 55
47 59
47 60
48 49
48 50
48 57
48 52
48 53
49 50
49 57
49 53
50 54
50 56
50 57
50 58
51 1344
51 52
52 1344
52 53
53 2490
54 55
54 61
54 59
54 62
55 58
55 61
55 59
56 57
56 58
56 63
56 64
57 58
57 63
58 62
58 63
58 64
58 65
58 66
59 61
59 60
60 3094
60 3095
60 3096
61 62
61 2821
61 2822
61 2823
61 2824
62 2822
62 2824
62 2825
63 64
63 65
63 66
64 65
64 66
64 3485
64 3486
65 66
65 3485
65 3486
66 3485
66 3486
67 68
67 69
67 73
67 74
67 75
68 69
68 70
68 71
68 72
69 72
69 76
69 75
70 71
70 77
70 78
70 79
71 72
71 77
71 78
71 80
71 81
72 78
73 74
73 819
73 2836
73 2491
73 2837
74 75
76 1881
76 1968
76 1969
76 1972
76 1973
77 78
77 1027
77 79
77 1028
77 459
78 1027
78 79
78 1029
79 1027
79 459
79 1031
80 1879
80 1881
80 1968
80 1969
80 1883
81 1879
81 4083
81 1882
81 4084
81 4085
81 1883
81 4086
82 83
82 86
82 87
83 84
83 85
84 86
84 85
84 1430
84 88
85 1431
86 88
86 89
87 88
87 89
88 3608
89 2250
90 91
90 92
91 92
91 93
92 94
93 1176
93 2996
93 2997
94 615
94 616
95 96
95 100
96 97
96 98
96 99
97 100
97 3733
97 102
97 3736
97 99
97 3737
98 1715
98 3794
98 3795
98 3357
98 3796
99 102
99 3736
99 3737
100 101
100 102
101 1027
101 459
101 1031
102 3735
102 3736
103 104
103 105
103 106
103 110
103 111
103 112
104 105
104 106
104 107
104 108
104 109
105 108
105 110
105 113
105 114
106 109
106 111
106 112
106 115
107 108
107 109
107 116
107 117
107 118
108 116
108 114
108 118
108 119
109 115
109 117
110 1312
110 113
111 850
111 852
112 699
112 1313
113 3595
113 114
113 1340
114 3595
114 3599
115 1758
115 1313
116 1594
116 936
116 1598
116 118
116 119
117 3179
118 1598
118 1602
118 3179
118 119
119 3599
120 121
120 122
120 125
121 122
121 123
121 124
122 125
122 126
122 127
123 1161
123 1168
123 1169
123 127
123 3382
123 124
124 1168
125 126
126 127
127 1169
127 3382
128 129
128 130
128 134
128 135
128 136
128 137
129 130
129 131
129 132
129 133
130 136
130 138
130 139
130 140
130 141
131 132
131 133
131 134
131 142
131 143
131 144
131 137
132 145
132 146
132 139
133 144
133 147
133 148
133 137
133 138
134 142
134 143
135 2480
135 136
135 2481
135 137
136 2480
136 2481
136 137
136 138
137 143
138 148
138 1944
138 1945
138 140
138 141
139 3948
139 3652
139 141
140 1944
140 3981
140 4034
140 3948
140 141
141 3948
141 3652
142 145
142 143
142 402
142 403
144 1940
144 147
144 1941
145 402
146 2536
147 1940
147 148
147 1943
147 1942
148 1943
148 1944
148 1945
149 150
149 151
149 155
149 156
149 152
149 153
149 154
150 151
150 152
150 153
150 154
151 155
151 156
151 153
151 154
152 155
152 153
152 165
152 166
152 159
153 154
153 165
153 166
153 167
154 167
155 157
155 158
155 159
155 160
155 161
155 162
156 163
156 164
157 220
157 223
157 225
157 158
157 159
158 225
158 159
158 161
158 2906
158 162
159 223
159 224
159 225
159 165
159 162
160 161
160 163
161 3606
161 162
162 225
163 164
163 3606
164 471
164 474
165 224
165 166
165 230
165 1225
166 224
166 799
166 230
166 1225
167 2412
167 2413
167 2414
167 1319
168 169
168 170
168 171
168 172
168 175
168 176
169 170
169 171
169 172
169 173
169 174
170 171
170 172
170 175
170 176
171 172
171 175
171 177
171 173
171 178
172 175
172 173
172 178
173 3018
173 1349
173 1351
174 2751
174 2623
175 176
176 179
176 180
176 181
177 3017
177 3018
177 2315
178 1994
178 1993
179 180
179 181
179 1992
180 181
180 1992
180 2543
181 1989
181 1992
181 2543
182 183
182 184
182 188
182 189
183 184
183 185
183 186
183 187
184 187
185 186
185 190
185 191
185 192
185 193
186 191
186 192
186 194
186 195
186 193
187 196
187 189
187 197
188 1747
188 3680
188 3681
188 1430
188 1746
188 1431
188 197
189 196
189 1537
189 197
190 515
190 516
190 1744
190 1743
190 1745
190 517
191 1424
191 192
191 194
192 194
192 195
192 193
193 195
194 1429
194 2376
194 195
194 3058
194 3059
195 3058
196 2806
196 1537
196 1538
196 2807
196 197
197 1537
197 1538
198 199
198 200
198 201
199 200
199 201
199 202
199 203
199 204
199 205
200 201
200 206
200 207
201 204
201 205
202 2049
202 203
202 2050
202 2051
202 2052
203 2049
203 2050
203 205
204 2732
204 2734
204 205
205 2732
205 2734
206 207
206 208
206 209
206 210
207 209
207 210
207 211
208 717
208 722
208 210
208 726
208 725
209 2227
209 2228
210 2452
210 726
210 211
210 2459
210 2457
211 2227
211 2459
211 2457
211 2230
211 3694
211 3695
212 213
212 214
212 215
212 216
212 219
213 214
213 215
213 216
213 217
213 218
214 215
214 216
214 217
214 220
215 216
215 218
215 221
215 222
216 217
216 220
216 223
216 219
217 218
217 220
217 223
217 224
217 225
217 226
218 226
218 227
218 228
218 229
218 230
219 1086
219 1089
219 2059
219 2060
220 223
220 224
221 227
221 3070
221 229
222 3943
222 3070
223 225
224 226
224 228
224 230
224 1225
226 227
226 228
227 3070
227 229
228 797
228 229
228 230
228 1225
229 3070
231 232
231 233
231 236
231 237
231 238
232 233
232 234
232 235
233 236
233 237
233 238
233 239
233 240
234 238
235 238
235 2759
236 237
236 238
236 239
236 240
237 239
237 240
237 241
239 4070
240 4068
240 4070
240 241
241 4068
241 4070
242 243
242 244
242 246
243 244
243 245
244 247
244 248
245 2625
245 2624
245 2627
245 2632
246 249
246 250
246 251
246 252
247 2890
247 2893
247 1418
247 248
248 4146
249 1704
249 251
249 3378
249 3379
249 3380
250 1704
250 251
250 1705
250 1706
250 252
251 1704
252 3154
252 3155
252 3306
253 254
253 256
253 257
253 258
253 261
253 262
253 263
254 255
254 256
254 257
254 258
254 259
254 260
255 259
255 260
255 264
255 265
256 257
256 258
256 259
256 260
257 258
257 262
257 266
258 260
258 263
259 260
260 267
261 1177
261 1180
261 262
262 1177
262 1180
262 263
263 1177
263 1180
264 460
264 265
265 1191
265 460
265 1202
266 3037
266 267
266 1393
266 3039
266 1391
267 1387
267 1388
267 3035
267 1393
267 3039
267 1391
268 269
268 2814
268 2815
268 270
268 2816
268 2817
269 2814
269 270
270 2814
270 2815
270 2817
271 272
271 273
271 274
271 276
271 277
271 278
271 279
272 273
272 274
272 275
273 280
273 281
273 282
273 278
274 279
274 283
274 284
274 285
274 286
275 287
275 288
275 289
275 290
276 277
276 278
276 1773
276 1774
276 1775
277 278
277 279
277 1776
277 1777
277 1778
278 281
278 290
279 286
280 281
280 566
280 282
281 566
281 290
282 570
282 571
283 2690
283 2610
283 284
283 2691
283 2609
284 2691
284 1626
285 2691
285 2826
285 1485
285 286
286 1474
286 1485
287 1619
287 288
287 290
287 1622
288 1619
288 1620
288 290
289 1619
289 1620
289 1625
289 1626
289 1624
289 1627
290 1622
291 292
291 293
291 294
291 296
291 295
291 297
292 293
292 294
292 295
293 294
293 296
293 298
293 299
293 300
294 296
294 295
294 298
294 300
295 300
296 301
296 298
296 299
297 302
297 303
297 304
297 305
297 306
298 299
299 2702
299 301
299 2703
299 2705
300 2746
301 2701
302 2276
302 2277
302 303
302 304
302 305
303 304
303 1723
303 2279
303 306
304 2277
304 305
305 2277
305 1460
306 1723
306 2279
306 3574
307 308
307 310
307 311
307 312
308 309
309 1884
309 1885
309 1886
310 311
310 312
310 313
310 314
311 312
311 313
311 314
312 313
312 314
312 315
313 949
313 314
313 315
314 949
314 950
314 315
315 949
315 950
315 951
316 317
316 318
316 322
316 323
316 324
316 325
317 318
317 319
317 320
317 321
318 321
318 322
318 325
319 326
319 327
319 328
320 321
320 329
320 328
320 330
320 331
320 332
321 329
322 3567
322 3566
322 3568
322 329
322 3569
323 327
323 324
323 3840
323 2906
323 325
323 3841
324 3957
324 3840
324 2906
324 325
324 3841
325 3841
326 2061
326 3497
326 327
326 328
326 3499
326 3500
326 3501
327 2061
328 330
328 3501
329 3567
329 3566
329 332
330 331
330 332
330 3501
331 3739
331 332
333 334
333 335
333 336
333 339
333 340
334 335
334 336
334 337
334 338
335 336
335 341
335 342
335 337
336 339
336 341
336 342
336 343
337 341
337 2693
337 2008
337 844
337 338
337 2694
338 844
338 3046
339 343
339 344
340 345
340 346
340 347
340 348
340 349
340 350
341 342
341 2008
341 2009
342 2010
343 2011
343 344
344 2011
344 2014
344 2755
345 3043
345 3045
345 346
345 347
345 348
346 3043
346 3045
346 347
347 3041
347 3251
347 348
347 350
348 349
348 350
348 2757
349 350
349 2757
350 2757
351 352
351 356
352 353
352 354
352 355
353 356
353 357
353 358
353 3065
353 3067
354 464
354 2957
354 3068
354 355
355 2956
355 2957
355 2958
355 2959
356 357
356 358
357 3064
357 3065
357 3066
358 3067
358 3068
358 3069
359 360
359 361
359 363
359 364
359 365
360 361
360 362
361 366
361 367
361 368
361 369
361 363
361 370
361 364
362 371
363 366
363 367
363 368
363 369
363 370
363 364
364 368
364 369
364 365
366 367
366 369
366 370
367 369
367 370
367 898
367 899
368 369
370 899
370 900
371 3034
372 373
372 376
372 377
372 378
373 374
373 375
374 375
374 379
376 996
376 1004
376 1005
376 1568
376 1563
377 509
377 2788
377 3126
377 3432
377 378
378 4121
379 1005
379 3844
380 381
380 385
380 386
380 387
381 382
381 383
381 384
381 385
382 383
382 388
382 384
382 385
382 389
382 390
382 391
383 388
383 384
383 385
384 385
384 391
385 387
386 427
386 436
386 3811
388 389
388 390
388 391
389 390
389 3368
389 391
390 3368
390 391
391 3368
392 393
392 396
392 394
393 394
393 395
394 399
394 400
394 395
394 401
394 397
395 3299
395 2869
395 2870
395 401
396 397
396 398
397 399
397 1952
397 398
398 1957
399 1951
399 400
399 1952
400 1951
400 1953
400 1956
400 401
401 2864
401 1956
401 2869
402 403
403 404
404 2540
405 406
405 410
405 411
406 407
406 408
406 409
407 3260
407 3548
407 408
407 409
408 3548
409 410
409 1068
409 3548
410 412
411 413
411 414
411 412
412 1072
412 414
413 414
415 416
415 417
415 423
415 424
415 418
415 419
415 425
415 426
415 427
416 417
416 418
416 419
416 420
416 421
416 422
417 418
417 419
417 421
417 422
417 428
418 419
418 426
418 427
419 423
419 426
419 421
419 422
420 421
420 2415
420 422
420 1608
420 1610
420 2416
420 2417
421 423
421 2415
421 422
421 1618
422 2415
422 1611
423 424
423 429
423 430
423 431
423 432
424 425
424 431
424 432
424 433
424 434
425 427
425 431
425 432
425 433
425 434
425 435
426 427
427 436
428 869
428 3929
428 880
429 430
429 431
429 432
430 432
430 1618
430 1612
430 1656
431 432
431 433
431 1657
431 434
431 1658
433 434
433 435
433 3811
434 435
434 3811
435 3811
436 871
436 882
437 438
437 439
437 442
437 443
437 444
438 439
438 440
438 441
439 440
439 445
439 446
440 447
440 448
440 446
441 449
441 450
441 443
441 451
442 1147
442 1148
442 445
442 1776
442 444
442 3533
443 451
443 3524
443 444
443 3525
444 3533
444 3525
445 1146
445 1147
446 3627
446 2525
447 448
447 449
447 1226
448 449
448 1226
449 450
450 2827
450 1488
450 451
451 1127
451 3524
452 453
452 454
452 455
452 457
452 458
453 454
453 455
453 456
454 455
454 456
454 459
454 457
455 460
455 458
455 461
456 462
456 463
456 464
457 459
457 2322
457 2323
457 1029
457 2324
457 1038
457 2325
458 460
458 3922
458 2029
458 461
459 1027
459 1029
459 1038
459 1031
460 1191
460 2029
460 2030
462 2445
462 2447
462 2454
462 2551
463 2445
463 2447
463 2956
463 2453
463 464
463 2957
464 2445
464 2956
464 2453
464 2957
465 466
465 470
465 467
465 468
465 471
466 467
466 468
466 469
467 470
467 468
467 471
467 469
467 473
468 471
468 474
469 470
469 1206
469 472
469 473
470 472
470 473
471 474
472 1332
472 1334
472 1206
472 1336
472 473
473 1334
473 1206
475 476
475 477
475 481
475 478
475 482
476 477
476 478
476 479
476 480
477 480
477 483
477 484
478 479
478 487
478 488
478 480
478 489
479 480
479 490
479 489
479 491
480 1380
480 484
481 485
481 483
481 486
482 487
483 485
483 2103
483 1561
483 484
483 2104
483 2105
484 3376
484 1380
484 2105
485 486
485 2101
485 2102
486 2104
487 488
487 992
488 489
489 993
490 992
490 491
490 1381
490 1382
490 993
491 1383
491 1384
491 1382
491 995
492 493
492 495
493 494
494 1930
495 496
495 497
496 3897
496 3896
496 3898
496 3899
496 3703
496 497
497 4144
497 3900
498 499
498 500
498 506
498 507
499 500
499 501
499 502
499 503
499 504
499 505
500 507
500 502
500 503
500 504
501 2159
501 2163
501 2167
501 502
501 2170
501 503
501 504
501 505
502 2163
502 2170
502 503
502 504
502 505
503 507
503 504
504 507
505 2166
505 2169
505 2170
506 508
506 509
507 510
508 2784
508 2785
508 509
508 2786
508 2646
509 2784
509 2785
509 2788
510 2668
510 2588
510 2589
510 2289
511 512
511 515
511 516
511 517
511 518
511 519
512 513
512 514
513 518
513 519
514 520
514 521
514 522
515 516
515 1743
515 517
515 518
515 519
516 1744
516 1743
516 1745
516 517
517 518
517 519
518 519
520 521
520 522
520 1813
521 522
521 1813
522 1420
523 524
523 528
523 529
523 530
523 531
524 525
524 526
524 527
525 528
525 529
525 533
525 534
525 532
525 526
526 527
526 1330
526 1331
527 1588
527 1330
527 541
528 529
528 532
529 530
529 533
529 534
529 532
530 532
530 535
530 536
530 537
530 538
530 539
530 540
531 541
531 542
531 535
531 536
531 537
531 543
532 533
532 534
532 1229
533 1227
533 534
533 1228
533 1229
534 1227
534 1228
534 1229
535 536
535 537
535 538
535 539
536 542
536 537
536 543
537 542
537 538
538 539
538 540
539 1136
539 540
540 1136
540 1494
541 1592
541 542
541 1593
541 543
542 1592
542 543
543 1593
544 545
544 547
544 548
544 549
544 550
545 546
545 547
546 551
548 3184
548 3186
548 549
548 550
549 3184
549 3185
549 3186
549 550
550 3184
550 3185
550 3186
551 2012
552 553
552 554
552 555
552 558
552 559
553 554
553 555
553 556
553 557
554 555
554 559
554 556
554 560
554 557
555 559
556 1988
556 560
557 1988
557 1990
557 1991
557 560
558 559
558 561
558 562
558 563
558 564
558 565
559 563
559 564
559 565
560 1988
560 1990
560 1991
561 562
561 563
561 1112
561 1113
561 1114
562 563
563 564
563 565
564 565
566 567
566 568
566 569
567 2413
567 1097
567 1094
567 3544
567 568
567 569
568 3544
569 2665
569 2413
570 3535
570 3537
570 3237
570 3633
570 3541
571 3635
571 3976
572 573
572 577
572 574
572 575
572 578
573 574
573 575
573 576
574 577
574 575
574 578
574 576
576 1226
577 578
577 579
578 580
578 581
578 582
579 2601
579 580
579 581
579 582
580 3423
580 3422
580 2876
580 581
580 582
581 3423
581 2876
581 582
583 584
583 585
583 589
583 590
583 591
584 585
584 586
584 587
584 588
585 589
585 592
585 588
585 593
585 594
585 595
586 3148
586 3151
586 3156
586 587
587 588
587 3625
587 3626
588 593
588 594
588 595
589 590
589 592
589 596
589 597
589 595
590 591
590 598
590 599
590 600
591 601
591 598
592 3347
592 596
592 595
593 3625
593 594
594 3624
594 3625
594 595
596 1547
596 3347
596 1553
596 1554
596 597
597 1555
597 3387
598 601
598 2302
599 600
600 3387
601 2301
602 603
602 604
602 608
602 609
602 610
602 611
603 604
603 605
603 606
603 607
604 606
604 607
604 608
605 606
605 607
605 612
605 613
605 614
606 607
606 613
608 609
609 610
610 3597
610 611
611 3597
612 1410
612 1411
612 613
612 1413
612 614
613 1410
613 1411
613 1413
613 614
614 1411
615 1177
615 1176
615 1178
615 1179
616 844
616 3046
616 3044
617 618
617 620
617 621
617 622
618 619
618 620
618 621
619 620
619 621
619 623
619 624
619 625
620 621
620 625
621 625
622 2151
622 2157
623 624
623 625
623 3956
624 625
624 3956
626 627
626 629
627 628
628 630
629 1354
629 1353
629 1358
630 631
630 632
631 1762
631 1658
631 632
632 1657
632 1658
632 3812
633 634
633 635
633 640
634 635
634 636
634 637
634 638
634 639
635 640
635 636
635 641
635 639
635 642
636 1815
636 3435
636 3438
636 637
637 3846
637 3438
638 3846
638 3847
638 3848
638 3438
639 2940
639 641
639 642
640 641
640 643
640 644
641 2940
641 642
642 2940
643 3437
643 3441
643 3440
643 644
644 3437
644 3441
644 3440
645 646
645 649
645 653
645 654
645 655
645 656
645 657
645 658
646 647
646 648
646 649
646 650
646 651
646 652
647 649
647 650
647 651
647 652
647 659
647 653
647 660
648 661
648 662
648 663
648 664
648 665
648 666
648 656
648 657
649 650
649 653
649 660
649 667
650 653
650 660
651 652
651 665
651 668
651 666
652 665
652 666
653 659
653 660
653 667
654 655
654 2660
655 2660
655 656
655 658
656 657
656 658
657 661
657 663
657 2887
657 2888
657 658
658 663
658 2660
659 2174
659 2173
659 2175
659 2177
659 660
661 662
661 663
661 664
661 2356
662 663
662 664
662 2356
664 2353
664 2356
664 665
664 2357
665 2356
665 2358
665 3027
665 2043
665 668
665 666
666 2043
667 2654
667 2660
668 2358
668 3027
668 2043
669 670
669 671
669 672
669 675
670 671
670 672
670 673
670 674
671 672
671 673
672 673
672 676
673 3980
673 3981
673 674
674 3980
674 3981
675 677
675 678
676 3050
676 3982
677 3468
677 3623
677 678
678 3471
678 3472
678 3623
679 680
679 681
679 684
680 681
680 682
680 683
681 682
681 685
681 686
681 684
682 687
683 688
683 689
683 690
683 691
683 692
684 685
685 796
685 798
685 886
685 686
686 796
686 797
686 798
687 888
687 1091
687 1094
687 690
688 1623
688 689
689 691
690 1094
690 3546
691 3034
691 692
692 3546
693 694
693 695
693 697
694 695
694 696
696 3593
696 3097
696 3934
697 698
697 699
697 700
698 1360
698 699
698 1365
699 1360
699 1365
699 1754
700 860
700 861
700 3098
700 3097
700 3594
701 702
701 706
701 703
701 707
702 703
702 704
702 705
703 704
703 708
703 712
703 713
703 714
704 712
705 2908
705 1779
705 2910
706 708
706 709
706 710
706 711
707 715
707 716
707 710
707 711
708 710
708 1779
708 1780
708 1781
709 2485
709 2486
709 2487
709 2488
709 2489
710 715
710 711
710 2490
710 1781
711 715
711 716
711 1938
711 1939
712 713
712 1782
712 1783
712 1784
713 714
713 1785
714 1785
714 1786
714 1787
714 1788
715 1911
715 716
715 1937
716 1911
716 1938
716 1939
717 718
717 722
718 719
718 720
718 721
719 720
719 721
719 2018
719 3464
720 721
720 3465
720 3464
722 723
722 724
722 725
723 3043
723 3045
723 724
723 3046
724 2390
724 2552
724 3046
724 725
725 2390
725 2450
725 2391
725 726
726 2450
726 2452
727 728
727 729
727 730
727 731
727 732
727 733
727 734
728 729
728 730
729 734
730 735
730 736
730 737
730 738
731 1337
731 1338
731 1339
732 1338
732 733
732 1339
732 734
733 1338
733 1339
735 736
735 737
735 738
735 2070
735 2071
736 737
736 738
736 2072
737 738
738 931
738 932
738 2071
738 935
739 740
739 741
739 742
739 743
739 744
740 741
740 742
741 742
741 745
741 746
741 747
741 743
742 748
743 746
743 2224
743 744
744 3852
745 746
745 3688
745 747
746 3688
746 2224
746 2225
747 3688
747 3168
747 3689
748 3640
749 750
749 755
749 756
749 757
749 758
749 759
749 751
750 751
750 752
750 753
750 754
751 758
751 759
751 754
751 768
751 765
751 767
752 753
753 759
753 1464
754 759
754 766
754 768
755 756
755 760
755 761
756 758
756 762
756 763
757 764
758 765
758 762
759 766
759 767
760 4111
760 4112
760 4113
760 761
760 3960
761 3613
761 3960
762 3157
762 763
762 3164
763 3164
763 3613
763 3944
763 3945
764 1464
764 2320
764 1465
764 2321
765 768
765 3855
765 3163
765 2306
765 767
766 768
766 2306
766 767
767 3400
767 2306
767 3165
768 2306
769 770
769 771
769 772
769 774
769 777
769 778
770 771
770 772
770 773
770 774
770 775
770 776
771 772
771 777
771 778
772 773
772 774
772 777
772 779
772 778
773 774
773 775
773 780
774 775
774 776
774 781
774 782
775 782
775 783
776 784
776 781
776 785
776 786
776 782
776 787
777 2037
777 779
777 778
778 779
779 2673
780 782
780 2330
780 2431
780 783
781 784
781 2595
781 785
781 786
781 782
781 787
782 783
782 787
783 2329
783 2330
783 2431
784 2421
784 2594
784 2595
784 785
784 786
784 2425
785 2594
785 2595
785 2425
785 2596
786 2327
786 2421
786 787
787 2327
787 2421
788 789
788 793
788 794
788 795
788 796
788 797
789 790
789 791
789 792
790 3697
790 2503
790 791
791 2503
791 1622
792 3697
792 2503
793 794
793 795
793 796
793 797
793 798
794 795
794 797
795 799
796 797
796 798
797 798
799 2664
799 2665
800 801
800 802
800 803
800 808
800 809
801 802
801 803
801 804
801 805
801 806
801 807
802 803
802 809
802 810
803 809
803 811
803 806
803 807
804 3312
804 3313
804 2967
804 805
804 2969
805 2967
805 2969
806 2968
806 807
807 2968
808 812
808 813
808 814
809 810
810 815
811 2961
811 2962
811 2964
811 2972
811 874
812 3607
812 813
813 1422
813 1530
813 1532
813 814
814 1422
814 1423
814 3294
814 947
815 2683
815 3397
816 817
816 818
816 822
816 823
816 824
817 818
817 819
817 820
817 821
818 822
818 823
818 824
819 3363
819 3366
819 2837
819 820
820 3363
820 3951
820 3950
820 821
821 823
821 3950
821 3953
821 831
821 2563
821 2564
822 825
822 826
822 827
823 828
823 829
823 830
823 831
824 832
824 833
824 826
824 834
824 835
825 1258
825 1268
825 1712
826 833
826 3734
826 1030
827 1712
827 2837
828 1216
828 2062
828 830
828 834
828 2063
829 3264
829 3272
829 2062
829 3273
829 3274
829 3270
830 832
830 834
830 831
831 3953
831 2564
832 1207
832 833
832 834
832 835
833 1207
833 834
833 835
834 1217
834 835
835 1210
835 1217
835 2726
836 837
836 838
836 839
836 841
837 838
837 839
837 840
838 839
838 840
838 842
838 843
838 844
839 840
839 842
839 843
840 842
840 843
840 845
841 4109
841 2697
842 2764
842 843
842 2765
843 2764
843 2765
843 2766
843 845
844 3046
844 2694
845 2284
845 2291
845 2292
845 2293
845 2294
846 847
846 853
846 854
846 855
846 856
846 857
847 848
847 849
847 850
847 851
847 852
848 849
848 931
848 850
848 851
848 932
848 933
849 850
849 851
849 852
850 931
850 851
850 852
851 931
851 932
853 854
853 858
853 859
853 860
853 861
854 855
854 856
854 857
854 858
854 859
855 856
855 857
855 858
856 857
856 862
857 862
857 863
858 859
858 860
858 861
859 860
859 861
860 861
860 3097
860 2742
861 3098
861 3097
862 863
862 3880
863 1601
863 1602
863 3880
863 3180
864 865
864 866
864 868
864 872
864 873
864 874
864 875
865 866
865 867
865 868
865 869
865 870
865 871
866 873
866 876
866 877
867 878
867 879
867 876
868 869
868 872
869 880
870 871
870 881
870 878
871 882
871 878
872 1507
872 1508
872 875
873 2964
873 2971
873 874
873 877
874 2964
874 2971
874 2972
874 875
875 2972
876 3014
876 3013
876 877
877 1687
878 2252
878 2253
878 2256
878 879
879 2256
879 3014
881 2243
881 2242
881 2247
881 2249
883 884
883 885
883 891
883 892
883 893
884 885
884 886
884 887
884 888
884 889
884 890
885 886
885 888
885 894
885 893
886 887
886 895
887 890
887 895
887 896
887 897
888 894
889 890
890 897
891 1996
891 1997
891 1998
891 892
891 893
891 1090
892 1998
892 1090
893 1997
893 2003
894 1091
894 1092
894 1093
895 896
896 897
898 2900
898 899
898 900
898 3463
899 2900
899 900
899 3463
899 2903
900 3463
901 902
901 905
901 906
901 903
902 903
902 904
903 906
903 910
903 911
903 912
903 904
904 911
905 906
905 907
905 908
905 909
907 908
907 1323
907 1324
908 909
908 1324
908 1325
909 1326
909 1327
910 3074
910 911
910 3075
910 3076
911 3074
911 3076
912 2792
912 2793
912 2794
912 2797
912 2795
912 2796
913 914
913 915
913 920
913 917
913 921
913 922
914 915
914 916
914 917
914 918
914 919
915 916
915 923
915 924
915 925
916 923
916 926
916 927
917 920
917 918
918 919
920 921
921 922
921 928
922 929
922 928
922 930
922 925
923 2461
923 2464
923 2470
923 927
923 3362
924 3212
924 4057
924 925
924 3362
925 929
925 930
926 3502
926 4010
926 3360
926 927
927 2470
927 4010
928 1977
928 929
928 1978
929 1977
929 1980
929 1981
929 930
930 1981
930 4057
931 932
931 933
931 934
932 933
932 935
932 934
933 936
933 935
933 937
933 934
934 935
934 937
935 2072
935 937
936 1594
936 1595
936 1596
936 1597
936 937
937 1595
938 939
938 940
938 941
939 940
939 941
939 942
939 943
939 944
940 941
940 942
940 943
941 945
941 946
941 947
942 943
942 4142
944 3845
944 4142
944 3849
945 1423
945 1427
945 1809
945 3294
945 946
945 947
946 1427
946 1809
947 3294
948 949
948 952
948 950
948 951
948 953
948 954
948 955
949 950
949 951
950 952
950 951
951 952
951 954
952 954
952 955
953 955
953 956
953 957
953 958
953 959
954 960
955 958
955 961
955 962
955 960
956 957
956 958
956 959
956 2234
956 2235
957 958
957 2236
957 959
957 961
958 2236
958 2237
958 959
958 961
959 961
960 962
960 2113
961 2236
961 2237
962 2112
962 2113
962 2114
963 964
963 965
963 966
963 970
963 971
963 972
964 965
964 966
964 967
964 968
964 969
965 973
965 968
965 969
966 967
966 970
966 974
967 969
967 975
967 976
968 973
968 969
968 978
968 979
968 980
968 981
969 975
969 978
970 1048
970 971
970 972
971 972
973 977
974 1042
974 1045
974 1047
975 978
975 1009
975 1010
976 1052
976 1009
977 979
977 2125
977 2126
978 1011
978 1012
978 1013
978 1014
978 1010
979 2125
979 2126
979 2127
979 1011
980 2519
980 1827
980 981
981 2519
981 1827
981 2521
981 2522
981 2128
982 983
982 984
982 985
982 986
982 987
982 989
983 984
983 985
983 986
983 987
983 988
984 985
984 987
984 988
984 990
985 987
985 989
985 990
986 989
986 991
987 989
988 3768
988 3770
988 3774
988 990
991 2642
991 2643
991 2652
991 2651
992 993
992 994
992 995
994 1000
994 1006
994 995
994 1008
994 2240
995 1384
995 1008
995 2240
996 997
996 998
996 1001
996 1002
996 1003
996 1004
996 1005
997 998
997 999
997 1000
997 1001
998 999
998 1000
998 1001
998 1006
999 1000
999 1001
1000 1006
1000 1007
1000 1008
1002 1558
1002 1559
1002 1560
1002 1561
1002 1562
1002 1563
1003 1564
1003 1565
1003 1566
1003 1567
1004 1005
1004 1568
1004 1563
1005 1568
1005 1563
1006 1008
1007 2237
1007 3127
1007 2239
1008 2240
1009 3530
1009 1010
1010 1012
1010 3530
1011 2127
1011 1013
1011 2129
1011 2128
1011 1014
1012 3339
1012 1013
1012 2129
1012 3344
1012 1014
1013 2129
1013 3344
1014 2522
1014 2129
1014 2527
1014 2128
1015 1016
1015 1017
1015 1021
1015 1022
1016 1017
1016 1018
1016 1019
1016 1020
1017 1018
1017 1019
1018 1019
1018 1023
1019 1024
1020 1025
1020 1021
1020 1026
1020 1024
1021 1025
1021 2075
1021 1026
1021 1024
1022 3251
1023 2117
1023 2118
1023 2119
1023 2122
1023 2123
1023 2124
1025 2075
1025 1679
1025 1026
1026 2075
1026 1392
1027 1030
1027 1029
1027 1031
1028 1032
1028 1033
1028 1034
1028 1035
1028 1036
1028 1037
1029 1030
1029 2322
1029 2323
1029 2324
1029 2325
1030 3734
1030 3733
1030 3735
1032 1033
1032 1034
1032 1035
1032 2015
1033 1034
1033 1035
1033 1036
1033 1037
1034 1035
1034 2015
1034 2016
1034 2017
1035 2015
1035 2017
1036 1037
1036 4086
1036 4103
1036 4104
1037 4103
1038 2385
1038 2323
1038 2324
1038 2388
1039 1040
1039 1041
1039 1042
1039 1045
1039 1046
1039 1047
1040 1041
1040 1042
1040 1043
1040 1044
1041 1042
1041 1046
1041 1043
1042 1045
1042 1046
1042 1047
1043 1046
1043 1049
1043 2407
1043 1044
1044 2407
1045 1048
1046 1049
1046 1050
1047 1051
1047 1052
1049 1050
1049 2408
1050 2408
1050 2409
1050 2410
1050 2411
1051 2973
1051 2410
1051 2975
1051 1052
1052 2975
1053 1054
1053 1055
1053 1060
1053 1061
1053 1062
1054 1055
1054 1056
1054 1057
1054 1058
1054 1059
1055 1056
1055 1059
1056 2403
1056 2402
1056 1057
1056 1058
1056 1059
1057 2403
1057 2402
1057 2404
1057 1058
1058 2403
1058 2402
1058 1059
1060 1061
1060 1062
1060 1063
1060 1064
1060 1065
1060 1066
1061 1062
1061 1066
1062 1064
1062 1066
1063 1107
1063 1064
1063 1065
1063 1108
1063 1066
1064 1107
1064 1065
1064 1108
1064 1066
1064 1109
1064 1110
1065 1107
1065 1108
1065 1066
1065 1109
1065 1110
1065 1111
1066 2332
1067 1068
1067 1069
1067 1072
1067 1073
1068 1069
1068 1070
1068 1071
1069 1073
1069 1071
1069 1074
1070 3548
1070 3780
1070 3781
1071 3781
1071 3931
1071 3932
1071 1074
1072 1073
1072 1075
1072 1076
1073 1076
1073 1077
1073 1078
1073 1079
1074 3932
1074 3392
1074 3937
1074 3939
1074 3940
1075 3388
1075 1076
1075 3389
1075 3390
1076 3388
1076 1077
1077 3489
1077 3490
1077 3491
1077 1079
1078 3391
1078 3393
1078 1079
1078 3493
1078 3940
1079 3490
1079 3492
1079 3493
1080 1081
1080 1082
1080 1085
1080 1086
1081 1082
1081 1083
1081 1084
1082 1085
1082 1087
1083 1084
1083 2418
1083 2419
1083 1138
1084 1134
1084 2418
1084 1137
1084 1138
1084 1139
1084 2420
1085 1088
1085 1087
1086 1089
1086 1088
1086 1090
1087 1088
1087 4114
1088 1090
1089 1998
1089 1090
1089 2059
1089 2060
1091 1093
1091 1094
1092 1093
1092 1095
1092 1096
1093 1096
1093 1097
1094 1097
1094 3544
1094 3545
1094 3546
1095 2004
1095 2412
1095 1096
1095 2433
1096 2412
1096 2413
1097 3544
1097 3545
1098 1099
1098 1100
1099 1100
1099 1101
1099 1102
1099 1103
1099 1104
1100 1101
1100 1105
1100 1106
1101 1105
1101 1106
1101 1684
1101 1685
1101 1686
1102 1686
1102 1103
1103 1104
1105 1106
1105 1684
1105 1685
1105 1687
1106 1685
1106 1688
1107 1108
1108 1109
1108 1110
1109 1923
1109 1110
1109 1111
1111 1922
1111 1923
1112 1645
1112 1647
1112 1651
1112 1113
1112 1114
1113 3488
1113 2313
1114 1647
1115 1116
1115 1117
1115 1118
1115 1121
1115 1122
1115 1123
1115 1124
1116 1117
1116 1118
1116 1119
1116 1120
1117 1118
1117 1121
1117 1120
1118 1121
1118 1123
1118 1120
1119 4091
1119 4090
1119 4092
1119 1120
1119 4094
1120 4090
1121 1123
1121 1124
1121 1125
1122 1124
1122 1126
1122 1127
1122 1128
1122 1125
1123 1124
1123 1125
1124 1125
1126 3520
1126 3521
1126 1127
1126 1128
1127 3521
1127 2827
1127 1128
1127 3524
1128 1625
1129 1130
1129 1131
1129 1132
1129 1133
1130 1131
1130 1132
1130 1133
1131 1132
1131 1134
1131 1133
1132 1135
1132 1136
1133 1141
1134 1137
1134 1138
1134 1139
1134 1140
1135 1493
1136 1141
1136 1494
1137 2418
1137 1138
1137 1139
1137 3001
1138 2418
1138 1139
1138 2420
1139 2420
1139 3173
1140 2420
1140 3173
1140 3174
1140 3175
1141 1494
1142 1143
1142 1144
1142 1149
1142 1150
1142 1151
1142 1152
1143 1144
1143 1145
1143 1146
1143 1147
1143 1148
1144 1146
1144 1152
1145 1152
1145 1153
1145 1154
1145 1155
1146 1147
1146 1156
1147 1156
1148 1157
1148 1158
1148 1155
1149 1150
1149 1151
1150 1151
1150 1328
1151 1329
1151 1328
1153 2736
1153 2738
1153 2739
1153 1158
1153 1830
1153 1155
1153 1832
1154 2735
1154 2738
1154 2771
1155 2739
1155 1158
1156 2435
1156 2436
1156 2437
1156 1329
1157 1158
1157 1830
1157 1776
1157 1777
1157 1831
1158 1830
1158 1776
1158 1831
1158 1832
1159 1160
1159 1164
1159 1165
1159 1166
1160 1161
1160 1162
1160 1163
1161 1167
1161 1168
1161 1169
1162 1170
1162 1167
1162 1171
1163 1172
1163 1173
1163 1174
1163 1175
1164 2303
1164 2304
1164 2305
1164 2038
1165 1175
1165 1759
1165 3394
1165 1166
1166 2303
1167 1168
1167 1169
1167 3383
1167 3384
1167 1171
1168 1169
1168 3382
1168 3385
1168 3386
1168 3384
1169 3382
1170 2033
1170 2034
1170 1172
1170 2044
1170 2045
1171 2178
1171 3383
1172 2034
1172 1173
1172 1174
1172 2044
1172 2045
1173 1174
1173 1175
1175 1521
1175 1759
1176 1177
1176 1178
1176 1179
1176 1180
1177 1178
1177 1179
1177 1180
1178 1179
1178 1181
1178 1182
1179 1181
1179 1182
1179 1183
1180 1184
1181 1182
1181 1183
1182 1183
1183 1689
1183 1690
1184 2725
1184 2726
1184 2065
1185 1186
1185 1188
1186 1187
1187 1189
1188 1672
1188 3412
1189 2066
1190 1191
1190 1192
1190 1193
1190 1194
1190 1195
1191 1192
1191 1193
1192 1193
1193 1196
1194 1197
1194 1198
1194 1199
1194 1200
1194 1201
1194 1202
1195 1203
1195 1204
1195 1205
1195 1200
1196 2551
1196 1203
1197 1198
1197 1199
1197 1202
1198 1385
1198 1389
1198 1199
1198 1200
1198 1394
1199 1201
1199 1202
1200 1201
1201 1202
1203 2551
1203 2553
1203 1204
1203 1205
1204 2553
1204 1205
1204 2761
1204 2762
1205 2763
1205 2230
1206 1333
1206 1332
1206 1334
1206 1336
1207 1208
1207 1209
1207 1210
1208 1209
1208 1211
1208 1212
1208 1213
1209 1210
1209 1214
1209 1215
1209 1213
1210 1216
1210 1217
1211 2460
1211 2465
1211 2462
1211 2469
1212 2471
1212 1214
1212 1215
1212 1213
1213 1215
1214 2471
1214 1986
1214 2069
1214 1215
1215 2484
1216 1217
1216 2064
1217 2065
1218 1219
1218 1220
1218 1221
1219 1220
1220 1222
1220 1223
1220 1224
1221 3450
1222 3983
1222 1223
1222 1224
1223 2880
1223 3983
1223 3691
1223 1224
1224 3690
1227 1228
1227 1229
1227 1230
1227 1231
1228 1229
1228 1230
1229 1230
1229 1232
1230 1232
1231 3224
1231 3583
1231 3585
1231 3230
1231 3231
1232 1643
1232 1903
1232 1648
1233 1234
1233 1235
1233 1236
1233 1237
1233 1238
1233 1242
1234 1235
1234 1236
1234 1237
1234 1238
1234 1239
1234 1240
1234 1241
1235 1236
1235 1237
1235 1242
1236 1239
1236 1242
1237 1238
1237 1239
1237 1241
1238 1241
1238 1243
1239 1240
1239 1244
1239 1245
1240 1244
1240 1245
1240 1246
1240 1247
1242 1326
1243 2198
1243 2212
1243 2213
1243 3933
1244 3308
1244 1245
1244 3078
1244 3080
1244 3079
1245 3078
1245 3080
1246 2195
1246 1247
1246 2202
1246 2204
1246 2205
1247 2198
1247 2213
1248 1249
1248 1250
1248 1255
1248 1251
1248 1256
1248 1257
1248 1258
1249 1250
1249 1251
1249 1252
1249 1253
1249 1254
1250 1255
1250 1259
1251 1261
1251 1262
1251 1263
1252 3837
1252 1667
1252 1253
1252 2027
1252 1254
1253 2026
1253 2027
1253 1254
1254 1263
1254 2027
1254 2241
1254 3839
1254 3552
1255 1256
1255 1259
1255 1260
1256 1257
1256 1264
1257 1265
1257 1266
1257 1267
1258 1268
1258 1262
1258 1264
1259 1290
1259 1291
1259 1297
1260 2106
1261 1268
1261 1262
1261 1710
1261 1711
1261 1263
1262 1268
1262 1263
1263 1710
1263 2241
1264 1712
1264 2491
1264 1299
1265 3295
1265 1266
1265 3296
1265 1267
1266 3295
1266 3296
1266 2374
1266 3297
1266 3298
1267 3295
1267 3296
1268 1708
1268 1709
1269 1270
1269 1271
1269 1272
1269 1274
1270 1271
1270 1272
1270 1273
1271 1272
1271 1275
1272 1274
1272 1276
1272 1277
1272 1278
1273 1772
1273 1892
1273 1893
1273 1898
1273 2676
1274 1279
1274 1276
1274 1278
1275 2380
1275 3534
1275 2382
1275 3536
1275 3542
1276 1277
1276 3966
1276 1278
1277 3631
1277 1278
1277 3632
1277 2676
1277 3967
1278 3631
1278 1279
1278 3967
1279 3537
1279 3635
1280 1281
1280 1282
1280 1283
1281 1282
1281 1283
1281 1284
1281 1285
1281 1286
1282 1287
1282 1285
1282 1286
1283 1288
1283 1284
1283 1289
1283 1285
1284 1288
1284 2935
1284 1289
1284 1285
1285 1288
1285 1289
1286 1467
1287 1466
1287 1467
1287 1468
1288 2935
1288 1289
1289 2935
1290 1291
1290 1292
1290 1293
1290 1294
1290 1295
1290 1296
1291 1297
1291 1298
1291 1292
1292 1297
1292 3367
1292 1298
1293 3690
1294 3983
1294 1295
1294 1296
1295 3983
1295 1296
1296 2878
1296 3983
1297 1298
1297 1299
1298 3367
1299 1880
1299 2491
1300 1301
1300 1302
1300 1305
1300 1306
1301 1302
1301 1303
1301 1304
1302 1305
1302 1306
1302 1307
1303 1466
1303 1469
1303 1468
1303 1304
1304 1309
1304 1310
1305 1308
1305 1309
1305 1310
1305 1311
1306 1307
1306 1308
1307 2281
1307 2280
1307 1308
1307 2285
1307 2289
1308 2281
1308 2280
1308 1311
1309 1310
1309 3130
1309 3131
1310 3130
1310 3131
1310 2695
1310 3132
1311 2281
1311 2292
1311 2295
1311 2296
1311 3132
1312 1337
1312 1340
1313 1754
1313 1757
1313 1758
1314 1315
1314 1316
1314 1317
1314 1319
1314 1320
1315 1316
1315 1317
1315 1318
1316 1317
1316 1318
1316 1319
1316 1321
1317 1318
1317 1322
1318 1321
1318 1322
1319 2412
1319 1320
1320 2412
1320 2433
1321 3473
1323 1525
1323 2745
1323 2749
1323 2747
1324 2792
1324 2793
1324 2794
1324 2749
1325 2749
1325 2800
1325 3413
1325 2203
1325 2804
1325 1327
1326 3415
1326 1327
1327 3413
1328 3998
1328 1329
1329 2436
1329 3998
1329 2440
1329 3999
1329 4000
1330 1589
1330 1590
1330 1591
1331 1588
1331 2531
1332 1333
1332 1334
1332 1336
1333 1334
1333 1335
1334 1336
1335 1938
1335 3228
1335 3483
1338 1798
1338 1339
1340 1934
1340 1935
1340 1936
1340 3673
1340 3674
1341 1342
1341 1344
1341 1345
1342 1343
1343 1345
1343 1349
1344 1346
1345 1347
1345 1348
1345 1349
1345 1350
1345 1351
1345 1352
1346 2810
1346 2813
1346 3513
1346 3514
1347 3017
1347 1348
1347 1351
1347 1352
1348 3017
1348 3019
1348 1351
1348 1352
1349 1350
1349 2623
1349 1351
1350 2617
1350 1351
1350 1352
1351 3018
1351 1352
1352 3018
1353 1354
1353 1359
1353 1360
1354 1355
1354 1356
1354 1357
1354 1358
1355 1839
1355 1838
1355 1356
1355 1357
1355 1358
1355 1804
1355 1841
1356 1359
1356 1839
1356 1840
1356 1361
1357 1605
1357 1612
1357 1614
1357 1358
1357 1804
1358 1804
1359 1360
1359 1361
1359 1362
1359 1363
1359 1364
1360 1365
1360 1364
1361 1840
1361 1362
1361 3816
1361 3817
1362 3816
1362 3817
1362 1363
1363 3817
1363 3818
1363 1364
1364 1365
1365 1754
1365 1755
1366 1367
1366 1368
1366 1370
1366 1371
1366 1372
1366 1374
1367 1368
1367 1369
1367 1370
1367 1371
1367 1372
1367 1373
1368 1369
1368 1372
1368 1375
1368 1376
1368 1377
1369 1372
1369 1375
1370 1372
1370 1373
1371 1378
1371 1379
1371 1374
1372 1373
1372 1375
1373 1374
1375 2103
1375 3108
1375 1376
1376 2103
1376 3108
1376 1725
1377 2517
1377 3570
1377 3571
1377 3572
1377 3574
1378 1379
1378 2670
1378 2040
1378 2671
1378 2672
1378 2673
1378 2674
1379 2671
1379 2200
1379 2201
1379 2674
1379 2675
1380 3376
1380 3109
1381 3453
1381 3455
1381 3527
1382 3452
1382 3453
1383 3419
1383 3452
1383 3420
1383 3124
1384 3419
1384 3452
1384 3453
1385 1386
1385 1387
1385 1388
1385 1389
1385 1390
1385 1391
1386 1387
1386 1388
1386 1389
1386 1390
1387 1388
1387 1392
1387 1393
1387 1391
1388 1390
1388 1392
1388 1391
1389 1390
1389 1394
1390 1395
1391 1393
1391 3039
1392 1673
1392 2075
1392 1679
1392 1680
1393 3035
1393 3037
1393 3039
1394 1675
1395 1674
1395 1673
1395 1675
1395 1678
1395 1679
1395 1680
1396 1397
1396 1398
1396 1399
1396 1403
1396 1404
1396 1405
1397 1398
1397 1399
1397 1400
1397 1401
1397 1402
1398 1406
1399 1404
1399 1405
1399 1402
1400 2318
1400 2319
1400 3375
1400 1401
1401 3321
1402 1405
1403 1404
1403 1407
1403 1408
1403 1409
1404 1405
1404 1408
1404 1409
1406 1990
1406 4009
1407 3146
1407 3147
1407 1655
1407 1408
1407 1409
1408 1655
1408 1409
1409 3147
1409 1655
1410 1411
1410 1412
1410 1413
1410 1414
1411 1412
1411 1413
1412 1413
1412 1414
1412 1415
1412 1416
1412 1417
1413 1414
1413 1418
1414 1419
1414 1416
1415 2577
1415 2579
1415 2583
1415 1416
1415 2584
1416 2577
1416 2583
1416 2584
1416 1417
1417 3678
1417 2584
1417 4140
1418 2893
1419 2581
1419 2627
1420 1421
1420 1425
1420 1426
1421 1422
1421 1423
1421 1424
1422 1424
1423 1427
1423 1425
1424 1428
1424 1429
1425 1427
1425 1426
1426 1427
1426 1810
1426 1807
1427 1806
1427 1807
1427 1808
1427 1809
1428 1533
1428 2375
1428 1540
1429 2339
1429 2376
1429 3058
1429 2340
1429 3059
1429 2377
1430 1747
1430 3680
1430 3681
1430 1431
1431 3680
1431 3681
1432 1433
1432 1434
1432 1437
1432 1438
1432 1439
1433 1434
1433 1435
1433 1436
1434 1438
1434 1439
1434 1440
1434 1441
1435 2666
1435 2667
1435 2668
1435 2669
1437 1438
1437 1442
1437 1443
1438 1440
1438 1441
1438 1444
1439 1445
1439 1446
1439 1447
1439 1440
1440 1441
1440 3575
1441 3576
1441 3577
1441 1444
1442 2698
1442 2699
1442 3063
1443 2700
1443 2862
1443 1444
1444 3725
1444 3576
1445 2954
1445 2955
1445 1446
1446 2954
1446 1447
1448 1449
1448 1450
1448 1451
1448 1454
1448 1452
1448 1455
1448 1456
1448 1457
1449 1450
1449 1451
1449 1452
1449 1453
1450 1451
1450 1455
1450 1458
1451 1452
1451 1455
1451 1458
1451 1453
1452 1459
1453 2703
1454 1456
1454 1457
1454 1459
1454 1460
1455 1457
1455 1458
1455 1461
1456 1457
1456 1460
1456 1462
1456 1461
1456 1463
1457 1461
1457 1463
1459 2747
1459 3056
1459 2801
1459 1463
1459 3057
1460 2276
1460 2278
1461 1462
1461 4012
1461 2278
1462 4012
1462 3779
1462 3747
1462 3748
1463 3057
1464 1465
1465 2320
1465 2321
1466 1469
1466 1467
1466 1468
1467 1468
1468 1469
1470 1471
1470 1472
1470 1473
1470 1477
1470 1474
1470 1475
1470 1478
1470 1479
1471 1472
1471 1473
1471 1474
1471 1475
1471 1476
1472 1473
1472 1475
1472 1478
1472 1479
1473 1475
1473 1480
1474 1485
1475 1486
1475 1480
1475 1487
1475 1476
1475 1488
1476 2826
1476 2827
1476 1485
1476 1488
1477 1478
1477 1481
1477 1482
1477 1483
1477 1484
1478 1484
1478 1489
1478 1480
1479 1490
1479 1491
1479 1489
1479 1492
1480 1486
1480 2602
1481 1834
1481 1835
1481 1482
1481 3047
1482 1834
1482 1835
1482 1483
1482 3048
1482 3049
1482 3047
1483 1484
1483 3048
1484 1489
1485 2826
1486 2599
1486 2602
1486 1487
1487 2599
1487 2601
1487 2602
1487 1488
1488 2599
1488 2826
1488 2827
1489 1490
1489 1492
1490 1491
1490 3579
1490 1492
1491 3579
1491 1492
1491 2692
1491 3580
1492 3579
1492 2609
1493 1649
1493 1652
1495 1496
1495 1497
1495 1500
1495 1498
1496 1497
1496 1498
1496 1499
1497 1500
1497 1498
1497 1499
1497 1501
1497 1502
1498 1503
1498 1504
1498 1505
1498 1506
1499 1500
1499 1970
1499 1971
1499 1974
1501 2362
1501 3590
1501 2019
1501 1502
1502 2019
1503 2361
1503 2362
1503 2363
1503 1504
1503 2019
1504 2361
1504 2362
1504 2363
1504 1506
1504 2019
1505 1506
1506 2363
1507 1541
1507 1508
1507 3949
1508 3397
1508 1541
1508 1542
1508 3316
1509 1510
1509 1511
1509 1512
1509 1513
1509 1514
1509 1515
1510 1511
1510 1512
1511 1512
1511 1513
1511 1516
1512 1517
1513 1516
1513 3355
1513 1514
1513 2155
1513 2156
1514 3354
1514 3355
1514 3319
1514 1515
1515 3686
1515 3354
1515 3319
1515 1517
1516 2155
1517 3686
1517 3319
1518 1519
1518 1522
1518 1520
1518 1523
1518 1524
1519 1520
1519 1521
1520 1522
1520 1523
1520 1524
1521 1759
1522 1523
1522 1524
1522 1525
1522 1526
1522 1527
1523 1524
1524 1528
1524 1529
1525 1526
1525 2745
1526 2745
1526 1527
1526 2746
1527 3337
1528 1529
1528 3233
1528 2672
1529 3233
1529 2672
1530 1531
1530 1532
1530 1537
1530 1538
1530 1539
1531 1532
1531 1533
1531 1534
1531 1535
1531 1536
1532 1535
1533 1536
1533 1540
1534 1535
1534 1536
1534 1541
1534 1542
1534 1543
1535 1541
1536 1540
1537 2806
1537 1538
1537 2807
1538 2806
1538 2807
1538 1539
1539 2806
1539 2807
1540 2375
1540 2378
1541 1542
1542 2683
1542 3397
1542 1543
1543 2939
1543 3662
1543 3663
1543 2945
1544 1545
1544 1546
1545 1546
1545 1547
1545 1548
1545 1549
1546 1550
1546 1551
1546 1552
1547 1549
1547 1553
1547 1554
1547 1555
1548 1549
1548 1556
1548 1557
1549 1556
1549 1557
1549 1555
1550 1698
1550 1551
1550 1552
1551 1698
1551 1700
1551 1552
1552 1698
1553 1707
1553 3347
1553 1554
1554 1703
1555 1557
1555 3387
1556 1557
1557 3387
1558 2103
1558 1559
1558 1560
1558 1561
1558 2790
1558 1562
1559 2103
1559 1560
1559 2790
1559 1562
1559 2791
1560 2103
1560 1561
1560 2104
1561 2103
1561 2329
1561 2104
1562 2787
1562 2790
1562 2791
1563 3177
1563 3178
1563 1568
1564 2326
1564 1565
1564 1566
1564 1567
1564 2329
1564 2330
1565 1567
1565 2430
1565 2329
1565 2330
1565 2431
1566 1567
1566 2432
1567 2430
1568 3177
1568 3176
1568 3178
1569 1570
1569 1571
1569 1572
1569 1577
1569 1578
1570 1571
1570 1572
1570 1573
1570 1574
1570 1575
1570 1576
1571 1579
1571 1578
1572 1580
1572 1581
1572 1578
1573 1574
1573 1575
1573 1576
1573 1582
1574 1575
1574 1583
1574 1584
1574 1585
1574 1586
1575 1576
1575 1584
1575 1585
1576 1582
1576 1587
1577 1580
1577 1581
1577 2685
1577 2686
1577 1578
1578 1581
1578 3763
1578 2686
1578 3765
1579 1748
1579 1583
1579 1749
1580 1587
1580 1581
1580 3171
1581 2686
1581 3302
1582 1587
1583 1748
1583 1749
1583 1750
1583 1751
1583 1584
1583 1585
1584 1750
1584 1751
1584 1585
1584 1753
1585 1751
1585 1753
1585 1586
1586 1937
1586 3228
1586 3483
1587 3171
1587 3172
1588 1589
1589 1590
1590 1591
1590 2528
1590 2529
1590 2530
1590 2531
1591 2530
1591 1644
1591 1916
1592 3986
1592 3987
1592 1593
1593 3986
1593 3987
1594 1595
1594 1596
1594 1597
1594 1598
1595 1596
1595 1597
1596 1597
1596 1598
1596 1599
1597 1598
1597 1599
1598 1600
1598 1601
1598 1602
1598 1599
1599 1600
1599 1602
1599 3180
1600 1601
1600 1602
1600 3179
1601 1602
1601 3179
1601 3180
1601 2138
1602 3179
1602 3180
1603 1604
1603 1608
1603 1609
1603 1610
1604 1605
1604 1606
1604 1607
1605 1607
1605 1609
1605 1611
1605 1612
1605 1613
1605 1614
1606 1615
1606 1616
1606 1617
1607 1618
1607 1611
1607 1612
1607 1613
1607 1614
1608 2415
1608 1609
1608 1610
1608 1611
1609 1610
1609 1611
1610 2415
1610 1611
1611 2415
1611 1618
1612 1618
1612 1613
1612 1614
1613 1618
1613 1656
1613 1614
1615 1616
1615 1617
1615 2706
1615 2707
1616 1617
1617 2706
1617 2707
1617 2708
1618 1656
1619 1620
1619 1621
1620 1621
1620 1623
1620 1624
1621 1623
1621 1624
1622 3523
1622 1778
1623 1624
1625 2691
1625 1626
1626 2691
1626 1627
1627 4150
1629 1632
1629 1635
1630 1631
1630 2591
1630 1636
1630 2593
1630 1638
1631 1632
1631 1636
1631 1637
1631 1638
1632 1633
1632 1634
1632 1635
1633 1634
1633 1635
1633 1639
1633 1640
1634 1635
1634 1639
1635 1640
1636 3724
1636 3723
1636 1637
1636 3726
1636 2593
1636 1638
1637 3723
1637 1639
1638 2286
1638 2593
1638 2574
1641 1642
1641 1643
1641 1645
1641 1646
1641 1647
1642 1643
1642 1644
1643 1646
1643 1648
1643 1649
1644 1645
1644 2316
1644 1916
1645 1650
1645 1651
1646 1649
1646 1652
1647 1653
1647 1654
1647 1655
1648 1903
1648 1904
1649 1652
1650 2308
1650 2310
1650 1651
1650 2316
1651 2308
1651 2310
1651 2313
1652 3566
1652 3568
1652 3569
1653 3146
1653 3147
1653 1654
1653 1655
1654 3146
1654 3147
1654 1655
1655 3147
1657 1658
1657 2479
1657 3812
1658 2479
1658 3812
1659 1660
1659 1661
1659 1662
1659 1663
1660 1661
1660 1662
1660 1663
1660 1664
1660 1665
1661 1663
1661 1664
1661 1665
1661 1666
1662 1665
1662 1667
1662 1668
1662 1669
1663 1664
1663 1665
1663 1666
1663 1670
1664 1665
1664 1671
1664 1666
1664 1670
1664 1672
1665 1666
1666 1671
1666 1670
1667 1668
1667 3838
1667 1669
1668 3837
1668 3838
1668 1669
1669 3837
1669 3838
1670 1671
1671 1672
1672 3412
1673 1674
1673 1679
1673 1680
1674 1675
1674 1676
1674 1677
1674 1678
1675 1676
1675 1677
1675 1678
1676 1677
1676 1681
1676 1682
1677 1678
1677 1683
1677 1681
1678 1680
1679 2075
1679 1680
1680 2075
1681 1683
1681 3411
1681 1682
1682 1683
1682 3410
1682 3411
1683 3405
1683 3410
1683 3411
1684 1685
1684 1687
1685 1687
1685 1688
1685 3011
1685 3012
1687 3011
1688 1838
1688 3012
1689 2384
1689 2383
1689 2386
1689 2387
1689 2389
1690 3135
1690 3451
1690 3138
1690 3139
1691 1692
1691 1693
1691 1697
1691 1698
1691 1699
1691 1700
1692 1693
1692 1694
1692 1695
1692 1696
1693 1694
1693 1697
1693 1699
1693 1700
1693 1701
1693 1702
1693 1695
1694 1699
1694 1700
1694 1701
1694 1695
1694 1696
1695 1702
1695 2936
1695 1696
1696 1699
1696 1700
1697 1698
1697 1703
1697 1704
1697 1705
1697 1706
1698 1700
1698 1703
1699 1700
1699 1707
1701 2260
1701 1702
1701 2838
1701 1706
1702 2936
1703 1704
1703 1705
1704 1705
1705 2838
1705 1706
1706 2838
1707 3347
1707 2265
1708 1709
1708 1713
1708 1714
1709 1711
1709 1713
1709 1714
1709 1715
1710 2091
1710 2094
1710 1711
1711 2091
1711 2094
1711 2100
1711 1713
1711 1714
1712 2491
1712 2837
1713 2100
1713 1714
1714 2100
1714 1715
1714 3357
1715 3794
1715 3795
1715 3357
1715 3797
1716 1717
1716 1718
1716 1721
1716 1722
1717 1718
1717 1719
1717 1720
1718 1721
1718 1719
1718 1723
1719 1721
1719 3755
1719 1724
1719 1725
1720 1722
1720 1728
1720 1731
1720 3102
1721 1724
1721 1725
1721 1726
1722 1727
1722 1728
1722 1729
1722 1730
1722 1731
1723 3570
1723 3573
1723 2279
1723 3574
1724 2166
1724 1725
1724 3757
1724 1726
1724 2169
1725 3757
1725 1726
1725 2169
1726 2166
1726 3757
1726 2169
1727 3103
1727 3104
1727 1728
1727 1729
1727 1730
1727 3376
1728 1868
1728 1731
1728 3107
1728 3102
1729 1730
1729 3377
1729 1731
1730 3104
1730 3376
1730 3377
1731 2926
1731 3102
1732 1733
1732 1736
1732 1737
1732 1734
1732 1735
1733 1734
1733 1735
1734 1737
1734 1735
1734 1740
1734 1741
1735 1740
1735 1741
1735 1742
1736 1737
1736 1738
1736 1739
1736 1740
1737 1739
1737 1740
1738 3331
1738 3332
1738 2400
1738 3333
1738 3334
1738 3335
1738 3336
1739 1740
1740 3337
1741 3888
1741 1742
1742 3888
1742 2705
1743 1744
1743 1745
1744 1745
1744 1746
1745 1747
1745 1746
1746 1747
1746 3680
1747 3680
1747 3681
1748 1749
1750 1752
1751 1753
1753 2548
1754 1756
1754 1757
1754 1758
1754 1755
1755 1768
1755 3673
1755 3941
1755 3942
1756 1768
1756 1757
1756 1758
1757 1758
1757 2346
1757 2347
1757 2348
1757 2349
1758 2350
1758 2351
1759 3394
1760 1761
1760 1762
1760 1764
1760 1765
1761 1762
1761 1763
1761 1764
1761 1765
1761 1766
1761 1767
1762 1763
1762 1764
1762 1765
1763 1765
1763 1768
1763 1769
1764 1765
1764 1767
1765 1767
1766 1767
1766 1770
1766 1771
1767 1770
1767 1771
1767 1772
1768 1769
1769 2629
1769 3676
1769 3677
1769 3678
1770 1771
1770 1772
1770 1891
1770 1892
1770 1893
1771 1894
1771 1891
1771 1892
1771 1895
1772 1896
1772 1897
1772 1893
1772 1898
1773 2141
1773 3235
1773 3236
1773 1774
1774 3705
1774 3704
1774 3236
1774 1775
1775 3704
1776 3533
1777 1831
1778 2503
1778 3533
1778 3523
1779 2907
1779 2908
1779 1780
1779 2910
1780 2907
1780 1781
1780 2912
1780 1787
1780 2913
1780 2911
1781 2490
1781 3675
1782 3252
1782 1783
1782 1785
1783 3252
1783 3253
1783 3254
1783 3255
1784 3253
1785 1786
1786 1787
1786 2913
1786 1788
1787 2912
1787 2913
1787 2911
1788 3021
1789 1790
1789 1794
1789 1795
1789 1796
1790 1791
1790 1792
1790 1793
1791 1793
1791 1797
1791 1798
1791 1799
1791 1800
1791 1801
1791 1802
1791 1803
1792 1795
1792 1796
1792 1804
1792 1805
1793 1800
1794 1796
1796 1804
1796 1805
1797 3214
1797 3216
1797 1798
1798 3214
1798 3216
1798 1799
1798 1801
1798 1802
1799 3214
1799 1800
1799 1801
1799 1802
1800 1802
1800 1803
1801 1802
1801 1803
1802 1803
1804 1805
1804 1841
1805 1841
1806 1810
1806 1807
1806 1811
1806 1812
1807 1812
1807 1808
1808 1812
1808 2937
1808 1809
1810 1811
1810 1813
1811 1814
1811 1815
1811 1816
1811 1817
1812 1818
1812 1814
1812 1815
1813 1816
1814 1818
1814 2938
1814 1815
1814 2942
1814 2943
1814 2944
1814 1817
1815 3435
1815 1817
1816 4048
1816 4049
1817 2942
1818 2937
1818 2938
1818 2939
1819 1820
1819 1821
1819 1823
1819 1824
1819 1825
1820 1821
1820 1822
1821 1822
1822 1826
1822 1827
1823 2772
1823 3646
1823 2407
1823 1824
1824 1825
1826 2519
1826 1827
1826 2525
1827 2519
1828 1829
1828 1833
1828 1834
1828 1835
1829 1830
1829 1831
1829 1832
1830 2739
1830 1832
1832 2739
1832 2744
1833 1835
1833 1836
1833 1837
1834 1835
1835 1837
1836 1837
1836 2140
1836 2141
1836 2142
1836 2143
1836 2144
1836 2145
1837 2141
1837 2146
1837 2147
1837 2148
1837 2149
1838 1839
1838 1841
1839 1840
1840 1842
1842 3003
1842 3002
1842 3005
1842 3012
1843 1844
1843 1845
1843 1850
1843 1846
1843 1847
1843 1851
1843 1852
1844 1845
1844 1846
1844 1847
1844 1848
1844 1849
1845 1846
1845 1848
1845 1849
1845 1853
1845 1854
1846 1850
1847 1850
1847 1851
1847 1855
1848 1849
1848 1854
1848 3592
1849 3593
1850 1851
1851 1856
1851 1857
1851 1858
1852 1859
1852 1860
1852 1861
1852 1856
1853 3593
1853 3098
1853 3213
1854 3934
1854 3935
1854 2494
1854 3936
1855 3213
1855 3369
1855 3370
1855 3371
1856 1860
1856 1861
1856 1857
1856 2502
1856 3973
1857 1860
1857 1861
1857 2502
1857 3974
1858 3974
1859 2492
1859 2493
1859 1860
1859 1861
1859 2494
1860 2492
1860 1861
1860 2495
1860 2501
1861 2492
1861 2495
1861 2502
1862 1863
1862 1864
1862 1865
1862 1866
1862 1870
1863 1864
1863 1865
1863 1866
1863 1867
1863 1868
1863 1869
1864 1866
1864 1870
1865 1866
1865 1870
1865 1867
1866 1870
1866 1867
1866 1868
1866 1871
1866 1869
1867 1868
1868 3107
1868 3102
1869 2076
1869 3805
1870 1872
1870 1873
1870 1874
1871 3103
1871 2644
1871 3104
1871 3106
1871 3107
1872 2076
1872 1873
1872 2077
1872 2078
1872 2079
1872 2080
1873 2077
1873 2078
1873 2079
1873 1874
1874 2079
1875 1876
1875 1879
1876 1877
1876 1878
1877 1878
1878 4001
1879 1881
1879 1882
1879 1883
1880 2836
1880 2491
1881 1968
1881 1969
1881 1883
1882 4083
1882 4084
1882 4085
1882 1883
1883 4001
1884 1885
1884 1886
1884 1887
1885 1886
1885 1888
1885 1889
1885 1887
1886 1888
1886 1890
1887 1889
1887 3504
1888 2637
1888 2636
1888 2638
1888 2640
1888 1889
1888 1890
1889 2636
1889 2645
1890 2640
1890 2653
1891 1894
1891 1892
1891 2379
1891 1895
1891 2380
1891 1893
1892 1894
1892 1895
1893 2085
1893 1896
1893 1898
1894 2379
1894 1895
1894 2380
1895 2380
1895 2382
1896 2086
1896 2085
1896 1897
1896 1898
1896 2088
1897 2085
1897 2087
1897 2088
1898 2676
1899 1900
1899 1903
1899 1905
1899 1906
1899 1907
1900 1901
1900 1902
1900 1903
1900 1904
1900 1905
1901 1904
1901 1908
1901 1909
1901 1910
1902 1905
1902 1911
1902 1912
1902 1908
1902 1913
1903 1914
1903 1904
1903 1906
1905 1913
1905 1917
1905 1907
1906 1914
1906 1915
1906 3021
1907 3019
1907 3021
1908 1913
1908 1909
1908 2927
1908 2928
1909 2927
1909 2929
1909 2930
1909 1910
1910 2930
1910 3232
1911 1938
1911 1912
1912 1938
1912 1939
1913 2928
1913 1917
1913 2312
1914 1915
1914 1916
1915 3582
1915 1916
1917 2309
1917 3017
1917 3019
1917 2315
1917 2314
1918 1919
1919 1920
1919 1921
1919 1922
1919 1923
1919 1924
1920 1921
1920 1923
1921 1923
1921 1924
1921 3503
1922 1923
1922 1924
1923 1924
1925 1926
1925 1927
1925 1933
1926 1927
1926 1928
1926 1929
1926 1930
1926 1931
1926 1932
1928 1929
1928 2475
1928 2476
1929 2475
1929 2476
1929 1931
1929 2477
1930 1932
1931 3817
1931 1932
1931 2477
1931 3819
1932 3819
1933 1934
1933 1935
1933 1936
1934 1935
1934 1936
1935 2476
1935 1936
1935 3674
1936 3674
1937 3223
1937 3226
1937 3227
1937 3228
1937 3483
1938 1939
1940 1941
1940 1942
1942 1943
1942 1948
1942 1949
1942 1950
1943 1946
1943 1947
1943 1945
1944 3621
1944 1945
1944 2482
1944 3862
1945 1946
1945 3621
1946 3619
1946 3620
1946 1947
1946 3621
1947 1948
1947 3619
1947 3620
1947 3472
1948 2778
1948 1949
1948 3470
1948 3471
1948 3472
1949 2775
1949 2776
1949 2778
1949 3470
1949 1950
1949 2779
1950 2775
1950 2779
1951 1952
1951 1953
1951 1954
1951 1955
1952 1954
1952 1957
1953 1955
1953 1956
1953 1958
1953 1959
1954 1957
1954 1960
1954 1961
1954 1962
1954 1963
1955 1964
1955 1965
1955 1966
1955 1959
1955 1967
1956 2865
1956 1958
1957 2297
1957 2298
1957 1962
1958 3696
1959 1964
1959 3696
1960 2299
1960 2300
1960 1965
1960 1966
1960 1963
1961 3243
1961 1962
1961 3246
1961 1963
1962 3246
1962 3858
1963 3243
1963 3239
1964 3238
1964 3239
1964 3240
1964 3241
1964 1965
1964 1967
1964 3242
1965 2300
1965 1966
1965 1967
1966 3239
1966 2300
1966 3242
1967 3241
1967 3242
1968 1970
1968 1969
1968 1971
1969 1971
1970 1971
1970 1974
1970 1975
1970 1976
1971 1974
1971 1975
1972 3328
1972 3329
1972 1973
1972 3813
1973 3329
1973 3813
1974 1975
1974 1976
1974 3869
1975 3588
1975 3590
1975 1976
1975 3869
1976 3588
1976 4001
1977 1978
1977 1979
1978 1982
1978 1983
1978 1984
1979 1983
1979 1980
1979 1985
1979 1986
1979 1987
1980 2189
1980 1985
1980 2191
1980 2192
1981 2191
1982 1983
1983 1984
1983 1987
1984 3820
1985 2189
1985 2190
1985 2484
1985 1986
1985 1987
1986 2484
1986 1987
1988 1989
1988 1990
1988 1991
1989 1990
1989 1991
1989 1992
1989 1993
1990 1991
1990 1994
1990 1993
1991 1993
1992 2544
1992 2543
1992 1993
1994 3020
1994 2319
1995 1996
1995 1997
1995 2000
1995 2001
1995 2002
1996 1997
1996 1998
1996 1999
1997 2000
1997 2003
1998 1999
1999 2061
1999 2060
2000 2001
2000 2002
2000 2003
2000 2004
2000 2005
2001 2002
2001 2006
2002 2006
2002 2005
2002 2007
2003 2004
2004 2433
2004 2005
2005 2006
2005 2433
2005 2007
2006 3090
2006 3091
2007 3961
2007 3962
2008 2693
2008 2698
2008 2009
2009 2698
2009 2700
2010 2756
2010 2860
2011 2014
2011 2755
2011 2756
2011 2757
2011 2758
2012 2013
2013 2014
2014 2755
2015 2018
2015 2019
2015 2016
2015 2017
2016 2018
2016 3465
2016 2017
2016 3464
2017 2018
2017 3465
2018 2019
2018 3465
2018 3464
2019 2362
2019 3465
2020 2021
2020 2022
2020 2024
2020 2025
2020 2026
2021 2022
2021 2023
2022 2024
2022 2023
2023 4002
2023 4003
2023 4004
2024 2025
2024 2026
2025 2026
2026 2027
2026 2028
2027 3839
2027 2028
2028 3952
2028 3839
2029 3924
2029 3923
2029 2030
2031 2032
2031 2038
2031 2039
2031 2040
2031 2041
2031 2042
2032 2033
2032 2034
2032 2035
2032 2036
2032 2037
2033 2034
2033 2035
2033 2037
2033 2043
2034 2035
2034 2044
2034 2045
2035 2037
2035 2043
2035 2046
2036 2037
2036 2047
2036 2048
2037 2048
2038 2304
2038 2305
2038 2178
2038 2041
2038 2042
2039 2670
2039 2040
2039 3071
2040 2670
2040 2672
2040 2042
2041 2175
2041 2176
2042 2305
2042 2672
2043 2358
2043 3027
2043 3358
2043 2046
2044 2045
2046 2358
2046 3027
2046 3358
2046 2360
2047 2180
2049 2050
2049 2053
2049 2054
2050 2053
2050 2055
2051 2449
2051 2451
2051 2455
2051 2052
2052 2455
2053 2054
2053 2056
2053 2057
2053 2058
2054 2056
2054 2057
2054 2058
2055 2947
2055 2948
2055 2949
2056 2057
2056 3749
2056 3750
2056 3751
2057 3750
2057 3751
2057 2058
2058 3751
2059 2060
2060 3496
2060 3985
2060 3498
2061 3496
2061 3497
2062 3264
2062 3273
2062 3274
2062 2063
2062 3270
2063 3273
2063 3274
2064 2066
2064 2067
2064 2068
2064 2069
2065 2725
2065 2726
2066 2067
2066 2068
2067 2069
2069 2471
2070 2071
2070 2073
2070 2074
2070 2072
2071 2073
2071 2072
2072 2073
2073 3022
2073 2074
2073 3023
2074 3022
2074 3023
2076 2077
2076 2081
2076 2082
2077 2080
2077 2081
2077 2082
2077 2083
2078 2079
2078 2080
2078 2084
2079 2084
2080 2084
2081 3801
2081 2082
2081 3805
2081 3806
2081 2083
2081 3807
2082 3806
2082 2083
2083 3806
2083 3807
2083 3808
2084 2647
2084 2648
2085 2086
2086 2087
2087 2088
2087 2089
2088 2676
2088 2089
2088 3970
2088 3971
2090 2091
2090 2092
2090 2093
2090 2094
2090 2096
2091 2092
2091 2093
2091 2094
2091 2095
2092 2097
2092 2098
2092 2099
2093 2094
2093 2095
2093 2100
2094 2095
2095 2100
2096 2364
2096 2368
2096 2272
2096 2274
2096 2370
2097 2364
2097 2372
2097 2374
2097 2098
2097 2099
2098 2374
2098 3297
2098 3298
2098 2099
2099 2374
2099 3297
2100 3357
2101 3744
2101 3743
2101 2102
2102 3108
2102 3109
2102 3743
2102 2105
2102 3698
2102 3778
2103 2104
2103 2105
2105 3108
2105 3109
2105 3698
2106 2107
2107 3082
2107 3083
2107 3086
2107 3087
2108 2109
2108 2110
2109 2110
2109 2111
2109 2112
2109 2113
2109 2114
2111 4117
2111 2114
2112 2113
2112 2114
2113 2114
2115 2116
2115 2120
2115 2117
2115 2118
2115 2119
2116 2117
2116 2118
2116 2119
2117 2118
2117 2119
2117 2122
2118 2120
2118 2119
2118 2122
2118 2123
2118 2121
2119 2122
2119 2123
2119 2124
2120 2121
2121 3827
2121 3828
2122 2123
2123 3188
2123 3189
2124 3188
2124 3189
2125 2126
2125 2127
2126 2127
2127 2128
2128 2522
2129 3344
2129 3346
2130 2131
2130 2133
2130 2134
2131 2132
2131 2133
2132 2133
2132 2134
2132 2135
2132 2136
2132 2137
2132 2138
2132 2139
2133 2137
2133 2139
2134 2144
2134 2145
2134 2137
2135 2144
2135 3553
2135 4018
2135 2136
2135 2137
2136 3553
2136 4018
2136 2137
2137 2138
2137 2139
2138 4011
2138 3180
2138 2139
2139 4011
2140 2498
2140 2535
2140 2533
2140 2142
2140 2144
2140 3042
2141 2381
2141 3234
2141 3235
2142 2535
2142 2533
2142 2144
2142 2147
2142 3042
2143 2145
2143 3042
2144 2145
2144 3553
2144 2147
2144 3042
2146 2381
2146 2148
2147 3553
2147 2148
2147 2149
2148 2149
2149 3047
2150 2151
2150 2153
2150 2154
2150 2155
2150 2156
2151 2152
2151 2153
2152 2153
2152 2157
2153 2158
2153 2154
2153 2155
2153 2156
2153 2157
2154 3203
2154 3204
2154 2158
2154 3355
2154 3356
2154 2156
2155 2156
2156 3355
2157 3661
2157 2158
2158 3203
2158 3209
2158 3661
2159 2160
2159 2161
2159 2166
2159 2162
2159 2163
2159 2167
2160 2161
2160 2162
2160 2163
2160 2164
2160 2165
2161 2163
2161 2168
2161 2165
2162 2163
2162 2167
2162 2164
2162 2171
2162 2172
2163 2166
2164 2687
2164 2688
2164 2165
2164 2689
2165 2168
2165 4130
2165 2688
2165 2514
2165 2515
2166 2168
2166 2169
2166 2170
2167 2172
2168 3756
2169 3757
2169 2170
2170 3757
2171 2172
2171 2689
2173 2174
2173 2175
2173 2177
2173 2178
2173 2179
2174 2175
2174 2176
2175 2176
2175 2178
2176 2180
2177 2392
2177 2396
2177 2401
2178 2304
2179 3718
2179 3719
2179 3383
2181 2182
2181 2183
2181 2184
2181 2187
2181 2188
2182 2183
2182 2184
2182 2185
2182 2186
2183 2185
2184 2188
2185 2844
2185 2845
2185 2186
2186 2844
2187 2188
2187 2189
2187 2190
2188 2189
2188 2190
2188 2191
2188 2192
2189 2190
2189 2191
2189 2192
2190 2192
2190 2484
2191 2192
2193 2194
2193 2196
2193 2199
2193 2200
2193 2201
2194 2195
2194 2196
2194 2197
2194 2198
2195 2202
2195 2203
2195 2204
2195 2205
2196 2197
2196 2199
2196 2206
2196 2207
2197 2208
2197 2209
2197 2210
2198 2210
2198 2211
2198 2212
2198 2213
2199 2208
2199 2430
2199 2207
2200 3414
2200 2674
2201 2206
2202 3413
2202 2203
2202 3414
2203 3413
2203 3416
2203 2204
2203 2804
2204 4107
2204 2205
2206 3745
2206 2675
2206 4066
2207 2209
2207 3745
2208 2430
2208 2209
2208 2210
2208 2545
2208 2546
2208 2432
2209 2430
2209 2545
2209 2546
2210 2545
2210 2211
2210 2213
2211 3610
2211 2212
2211 2213
2212 2213
2212 3933
2213 3933
2214 2215
2214 2217
2214 2219
2214 2220
2214 2221
2214 2222
2215 2216
2215 2217
2215 2218
2216 2218
2216 2223
2216 2224
2216 2225
2216 2226
2216 2222
2217 2219
2217 2223
2218 2223
2219 2321
2219 2220
2220 2320
2220 2321
2221 3614
2221 3853
2221 4111
2221 4113
2221 3960
2222 3853
2222 2226
2223 2225
2223 3404
2224 2225
2224 3852
2224 3853
2225 3403
2225 3404
2226 3853
2227 2228
2227 2229
2227 2230
2227 2231
2228 2231
2228 2232
2228 2233
2229 3709
2229 3710
2229 3711
2229 2762
2229 2230
2229 2231
2230 2762
2230 3694
2231 2762
2232 4138
2232 3752
2232 2233
2233 3752
2234 3453
2234 3454
2234 3455
2234 3456
2234 3527
2234 2235
2235 3454
2236 2237
2236 2238
2236 2239
2237 2238
2237 2239
2237 2240
2238 3120
2238 3127
2238 2239
2239 3127
2241 2560
2241 2561
2241 3552
2242 2243
2242 2251
2242 2252
2243 2244
2243 2245
2243 2246
2243 2247
2243 2248
2243 2249
2243 2250
2244 3874
2244 3877
2244 2245
2244 2247
2244 2250
2245 2246
2245 2247
2245 2248
2245 2250
2246 2247
2246 2248
2246 2249
2247 3876
2247 3877
2247 2248
2247 2249
2247 2250
2248 2249
2250 3876
2250 3877
2251 2252
2251 2253
2251 2254
2251 2255
2252 2253
2252 2256
2252 2255
2253 2254
2253 2256
2253 2255
2255 2256
2257 2258
2257 2259
2257 2262
2257 2263
2257 2264
2258 2259
2258 2260
2258 2261
2259 2264
2259 2265
2260 2263
2261 2936
2262 2266
2262 2267
2264 2266
2265 3347
2266 2267
2266 3624
2267 3624
2267 3625
2267 3626
2268 2269
2268 2270
2268 2272
2268 2273
2268 2274
2269 2270
2269 2271
2271 2273
2271 2275
2272 2368
2272 2273
2272 2274
2272 2370
2273 2274
2273 2370
2274 2370
2275 2558
2275 2561
2276 2277
2276 2278
2277 2278
2278 4012
2279 3573
2279 3574
2280 2281
2280 2282
2280 2283
2280 2284
2281 2282
2281 2283
2281 2284
2281 2285
2282 2283
2282 2284
2282 2285
2282 2286
2282 2287
2282 2288
2283 2290
2283 2285
2283 2286
2283 2287
2284 2291
2284 2292
2284 2293
2284 2294
2284 2295
2284 2296
2284 2287
2286 2572
2286 2573
2286 2287
2286 2288
2286 2574
2287 2572
2287 2294
2287 2288
2288 2572
2288 2573
2288 2574
2289 2667
2289 2668
2289 2669
2289 2588
2289 2589
2290 2587
2290 2590
2290 2591
2291 2292
2291 2293
2291 2294
2291 2295
2291 2296
2292 2293
2292 2296
2293 2294
2293 3843
2294 2572
2294 2573
2294 2575
2294 3843
2294 2576
2295 2296
2295 3131
2295 3132
2296 3132
2297 2298
2297 2299
2298 2299
2299 2300
2301 3156
2302 4072
2303 2305
2304 2305
2306 3855
2307 2308
2307 2309
2307 2312
2307 2313
2307 2314
2308 2309
2308 2310
2308 2311
2309 2311
2309 2315
2309 2314
2310 2317
2310 2316
2310 2318
2311 2319
2312 2928
2312 3488
2312 2314
2315 3017
2315 2319
2316 2317
2316 3373
2317 3372
2317 3373
2318 3373
2318 2319
2318 3375
2319 3020
2320 2321
2322 2323
2322 2325
2323 2324
2323 2388
2324 2385
2324 2388
2325 3922
2326 2327
2326 2328
2327 2328
2328 2331
2329 2330
2329 2431
2330 2431
2331 2428
2331 2429
2331 3844
2331 4129
2332 3086
2332 3087
2333 2334
2333 2337
2333 2338
2333 2339
2333 2340
2333 2341
2334 2335
2334 2336
2335 2336
2335 2342
2335 2343
2335 2344
2336 2345
2337 2805
2337 2808
2337 2338
2337 2809
2337 2339
2338 2805
2338 2808
2338 2809
2338 2339
2339 2809
2339 2376
2340 2376
2340 3058
2340 3059
2340 2341
2340 2909
2341 2909
2341 2344
2342 2907
2342 2908
2342 2343
2342 2345
2342 2909
2342 2344
2343 2907
2343 2908
2343 2345
2344 2909
2345 2907
2345 2911
2346 2347
2346 2348
2346 2532
2347 2348
2347 2349
2347 2532
2347 2533
2347 2534
2348 2349
2348 2532
2348 2534
2349 2532
2349 2535
2349 2533
2349 2534
2350 2351
2350 3617
2350 2633
2351 2624
2351 2629
2351 2633
2351 2631
2352 2353
2352 2354
2352 2355
2353 2354
2353 2355
2353 2356
2353 2357
2354 2355
2354 2356
2354 2358
2354 2357
2355 2358
2355 2359
2355 2360
2356 2358
2356 3027
2356 2357
2358 3027
2358 3358
2359 4071
2359 2360
2360 3358
2360 3359
2361 2362
2361 2363
2364 2365
2364 2366
2364 2367
2364 2368
2364 2369
2365 2366
2365 2367
2365 2368
2365 2369
2365 2370
2366 2367
2366 2369
2366 2371
2366 2372
2367 2369
2367 2371
2367 2373
2367 2372
2368 2369
2371 3082
2371 3083
2371 3084
2371 2373
2371 2372
2372 3084
2372 2373
2372 2374
2372 3297
2373 3082
2373 3084
2374 3297
2374 3298
2375 2376
2375 2377
2376 3059
2376 2909
2376 2377
2377 3059
2378 3708
2378 2946
2378 2943
2378 2910
2379 2380
2379 2381
2379 2382
2380 2382
2381 3234
2381 3235
2381 3236
2382 3534
2382 3536
2383 2384
2383 2385
2383 2386
2383 2387
2383 2389
2383 2390
2384 2385
2384 2386
2384 2387
2384 2388
2385 2388
2386 2387
2386 2388
2387 2389
2389 2390
2390 2391
2391 2447
2391 2450
2391 2454
2391 2552
2392 2393
2392 2394
2392 2395
2392 2397
2392 2396
2393 2394
2393 2395
2393 2396
2394 2395
2394 2397
2394 2398
2395 2396
2395 2398
2396 2401
2397 2399
2397 2400
2399 3331
2399 3586
2399 3587
2400 3331
2400 3587
2400 3332
2400 3333
2400 3336
2401 3718
2402 2403
2402 2404
2402 2405
2402 2406
2403 2404
2404 2406
2405 3450
2405 3992
2405 3993
2406 3992
2408 2770
2408 2409
2409 2518
2409 2743
2409 2523
2409 2524
2409 2411
2409 2773
2410 2973
2410 2976
2410 2977
2411 2976
2411 2977
2411 2773
2412 2413
2412 2414
2413 2665
2413 2414
2414 2665
2414 3473
2416 3312
2416 3314
2416 3315
2416 2417
2416 3316
2416 3317
2417 3312
2417 3315
2417 3316
2417 3317
2418 2419
2418 3001
2420 3173
2420 3174
2421 2422
2421 2423
2421 2424
2421 2425
2421 2426
2422 2423
2422 2424
2423 2425
2423 2426
2424 2426
2424 2427
2424 2428
2424 2429
2425 2426
2425 2596
2425 2597
2427 3178
2427 2428
2427 2429
2428 3178
2428 2429
2429 4129
2430 2545
2430 2546
2430 2432
2432 2545
2432 2546
2434 2435
2434 2436
2434 2437
2434 2438
2434 2439
2435 2436
2435 2437
2435 2438
2436 2437
2436 2440
2437 2438
2437 2441
2438 2442
2438 2441
2439 2443
2439 2444
2439 2442
2439 2441
2440 3998
2440 3999
2440 4000
2440 3522
2441 2443
2441 2442
2442 2443
2442 2444
2442 3322
2442 3323
2443 2444
2443 3322
2443 3323
2444 3322
2444 3323
2445 2446
2445 2447
2445 2453
2446 2447
2446 2448
2446 2449
2446 2450
2446 2451
2446 2452
2447 2450
2447 2454
2448 2455
2448 2456
2449 2451
2449 2456
2451 2457
2451 2458
2452 2459
2452 2457
2453 2956
2453 2957
2453 2958
2453 2456
2453 2959
2455 2727
2455 2728
2455 2729
2455 2731
2455 2732
2455 2733
2456 2957
2456 2730
2457 2459
2458 2947
2458 2950
2458 3854
2458 3693
2459 3694
2459 3695
2460 2461
2460 2465
2460 2466
2460 2462
2461 2462
2461 2463
2461 2464
2462 2465
2462 2470
2463 2466
2463 2472
2463 2841
2463 2842
2463 3210
2463 3211
2463 3212
2464 3210
2464 3211
2464 3502
2464 3360
2465 2467
2465 2468
2465 2469
2465 2470
2465 2471
2466 2472
2466 2473
2466 2474
2467 2565
2467 2469
2467 2471
2468 2470
2468 3842
2469 2471
2470 3842
2472 2839
2472 2840
2472 2841
2472 2842
2472 2843
2473 2839
2473 2840
2473 2845
2474 2840
2474 2843
2474 2846
2475 2476
2475 2478
2476 2479
2476 2478
2477 3816
2477 3817
2478 2479
2478 3994
2478 3812
2479 3994
2479 3812
2480 2481
2480 2482
2481 2483
2482 3862
2483 3484
2483 3481
2483 3793
2485 2486
2485 2488
2485 2489
2485 3763
2485 3764
2485 3765
2486 2489
2486 3763
2486 3764
2486 3765
2487 3220
2487 2488
2487 2489
2487 3221
2487 3222
2488 3220
2488 2489
2488 3656
2488 3222
2489 3765
2490 3666
2490 3512
2490 3675
2490 2912
2491 2836
2491 2837
2492 2493
2492 2495
2492 2496
2492 2497
2493 2498
2493 2499
2493 2500
2494 3935
2494 3936
2495 2496
2495 2497
2495 2503
2495 2504
2495 2501
2496 2497
2496 2505
2496 2499
2496 2504
2496 2501
2497 2498
2497 2505
2497 2499
2497 2504
2498 2741
2498 2505
2499 2741
2499 2505
2500 2741
2500 3936
2500 2742
2501 3697
2501 2503
2501 2504
2502 3973
2502 3974
2503 3697
2503 2504
2504 2505
2506 2507
2506 2511
2507 2508
2507 2509
2507 2510
2508 2509
2508 2510
2508 2512
2508 2513
2509 2510
2509 2512
2509 2514
2509 2515
2509 2516
2510 2517
2510 2514
2510 2515
2511 3893
2512 3755
2512 3756
2512 2513
2512 2514
2513 3755
2513 3756
2514 4130
2514 2688
2514 2515
2515 4130
2515 2688
2516 4145
2517 3570
2517 3571
2517 3572
2517 2759
2518 2519
2518 2520
2518 2523
2518 2524
2519 2520
2519 2521
2519 2522
2520 2521
2520 2524
2520 2526
2521 2522
2521 2527
2521 2526
2522 2527
2523 2770
2524 2773
2524 2526
2525 3627
2526 2743
2526 2744
2527 3338
2527 3345
2528 3255
2528 3258
2528 3581
2528 2529
2528 3582
2528 2530
2529 3258
2529 3582
2529 2530
2529 2531
2530 3258
2530 3581
2530 3582
2530 2531
2531 3258
2532 2534
2532 3213
2533 2535
2533 2534
2533 3098
2534 2535
2535 3042
2536 2537
2536 2538
2537 2539
2537 2538
2537 2540
2537 2541
2538 2541
2539 2542
2539 2541
2541 2542
2541 2782
2542 2780
2542 2777
2542 2782
2542 2783
2543 2544
2543 3487
2544 3487
2545 2546
2545 2547
2547 3609
2547 3610
2547 3611
2548 2549
2549 2550
2550 3232
2551 2553
2551 2554
2552 3036
2553 2760
2553 2761
2554 2760
2555 2556
2555 2557
2555 2558
2555 2560
2555 2561
2556 2557
2556 2558
2556 2559
2557 2560
2557 2562
2557 2563
2557 2564
2558 2561
2559 2565
2559 2566
2559 2564
2560 2561
2560 2562
2560 3552
2562 3951
2562 3839
2562 3552
2562 2563
2563 3839
2563 2564
2564 3953
2565 2566
2566 3412
2567 2568
2567 2572
2567 2573
2567 2569
2568 2569
2568 2570
2568 2571
2569 2575
2569 2576
2570 3142
2570 3143
2570 3144
2570 3145
2570 2571
2572 2573
2572 2574
2573 2574
2575 3843
2576 3843
2577 2578
2577 2579
2577 2580
2577 2581
2577 2583
2577 2584
2578 2579
2578 2580
2578 2581
2578 2582
2579 2580
2579 2581
2579 2583
2580 2581
2580 2582
2580 2585
2581 2582
2581 2585
2581 2586
2582 2585
2582 2586
2583 2584
2584 4140
2585 2586
2586 2628
2586 2634
2587 2588
2587 2589
2588 2589
2589 3432
2590 2591
2591 2592
2591 2593
2592 3815
2592 2593
2593 3726
2593 3815
2594 2595
2594 2596
2595 2596
2596 2597
2598 2599
2598 2603
2598 2604
2598 2600
2598 2605
2598 2606
2599 2600
2599 2601
2599 2602
2600 2606
2600 2601
2600 2607
2601 2602
2603 2604
2603 2605
2603 2606
2603 2607
2603 2608
2603 2609
2604 2605
2604 2610
2604 2611
2604 2612
2604 2609
2605 2606
2605 2610
2605 2608
2605 2609
2606 2607
2607 2608
2607 2876
2608 3423
2608 3422
2608 3424
2608 2876
2608 3425
2608 3426
2609 2610
2609 2611
2609 2612
2610 2690
2610 2612
2611 2690
2611 2612
2611 2692
2612 2690
2613 2614
2613 2615
2613 2621
2614 2615
2614 2616
2614 2617
2614 2618
2614 2619
2614 2620
2615 2616
2615 2622
2616 2828
2616 2617
2616 2619
2616 2829
2617 2828
2617 2830
2617 2619
2617 2829
2618 2621
2618 3209
2618 3661
2619 3206
2619 3207
2619 2620
2619 2829
2620 3209
2620 3207
2621 2623
2622 2828
2622 2831
2622 2832
2622 2835
2623 2751
2624 2625
2624 2626
2624 2629
2624 2630
2624 2631
2624 2632
2625 2626
2625 2627
2625 2628
2626 2628
2626 2633
2626 2631
2627 2630
2628 2631
2628 2634
2628 2635
2629 3676
2629 2630
2630 3676
2630 2632
2631 3617
2631 2633
2631 4017
2631 3700
2631 2634
2632 3679
2633 3617
2633 3700
2634 4017
2634 3700
2634 2635
2634 3543
2634 4019
2635 4017
2635 3700
2635 3153
2635 3543
2635 4019
2636 2637
2636 2638
2636 2639
2636 2644
2636 2645
2637 2638
2637 2639
2637 2640
2637 2641
2637 2642
2637 2643
2638 2639
2638 2640
2639 2641
2639 2646
2639 2647
2639 2648
2639 2649
2640 2643
2641 2642
2641 2647
2641 2650
2642 2643
2642 2650
2642 2651
2643 2652
2643 2653
2644 2786
2644 3104
2644 2645
2644 3106
2644 2649
2645 3504
2645 3106
2646 2786
2646 2648
2646 2649
2647 2648
2647 2650
2649 3805
2650 2651
2651 4058
2652 3417
2652 3128
2652 3418
2653 3417
2653 3419
2653 3420
2653 3454
2654 2655
2654 2656
2654 2657
2654 2660
2655 2656
2655 2657
2655 2658
2655 2659
2656 2657
2657 2658
2657 2659
2658 2659
2658 2661
2659 2661
2659 2662
2659 2663
2661 2662
2661 3327
2661 2663
2662 3327
2662 2663
2662 3328
2663 3327
2663 3328
2663 3329
2664 2665
2666 3789
2666 2667
2666 3790
2667 2668
2667 2669
2668 2669
2669 3789
2670 3072
2670 2671
2671 3072
2671 3073
2671 2675
2672 3233
2672 2673
2673 3415
2673 2674
2674 3414
2674 3415
2675 3073
2675 4066
2676 3967
2676 3970
2676 3971
2676 4135
2677 2678
2677 2679
2677 2680
2677 2683
2678 2679
2678 2680
2678 2681
2678 2682
2679 2680
2679 2681
2680 2681
2680 2682
2680 2684
2680 2685
2681 2682
2681 2685
2682 2685
2682 2686
2683 2939
2683 3397
2684 3763
2684 3764
2684 2685
2684 2686
2685 3764
2685 2686
2686 3763
2686 3764
2686 3765
2687 4130
2687 2688
2691 2826
2692 3579
2692 3538
2692 3580
2693 2694
2693 2695
2693 2696
2693 2697
2694 2697
2695 2699
2695 3130
2695 3132
2695 3062
2695 2696
2697 4109
2698 2699
2699 3062
2699 3063
2700 2860
2700 2861
2700 2862
2701 2702
2701 2703
2702 2703
2702 2704
2702 2705
2704 3882
2704 3881
2704 3883
2704 3884
2704 3887
2704 2705
2705 3881
2705 3883
2705 3888
2705 3889
2706 2707
2706 2709
2706 2708
2707 2710
2707 2708
2708 2710
2708 2709
2708 3448
2709 2710
2709 3448
2710 3447
2710 3448
2711 2712
2711 2713
2711 2714
2711 2718
2711 2719
2711 2720
2711 2721
2712 2713
2712 2714
2712 2715
2712 2716
2712 2717
2713 2714
2713 2718
2713 2719
2713 2722
2713 2723
2713 2721
2713 2724
2714 2716
2714 2717
2714 2721
2715 2716
2715 2725
2715 2726
2716 2717
2716 2721
2716 2725
2717 2723
2717 2721
2717 2725
2718 3190
2718 3191
2718 3192
2718 2719
2718 2720
2718 2722
2719 3190
2719 2720
2720 3190
2720 3192
2720 2722
2721 2724
2722 2723
2722 2724
2722 3196
2722 3197
2722 3198
2723 2998
2723 3198
2724 3196
2724 3618
2724 3197
2725 2999
2725 2726
2727 2728
2727 2729
2727 2730
2728 2729
2728 2731
2728 2730
2729 2731
2729 2732
2729 2733
2730 2958
2731 2732
2731 2733
2732 2733
2732 2734
2733 2734
2735 2736
2735 2738
2735 2740
2736 2737
2736 2738
2736 2739
2737 2741
2737 2742
2737 2740
2738 2739
2738 2743
2738 2744
2739 2744
2740 2742
2741 2742
2743 2744
2743 3016
2745 2747
2745 2746
2745 2748
2746 3073
2747 3056
2747 2801
2748 3056
2748 3073
2748 4066
2749 2800
2749 2801
2749 2802
2750 2751
2750 2752
2752 2753
2752 2754
2753 2754
2753 4009
2755 2757
2756 2767
2756 2758
2756 2769
2757 2758
2758 2767
2758 2769
2759 3571
2759 3572
2760 3035
2760 3036
2761 3035
2761 3038
2761 2762
2761 3041
2761 3040
2762 3041
2763 3407
2763 3694
2763 3695
2764 2765
2764 2766
2764 2767
2765 2766
2765 2767
2766 2768
2767 2769
2768 3727
2768 2861
2768 4036
2768 4037
2770 2771
2770 2772
2771 3645
2771 2772
2772 3645
2772 3646
2773 2977
2773 3016
2774 2775
2774 2780
2774 2776
2774 2777
2775 2776
2775 2777
2775 2778
2775 2779
2776 2777
2776 2779
2777 2780
2777 2779
2777 2783
2778 3467
2778 2781
2778 3470
2779 2783
2780 2781
2780 2782
2781 3467
2781 3469
2781 2782
2782 3649
2782 3469
2782 3660
2784 2785
2784 2787
2785 2786
2785 2788
2785 2789
2786 3103
2786 3104
2787 2790
2787 2791
2788 3121
2788 3123
2788 3126
2789 3103
2789 3105
2789 3123
2790 2791
2792 2793
2793 2794
2793 2795
2793 2796
2794 2797
2794 2798
2794 2799
2794 2795
2794 2796
2795 2797
2795 2798
2795 2799
2795 2796
2797 3728
2797 2798
2797 2799
2798 3728
2798 2799
2798 3730
2799 3728
2799 3729
2799 3730
2800 2802
2800 2803
2800 2804
2801 2802
2802 3946
2802 3947
2803 3946
2803 3416
2803 3947
2803 2804
2804 3413
2805 2806
2805 2808
2805 2809
2805 2810
2805 2811
2806 2807
2808 2809
2808 2810
2808 2811
2809 2811
2810 2811
2810 2812
2811 2812
2811 2813
2812 2813
2812 3513
2813 3513
2813 3514
2814 2815
2814 2816
2814 2817
2814 2818
2815 2817
2815 2819
2816 2817
2816 2820
2816 2818
2817 2820
2817 2818
2818 2820
2819 3060
2819 3061
2819 2820
2820 3061
2821 2823
2821 3758
2821 3511
2821 3759
2821 3760
2821 3761
2822 2824
2822 2825
2823 2824
2823 3758
2823 2825
2823 3762
2824 2825
2825 3762
2826 2827
2828 2830
2828 2831
2829 2830
2831 2832
2831 2833
2831 2834
2832 3318
2832 2835
2833 2849
2833 2853
2833 3030
2833 2834
2834 2853
2834 3318
2834 2859
2835 3321
2836 3366
2836 3367
2836 2837
2838 3152
2838 3306
2839 2840
2839 2844
2839 2845
2840 2843
2840 2846
2841 2842
2841 2843
2842 2843
2843 2846
2844 2845
2847 2848
2847 2849
2847 2850
2847 2854
2848 2849
2848 2850
2848 2851
2848 2852
2848 2853
2849 2852
2849 2853
2849 2855
2849 2856
2849 2857
2850 2851
2851 2853
2852 2853
2852 2857
2852 2858
2853 2856
2853 2859
2853 2858
2854 3030
2854 3031
2854 3032
2854 3033
2855 3348
2855 3352
2855 3353
2855 2856
2856 3353
2856 2857
2856 3354
2856 3687
2857 3687
2858 3684
2858 3687
2858 2859
2859 3318
2859 3684
2859 3319
2859 3320
2860 2861
2860 2862
2860 2863
2861 3727
2861 2862
2861 2863
2862 3725
2862 3727
2862 2863
2863 3727
2863 3835
2863 3836
2864 2865
2864 2866
2864 2868
2864 2869
2864 2870
2864 2871
2865 2866
2865 2867
2866 2867
2866 2868
2866 2871
2866 2872
2867 2872
2867 2873
2867 2874
2867 2875
2868 2915
2868 2914
2868 2871
2868 2872
2868 2919
2869 3299
2869 2870
2870 3299
2870 3300
2870 2916
2870 2871
2871 2915
2871 3300
2871 2916
2872 3995
2872 3996
2872 2874
2873 4078
2873 3997
2873 2875
2874 2875
2875 3996
2875 3997
2876 3423
2876 3422
2876 3426
2877 2878
2877 2879
2877 2880
2877 2881
2877 2882
2877 2883
2878 2879
2878 2880
2879 2882
2879 2884
2879 2883
2880 2881
2881 2885
2882 2884
2882 2883
2882 2886
2882 2887
2883 2884
2883 2887
2883 2888
2884 2887
2884 2888
2885 3927
2885 3691
2885 3906
2886 3088
2886 3089
2887 2888
2888 3766
2888 3767
2888 3029
2889 2890
2889 2891
2889 2892
2889 2893
2889 2894
2890 2891
2890 2892
2890 2893
2891 2892
2891 2894
2894 3555
2894 3556
2894 3557
2895 2896
2895 2900
2895 2901
2895 2902
2895 2903
2896 2897
2896 2898
2896 2899
2897 2898
2897 2899
2897 2904
2898 2899
2898 2905
2898 2904
2899 2904
2900 3463
2900 2902
2900 2903
2901 3561
2901 3562
2901 3563
2901 2903
2901 3473
2901 3564
2902 3561
2902 3563
2902 2903
2903 3463
2904 2905
2904 3895
2905 3425
2905 3894
2905 3895
2906 3957
2906 3840
2906 3958
2906 3959
2907 2908
2910 3658
2911 2913
2912 3675
2912 2913
2914 2915
2914 2917
2914 2918
2915 2916
2916 3299
2916 3300
2916 3301
2917 2920
2917 2921
2917 2922
2918 2919
2918 2923
2918 2924
2918 2925
2918 2926
2918 2922
2919 3995
2919 2924
2920 3099
2920 3100
2920 3101
2921 3099
2921 2922
2921 3102
2922 2925
2923 4022
2923 2924
2923 2925
2924 4023
2925 3246
2925 3859
2925 3860
2926 3377
2926 4023
2927 2928
2927 2931
2927 2932
2927 2933
2928 2931
2928 2934
2929 3496
2929 3499
2929 2930
2929 2933
2930 3496
2930 3498
2931 2932
2931 2933
2932 2933
2932 3569
2933 3569
2934 3485
2934 3486
2937 2939
2937 2940
2937 2941
2938 2939
2938 2945
2938 2946
2938 2943
2938 2944
2939 2945
2940 2941
2942 3653
2942 3925
2942 3655
2942 2944
2943 3654
2943 2946
2943 3658
2943 2944
2944 2946
2945 3708
2946 3708
2946 3658
2947 2950
2948 2951
2949 2952
2949 2953
2950 3262
2951 3133
2952 3277
2952 3278
2952 3279
2953 3278
2953 3279
2953 3907
2953 3714
2953 3280
2954 2955
2956 2957
2956 2958
2956 2959
2957 2958
2958 2959
2959 4104
2960 2961
2960 2965
2960 2966
2960 2967
2960 2968
2960 2969
2961 2962
2961 2963
2961 2964
2962 2964
2962 2970
2963 2964
2963 2971
2963 2969
2964 2971
2964 2972
2965 3303
2965 2966
2965 2970
2966 2970
2966 2968
2967 2968
2967 2969
2973 2974
2973 2975
2974 2978
2974 2979
2974 2976
2974 2977
2975 2979
2976 2977
2977 2978
2978 3528
2978 2979
2978 3529
2979 3528
2980 2981
2980 2982
2980 2983
2980 2987
2980 2984
2980 2988
2981 2982
2981 2983
2981 2984
2981 2985
2981 2986
2982 2983
2982 2987
2982 2986
2983 2987
2983 2984
2983 2986
2984 2988
2984 2989
2985 2986
2985 3782
2985 3783
2986 2987
2986 3782
2988 2990
2989 3874
2989 3875
2989 2990
2990 3875
2990 3876
2991 2992
2991 2994
2991 2995
2991 2996
2991 2997
2991 2998
2991 2999
2991 3000
2992 2993
2992 2994
2994 2996
2994 2997
2995 2996
2995 2998
2995 2999
2996 2997
2997 3466
2997 3000
2998 2999
3000 3466
3000 3864
3000 3865
3002 3003
3002 3004
3002 3005
3002 3006
3002 3007
3003 3004
3003 3005
3004 3006
3004 3008
3004 3009
3004 3010
3005 3006
3005 3011
3005 3012
3005 3013
3006 3007
3006 3014
3006 3013
3007 3008
3007 3015
3008 4115
3008 3015
3009 3010
3010 4116
3011 3012
3011 3013
3013 3014
3015 4115
3017 3018
3017 3019
3018 3020
3019 3021
3022 3023
3022 3024
3022 3025
3022 3026
3023 3025
3024 3025
3024 3026
3025 3026
3027 3358
3028 3766
3028 3767
3028 3029
3029 3767
3030 3032
3031 3349
3031 3350
3031 3351
3031 3032
3031 3033
3032 3033
3033 3350
3035 3037
3035 3038
3036 3043
3036 3044
3037 3039
3038 3040
3040 3041
3040 3251
3043 3045
3044 3046
3047 3591
3048 3049
3048 3591
3049 3591
3050 3051
3050 3052
3050 3053
3051 3052
3052 3054
3052 3053
3052 3055
3053 3467
3053 3055
3054 3655
3054 3657
3054 3926
3055 3659
3055 3469
3057 4066
3058 3059
3060 3484
3062 3827
3062 3829
3062 3063
3063 3829
3064 3110
3064 3111
3064 3112
3064 3066
3065 3259
3065 3066
3065 3260
3065 3261
3066 3112
3066 3259
3066 3260
3066 3548
3067 3262
3067 3069
3067 3263
3068 3492
3068 3069
3069 3490
3069 3492
3071 3893
3071 3573
3072 3073
3073 4066
3074 3075
3074 3076
3074 3077
3075 3076
3075 3077
3075 3078
3075 3079
3076 3077
3076 3079
3077 3078
3077 3080
3077 3079
3078 3080
3078 3079
3079 3080
3081 3082
3081 3083
3081 3085
3082 3083
3082 3084
3083 3084
3083 3086
3085 3086
3085 3087
3086 3087
3088 3717
3088 3721
3089 3903
3089 3904
3090 3091
3091 3092
3091 3093
3092 3961
3092 3093
3093 3961
3093 3962
3094 4028
3094 4029
3094 3511
3094 3095
3094 3096
3094 4031
3095 3096
3097 3593
3097 3098
3097 3594
3098 3593
3098 3594
3100 3101
3101 3878
3103 3104
3103 3105
3104 3105
3104 3107
3105 3376
3105 3123
3105 3124
3106 3805
3106 3107
3108 3109
3109 3698
3110 3111
3110 3113
3110 3112
3111 3113
3111 3112
3111 3114
3111 3115
3111 3116
3112 3119
3113 3117
3113 3116
3113 3118
3114 3115
3115 3119
3115 3780
3116 3118
3117 3457
3117 3118
3117 3458
3118 3458
3119 3548
3119 3780
3120 3121
3120 3122
3120 3127
3121 3122
3121 3123
3121 3124
3121 3125
3121 3126
3122 3128
3122 3125
3122 3129
3123 3124
3124 3420
3124 3125
3125 3128
3125 3420
3128 3417
3128 3418
3128 3129
3129 3418
3129 3421
3129 3911
3130 3131
3130 3132
3131 3132
3133 4021
3134 3135
3134 3136
3134 3140
3134 3137
3134 3141
3134 3142
3135 3136
3135 3137
3135 3138
3135 3139
3136 3140
3136 3137
3136 3141
3137 3138
3137 3139
3138 3139
3140 3141
3140 3142
3140 3143
3141 3142
3141 3143
3141 3144
3142 3143
3142 3144
3142 3145
3143 3144
3143 3145
3144 3145
3146 3147
3148 3149
3148 3150
3148 3151
3149 3150
3149 3151
3149 3152
3149 3153
3150 3152
3150 3153
3151 3154
3151 3155
3151 3156
3152 3155
3152 3306
3152 3153
3153 4017
3154 3305
3155 3306
3156 3305
3157 3158
3157 3159
3157 3160
3157 3163
3157 3164
3157 3165
3158 3159
3158 3160
3158 3161
3158 3162
3159 3161
3159 3165
3159 3166
3160 3162
3160 3167
3161 3162
3161 3168
3161 3169
3161 3170
3162 3169
3162 3170
3163 3855
3163 3856
3163 3857
3164 3945
3165 3402
3166 3402
3166 3403
3166 3688
3166 3168
3167 3855
3167 3856
3167 3857
3168 3688
3168 3689
3169 3689
3169 3170
3170 3639
3171 3302
3171 3172
3173 3786
3173 3174
3173 3175
3174 3784
3174 3786
3174 3175
3175 3784
3175 3786
3175 3787
3176 3177
3176 3178
3177 3178
3180 3880
3180 4011
3181 3182
3181 3183
3181 3185
3181 3187
3181 3188
3181 3189
3182 3183
3182 3184
3182 3185
3182 3186
3183 3184
3183 3185
3183 3187
3183 3189
3184 3185
3184 3186
3185 3186
3185 3187
3187 3189
3188 3189
3190 3191
3190 3193
3190 3194
3190 3195
3191 3192
3191 3194
3191 3195
3192 3194
3192 3195
3193 3363
3193 3366
3193 3194
3193 3195
3194 3195
3196 3871
3196 3618
3196 3867
3196 3872
3196 3197
3197 3865
3197 3871
3197 3618
3197 3867
3198 3865
3199 3200
3199 3201
3199 3204
3199 3205
3200 3201
3200 3202
3200 3203
3201 3202
3201 3206
3201 3207
3201 3205
3201 3208
3202 3203
3202 3209
3202 3206
3202 3207
3202 3208
3203 3209
3203 3204
3204 3356
3205 3349
3205 3206
3206 3349
3206 3207
3206 3351
3207 3208
3210 3211
3210 3360
3211 3212
3211 3360
3212 3361
3212 3362
3213 3594
3213 3370
3214 3215
3214 3216
3215 3216
3215 3217
3215 3218
3216 3217
3216 3218
3217 3218
3217 3701
3218 3702
3218 3701
3218 3703
3219 3220
3219 3223
3219 3224
3219 3225
3219 3226
3219 3227
3220 3221
3220 3222
3221 3656
3221 3926
3221 3222
3222 3656
3223 3226
3223 3227
3223 3228
3224 3225
3224 3229
3224 3230
3224 3231
3225 3226
3225 3227
3225 3229
3226 3227
3226 3228
3226 3232
3227 3228
3227 3229
3230 3583
3230 3585
3230 3231
3231 3583
3231 3584
3231 3585
3234 3235
3234 3237
3234 3236
3236 3705
3236 3704
3237 3537
3237 3631
3237 3632
3237 3633
3237 3541
3238 3243
3238 3244
3238 3239
3238 3245
3239 3241
3239 3242
3240 3245
3240 3241
3240 3250
3240 3249
3241 3245
3241 3250
3241 3242
3243 3246
3243 3247
3244 3248
3244 3249
3245 3250
3246 3859
3246 3858
3246 3860
3247 4022
3247 3859
3248 4082
3249 4081
3252 3253
3252 3254
3252 3255
3253 3256
3254 3257
3254 3255
3255 3257
3255 3258
3256 3257
3256 3581
3256 3583
3256 3584
3257 3258
3258 3581
3259 3260
3259 3547
3260 3548
3261 3263
3261 4005
3261 4006
3262 3489
3262 3490
3262 3491
3263 4005
3264 3265
3264 3271
3264 3272
3264 3273
3264 3274
3265 3266
3265 3267
3265 3268
3265 3269
3265 3270
3266 3954
3266 3955
3266 3267
3266 3275
3266 3276
3267 3954
3267 3275
3267 3268
3267 3269
3267 4008
3268 4025
3268 3269
3269 4025
3269 4026
3269 4008
3270 3953
3271 3272
3271 3275
3271 3276
3272 3273
3272 3274
3273 3274
3275 3955
3275 3276
3276 3364
3276 3954
3276 3955
3277 3278
3277 3279
3278 3279
3278 3280
3279 3280
3280 3907
3280 3714
3281 3282
3281 3283
3281 3285
3281 3286
3281 3288
3281 3289
3282 3283
3282 3284
3282 3285
3282 3286
3282 3287
3283 3284
3283 3285
3283 3286
3283 3288
3284 3285
3284 3287
3284 3290
3284 3291
3285 3286
3285 3287
3286 3292
3286 3288
3286 3293
3286 3294
3287 3290
3287 3291
3288 3292
3288 3293
3288 3289
3289 3292
3289 3293
3290 3868
3291 3868
3292 3293
3292 3294
3293 3294
3295 3296
3297 3298
3299 3300
3299 3301
3300 3301
3301 3398
3303 3304
3304 4131
3305 4077
3305 4110
3307 3308
3307 3309
3307 3310
3308 3309
3309 3311
3310 3729
3310 3731
3310 3732
3310 4108
3311 3615
3311 3641
3312 3313
3312 3314
3312 3315
3313 3314
3313 3315
3314 3315
3315 3316
3316 3929
3316 3317
3316 3930
3317 3929
3317 3930
3318 3319
3318 3320
3319 3354
3319 3320
3320 3956
3322 3323
3322 3324
3322 3325
3322 3326
3323 3325
3324 3520
3324 3526
3324 3325
3325 3520
3325 3526
3325 3754
3326 3754
3327 3328
3327 3329
3327 3330
3328 3329
3328 3330
3328 3813
3329 3330
3329 3813
3330 3813
3331 3586
3331 3587
3331 3332
3331 3333
3331 3334
3331 3336
3332 3586
3332 3587
3332 3333
3333 3587
3334 4065
3334 4120
3334 3335
3334 3336
3335 4065
3335 4120
3335 4064
3335 3336
3336 4120
3338 3339
3338 3340
3338 3342
3339 3340
3339 3341
3340 3342
3340 3343
3341 3345
3341 3346
3342 3531
3342 3532
3342 3343
3343 3531
3343 3532
3344 3346
3345 3346
3348 3349
3348 3352
3348 3353
3349 3350
3349 3351
3350 3351
3352 3353
3353 3354
3353 3355
3353 3356
3355 3356
3357 3796
3357 3736
3358 3359
3360 3502
3360 4010
3361 4057
3361 4087
3363 3364
3363 3365
3364 3950
3364 3954
3364 3955
3364 3365
3366 3367
3368 3369
3368 3370
3368 3371
3369 3370
3369 3371
3370 3371
3372 3373
3372 3374
3372 3375
3373 3374
3374 3988
3377 4022
3377 4023
3378 3379
3378 3380
3379 3380
3379 3381
3380 3381
3381 4072
3381 4073
3382 3908
3382 3385
3383 3719
3383 3384
3384 3719
3384 3720
3384 3386
3385 3908
3385 3909
3385 3928
3385 3386
3386 3720
3386 3722
3386 3928
3388 3389
3388 3390
3388 3391
3389 3390
3389 3391
3390 3391
3391 3392
3391 3393
3392 3393
3392 3937
3392 3938
3392 3939
3392 3940
3393 3937
3393 3938
3393 3940
3394 3395
3394 3396
3395 3396
3396 3975
3398 4050
3398 4052
3398 4056
3399 3400
3399 3401
3399 3402
3400 3401
3400 3402
3401 3402
3401 3403
3403 3404
3405 3406
3405 3410
3406 3407
3406 3408
3406 3409
3407 3408
3408 3409
3408 3693
3409 3854
3410 3411
3413 3414
3413 3415
3414 3415
3416 3946
3416 4105
3416 4107
3417 3419
3417 3420
3418 3421
3419 3452
3419 3453
3419 3420
3419 3454
3421 3430
3421 3910
3421 3433
3421 3742
3421 3434
3421 3911
3422 3423
3422 3424
3422 3425
3422 3426
3424 3425
3424 3426
3425 3426
3425 3427
3426 3427
3427 3894
3428 3429
3428 3430
3428 3431
3428 3432
3429 3430
3429 3431
3430 3431
3430 3433
3430 3434
3431 3433
3432 4121
3432 3870
3433 3910
3433 3742
3433 3434
3434 3482
3434 3910
3434 3742
3435 3436
3435 3437
3436 3437
3436 3439
3436 3440
3437 3439
3437 3441
3437 3440
3438 3846
3438 3847
3438 3851
3439 3925
3439 3441
3440 3441
3442 3443
3442 3444
3442 3447
3442 3448
3443 3444
3443 3445
3443 3446
3444 3445
3444 3446
3444 3449
3445 3446
3445 3449
3445 3447
3446 3447
3446 3448
3447 3448
3449 3506
3449 3509
3449 3516
3451 3466
3451 3864
3451 3865
3451 3866
3453 3454
3453 3455
3453 3456
3454 3456
3455 3456
3455 3527
3456 3527
3457 3459
3457 3460
3458 3460
3459 3460
3459 3461
3459 3462
3460 3461
3461 3462
3461 4046
3462 3692
3464 3465
3466 3864
3466 3865
3467 3468
3467 3469
3469 3649
3469 3650
3469 3659
3470 3471
3471 3619
3471 3472
3471 3623
3472 3619
3472 3623
3473 3565
3473 3563
3473 3564
3474 3475
3474 3476
3475 3476
3475 3477
3475 3478
3475 3479
3475 3480
3475 3481
3476 3482
3477 3478
3477 3789
3477 3790
3478 3575
3478 3789
3478 3790
3479 3480
3479 3578
3479 3791
3479 3792
3480 3481
3480 3793
3480 3792
3481 3793
3482 3742
3485 3486
3487 3488
3489 3490
3489 3491
3490 3492
3490 3493
3491 3494
3491 3495
3492 3692
3492 3493
3493 3692
3494 4099
3494 4100
3494 3495
3494 4101
3494 4102
3495 4099
3496 3497
3496 3498
3496 3499
3497 3499
3498 3985
3499 3500
3500 3568
3500 3501
3502 4010
3503 3908
3504 3803
3504 3984
3505 3506
3505 3507
3505 3508
3505 3509
3505 3510
3505 3511
3506 3507
3506 3508
3506 3509
3507 3508
3507 3509
3507 3512
3507 3513
3507 3514
3508 3515
3508 3513
3508 3514
3510 3515
3510 4028
3510 4029
3510 3511
3511 4029
3511 3759
3511 3760
3512 3662
3512 3666
3512 3675
3513 3514
3515 4028
3515 4030
3516 3662
3516 3663
3516 3664
3516 3665
3516 3666
3517 3518
3517 3522
3517 3523
3518 3519
3518 3520
3518 3521
3519 3521
3519 3524
3519 3525
3520 3521
3520 3526
3521 3524
3522 3999
3522 4000
3522 3523
3523 3533
3523 3525
3524 3525
3525 3533
3528 3529
3528 3530
3528 3531
3528 3532
3529 3531
3529 3532
3531 3532
3534 3535
3534 3536
3535 3537
3535 3538
3535 3539
3535 3540
3535 3541
3536 3543
3536 3542
3537 3631
3538 3580
3538 3539
3538 3540
3538 3541
3539 3580
3539 3540
3539 3541
3540 3580
3540 3541
3542 4075
3543 4019
3543 4075
3543 4076
3544 3545
3545 3546
3547 3549
3547 3550
3547 3551
3549 3550
3549 3551
3551 4137
3552 3839
3553 4018
3554 3555
3554 3556
3554 3557
3554 3558
3554 3559
3554 3560
3555 3556
3555 3557
3556 3557
3556 3559
3556 3560
3557 3560
3558 3559
3558 3560
3558 3600
3558 3601
3558 3826
3559 3596
3559 3560
3559 3600
3559 3826
3560 3600
3560 3826
3561 3565
3561 3562
3561 3563
3562 3565
3562 3563
3563 3565
3563 3564
3564 3565
3566 3567
3566 3568
3567 3568
3568 3569
3570 3571
3570 3573
3570 3574
3571 3572
3573 3574
3575 3578
3575 3577
3576 3724
3576 3725
3576 3726
3576 3814
3577 3578
3577 3833
3577 3814
3578 3791
3578 3833
3579 3580
3581 3583
3581 3584
3581 3585
3583 3584
3583 3585
3584 3585
3586 3587
3588 3589
3588 3590
3589 3590
3592 4136
3593 3594
3595 3596
3595 3597
3595 3598
3595 3599
3596 3598
3596 3599
3596 3600
3596 3601
3597 3598
3597 3602
3598 3599
3598 3603
3598 3604
3598 3602
3599 3605
3599 3603
3600 3601
3600 3826
3601 3826
3602 3604
3603 3676
3603 3605
3603 3679
3603 3604
3604 3676
3604 3677
3604 3678
3605 3679
3607 3608
3609 3612
3609 3611
3610 3611
3611 3615
3611 3616
3612 3613
3612 3614
3613 3614
3613 3944
3613 3960
3614 3852
3614 3853
3614 3960
3615 3636
3615 3641
3615 3616
3617 3699
3618 3871
3618 3872
3619 3620
3620 3621
3620 3622
3621 3861
3622 3861
3622 3863
3624 3625
3625 3626
3627 3628
3627 3629
3627 3630
3628 3977
3628 3978
3628 3629
3629 3630
3629 3979
3630 3979
3631 3634
3631 3632
3631 3633
3632 3634
3632 3633
3633 3634
3634 3705
3634 3706
3634 3707
3635 3976
3636 3637
3636 3638
3636 3639
3636 3640
3637 3642
3637 3638
3637 3639
3637 3640
3638 3642
3638 3639
3638 3643
3638 3644
3639 3642
3639 3640
3642 3643
3642 3644
3643 3944
3643 3945
3643 3644
3646 3978
3647 3648
3647 3653
3647 3654
3647 3649
3647 3650
3648 3649
3648 3650
3648 3651
3648 3652
3649 3650
3649 3659
3650 3657
3650 3660
3651 3659
3651 3948
3651 3652
3652 3948
3653 3654
3653 3655
3653 3656
3653 3657
3654 3655
3654 3658
3654 3656
3655 3925
3655 3656
3655 3657
3655 3926
3656 3658
3656 3657
3657 3926
3662 3663
3662 3664
3662 3665
3663 3665
3664 3665
3664 3666
3665 3666
3667 3668
3667 3670
3667 3671
3668 3669
3669 3672
3670 3785
3670 3784
3670 3787
3670 3788
3670 3671
3671 3785
3671 3787
3671 3788
3672 3741
3673 3674
3673 3941
3673 3942
3674 3941
3674 3942
3676 3679
3676 3677
3677 3678
3680 3681
3682 3683
3682 3684
3682 3685
3682 3686
3682 3687
3683 3684
3683 3685
3683 3686
3684 3685
3684 3687
3685 3686
3690 3691
3692 3939
3692 3940
3692 3972
3693 3854
3693 3695
3694 3695
3696 4078
3698 3778
3699 4017
3699 3700
3699 4018
3700 4017
3701 3702
3701 3899
3701 3703
3702 3896
3702 3899
3702 3703
3703 3899
3704 3705
3706 3964
3706 3963
3706 3707
3707 3964
3707 3963
3707 3965
3709 3710
3709 3711
3709 3712
3709 3713
3710 3711
3710 3712
3710 3713
3711 3712
3711 3713
3711 3714
3711 3715
3711 3716
3712 3713
3712 3715
3712 3716
3713 3715
3714 3907
3714 3715
3714 3716
3715 3907
3715 3716
3717 3718
3717 3719
3717 3720
3718 3719
3719 3720
3720 3722
3721 3902
3721 3904
3721 3906
3722 3927
3722 3928
3722 3906
3723 3724
3723 3725
3723 3727
3724 3725
3724 3726
3725 3727
3726 3814
3726 3815
3728 3729
3728 3730
3728 3731
3729 3730
3729 3731
3729 3732
3730 3731
3730 3732
3731 3732
3733 3734
3733 3735
3734 3735
3736 3796
3736 3737
3738 3739
3738 3740
3740 3741
3742 3910
3743 3744
3743 3746
3743 3747
3743 3748
3744 3745
3744 3746
3746 3748
3747 3777
3747 3779
3747 3748
3748 3778
3749 3750
3749 3751
3749 3752
3749 3753
3750 3751
3750 3753
3751 3753
3752 4138
3752 3753
3752 4139
3753 4138
3753 4139
3755 3756
3758 3760
3758 3761
3759 3760
3759 3761
3759 4031
3760 3761
3763 3764
3763 3765
3764 3765
3766 3767
3768 3769
3768 3770
3768 3774
3769 3770
3769 3771
3769 3772
3769 3773
3770 3774
3770 3772
3770 3773
3771 3802
3771 3772
3771 3804
3771 3773
3773 3774
3773 3804
3775 3776
3775 3777
3775 3778
3776 3777
3777 3779
3779 4012
3781 3931
3781 3932
3783 4131
3784 3785
3784 3786
3784 3787
3784 3788
3785 3786
3785 3787
3785 3788
3786 3787
3787 3788
3789 3910
3789 3790
3791 3833
3791 3792
3791 3834
3794 3795
3794 3797
3795 3798
3795 3797
3795 3799
3795 3800
3797 3798
3797 3799
3798 4083
3798 4084
3798 4085
3798 3799
3798 3800
3799 4084
3799 3800
3800 4083
3800 4084
3801 3802
3801 3803
3801 3804
3802 3879
3803 3879
3803 3984
3806 3807
3806 3808
3806 3809
3806 3810
3807 3808
3807 3809
3807 3810
3808 3809
3808 3810
3808 3969
3809 3810
3809 3969
3809 4127
3809 4128
3810 3969
3810 4128
3812 3994
3814 3833
3814 3815
3815 3833
3815 3870
3816 3817
3817 3818
3817 3819
3818 3819
3820 3821
3820 3822
3820 3823
3821 3822
3821 3823
3821 3824
3821 3825
3822 3823
3822 3824
3822 3825
3823 3825
3824 4122
3824 3842
3824 3825
3825 4122
3825 3842
3827 3828
3827 3829
3827 3830
3827 3831
3828 3832
3828 3830
3828 3831
3829 3830
3829 3831
3830 3832
3830 3831
3834 3870
3835 4036
3835 4088
3835 3836
3837 3838
3839 3951
3839 3952
3840 3957
3840 3841
3842 4122
3845 3846
3845 3847
3845 3848
3845 3849
3845 3850
3846 3847
3846 3848
3847 3848
3849 4142
3849 3850
3850 4142
3851 4032
3851 4033
3852 3853
3855 3856
3855 3857
3856 3857
3858 4054
3859 4022
3859 3860
3860 3984
3861 3862
3861 3863
3864 3865
3864 3866
3865 3867
3865 3866
3866 3867
3867 3873
3868 4095
3869 4149
3870 4121
3871 3872
3872 3873
3874 3875
3874 3876
3874 3877
3875 3876
3875 3877
3876 3877
3878 3879
3880 4011
3881 3882
3881 3888
3881 3889
3882 3883
3882 3884
3882 3885
3882 3886
3882 3887
3883 3884
3883 3889
3884 3885
3884 3886
3884 3887
3885 3886
3885 3887
3885 3890
3885 3891
3886 3887
3886 3892
3886 3891
3887 3891
3888 3889
3890 4013
3890 3892
3890 4014
3890 3891
3891 3892
3891 4014
3892 4013
3892 4014
3894 3895
3896 3897
3896 3898
3896 3899
3897 3898
3897 3899
3898 3899
3898 3900
3900 4144
3901 3902
3901 3903
3901 3904
3901 3905
3903 3904
3903 3905
3904 3905
3908 3909
3909 3928
3911 4117
3912 3913
3912 3914
3912 3915
3912 3916
3912 3917
3913 3914
3913 3915
3913 3916
3913 3917
3913 3918
3914 3915
3914 3916
3914 3919
3915 3916
3915 3917
3915 3918
3915 3920
3916 3919
3917 3918
3917 3920
3917 3921
3918 3965
3918 3920
3919 3943
3920 3921
3921 3965
3922 3923
3923 3924
3929 3930
3931 3932
3935 3936
3937 3938
3937 3939
3937 3940
3937 4045
3938 3939
3938 3940
3938 4045
3939 3940
3939 4045
3939 4046
3941 3942
3944 3945
3944 4132
3946 4105
3946 4106
3946 3947
3946 4016
3947 4106
3948 4034
3948 4035
3949 4133
3950 3951
3950 3953
3951 3952
3954 3955
3957 3958
3957 3959
3958 4098
3958 3959
3959 4098
3960 4112
3961 3962
3963 3964
3963 3965
3964 3965
3966 3968
3967 3970
3967 4135
3969 4127
3969 4128
3970 3971
3970 4135
3971 4135
3972 4045
3972 4046
3972 4047
3973 3974
3975 4061
3977 3978
3979 4091
3979 4093
3980 3981
3981 4034
3981 4035
3982 4119
3982 4118
3985 4096
3985 4097
3986 3987
3986 3988
3986 3989
3986 3990
3986 3991
3987 3991
3988 3989
3989 3990
3989 3991
3990 3991
3992 3993
3995 3996
3996 3997
3997 4080
3998 3999
3998 4000
3999 4000
4002 4024
4002 4026
4002 4003
4002 4027
4002 4004
4003 4024
4003 4004
4004 4027
4005 4006
4005 4007
4006 4020
4006 4007
4008 4025
4008 4026
4013 4014
4013 4015
4015 4016
4016 4106
4019 4075
4019 4076
4020 4021
4024 4025
4024 4026
4024 4027
4025 4026
4026 4027
4028 4029
4029 4031
4030 4133
4030 4134
4031 4141
4032 4095
4033 4118
4033 4095
4034 4035
4035 4048
4036 4037
4036 4088
4036 4089
4038 4039
4038 4040
4038 4041
4038 4042
4038 4043
4038 4044
4039 4040
4040 4041
4040 4044
4041 4059
4041 4042
4041 4062
4041 4043
4042 4062
4042 4043
4042 4063
4042 4064
4043 4062
4043 4063
4044 4060
4045 4047
4046 4047
4048 4049
4050 4051
4050 4052
4050 4053
4050 4056
4051 4052
4051 4053
4051 4054
4051 4055
4052 4053
4052 4056
4053 4054
4053 4055
4053 4056
4054 4055
4057 4087
4058 4125
4058 4126
4059 4060
4059 4061
4062 4065
4062 4063
4062 4064
4063 4065
4063 4120
4063 4064
4064 4065
4064 4120
4065 4120
4067 4068
4067 4071
4067 4069
4068 4069
4068 4070
4069 4071
4069 4070
4072 4073
4072 4074
4073 4074
4075 4076
4076 4077
4077 4110
4077 4143
4078 4079
4078 4080
4079 4080
4079 4081
4079 4082
4080 4082
4083 4084
4083 4085
4084 4085
4086 4103
4086 4104
4088 4089
4090 4091
4090 4092
4091 4092
4091 4093
4091 4094
4092 4093
4092 4094
4093 4094
4096 4097
4097 4098
4099 4100
4100 4101
4100 4102
4101 4137
4101 4102
4102 4137
4103 4104
4105 4106
4105 4107
4107 4108
4108 4132
4110 4148
4110 4143
4111 4112
4111 4113
4112 4113
4115 4116
4118 4119
4123 4124
4123 4125
4124 4125
4124 4126
4124 4127
4125 4126
4125 4127
4125 4128
4126 4127
4127 4128
4129 4151
4133 4134
4138 4139
4146 4147
4147 4148
