0 1
0 36
0 2
0 357
0 358
0 3
0 359
1 2
1 3
1 4
1 5
1 6
1 7
1 8
1 9
2 32
2 130
2 830
2 9
2 35
2 132
2 831
2 832
2 833
3 37
3 36
3 4
4 37
4 39
4 5
5 395
5 122
5 396
5 39
5 6
6 395
6 393
6 125
6 7
6 863
7 865
7 863
7 8
8 865
8 869
8 867
8 9
9 32
9 31
9 869
9 409
9 127
10 11
10 780
10 779
10 782
10 12
10 945
10 16
11 12
11 13
11 14
11 15
11 16
12 13
12 945
13 945
13 947
13 948
13 14
14 948
14 15
14 453
14 998
14 999
14 996
15 449
15 16
15 453
16 449
16 452
16 626
16 785
16 779
17 18
17 103
17 104
17 105
17 20
17 23
17 106
18 19
18 20
18 21
18 22
18 23
19 135
19 871
19 137
19 418
19 20
19 138
19 21
19 106
20 106
21 138
21 1013
21 22
22 828
22 1013
22 23
22 829
23 130
23 104
23 828
23 827
23 131
23 133
24 25
24 164
24 165
24 166
24 28
24 29
25 26
25 27
25 28
25 29
25 30
26 480
26 888
26 485
26 890
26 27
26 30
27 480
27 28
28 166
28 480
29 486
29 165
29 30
29 487
30 889
30 890
30 487
30 159
31 32
31 33
31 127
31 128
31 129
32 33
32 34
32 35
33 128
33 131
33 34
34 130
34 131
34 35
35 130
36 37
36 360
36 361
36 40
36 358
36 359
37 38
37 39
37 40
38 368
38 369
38 370
38 124
38 39
38 40
39 124
39 396
40 361
40 857
40 368
41 42
41 156
41 43
41 142
41 44
42 43
42 44
42 45
43 140
43 46
43 617
43 48
43 142
43 45
44 156
44 461
44 464
44 45
45 617
45 464
45 178
46 47
46 140
46 139
46 48
46 51
46 155
47 48
47 49
47 50
47 51
48 611
48 617
48 49
49 611
49 50
50 612
50 611
50 616
50 51
50 939
51 940
51 939
51 879
51 155
52 53
52 503
52 505
52 56
52 60
53 54
53 55
53 56
53 57
53 58
53 59
53 60
54 506
54 507
54 508
54 55
54 58
54 59
55 905
55 507
55 882
55 56
56 505
56 901
56 902
56 905
57 59
57 540
57 541
57 504
57 60
58 59
59 506
59 513
59 527
59 540
60 498
60 503
60 504
61 62
61 63
61 194
61 67
62 63
62 64
62 65
62 66
62 67
63 192
63 197
63 193
63 194
63 66
63 201
64 576
64 523
64 575
64 525
64 65
64 67
65 576
65 577
65 922
65 66
66 197
66 922
66 199
66 519
67 567
67 194
67 571
67 575
68 69
68 70
68 73
69 70
69 71
69 72
69 73
70 292
70 293
70 72
70 294
70 73
71 731
71 72
71 732
71 73
71 734
72 292
72 646
72 266
72 647
72 734
73 723
73 722
73 731
73 724
73 294
74 75
74 651
74 218
74 264
74 76
74 77
75 76
75 77
75 78
75 79
76 264
76 265
76 79
77 218
77 692
77 78
78 691
78 692
78 79
79 645
79 644
79 691
79 265
79 646
80 81
80 86
80 87
80 636
80 637
80 638
81 82
81 83
81 84
81 85
81 86
81 87
81 88
82 781
82 83
82 782
82 941
82 85
82 942
82 943
82 786
83 84
83 944
83 941
84 89
84 92
84 250
84 944
84 87
85 633
85 88
85 635
85 942
86 636
86 261
86 262
86 88
87 92
87 637
88 633
88 656
88 262
88 634
89 90
89 249
89 91
89 92
89 250
90 91
90 92
90 93
90 94
90 95
91 249
91 94
91 952
91 953
91 951
92 637
92 93
93 639
93 637
93 638
93 643
93 95
94 95
94 953
94 974
95 253
95 252
95 643
95 257
95 974
96 97
96 98
96 99
96 241
97 98
97 99
97 100
97 101
97 102
98 755
98 754
98 238
98 747
98 100
98 241
99 235
99 241
99 242
99 769
99 101
100 757
100 754
100 759
100 756
100 102
101 769
101 978
101 979
101 102
101 766
102 757
102 979
102 980
102 758
103 104
103 105
103 826
104 826
104 827
105 128
105 410
105 412
105 106
105 826
106 871
106 410
107 108
107 875
107 110
107 112
108 109
108 110
108 111
108 112
109 420
109 110
109 423
109 111
110 420
110 419
110 405
110 875
110 406
111 423
111 148
111 444
111 112
112 875
112 444
112 416
113 114
113 403
113 404
113 118
113 119
114 115
114 116
114 117
114 118
114 119
115 116
115 409
115 410
115 411
115 412
115 118
116 866
116 117
116 869
116 867
116 409
117 866
117 119
117 408
117 868
118 403
118 411
118 405
118 873
119 404
119 408
120 121
120 393
120 125
120 394
120 126
121 122
121 123
121 124
121 125
121 126
122 395
122 124
122 125
122 396
123 387
123 398
123 370
123 124
123 126
123 400
123 392
124 370
124 396
125 395
125 393
126 394
126 866
126 399
126 868
126 400
127 409
127 129
128 870
128 129
128 412
128 826
128 827
128 131
129 409
129 870
130 131
130 132
130 133
131 827
132 828
132 133
132 831
132 829
133 828
134 135
134 816
134 797
134 796
134 136
134 138
134 821
135 136
135 137
135 138
136 795
136 796
136 137
137 414
137 795
137 415
137 418
138 821
138 1013
139 140
139 153
139 141
139 154
139 155
140 141
140 142
140 143
141 457
141 153
141 143
142 432
142 156
142 143
143 457
143 432
143 435
143 441
144 145
144 439
144 440
144 423
144 148
144 152
145 146
145 147
145 148
145 149
145 150
145 151
145 152
146 442
146 150
146 151
147 443
147 148
147 444
147 445
147 446
147 149
148 423
148 444
149 446
149 442
149 150
149 451
149 877
150 442
151 455
151 457
151 442
151 152
151 458
152 457
152 439
152 441
153 456
153 455
153 457
153 154
154 230
154 229
154 456
154 454
154 234
154 155
155 233
155 234
155 879
156 433
156 432
156 459
156 434
156 460
156 461
157 158
157 482
157 485
157 889
157 159
157 163
158 159
158 160
158 161
158 162
158 163
159 889
159 487
159 160
160 486
160 487
160 161
160 488
161 891
161 488
161 892
161 495
161 162
162 491
162 495
162 163
163 482
163 492
163 491
163 481
164 371
164 366
164 374
164 375
164 376
164 165
164 166
164 377
165 371
165 486
165 372
166 477
166 377
166 860
166 473
166 480
167 168
167 169
167 605
167 173
167 600
167 606
168 169
168 170
168 171
168 172
168 173
169 517
169 518
169 185
169 605
169 170
170 518
170 171
170 189
170 923
171 187
171 172
171 189
171 924
171 594
172 602
172 603
172 924
172 173
173 597
173 602
173 599
173 600
174 175
174 612
174 615
174 176
174 180
175 176
175 177
175 178
175 179
175 180
176 608
176 610
176 515
176 613
176 615
176 177
177 512
177 515
177 516
177 178
178 510
178 617
178 464
178 509
178 512
178 179
179 617
179 180
180 612
180 611
180 617
181 182
181 513
181 528
181 514
181 183
181 186
182 183
182 184
182 185
182 186
183 539
183 528
183 540
183 532
183 184
184 530
184 532
184 533
184 185
185 517
185 533
185 605
185 519
185 520
185 186
186 607
186 514
186 605
187 188
187 189
187 592
187 191
187 593
187 594
188 189
188 190
188 191
189 923
189 190
189 925
190 210
190 202
190 926
190 925
190 590
190 191
190 591
191 210
191 212
191 592
192 193
192 194
192 195
192 196
193 578
193 195
193 201
193 580
193 204
194 567
194 196
195 581
195 196
195 580
196 567
196 573
196 581
196 707
196 920
196 562
196 574
196 569
196 207
197 198
197 199
197 200
197 201
197 202
197 203
198 517
198 518
198 199
198 200
199 517
199 519
200 518
200 923
200 203
200 925
201 578
201 202
202 578
202 926
202 203
202 579
202 590
203 926
203 925
204 205
204 578
204 582
204 589
204 580
204 579
204 206
204 207
205 206
205 207
205 208
205 209
206 589
206 583
206 209
206 586
207 581
207 582
207 706
207 707
207 208
208 670
208 706
208 585
208 209
208 679
209 584
209 585
209 586
210 211
210 212
210 213
210 591
211 212
211 213
211 214
211 215
212 221
212 220
212 592
212 595
212 214
213 665
213 587
213 588
213 591
213 215
214 217
214 221
214 216
214 219
214 215
215 665
215 219
216 217
216 221
216 222
216 654
216 218
217 218
217 219
218 654
218 651
218 667
218 955
218 219
218 689
218 956
218 692
219 666
219 665
219 667
220 221
220 595
220 222
221 222
222 595
222 631
222 954
222 653
222 654
223 224
223 940
223 938
223 225
223 227
224 225
224 226
224 227
224 228
225 623
225 935
225 618
225 938
225 226
226 620
226 623
226 228
227 783
227 940
227 784
227 879
227 228
228 620
228 783
228 942
228 786
228 624
229 230
229 449
229 454
229 450
229 232
230 231
230 232
230 233
230 234
231 625
231 232
231 233
231 452
232 449
232 452
233 625
233 234
233 784
233 879
233 627
235 236
235 765
235 242
235 769
235 243
236 237
236 238
236 239
236 240
236 241
236 242
236 243
236 244
237 290
237 238
237 240
237 291
238 290
238 289
238 738
238 747
238 241
239 975
239 953
239 240
239 244
240 257
240 953
240 974
240 291
241 242
243 765
243 985
243 809
243 313
243 991
243 244
244 975
244 991
244 993
244 976
245 246
245 945
245 247
245 250
246 247
246 248
246 249
246 250
246 251
247 945
247 248
248 945
248 251
248 949
248 950
248 947
249 250
249 251
249 951
250 945
250 944
250 946
251 774
251 951
251 950
252 253
252 642
252 643
252 254
253 254
253 255
253 256
253 257
254 733
254 642
254 256
255 743
255 256
255 257
255 739
255 745
256 733
256 742
256 743
257 974
257 291
257 739
258 259
258 650
258 260
258 262
258 651
258 264
259 260
259 261
259 262
260 263
260 641
260 261
260 264
260 267
261 636
261 641
261 262
262 650
262 656
262 652
263 264
263 265
263 266
263 267
264 651
264 265
265 646
265 266
266 646
266 734
266 267
267 640
267 641
267 734
268 269
268 274
268 277
268 720
268 721
268 270
268 273
269 270
269 271
269 272
269 273
270 721
270 967
270 272
271 284
271 967
271 272
271 273
271 288
272 967
273 274
273 284
273 275
273 286
274 275
274 276
274 277
274 278
275 279
275 276
275 286
276 280
276 279
276 283
276 278
277 714
277 713
277 702
277 282
277 283
277 720
277 278
278 283
279 280
279 292
279 698
279 699
279 648
279 281
279 286
280 281
280 282
280 283
281 681
281 680
281 648
281 683
281 686
281 711
281 282
282 701
282 711
282 702
282 709
282 703
282 283
284 285
284 286
284 287
284 288
285 696
285 698
285 286
285 697
285 287
286 698
287 697
287 968
287 288
288 967
288 968
288 969
288 759
289 290
289 737
289 738
289 291
289 739
290 291
291 739
292 693
292 293
292 696
292 698
292 699
292 647
293 693
293 694
293 294
293 695
294 722
294 694
294 725
295 296
295 302
295 303
295 298
295 304
295 299
296 297
296 298
296 299
296 300
296 301
297 305
297 760
297 298
297 300
297 764
297 355
298 302
298 305
299 341
299 768
299 767
299 304
299 342
299 982
299 301
300 301
300 344
300 354
300 764
301 341
301 344
302 305
302 306
302 307
302 303
303 308
303 307
303 304
303 311
304 308
304 768
304 761
305 760
305 306
306 980
306 758
306 981
306 760
306 307
307 981
307 311
308 309
308 761
308 311
308 762
308 314
308 763
309 310
309 311
309 312
309 313
309 314
310 765
310 312
310 766
310 313
311 981
311 312
312 978
312 980
312 981
312 766
313 765
313 985
313 314
314 984
314 983
314 985
314 763
315 316
315 320
315 318
315 321
315 322
315 319
316 317
316 318
316 319
317 770
317 771
317 318
317 778
317 319
317 773
318 320
318 776
318 773
319 322
319 789
319 778
320 774
320 775
320 776
320 321
320 777
321 994
321 322
321 777
321 997
321 996
322 994
322 789
323 324
323 834
323 325
323 326
323 815
323 835
324 325
324 326
324 327
324 328
325 835
325 833
325 328
326 811
326 1011
326 813
326 815
326 327
327 1011
327 328
327 1016
327 841
328 836
328 837
328 833
328 1017
328 838
328 1016
329 330
329 331
329 336
329 337
329 334
329 338
329 339
330 331
330 332
330 333
330 334
330 335
331 806
331 336
331 807
331 808
331 809
331 332
332 807
332 849
332 333
333 800
333 848
333 849
333 335
334 1021
334 335
334 343
334 338
335 842
335 848
335 1021
335 846
336 768
336 762
336 983
336 806
336 337
336 763
337 768
337 767
337 339
337 982
338 342
338 343
338 339
339 342
339 982
340 341
340 353
340 343
340 344
340 1022
340 1023
340 851
341 342
341 343
341 344
342 343
342 982
343 1021
343 1022
344 352
344 353
344 354
345 346
345 852
345 347
345 851
345 853
345 348
346 347
346 348
346 349
346 350
347 850
347 353
347 851
347 350
348 853
348 349
349 830
349 854
349 853
349 350
350 850
350 830
350 355
350 356
351 352
351 354
351 764
351 355
352 353
352 354
352 355
352 356
353 850
353 356
353 851
354 764
355 830
355 759
355 760
355 764
355 356
356 850
357 363
357 364
357 360
357 358
358 360
358 359
360 363
360 855
360 361
360 365
361 855
361 856
361 857
362 363
362 373
362 364
362 374
362 367
363 364
363 365
363 366
363 367
364 372
364 373
365 855
365 366
365 375
365 856
366 374
366 367
366 375
367 374
368 861
368 857
368 369
368 382
369 378
369 388
369 382
369 370
370 387
370 388
371 372
371 373
371 374
372 486
372 373
372 490
373 374
375 858
375 856
375 376
376 858
376 377
376 859
376 857
377 860
377 859
378 379
378 388
378 382
378 383
378 390
378 391
379 380
379 381
379 382
379 383
379 384
379 385
380 381
380 385
381 473
381 382
381 474
381 385
381 475
381 476
382 861
382 474
383 862
383 390
383 472
383 384
384 459
384 468
384 472
384 471
384 470
384 876
384 385
385 483
385 876
385 475
386 387
386 427
386 389
386 392
386 426
386 428
387 388
387 389
387 390
387 391
387 392
388 391
389 427
389 430
389 390
389 472
390 862
390 391
390 472
392 398
392 397
392 402
392 425
392 426
393 863
393 864
393 394
394 864
394 866
397 398
397 401
397 399
397 402
398 399
398 400
399 401
399 408
399 868
399 400
401 403
401 407
401 408
401 402
401 425
402 425
403 404
403 405
403 406
403 407
403 408
404 408
405 873
405 413
405 875
405 406
406 419
406 407
407 419
407 424
407 425
408 868
409 869
409 870
409 412
410 871
410 872
410 411
410 412
411 872
411 873
412 870
413 414
413 873
413 874
413 875
413 416
413 417
414 415
414 416
414 417
414 418
415 795
415 416
415 1004
415 794
416 875
416 444
416 445
416 448
416 1004
417 874
417 418
418 871
418 872
418 874
419 420
419 424
419 422
420 421
420 422
420 423
421 427
421 422
421 428
421 423
421 429
422 424
422 426
422 428
423 438
423 440
423 429
424 425
424 426
425 426
426 428
427 430
427 428
427 431
427 429
429 438
429 431
429 437
430 472
430 471
430 431
431 468
431 471
431 437
432 433
432 435
433 434
433 435
433 436
434 438
434 459
434 437
434 436
435 436
435 441
436 438
436 441
437 438
437 459
437 468
438 439
438 440
438 441
439 440
439 441
441 457
442 458
442 451
443 445
443 446
443 447
443 448
444 445
445 448
446 447
446 877
447 877
447 448
447 878
448 1004
448 878
449 450
449 451
449 452
449 453
450 454
450 458
450 451
451 458
451 453
451 877
452 625
452 626
453 998
453 877
454 456
454 455
454 458
455 456
455 457
455 458
459 468
459 460
459 469
459 470
460 462
460 461
460 469
461 463
461 462
461 464
462 463
462 469
462 467
463 464
463 465
463 466
463 467
464 465
464 509
465 509
465 466
466 510
466 509
466 511
466 880
466 494
466 467
467 494
467 469
468 471
469 481
469 494
469 887
469 470
470 887
470 876
471 472
472 862
473 477
473 860
473 474
473 476
473 478
474 860
474 859
474 861
475 483
475 476
475 479
475 888
475 484
476 478
476 479
477 478
477 479
477 480
478 479
479 480
479 888
480 888
481 482
481 492
481 494
481 887
481 483
482 483
482 484
482 485
483 887
483 876
483 484
484 888
484 485
485 888
485 889
485 890
486 487
486 488
486 489
486 490
488 891
488 893
488 489
489 893
489 895
489 896
489 898
489 500
489 490
490 499
490 500
490 908
490 501
490 913
490 565
490 566
490 707
491 492
491 493
491 495
491 496
491 497
492 493
492 494
493 880
493 883
493 494
493 496
493 886
493 885
494 880
495 892
495 497
496 886
496 497
496 893
497 892
497 893
498 499
498 500
498 502
498 503
498 504
498 501
499 500
499 501
500 898
500 900
500 502
501 504
501 908
502 899
502 900
502 503
502 505
503 505
504 541
504 542
504 906
504 907
504 908
505 899
505 901
505 897
506 513
506 508
506 514
506 515
506 516
507 512
507 508
507 882
508 512
508 516
509 510
510 511
510 512
511 880
511 881
511 512
511 882
512 882
512 516
513 527
513 528
513 514
514 608
514 607
514 515
515 608
515 516
517 518
517 519
517 520
518 923
519 533
519 922
519 520
521 522
521 557
521 559
521 523
521 560
521 526
521 537
522 523
522 524
522 525
522 526
523 560
523 575
523 525
524 576
524 577
524 525
524 526
524 533
524 922
525 576
526 537
526 531
526 533
527 528
527 540
528 540
529 530
529 534
529 535
529 536
529 537
529 531
529 538
529 532
530 531
530 532
530 533
531 537
531 533
532 539
532 538
533 922
534 550
534 535
534 547
534 537
535 550
535 915
535 536
536 543
536 910
536 915
536 538
537 547
537 559
537 548
538 539
538 543
539 540
539 541
539 542
539 543
540 541
541 542
542 543
542 906
543 909
543 906
543 910
544 545
544 549
544 550
544 546
544 547
544 551
544 552
545 546
545 547
545 548
546 549
546 555
546 558
546 559
546 548
547 550
547 548
548 559
549 553
549 552
549 554
549 555
550 915
550 916
550 551
551 916
551 565
551 552
552 553
552 565
553 565
553 554
553 566
554 566
554 555
555 566
555 917
555 919
555 563
555 558
556 557
556 562
556 563
556 558
556 561
556 564
557 558
557 559
557 560
557 561
558 563
558 559
560 573
560 572
560 561
560 575
561 572
561 574
561 564
562 921
562 920
562 563
562 574
562 564
563 921
563 919
564 574
565 913
565 914
565 916
565 566
566 917
566 918
566 707
567 568
567 569
567 570
567 571
568 570
568 571
569 573
569 570
569 575
570 571
570 575
571 575
572 573
572 574
573 574
573 575
576 577
577 922
578 579
579 589
579 590
580 581
580 582
581 582
583 584
583 589
583 586
583 587
583 591
584 585
584 586
584 587
584 588
585 670
585 588
587 588
587 591
588 665
588 670
589 590
589 591
590 591
592 593
592 927
592 595
593 594
593 928
593 927
594 603
594 924
594 928
595 927
595 931
595 631
596 597
596 598
596 601
596 618
597 598
597 599
597 600
597 601
598 622
598 934
598 599
598 618
599 602
599 934
599 929
599 604
600 609
600 610
600 606
600 613
600 601
601 613
601 935
601 618
602 603
602 604
603 924
603 928
603 604
604 928
604 929
605 607
605 606
606 608
606 607
606 609
607 608
608 609
608 610
609 610
610 613
611 612
611 617
612 613
612 614
612 615
612 616
613 935
613 614
613 615
614 935
614 936
614 616
616 936
616 939
616 937
616 938
618 622
618 623
618 935
619 620
619 628
619 629
619 621
619 624
619 630
619 631
620 621
620 622
620 623
620 624
621 932
621 629
621 622
621 933
622 623
622 933
622 934
624 628
624 633
624 635
624 942
624 632
625 626
625 627
626 627
626 785
627 784
627 785
628 632
628 630
629 932
629 931
629 631
630 657
630 658
630 632
630 631
631 657
631 931
631 653
632 633
632 634
632 658
633 634
633 635
634 656
634 655
634 658
635 942
636 638
636 641
637 638
638 639
638 641
639 640
639 641
639 642
639 643
640 641
640 732
640 642
640 734
642 732
642 733
642 643
644 645
644 691
644 688
644 649
645 646
645 647
645 648
645 649
646 647
647 699
647 648
648 699
648 649
648 683
649 688
649 683
650 652
650 653
650 654
650 651
651 654
652 656
652 655
652 653
653 655
653 657
653 954
653 654
654 954
655 656
655 657
655 658
657 658
659 660
659 669
659 957
659 958
659 661
659 662
659 962
659 963
660 661
660 662
660 663
660 664
661 663
661 690
661 963
662 677
662 959
662 669
662 664
662 960
663 664
663 684
663 964
663 690
664 960
664 964
665 666
665 670
665 668
665 671
665 672
666 667
666 668
666 669
667 955
667 669
667 957
668 673
668 671
668 959
668 669
669 959
669 957
670 672
670 676
670 678
670 679
671 673
671 672
671 675
672 675
672 676
673 674
673 675
673 677
673 959
674 675
674 676
674 677
674 678
675 676
676 678
677 959
677 678
677 960
678 960
678 679
678 961
679 706
679 961
679 708
680 681
680 682
680 684
680 685
680 686
681 682
681 683
682 687
682 684
682 688
682 683
683 688
684 687
684 966
684 964
684 690
684 685
685 965
685 966
685 686
686 965
686 711
686 708
687 688
687 689
687 690
688 691
688 689
689 691
689 690
689 956
689 692
690 956
690 963
691 692
693 694
693 695
693 696
693 697
694 695
694 725
694 730
694 697
696 698
696 697
697 730
697 968
700 701
700 709
700 703
700 704
700 712
701 702
701 703
701 704
702 714
702 704
703 709
704 714
704 713
704 720
704 715
704 717
704 712
705 706
705 711
705 708
705 709
706 707
706 708
706 709
706 710
707 918
707 920
708 961
708 965
708 711
709 711
709 712
709 710
710 716
710 717
710 712
710 718
710 967
712 717
713 714
713 720
715 716
715 720
715 717
715 719
716 717
716 718
716 719
718 719
718 967
719 720
719 721
719 967
720 721
721 967
722 723
722 725
723 724
723 725
723 726
723 727
723 728
723 729
724 731
724 726
724 733
724 735
724 736
725 730
725 728
726 971
726 727
726 736
727 971
727 729
728 730
728 729
729 730
729 969
729 971
729 970
730 968
730 969
731 732
731 733
732 733
732 734
733 742
733 735
735 741
735 742
735 736
736 741
736 971
736 740
736 746
737 738
737 740
737 739
737 744
737 745
738 740
738 746
738 747
738 748
738 749
739 745
740 741
740 746
740 744
741 742
741 743
741 744
742 743
743 744
743 745
744 745
746 971
746 972
746 973
746 748
747 755
747 749
748 973
748 753
748 749
749 751
749 755
749 752
749 753
750 751
750 969
750 970
750 972
750 752
750 753
750 759
751 752
751 753
752 755
752 754
752 759
753 972
753 973
754 755
754 759
756 757
756 759
756 758
756 760
757 758
758 980
758 760
759 967
759 969
759 760
761 768
761 762
762 768
762 763
763 983
765 769
765 766
766 769
766 978
767 768
767 982
770 771
770 772
770 773
771 798
771 792
771 778
771 772
771 799
772 987
772 989
772 808
772 809
772 991
772 799
772 773
773 991
773 992
773 976
773 776
774 977
774 951
774 775
774 777
774 950
775 977
775 776
776 976
776 977
777 949
777 950
777 997
778 788
778 789
778 792
779 780
779 785
779 781
780 781
780 782
781 783
781 785
781 782
781 786
782 945
782 946
782 941
783 784
783 785
783 786
784 879
784 785
786 942
786 943
787 788
787 797
787 791
787 796
787 794
788 789
788 790
788 791
788 792
788 793
788 794
789 994
789 995
789 790
789 1002
790 1002
790 1003
790 1000
790 794
791 797
791 793
792 1005
792 798
792 793
793 797
793 1005
793 825
793 1012
793 1008
794 795
794 1003
794 1004
794 796
795 796
796 797
797 816
797 823
797 825
798 1006
798 1005
798 799
799 987
799 1006
799 990
800 801
800 803
800 847
800 843
800 848
800 805
800 849
801 802
801 803
801 804
801 805
802 986
802 987
802 988
802 804
802 805
803 1010
803 1009
803 847
803 804
804 988
804 1010
804 1008
805 986
805 849
806 984
806 983
806 809
807 986
807 989
807 808
807 849
808 989
808 809
809 984
809 985
809 991
810 811
810 818
810 820
810 824
810 813
810 814
811 812
811 813
811 814
811 815
812 1015
812 1014
812 824
812 814
812 815
813 819
813 1011
813 820
814 824
815 834
815 831
815 1015
815 832
816 817
816 819
816 822
816 823
816 821
817 818
817 819
817 820
817 821
818 820
818 821
818 824
819 1009
819 847
819 1011
819 820
819 822
821 1013
821 1014
821 824
822 1010
822 1009
822 823
823 1010
823 825
824 1014
825 1010
825 1012
825 1008
826 827
828 829
829 1013
829 831
829 1015
829 1014
830 836
830 833
830 838
830 854
831 1015
831 832
832 834
832 833
833 834
833 836
833 835
833 837
834 835
836 837
836 838
838 1017
838 1020
838 854
839 840
839 845
839 844
839 841
839 842
840 841
840 842
840 843
841 1011
841 844
841 1016
841 843
842 845
842 843
842 848
842 846
843 847
843 1011
843 848
844 845
844 1017
844 1019
844 1016
844 846
845 846
846 1017
846 1018
846 1021
847 1009
847 1011
849 986
851 852
851 1023
851 853
852 853
853 1023
853 854
854 1023
854 1020
855 856
856 858
856 857
857 858
857 859
857 861
859 860
859 861
863 865
863 864
864 865
864 866
865 866
865 867
866 867
866 868
867 869
871 872
872 873
872 874
873 874
876 887
877 998
877 878
878 998
878 1003
878 1000
878 1004
879 940
880 883
880 884
880 881
881 884
881 904
881 905
881 882
882 905
883 885
883 884
884 885
884 903
884 904
885 886
885 901
885 897
885 903
885 902
886 894
886 893
886 897
889 890
891 892
891 893
892 893
893 894
893 895
894 895
894 896
894 897
895 896
896 898
896 897
897 898
897 899
897 901
898 899
898 900
899 900
901 902
902 903
902 904
902 905
903 904
904 905
906 909
906 907
907 909
907 908
908 909
908 913
908 911
909 911
909 912
909 910
910 912
910 914
910 915
911 913
911 912
911 914
912 914
913 914
914 915
914 916
915 916
917 918
917 919
918 920
918 919
919 921
919 920
920 921
923 925
925 926
927 928
927 931
927 930
928 929
928 930
929 933
929 934
929 930
930 932
930 931
930 933
931 932
932 933
933 934
935 936
935 937
935 938
936 937
937 938
938 940
938 939
939 940
941 944
941 946
942 943
944 946
945 946
945 947
947 949
947 997
947 948
948 997
948 996
949 950
949 997
951 975
951 952
951 977
952 975
952 953
953 975
953 974
955 957
955 958
955 956
956 958
956 962
956 963
957 958
958 962
960 961
960 965
960 964
961 965
962 963
964 965
964 966
965 966
968 969
969 970
970 971
970 972
971 972
972 973
975 976
975 977
976 992
976 993
976 977
978 979
978 980
979 980
980 981
983 984
984 985
986 987
986 989
987 989
987 990
987 988
988 1007
988 990
988 1008
990 1006
990 1007
991 992
991 993
992 993
994 995
994 996
995 1001
995 996
995 1002
996 997
996 999
996 1001
998 999
998 1000
999 1001
999 1002
999 1000
1000 1002
1000 1003
1001 1002
1003 1004
1005 1006
1005 1007
1005 1008
1006 1007
1007 1008
1008 1010
1008 1012
1009 1010
1013 1014
1014 1015
1016 1017
1016 1019
1017 1018
1017 1019
1017 1020
1018 1021
1018 1022
1018 1023
1018 1020
1020 1023
1021 1022
1022 1023
