0 1
0 3
0 242
0 814
0 815
0 816
0 244
0 5
1 2
1 3
1 4
1 5
1 6
1 7
2 806
2 762
2 1771
2 1772
2 808
2 4
2 7
2 729
2 735
3 4
3 242
3 243
4 8
4 10
4 806
4 55
4 243
5 815
5 832
5 1787
5 834
5 6
6 836
6 1791
6 1787
6 837
6 7
7 836
7 835
7 838
7 840
7 852
7 1792
7 729
8 9
8 10
8 55
8 13
9 10
9 11
9 12
9 13
10 11
10 242
10 243
10 244
11 809
11 12
11 796
11 810
11 244
12 235
12 796
12 13
13 235
13 804
13 803
13 797
13 55
14 15
14 971
14 1778
14 16
14 18
15 16
15 17
15 18
15 19
15 20
16 326
16 1854
16 1855
16 971
16 17
17 981
17 1854
17 20
18 1776
18 86
18 1777
18 1778
18 19
19 82
19 84
19 972
19 86
19 973
19 20
19 779
20 972
20 981
20 330
21 22
21 25
21 1059
21 26
21 1041
22 23
22 24
22 25
22 26
23 1030
23 24
23 26
23 1026
24 341
24 1028
24 1030
24 1035
24 1006
24 25
25 341
25 347
25 1059
26 1041
26 1026
27 28
27 1314
27 1315
27 1316
27 1317
27 30
27 33
28 29
28 30
28 31
28 32
28 33
29 1397
29 32
29 1400
29 1403
29 33
29 1405
30 1314
30 31
31 1314
31 133
31 32
32 131
32 132
32 1312
32 133
32 1319
32 1405
33 1315
33 1400
33 1407
34 35
34 38
34 41
34 1530
34 636
35 36
35 37
35 38
35 39
35 40
35 41
36 628
36 631
36 37
36 1531
36 38
36 1532
37 631
37 40
38 636
38 2009
38 1532
38 2010
39 1527
39 1514
39 1529
39 40
39 41
40 1527
40 629
40 631
41 1529
41 1530
42 43
42 646
42 44
42 647
42 45
42 648
43 44
43 45
43 46
43 47
43 48
44 1750
44 1749
44 646
44 48
44 1751
45 1547
45 1552
45 648
45 1548
45 46
46 1547
46 1743
46 47
46 1747
46 1549
47 1747
47 48
47 2013
48 2015
48 2013
48 1751
48 1752
48 159
49 50
49 51
49 842
49 843
49 54
49 844
49 845
50 51
50 52
50 53
50 54
51 1804
51 843
51 52
52 1694
52 1804
52 1695
52 62
52 63
52 53
52 716
53 718
53 715
53 716
53 846
53 54
53 719
53 721
54 847
54 846
54 845
55 806
55 763
55 764
55 804
55 805
55 807
56 57
56 58
56 1679
56 1680
56 703
56 63
57 58
57 59
57 60
57 61
57 62
57 63
58 64
58 66
58 703
58 705
58 59
59 64
59 65
59 60
60 65
60 1684
60 1685
60 257
60 61
61 257
61 258
61 1805
61 62
62 1804
62 1805
62 63
63 1707
63 1680
63 1695
63 1687
63 1689
64 65
64 66
65 66
65 1686
65 1684
66 680
66 705
66 685
66 1686
67 68
67 256
67 266
67 268
67 70
67 73
68 69
68 70
68 71
68 72
68 73
69 1809
69 1813
69 1814
69 70
69 71
70 266
70 1809
71 1814
71 72
71 1815
71 1816
71 1817
71 894
72 1815
72 1818
72 73
73 256
73 1818
73 294
73 1682
74 75
74 876
74 79
74 80
74 877
75 76
75 77
75 78
75 79
75 80
75 81
76 262
76 77
76 81
76 875
77 260
77 262
77 78
78 260
78 269
78 264
78 79
79 884
79 876
79 269
79 889
79 1810
80 879
80 878
80 877
80 81
81 879
81 875
81 880
82 83
82 777
82 84
82 218
82 223
82 85
82 779
83 84
83 85
83 86
84 86
85 777
85 778
85 1776
85 86
85 227
85 1777
86 1776
87 88
87 91
87 94
87 282
87 311
88 89
88 90
88 91
88 92
88 93
88 94
89 90
89 92
89 885
90 281
90 280
90 91
90 885
91 281
91 282
92 286
92 287
92 288
92 885
92 93
93 953
93 288
93 94
94 953
94 311
95 96
95 1201
95 98
95 1202
95 99
96 97
96 98
96 99
96 100
97 469
97 1146
97 471
97 98
97 100
98 1140
98 1145
98 1146
98 1202
99 1201
99 1212
99 1200
99 1215
99 100
100 468
100 471
100 1215
100 473
101 102
101 438
101 103
101 104
101 453
101 439
101 440
102 103
102 104
102 105
103 1158
103 105
103 453
104 1111
104 1112
104 105
104 440
105 542
105 1111
105 1159
105 1158
105 1097
105 1107
105 1109
105 543
105 549
106 107
106 508
106 509
106 110
106 510
106 113
106 511
107 108
107 109
107 110
107 111
107 112
107 113
107 114
107 115
108 109
108 1306
108 1298
108 1307
108 111
109 503
109 1279
109 505
109 1283
109 1284
109 1285
109 1306
109 115
109 506
110 510
110 111
111 510
111 1307
112 1308
112 521
112 113
112 1962
112 1328
112 114
112 1288
113 1308
113 520
113 511
113 523
114 502
114 115
114 1288
115 502
115 506
116 117
116 119
116 123
116 900
116 901
116 902
116 492
117 118
117 119
117 120
117 121
117 122
117 123
118 295
118 124
118 896
118 120
118 121
118 905
118 298
118 299
118 897
119 920
119 122
119 492
120 903
120 123
120 905
121 896
121 303
121 1820
121 122
122 305
122 920
122 921
122 1820
122 304
122 310
123 903
123 901
123 904
124 125
124 896
124 895
124 897
124 126
124 129
125 126
125 127
125 128
125 129
126 897
126 1637
126 1634
126 1635
126 127
126 2025
127 2025
127 2026
127 128
127 1683
128 683
128 129
128 1819
128 1682
128 1683
129 1816
129 895
129 1819
130 131
130 514
130 133
130 561
130 134
131 132
131 133
131 134
132 518
132 1312
132 1309
132 134
132 1313
133 1314
133 561
133 1317
133 1495
133 1963
134 518
134 522
134 514
134 515
134 523
135 136
135 151
135 139
135 152
135 140
136 137
136 138
136 139
136 140
136 141
136 142
136 143
137 138
137 146
137 139
138 144
138 146
138 572
138 143
139 151
139 146
139 150
139 1434
139 1436
140 1451
140 152
140 1458
140 141
141 585
141 1458
141 142
141 1986
142 143
142 1464
142 1986
143 568
143 571
143 572
143 1464
144 145
144 146
144 572
144 573
144 149
145 146
145 147
145 148
145 149
145 150
146 150
147 1980
147 1977
147 148
147 150
148 1433
148 1424
148 1977
148 149
149 573
149 1433
149 1415
150 1980
150 1436
151 576
151 152
151 579
151 1434
152 576
152 1451
152 1457
152 1438
153 154
153 1466
153 1468
153 1987
153 155
153 1991
153 1989
153 156
154 155
154 156
155 1991
155 1471
155 1469
155 156
156 1466
156 1469
157 158
157 1761
157 2046
157 2014
157 1742
157 159
157 162
158 159
158 160
158 161
158 162
159 2014
159 2015
159 1752
159 161
160 164
160 165
160 1753
160 161
160 162
160 170
161 1752
161 1753
162 1761
162 195
162 170
163 164
163 194
163 751
163 169
163 195
163 170
163 197
164 165
164 166
164 167
164 168
164 169
164 170
165 166
165 1753
165 1754
166 1754
166 167
167 200
167 753
167 1753
167 1754
167 168
168 198
168 200
168 752
168 169
169 752
169 751
170 195
171 172
171 1757
171 175
171 1759
171 176
172 173
172 174
172 175
172 176
172 177
173 1737
173 183
173 174
173 185
173 177
174 175
174 185
175 1757
175 1758
175 185
175 187
175 2038
176 1759
176 2046
176 2045
176 177
177 1737
177 1739
177 1738
177 2046
177 1742
178 179
178 2041
178 2042
178 1722
178 182
178 186
179 180
179 181
179 182
179 183
179 184
179 185
179 186
179 187
180 650
180 652
180 1733
180 181
180 184
180 1734
181 650
181 1724
181 653
181 182
182 1723
182 1722
182 1724
183 1735
183 1737
183 184
183 1736
183 185
184 1731
184 1735
184 1574
184 1734
184 1736
185 187
186 2040
186 1718
186 2039
186 2041
186 187
186 2038
187 2038
188 189
188 196
188 2047
188 191
188 193
189 190
189 191
189 192
189 193
190 736
190 191
190 743
190 192
191 736
191 1762
191 196
192 755
192 743
192 735
192 756
192 193
192 1767
193 2047
193 756
193 204
194 195
194 196
194 197
195 1756
195 1761
195 196
196 1756
196 1762
196 2047
196 197
196 204
197 199
197 198
197 203
197 751
197 204
198 199
198 200
198 752
198 203
198 751
199 200
199 201
199 202
199 203
199 204
200 753
200 202
200 754
201 755
201 202
201 756
201 204
201 754
202 754
204 2047
204 756
205 206
205 757
205 758
205 208
205 211
206 207
206 208
206 209
206 210
206 211
207 764
207 208
207 766
207 767
207 210
208 758
208 764
209 773
209 774
209 775
209 210
209 211
210 767
210 775
210 1773
211 757
211 759
211 768
211 774
211 771
212 213
212 798
212 804
212 214
212 217
213 214
213 215
213 216
213 217
214 766
214 804
214 216
215 228
215 231
215 781
215 776
215 216
215 217
216 766
216 767
216 776
216 1773
217 799
217 798
217 231
217 801
218 219
218 768
218 773
218 1769
218 769
218 771
218 220
218 223
218 779
219 220
219 221
219 222
219 223
220 773
220 772
220 222
221 222
221 780
221 1774
221 223
222 772
222 780
223 777
223 1774
223 778
224 225
224 226
224 233
224 234
224 232
225 226
225 227
225 228
225 229
225 230
225 231
225 232
226 230
226 233
227 1775
227 778
227 229
227 1777
227 230
228 229
228 231
228 781
229 772
229 780
229 1775
229 781
230 1777
230 969
230 233
231 1780
231 232
231 801
232 234
232 1780
233 969
233 234
233 1779
233 787
234 786
234 1781
234 785
234 1780
234 787
234 801
235 236
235 240
235 796
235 241
235 797
236 237
236 238
236 239
236 240
236 241
237 789
237 785
237 1782
237 788
237 238
237 783
237 241
238 271
238 783
238 239
239 271
239 793
239 794
239 240
239 784
240 809
240 794
240 796
240 795
241 1782
241 800
241 797
242 243
242 814
242 244
244 817
244 810
244 814
244 816
245 246
245 248
245 880
245 252
246 247
246 248
246 249
246 250
246 251
246 252
247 249
247 251
247 881
248 875
248 250
248 880
249 825
249 831
249 250
249 881
250 859
250 875
250 864
250 858
250 831
251 825
251 813
251 881
251 795
251 275
251 276
251 252
252 879
252 878
252 880
252 276
253 254
253 871
253 873
253 255
253 265
253 1808
253 259
254 255
254 256
254 257
254 258
254 259
255 261
255 263
255 256
255 265
256 292
256 293
256 263
256 268
256 294
256 1685
256 257
257 1685
257 258
258 259
258 1805
259 1808
259 1805
260 261
260 262
260 264
261 262
261 263
261 264
261 265
262 867
262 869
262 265
262 875
263 268
263 264
264 267
264 268
264 269
265 871
265 867
265 868
266 267
266 268
266 270
266 1809
267 268
267 269
267 270
269 1810
269 270
270 891
270 1810
270 1809
271 272
271 273
271 782
271 783
271 784
271 275
272 273
272 274
272 275
272 276
272 277
272 278
272 279
273 789
273 274
273 791
273 782
274 955
274 791
274 279
274 284
275 795
275 784
275 276
276 878
276 277
277 878
277 280
277 882
277 278
278 281
278 280
278 279
279 281
279 284
280 281
280 883
280 882
280 885
281 282
281 283
281 284
282 283
282 311
283 313
283 284
283 314
283 311
284 313
284 312
284 955
285 286
285 886
285 289
285 887
285 290
285 888
286 287
286 288
286 289
286 290
287 890
287 885
287 290
287 889
287 891
288 953
288 952
288 289
289 933
289 935
289 952
289 936
289 887
290 890
290 888
290 899
290 893
291 292
291 683
291 293
291 294
291 1682
292 293
292 294
293 681
293 683
293 686
293 1684
293 1685
294 1682
295 296
295 297
295 298
295 299
296 1636
296 297
296 299
296 897
296 1637
296 1638
297 2023
297 1826
297 1636
297 298
298 905
298 1825
298 1826
299 897
300 301
300 305
300 894
300 302
300 895
300 304
300 308
301 302
301 303
301 304
302 896
302 895
302 303
303 896
303 1820
303 304
304 305
304 1820
305 306
305 307
305 308
305 309
305 310
306 898
306 899
306 307
306 893
306 310
307 892
307 893
307 309
308 1813
308 894
308 309
309 892
309 891
309 1809
309 1813
310 921
310 898
311 953
311 960
311 954
311 314
311 958
312 313
312 956
312 957
312 955
312 314
312 958
313 314
314 958
315 316
315 956
315 968
315 317
315 790
315 318
316 317
316 318
316 319
317 1779
317 1783
317 787
317 790
317 319
318 956
318 958
318 961
318 1853
318 319
319 1783
319 1853
319 1784
320 321
320 329
320 977
320 978
320 325
320 327
320 332
320 340
320 979
321 322
321 323
321 324
321 325
321 326
321 327
321 328
322 329
322 326
322 980
322 327
322 981
322 330
323 324
323 1852
323 1849
323 1850
323 325
324 961
324 1853
324 1784
324 967
324 1852
324 328
325 978
325 1848
325 1850
326 980
326 1854
326 328
326 1855
327 329
328 967
328 1855
328 970
329 330
329 331
329 332
330 972
330 981
330 331
331 972
331 976
331 975
331 332
332 333
332 976
332 340
333 334
333 976
333 339
333 340
334 335
334 336
334 337
334 338
334 339
334 340
335 976
335 1857
335 336
335 339
336 779
336 1856
336 1857
336 337
336 1858
336 1859
336 1005
337 338
337 1860
337 1861
337 1858
338 340
338 1862
338 1860
339 976
340 977
340 989
340 1862
341 342
341 1006
341 346
341 347
342 343
342 344
342 345
342 346
342 347
343 344
343 1007
343 345
343 1008
343 1009
344 1009
344 993
344 1010
344 346
345 1008
345 347
345 1059
345 1062
345 1063
346 1010
346 1884
346 1885
346 1006
347 1059
348 349
348 350
348 1889
348 1890
348 352
349 350
349 351
349 352
349 353
349 354
349 355
349 356
349 357
350 1060
350 1059
350 1890
350 357
351 1040
351 1894
351 352
351 353
351 1123
351 1124
352 1889
352 1040
352 1891
353 1073
353 1074
353 1075
353 354
353 1123
354 1055
354 1075
354 1895
354 1054
354 355
355 1055
355 356
355 1061
355 1056
356 357
356 1061
357 1060
357 1061
358 359
358 1024
358 1025
358 1026
358 1027
358 360
358 362
359 360
359 361
359 362
359 363
359 364
360 1025
360 1048
360 1043
360 1231
360 361
361 1231
361 1939
361 1942
361 364
362 1024
362 1031
362 363
363 1031
363 364
363 1246
363 1887
364 1237
364 1242
364 1942
364 1240
364 1246
365 366
365 1053
365 1893
365 367
365 370
366 367
366 368
366 369
366 370
367 1893
367 1894
367 1124
367 1125
367 1130
367 369
368 369
368 1920
368 1222
368 1227
368 1228
368 370
369 1131
369 1130
369 1921
369 1221
369 1920
369 1922
369 1154
370 1049
370 1053
370 1228
370 1046
371 372
371 1074
371 1077
371 374
371 379
372 373
372 374
372 375
372 376
372 377
372 378
372 379
372 380
373 1080
373 374
373 1902
373 1082
373 1903
373 375
374 1077
374 1902
375 1903
375 1919
375 378
376 1122
376 1121
376 377
376 380
376 1129
377 378
377 1129
378 1919
378 1129
379 1074
379 1123
379 380
380 1122
380 1123
381 382
381 383
381 384
381 1080
381 1081
381 1082
381 393
381 394
381 385
381 386
382 383
382 384
382 385
382 386
382 387
382 388
382 389
383 386
384 1070
384 1071
384 1069
384 1901
384 1081
384 1072
384 387
385 394
385 1083
385 386
385 389
387 1901
387 388
388 1005
388 1069
388 1901
388 389
388 1086
389 1084
389 1083
389 1086
390 391
390 392
390 1078
390 393
390 1079
391 392
391 393
391 394
391 395
391 396
392 395
392 1087
392 1103
392 401
392 1079
392 1104
393 1082
393 1904
393 1078
393 394
394 1083
394 396
395 1084
395 1085
395 396
395 1087
395 1089
396 1084
396 1083
397 398
397 1087
397 1907
397 1091
397 1908
397 399
397 401
398 399
398 400
398 401
398 402
399 1908
399 1097
399 1909
399 402
399 1107
400 1098
400 1103
400 401
400 402
401 1087
401 1103
402 1099
402 1098
402 1101
402 1107
403 404
403 406
403 1102
403 407
404 405
404 406
404 407
404 408
404 409
405 1107
405 406
405 409
405 1108
405 1109
406 1101
406 1107
406 1102
407 1099
407 1914
407 425
407 1100
407 1102
407 408
407 1915
408 410
408 409
408 1105
408 1106
408 1916
408 1915
408 1117
409 1108
409 1105
410 411
410 412
410 413
410 1105
410 1106
411 412
411 413
411 414
411 415
412 1106
412 414
413 1108
413 1105
413 1113
413 421
413 415
414 1106
414 419
414 415
415 417
415 419
415 421
416 417
416 1916
416 1917
416 418
416 422
417 418
417 419
417 420
417 421
417 422
418 1106
418 1916
418 419
419 1106
420 1110
420 1113
420 421
420 1112
420 422
421 1113
422 1917
422 1112
422 440
423 424
423 425
423 429
423 1120
424 425
424 426
424 427
424 428
424 429
425 1911
425 1914
425 1915
425 426
425 1120
425 1912
426 1915
426 1117
426 427
427 1114
427 1117
427 428
428 1114
428 1152
428 1918
428 429
428 1119
429 1918
429 1120
430 431
430 432
430 1218
430 435
430 1219
430 1220
431 432
431 433
431 434
431 435
431 436
432 433
432 1218
433 1221
433 1222
433 434
433 1218
434 1223
434 1222
434 436
434 1224
434 1227
435 469
435 470
435 1219
435 1146
435 1144
435 436
436 470
436 1224
437 438
437 444
437 443
437 439
437 454
437 445
437 442
438 439
438 440
438 441
438 442
439 453
439 454
440 1153
440 1917
440 1156
440 1112
440 441
441 1153
441 1149
441 1150
441 442
442 1925
442 1149
442 445
442 1926
443 444
443 452
443 453
443 454
443 446
443 455
444 445
444 446
445 446
445 1926
446 1168
446 1169
446 455
446 1135
446 1136
446 1926
447 448
447 1164
447 452
447 1166
447 449
447 1162
447 450
447 1170
448 449
448 450
448 451
449 1172
449 451
449 1170
450 1159
450 1162
450 451
450 1163
451 1172
451 1174
451 1163
451 1927
452 1164
452 1166
452 453
452 1165
452 455
453 1158
453 454
453 1165
455 1166
455 1169
456 457
456 1198
456 1190
456 458
456 1199
456 460
457 458
457 459
457 460
458 1189
458 1190
458 459
458 1197
459 1201
459 1197
459 460
460 1201
460 1198
460 1203
461 462
461 1268
461 1267
461 1209
461 464
461 466
461 1287
462 463
462 464
462 465
462 466
463 1260
463 464
463 1934
463 1265
463 1264
463 465
464 1931
464 1209
464 1932
464 1934
465 1264
465 1952
465 1953
465 466
466 1953
466 1253
466 1287
467 468
467 475
467 472
467 474
467 476
468 469
468 470
468 471
468 472
468 473
468 474
469 470
469 1146
469 471
470 1224
470 474
470 1234
472 1261
472 1260
472 1262
472 475
472 1215
472 473
473 1215
474 1234
474 476
475 1262
475 1935
475 476
475 1938
476 1940
476 1232
476 1234
476 1941
476 1938
476 1238
476 1943
477 478
477 923
477 926
477 479
477 481
477 927
477 928
478 479
478 480
478 481
479 923
479 1812
479 937
479 480
480 933
480 937
480 481
480 938
481 927
481 938
482 483
482 1249
482 929
482 484
482 488
482 1251
483 484
483 485
483 486
483 487
483 488
484 929
484 930
484 1838
484 485
485 1838
485 1243
485 1839
485 486
486 1235
486 1242
486 1246
486 1839
486 1241
486 487
487 1241
487 1946
487 488
488 1946
488 1251
489 490
489 929
489 930
489 931
489 919
489 492
489 494
490 491
490 492
490 493
490 494
491 920
491 921
491 922
491 492
491 925
491 493
492 920
492 919
492 902
493 925
493 494
493 926
494 930
494 926
494 928
495 496
495 1289
495 499
495 500
495 1285
495 1290
496 497
496 498
496 499
496 500
496 501
497 1277
497 498
497 499
497 1611
497 908
498 501
498 1611
499 1280
499 1277
499 1281
499 1278
499 1285
500 1290
500 1954
500 1609
500 501
501 1609
501 1611
502 503
502 504
502 506
502 1288
503 504
503 505
503 506
503 507
504 1327
504 1288
504 507
505 1279
505 1286
505 507
505 1269
507 1327
507 1330
507 1269
507 1270
508 1303
508 1959
508 509
508 511
508 1961
508 1960
509 1296
509 1303
509 510
509 1297
510 1297
510 1307
511 1961
511 515
511 523
512 513
512 1961
512 515
512 517
513 514
513 515
513 516
513 517
514 515
514 561
514 516
515 1961
515 523
516 561
516 1963
516 1496
516 517
517 1489
517 1961
517 1960
517 1496
517 1497
518 519
518 521
518 522
518 1309
518 1310
518 1311
519 520
519 521
519 522
519 523
520 1308
520 521
520 523
521 1308
521 1962
521 1311
522 523
524 525
524 1208
524 1331
524 1211
524 527
524 528
524 1204
525 526
525 527
525 528
526 1327
526 1329
526 1330
526 527
526 528
527 1208
527 1207
527 1330
528 1331
528 1329
529 530
529 531
529 533
529 1326
530 531
530 532
530 533
530 534
530 535
531 1320
531 532
531 1339
531 1321
531 1326
531 1313
532 1341
532 1340
532 1342
532 534
532 1401
532 1404
532 1402
532 1313
533 1336
533 1326
533 1186
533 535
533 1187
533 1348
534 1340
534 1966
534 1345
534 1967
534 535
535 1967
535 1348
536 537
536 545
536 1363
536 538
536 541
536 546
537 538
537 539
537 540
537 541
538 1364
538 1363
538 1366
538 539
539 1351
539 1366
539 559
539 540
540 550
540 559
540 541
541 551
541 550
541 553
541 1375
541 1969
541 546
542 543
542 544
542 545
542 546
542 547
542 548
542 549
543 1159
543 1354
543 1163
543 1361
543 1362
543 1357
543 544
544 1356
544 1357
544 1365
544 545
545 1364
545 1365
545 1363
545 546
546 1969
546 1970
546 547
547 1377
547 1374
547 1375
547 1970
547 1378
547 548
548 1378
548 1971
548 1382
548 1383
548 1430
548 549
549 1093
549 1429
549 1097
549 1430
549 1432
549 1978
549 577
549 1979
550 551
550 552
550 558
550 559
550 560
551 552
551 553
551 554
551 555
551 556
551 557
552 557
552 560
553 1373
553 555
553 1374
553 1375
554 1370
554 556
554 1389
554 1372
554 557
555 1373
555 556
556 1373
556 1376
556 1380
556 1384
556 1386
556 1389
556 1420
557 1370
557 560
557 1343
557 1344
558 1966
558 1345
558 1968
558 559
558 560
558 1346
559 1351
559 1968
559 1369
560 1346
560 1343
561 1963
562 563
562 564
562 601
562 602
562 566
562 603
563 564
563 565
563 566
564 1485
564 1410
564 1460
564 1975
564 1486
564 1461
564 1976
564 601
564 565
565 1410
565 1495
565 1963
565 1496
565 566
566 1496
566 603
566 1491
566 1494
567 568
567 1487
567 1461
567 569
567 571
567 592
567 1465
568 569
568 570
568 571
568 572
569 1461
569 570
569 573
569 1462
570 572
570 573
571 1464
571 1465
572 573
573 1412
573 1413
573 1462
573 1415
574 575
574 578
574 1435
574 579
574 1436
575 576
575 577
575 578
575 579
575 580
575 581
576 579
576 580
576 1437
576 1438
577 1978
577 1981
577 578
577 1980
577 581
577 1979
578 1980
578 1435
579 1434
579 1436
580 1439
580 1440
580 581
580 1437
581 1440
581 1441
581 1979
582 583
582 1455
582 1456
582 585
582 587
582 1985
583 584
583 585
583 586
583 587
584 588
584 585
584 1464
584 1986
584 586
585 1455
585 1458
585 1986
586 588
586 590
586 587
587 590
587 594
587 1985
588 589
588 1463
588 590
588 1464
588 592
589 590
589 591
589 592
589 593
589 594
590 594
591 1466
591 592
591 1467
591 1488
591 1468
591 593
592 1463
592 1485
592 1487
592 1465
592 1488
593 1468
593 594
593 1985
593 1984
593 1987
594 1985
595 596
595 598
595 1492
595 1493
595 1480
595 1501
595 599
596 597
596 598
596 599
596 600
597 1502
597 599
597 1503
597 1504
597 600
598 1518
598 1999
598 1474
598 1480
598 600
598 1516
599 1501
599 1503
600 619
600 620
600 623
600 1504
600 1516
601 1976
601 1483
601 1484
601 2001
601 602
601 1478
602 1477
602 2001
602 603
603 1477
603 1494
603 1479
604 605
604 606
604 1497
604 1498
604 610
605 606
605 607
605 608
605 609
605 610
605 611
606 1498
606 1500
606 609
607 608
607 1505
607 1506
607 611
608 1304
608 610
608 1305
608 1506
609 1500
609 1499
609 1492
609 2002
609 611
610 1303
610 1304
610 1959
610 1497
611 1505
611 1512
611 2002
611 1507
612 613
612 614
612 1513
612 615
612 623
613 614
613 615
613 616
613 617
613 618
614 619
614 1514
614 618
614 622
614 623
615 2005
615 1513
615 616
616 2006
616 2005
616 617
616 2007
617 1529
617 618
617 2007
617 640
618 1514
618 1529
619 620
619 621
619 622
619 623
619 624
619 625
620 1515
620 1516
620 1517
620 624
621 1527
621 1514
621 622
621 1526
621 625
621 1528
622 1514
623 1511
623 1513
623 1504
624 1517
624 625
625 1521
625 1517
625 2008
625 1520
625 1525
625 1526
626 627
626 1522
626 1523
626 1526
626 630
626 632
627 628
627 629
627 630
627 631
627 632
628 631
628 632
628 1531
629 1527
629 1528
629 630
629 631
630 1526
630 1528
632 1522
632 1447
632 1524
632 1531
632 1534
632 643
632 1753
633 634
633 657
633 1587
633 638
633 640
633 1589
634 635
634 636
634 637
634 638
634 639
634 640
635 1530
635 1588
635 636
635 640
636 1530
636 2009
636 639
637 658
637 1554
637 661
637 638
637 639
638 658
638 657
639 2009
639 1554
640 1529
640 1588
640 2007
640 1589
641 642
641 1545
641 644
641 1546
641 645
641 647
642 643
642 644
642 645
643 1534
643 1542
643 1537
643 1543
643 644
643 645
643 1749
643 1753
644 1539
644 1545
644 1543
644 1544
644 1551
645 1749
645 647
646 1749
646 647
647 1546
647 1749
647 648
648 1552
648 1546
649 650
649 651
649 654
649 655
649 656
649 653
650 651
650 652
650 653
651 1725
651 652
651 654
651 1726
652 1731
652 1732
652 1725
652 1733
653 1723
653 656
653 1673
653 1676
653 1724
654 1727
654 1726
654 1730
654 655
655 1730
655 2027
655 656
656 696
656 2027
656 697
656 698
656 1673
657 658
657 1580
657 1579
657 1586
657 659
657 1587
657 1581
658 659
658 660
658 661
659 1558
659 1661
659 1586
659 660
659 1560
659 1562
660 661
660 1562
661 1553
661 1554
661 2012
661 1562
662 663
662 675
662 676
662 677
662 678
662 679
662 664
662 665
663 664
663 665
663 666
664 679
664 666
665 1648
665 676
665 666
665 1651
665 1657
666 1648
666 679
667 668
667 1607
667 673
667 1608
667 674
668 669
668 670
668 671
668 672
668 673
668 674
669 1613
669 1956
669 671
669 674
670 1290
670 1956
670 1955
670 1295
670 671
670 1299
670 672
671 1956
672 1299
672 1597
672 1958
672 1300
672 673
673 1596
673 1597
673 1606
673 1608
674 1607
674 1613
674 1627
674 2020
674 1957
675 1652
675 678
675 1653
675 1642
675 679
676 1656
676 677
676 1657
676 1658
677 1621
677 1656
677 2021
677 2019
677 1654
677 678
678 1621
678 1652
678 1655
679 1648
679 1642
679 1647
679 1649
680 681
680 684
680 688
680 1681
680 705
680 685
681 682
681 683
681 684
681 685
681 686
682 1639
682 683
682 1645
682 684
683 1682
683 1683
683 1645
684 687
684 1639
684 688
684 693
684 1646
685 686
685 1686
686 1686
686 1684
687 688
687 689
687 690
687 691
687 692
687 693
687 694
688 689
688 1681
689 690
689 1669
689 1681
690 691
690 1669
691 694
691 2027
691 1669
692 1663
692 693
692 1667
692 694
693 1663
693 1646
693 1650
694 1664
694 1667
694 1668
694 1730
694 2027
695 696
695 1669
695 700
695 697
695 699
696 697
696 698
696 699
697 2027
697 1669
698 1671
698 1673
698 699
698 704
699 701
699 700
699 704
700 701
700 1669
700 1681
700 705
701 702
701 703
701 704
701 705
702 1706
702 1674
702 1707
702 1680
702 703
702 704
703 1679
703 1680
703 705
704 1671
704 1674
705 1681
706 707
706 1704
706 708
706 1705
706 709
707 708
707 709
707 710
707 711
708 1706
708 1705
708 710
708 1707
709 1704
709 711
709 2029
710 1702
710 1707
710 1687
710 1703
710 711
711 1703
711 1693
711 2029
712 713
712 1691
712 1694
712 1689
712 714
712 1697
712 716
712 2030
712 1701
712 1692
713 714
713 715
713 716
714 717
714 1697
714 715
714 721
715 716
715 721
716 1694
717 718
717 1696
717 1697
717 721
717 722
717 1698
718 719
718 720
718 721
718 722
719 846
719 2031
719 1799
719 1796
719 720
720 2031
720 2032
720 2034
720 722
722 2033
722 2034
722 1698
723 724
723 2035
723 2036
723 1693
723 725
723 2029
723 728
724 725
724 726
724 727
724 728
725 1704
725 2029
725 1709
725 747
725 726
726 1715
726 747
726 748
726 1714
726 727
727 730
727 1715
727 728
727 731
728 730
728 1700
728 2035
728 729
729 730
729 1699
729 1792
729 1698
729 1700
729 735
730 731
730 732
730 733
730 734
730 735
731 1715
731 732
732 1715
732 733
733 744
733 1715
733 1710
733 1712
733 734
734 1710
734 1711
734 1764
734 1719
734 735
735 1764
735 762
735 743
735 1767
736 737
736 739
736 742
736 1762
736 743
737 738
737 739
737 740
737 741
737 742
737 743
738 1764
738 1765
738 740
738 743
739 742
740 1719
740 1765
740 741
741 746
741 1716
741 1713
741 1719
741 742
742 1716
742 1755
742 1717
742 1763
742 1762
743 1764
744 745
744 1710
744 746
744 1711
744 748
744 1712
744 1713
745 746
745 747
745 748
745 749
745 750
746 1716
746 1677
746 749
746 750
746 1713
746 1717
746 1718
747 1672
747 1709
747 748
747 750
748 1714
748 1712
749 750
750 1670
750 1672
750 1677
751 752
753 755
753 754
753 1766
753 1767
754 755
755 756
755 1766
755 1767
757 758
757 759
757 760
757 761
757 762
758 762
758 763
758 764
758 765
759 768
759 769
759 770
759 760
760 770
760 761
761 1769
761 1768
761 770
761 762
762 1769
762 1771
762 765
763 1771
763 764
763 765
763 807
764 766
764 804
765 1771
766 804
766 767
767 1773
768 769
768 771
769 1769
769 770
769 1770
770 1768
770 1770
771 773
771 774
772 773
772 780
772 781
772 776
773 774
773 775
773 776
775 776
775 1773
776 781
776 1773
777 778
778 1774
778 1775
779 1769
779 973
779 974
779 975
779 1856
779 1005
780 1774
780 1775
782 789
782 783
783 789
784 793
784 792
784 795
785 786
785 1781
785 1782
785 788
786 787
786 788
787 1779
787 790
787 788
788 789
788 790
789 790
789 791
790 956
790 968
790 957
790 791
791 957
791 955
792 793
792 794
792 795
793 794
794 795
795 809
795 813
796 809
797 800
797 803
798 799
798 804
798 802
798 803
799 800
799 801
799 802
799 803
800 1782
800 801
800 803
801 1781
801 1782
801 1780
802 803
803 804
805 806
805 807
806 807
806 808
807 1771
807 1772
807 808
808 1772
809 810
809 811
809 812
809 813
810 817
810 811
811 817
811 812
812 817
812 813
812 822
812 818
813 825
813 826
813 822
815 820
815 819
815 832
815 816
815 818
816 817
816 818
817 818
818 820
818 822
819 820
819 832
819 821
819 833
819 834
820 821
820 822
821 826
821 822
821 833
821 827
822 826
823 824
823 827
823 828
824 825
824 826
824 827
824 828
824 829
824 830
824 831
825 826
825 831
825 881
826 827
827 833
827 828
827 1786
828 1788
828 1786
828 829
829 860
829 1788
829 1789
829 865
829 861
829 830
830 859
830 860
830 858
830 831
831 859
832 834
833 1785
833 1786
833 834
834 1785
834 1787
835 836
835 838
835 837
835 839
836 837
837 1791
837 839
838 840
838 839
838 841
839 1788
839 1786
839 1791
839 850
839 841
839 1790
840 841
840 852
841 851
841 850
841 852
842 1806
842 843
842 844
843 1801
843 1804
843 1806
844 1797
844 1798
844 1800
844 1806
844 848
844 845
845 847
845 848
846 847
846 849
846 1799
847 848
847 849
848 1797
848 849
849 1797
849 1795
849 1799
850 851
850 856
850 1793
850 1790
851 852
851 853
851 854
851 855
851 856
851 857
852 853
852 1794
852 1792
853 854
853 1794
854 1794
854 1795
854 855
855 1797
855 1795
855 857
856 1798
856 857
856 1793
857 1797
857 1798
858 859
858 860
858 864
860 861
860 862
860 863
860 864
861 865
861 862
862 866
862 865
862 863
863 866
863 1807
863 869
863 864
864 1807
864 875
865 866
865 1789
865 870
866 867
866 868
866 869
866 870
867 868
867 869
868 871
868 870
868 874
869 1807
869 875
870 1789
870 1793
870 872
870 874
871 872
871 873
871 874
872 1800
872 1802
872 1793
872 1803
872 873
872 874
873 1801
873 1803
873 1808
873 1805
875 1807
875 880
876 884
876 877
877 878
877 883
877 884
877 882
878 879
878 882
879 880
882 883
883 884
883 885
884 885
884 889
885 889
886 923
886 924
886 887
886 888
886 922
886 925
887 936
887 924
888 922
888 898
888 899
889 891
889 1810
890 892
890 893
890 891
891 892
891 1810
891 1809
892 893
893 899
894 1813
894 1814
894 1816
894 895
895 896
895 1816
897 1637
898 921
898 922
898 899
900 915
900 901
900 919
900 902
901 915
901 904
902 919
903 904
903 905
904 915
904 905
904 1823
904 918
905 1824
905 1825
905 1823
906 907
906 912
906 913
906 910
906 914
906 911
907 908
907 909
907 910
907 911
908 1610
908 1277
908 1611
908 1614
908 1616
908 913
908 909
908 911
909 1271
909 1276
909 1277
909 910
910 1276
910 1828
910 914
911 913
912 1824
912 1823
912 1827
912 913
912 1828
912 1826
912 914
913 1616
913 2023
913 1826
914 1828
915 916
915 917
915 918
915 919
916 917
916 1821
916 1822
916 1250
916 919
917 918
917 1822
918 1823
918 1827
918 1822
919 931
919 1250
920 921
921 922
922 925
923 1811
923 924
923 925
923 926
923 1812
924 936
924 1811
925 926
926 928
927 1838
927 928
927 1243
927 943
927 941
927 938
928 930
928 1838
929 1249
929 930
929 931
930 1838
931 1249
931 1250
932 933
932 939
932 934
932 940
932 941
932 938
932 942
933 934
933 935
933 936
933 937
933 938
934 946
934 935
934 947
934 942
934 948
935 946
935 951
935 952
935 949
936 1811
936 937
937 1811
937 1812
938 941
939 943
939 944
939 945
939 940
939 941
940 983
940 944
940 984
940 942
941 943
942 984
942 947
943 1021
943 1243
943 1022
943 945
944 983
944 945
944 1841
944 985
945 1021
945 1018
945 1019
945 1841
946 949
946 950
946 948
947 984
947 1847
947 948
948 986
948 1847
948 950
948 1851
948 1852
948 1849
949 951
949 950
950 951
950 1851
950 954
951 953
951 952
951 954
952 953
953 954
954 960
954 959
954 1851
955 957
956 968
956 957
956 958
958 960
958 961
959 960
959 1851
959 961
959 1852
960 961
961 1853
961 1852
962 963
962 969
962 964
962 967
962 970
962 971
963 964
963 965
963 966
963 967
964 969
964 1779
964 965
965 1779
965 966
966 1779
966 1783
966 967
967 1783
967 1784
967 970
969 1777
969 1779
969 971
969 1778
970 1855
970 971
971 1855
971 1778
972 973
972 974
972 975
973 974
974 975
975 976
975 1856
975 1857
976 1857
977 979
977 988
977 989
978 982
978 1848
978 986
978 979
978 988
979 988
980 981
980 1854
981 1854
982 983
982 985
982 987
982 986
982 988
983 984
983 985
983 986
984 986
984 1847
985 1011
985 1019
985 1015
985 1841
985 987
986 1848
986 1847
986 1849
987 1845
987 1015
987 988
987 1846
988 989
988 1846
989 1862
989 1863
989 1864
989 1846
990 991
990 1878
990 992
990 1877
990 993
991 992
991 993
991 994
992 995
992 1877
992 997
992 994
993 1878
993 1009
993 994
993 1873
993 1874
993 1010
994 995
994 996
994 1007
994 1880
994 1009
995 996
995 997
996 1879
996 1002
996 997
996 1880
997 1877
997 1859
997 1879
998 999
998 1000
998 1062
998 1063
998 1004
998 1064
999 1000
999 1001
999 1002
999 1003
999 1004
999 1005
1000 1064
1000 1005
1000 1065
1001 1879
1001 1002
1001 1005
1002 1879
1002 1880
1002 1003
1003 1880
1003 1881
1003 1004
1004 1881
1004 1063
1005 1066
1005 1859
1005 1879
1005 1065
1005 1069
1005 1086
1005 1095
1006 1885
1006 1033
1006 1035
1007 1880
1007 1881
1007 1008
1007 1009
1008 1881
1008 1063
1010 1874
1010 1883
1010 1884
1011 1012
1011 1018
1011 1019
1011 1015
1011 1017
1012 1013
1012 1014
1012 1015
1012 1016
1012 1017
1013 1014
1013 1843
1013 1844
1013 1016
1014 1845
1014 1015
1014 1846
1014 1843
1015 1845
1016 1032
1016 1844
1016 1017
1016 1033
1017 1032
1017 1018
1017 1842
1017 1034
1017 1886
1018 1021
1018 1019
1018 1842
1018 1023
1019 1841
1020 1021
1020 1244
1020 1022
1020 1023
1020 1840
1020 1245
1021 1022
1021 1023
1022 1244
1022 1243
1023 1842
1023 1888
1023 1840
1024 1028
1024 1029
1024 1030
1024 1026
1024 1031
1025 1027
1025 1042
1025 1043
1026 1036
1026 1030
1026 1041
1026 1027
1027 1036
1027 1042
1028 1034
1028 1886
1028 1029
1028 1030
1028 1035
1029 1886
1029 1031
1031 1886
1031 1887
1032 1033
1032 1034
1032 1035
1033 1885
1033 1844
1033 1035
1034 1886
1034 1035
1036 1037
1036 1041
1036 1042
1036 1038
1036 1039
1037 1038
1037 1039
1037 1040
1038 1042
1038 1040
1038 1052
1038 1893
1038 1050
1039 1041
1039 1040
1039 1892
1040 1893
1040 1894
1040 1891
1040 1892
1041 1059
1041 1889
1041 1892
1042 1050
1042 1043
1042 1051
1043 1045
1043 1044
1043 1048
1043 1051
1044 1045
1044 1049
1044 1050
1044 1046
1044 1051
1045 1046
1045 1047
1045 1048
1046 1049
1046 1228
1046 1047
1047 1230
1047 1229
1047 1225
1047 1228
1047 1048
1048 1230
1048 1231
1049 1052
1049 1053
1049 1050
1050 1052
1050 1051
1052 1053
1052 1893
1053 1893
1054 1055
1054 1070
1054 1895
1054 1058
1054 1071
1054 1072
1054 1896
1054 1076
1055 1056
1055 1057
1055 1058
1056 1061
1056 1057
1056 1897
1057 1897
1057 1067
1057 1898
1057 1058
1058 1898
1058 1071
1058 1900
1059 1060
1059 1889
1059 1890
1059 1062
1060 1061
1060 1062
1061 1062
1061 1897
1061 1064
1062 1063
1062 1064
1063 1881
1064 1897
1064 1065
1064 1067
1065 1066
1065 1067
1066 1067
1066 1068
1066 1069
1067 1897
1067 1068
1067 1898
1068 1898
1068 1899
1068 1069
1069 1071
1069 1900
1069 1899
1069 1901
1070 1071
1070 1072
1071 1900
1072 1081
1072 1896
1073 1074
1073 1075
1073 1076
1074 1076
1074 1077
1074 1123
1075 1895
1075 1076
1076 1895
1076 1896
1076 1077
1077 1896
1077 1902
1078 1905
1078 1904
1078 1079
1079 1905
1079 1906
1079 1104
1080 1081
1080 1902
1080 1082
1081 1896
1081 1902
1082 1904
1082 1903
1083 1084
1084 1085
1084 1086
1085 1089
1085 1086
1086 1088
1086 1089
1086 1090
1086 1095
1087 1088
1087 1089
1087 1091
1088 1089
1088 1090
1088 1091
1090 1092
1090 1094
1090 1095
1090 1091
1091 1092
1091 1096
1091 1907
1092 1093
1092 1094
1092 1096
1093 1094
1093 1095
1093 1096
1093 1097
1094 1095
1096 1907
1096 1097
1097 1907
1097 1909
1097 1107
1098 1099
1098 1103
1098 1100
1098 1910
1099 1100
1099 1101
1099 1102
1100 1911
1100 1914
1100 1913
1100 1910
1101 1107
1101 1102
1103 1104
1103 1910
1104 1906
1104 1911
1104 1913
1104 1910
1105 1108
1106 1916
1107 1109
1108 1113
1108 1109
1109 1111
1109 1110
1109 1113
1110 1111
1110 1113
1110 1112
1111 1112
1114 1115
1114 1117
1114 1118
1114 1119
1115 1116
1115 1117
1115 1118
1116 1916
1116 1117
1116 1118
1116 1155
1116 1917
1117 1916
1117 1915
1118 1119
1118 1155
1119 1152
1119 1155
1120 1128
1120 1918
1120 1912
1120 1919
1121 1122
1121 1126
1121 1127
1121 1128
1121 1125
1121 1129
1121 1130
1122 1123
1122 1124
1122 1125
1123 1124
1124 1894
1124 1125
1125 1130
1126 1127
1126 1131
1126 1130
1127 1152
1127 1128
1127 1918
1127 1131
1128 1918
1128 1919
1128 1129
1129 1919
1130 1131
1131 1152
1131 1154
1132 1133
1132 1148
1132 1147
1132 1134
1132 1925
1132 1149
1132 1138
1133 1134
1133 1135
1133 1136
1133 1137
1133 1138
1133 1139
1134 1142
1134 1219
1134 1147
1134 1137
1135 1168
1135 1195
1135 1143
1135 1196
1135 1136
1135 1139
1136 1926
1136 1138
1137 1142
1137 1139
1138 1925
1138 1926
1139 1141
1139 1142
1139 1143
1140 1141
1140 1145
1140 1143
1140 1146
1140 1144
1141 1142
1141 1143
1141 1144
1142 1219
1142 1144
1143 1189
1143 1195
1143 1145
1143 1197
1144 1219
1144 1146
1145 1202
1145 1197
1147 1148
1147 1219
1147 1151
1147 1923
1147 1924
1148 1149
1148 1150
1148 1151
1149 1925
1149 1150
1150 1153
1150 1151
1151 1153
1151 1921
1151 1923
1151 1154
1152 1153
1152 1918
1152 1154
1152 1155
1153 1154
1153 1155
1153 1156
1153 1157
1154 1921
1154 1922
1155 1917
1155 1156
1155 1157
1156 1917
1156 1157
1158 1159
1158 1165
1158 1160
1158 1161
1159 1160
1159 1161
1159 1162
1159 1163
1160 1164
1160 1165
1160 1161
1160 1162
1162 1164
1163 1928
1163 1927
1163 1361
1164 1165
1166 1167
1166 1168
1166 1169
1166 1170
1166 1171
1167 1192
1167 1168
1167 1171
1168 1192
1168 1169
1168 1196
1170 1172
1170 1173
1170 1171
1171 1173
1171 1175
1171 1177
1171 1192
1172 1173
1172 1174
1173 1175
1173 1176
1173 1174
1174 1176
1174 1927
1175 1177
1175 1176
1175 1178
1175 1179
1175 1180
1176 1927
1176 1179
1177 1181
1177 1191
1177 1189
1177 1192
1177 1193
1177 1194
1177 1184
1177 1188
1177 1180
1178 1179
1178 1180
1178 1359
1178 1929
1179 1928
1179 1927
1179 1359
1179 1360
1180 1183
1180 1184
1180 1349
1180 1929
1181 1182
1181 1189
1181 1190
1181 1185
1181 1188
1182 1183
1182 1184
1182 1185
1182 1186
1182 1187
1182 1188
1183 1347
1183 1184
1183 1187
1183 1348
1183 1349
1183 1350
1184 1194
1184 1188
1185 1334
1185 1190
1185 1335
1185 1336
1185 1186
1186 1336
1186 1187
1187 1348
1188 1194
1189 1191
1189 1195
1189 1190
1189 1197
1190 1199
1190 1335
1191 1193
1191 1195
1191 1196
1192 1193
1192 1196
1193 1196
1195 1196
1197 1201
1197 1202
1198 1199
1198 1203
1198 1204
1198 1205
1198 1206
1199 1206
1199 1335
1200 1201
1200 1212
1200 1203
1200 1217
1200 1214
1201 1202
1201 1203
1203 1217
1203 1211
1203 1204
1204 1331
1204 1211
1204 1333
1204 1965
1204 1205
1205 1334
1205 1965
1205 1206
1205 1337
1206 1334
1206 1335
1207 1208
1207 1268
1207 1330
1207 1270
1207 1210
1208 1209
1208 1210
1208 1211
1209 1268
1209 1217
1209 1930
1209 1932
1209 1210
1209 1211
1210 1268
1211 1217
1212 1213
1212 1214
1212 1215
1212 1216
1213 1214
1213 1216
1214 1217
1214 1930
1214 1933
1214 1931
1214 1216
1215 1260
1215 1266
1215 1216
1216 1933
1216 1266
1217 1930
1218 1221
1218 1220
1219 1220
1219 1924
1220 1921
1220 1221
1220 1923
1220 1924
1221 1921
1221 1920
1221 1222
1222 1920
1222 1227
1223 1224
1223 1225
1223 1226
1223 1227
1223 1228
1224 1226
1224 1234
1225 1229
1225 1226
1225 1228
1226 1229
1226 1234
1227 1228
1229 1230
1229 1234
1230 1231
1230 1232
1230 1233
1230 1234
1231 1939
1231 1233
1232 1939
1232 1940
1232 1233
1232 1234
1233 1939
1235 1236
1235 1237
1235 1242
1235 1241
1236 1237
1236 1238
1236 1239
1236 1240
1236 1241
1237 1242
1237 1240
1238 1938
1238 1944
1238 1239
1238 1943
1238 1241
1238 1945
1238 1936
1238 1937
1239 1942
1239 1943
1239 1240
1240 1942
1241 1944
1241 1946
1242 1246
1243 1244
1243 1838
1243 1245
1243 1839
1244 1245
1245 1840
1245 1839
1246 1887
1246 1888
1246 1840
1246 1839
1247 1248
1247 1833
1247 1834
1247 1250
1247 1252
1247 1835
1248 1249
1248 1250
1248 1251
1248 1252
1249 1250
1249 1251
1250 1821
1250 1833
1251 1946
1251 1252
1252 1946
1252 1835
1252 1947
1253 1254
1253 1952
1253 1953
1253 1255
1253 1837
1253 1259
1253 1287
1254 1255
1254 1256
1254 1257
1254 1258
1254 1259
1255 1256
1255 1837
1256 1837
1256 1832
1256 1275
1256 1257
1257 1272
1257 1275
1257 1258
1258 1272
1258 1271
1258 1281
1258 1278
1258 1259
1259 1281
1259 1282
1259 1287
1260 1261
1260 1265
1260 1266
1260 1264
1261 1262
1261 1263
1261 1264
1262 1263
1262 1935
1263 1935
1263 1936
1263 1264
1263 1937
1264 1937
1264 1949
1264 1952
1265 1934
1265 1266
1266 1933
1266 1934
1267 1268
1267 1279
1267 1286
1267 1282
1267 1287
1267 1269
1268 1269
1268 1270
1269 1286
1269 1270
1270 1330
1271 1272
1271 1276
1271 1273
1271 1277
1271 1278
1272 1273
1272 1274
1272 1275
1273 1276
1273 1274
1273 1830
1273 1832
1274 1832
1274 1275
1275 1832
1276 1829
1276 1827
1276 1830
1276 1828
1277 1278
1278 1281
1279 1280
1279 1286
1279 1282
1279 1283
1280 1281
1280 1282
1280 1283
1280 1284
1280 1285
1281 1282
1282 1287
1283 1284
1284 1285
1285 1289
1285 1291
1285 1306
1288 1327
1288 1328
1289 1291
1289 1292
1289 1290
1290 1292
1290 1954
1290 1956
1290 1955
1291 1306
1291 1292
1292 1306
1292 1955
1292 1298
1293 1294
1293 1295
1293 1299
1293 1300
1293 1296
1294 1295
1294 1296
1294 1297
1294 1298
1295 1955
1295 1299
1295 1298
1296 1302
1296 1301
1296 1300
1296 1303
1296 1297
1297 1298
1297 1307
1298 1306
1298 1955
1298 1307
1299 1300
1300 1301
1300 1958
1301 1302
1301 1505
1301 1958
1301 1305
1301 1509
1302 1303
1302 1304
1302 1305
1303 1304
1303 1959
1304 1305
1305 1505
1305 1506
1309 1310
1309 1339
1309 1313
1310 1964
1310 1339
1310 1321
1310 1311
1311 1964
1311 1332
1311 1962
1312 1313
1312 1318
1312 1319
1313 1339
1313 1404
1313 1318
1313 1972
1314 1317
1315 1406
1315 1316
1315 1390
1315 1407
1316 1406
1316 1408
1316 1410
1316 1317
1316 1411
1317 1410
1317 1495
1318 1972
1318 1319
1318 1974
1319 1974
1319 1405
1320 1321
1320 1322
1320 1323
1320 1324
1320 1325
1320 1326
1321 1964
1321 1339
1321 1322
1322 1964
1322 1323
1322 1332
1323 1331
1323 1332
1323 1333
1323 1324
1324 1333
1324 1337
1324 1325
1325 1334
1325 1337
1325 1338
1325 1326
1326 1336
1326 1338
1327 1328
1327 1329
1327 1330
1328 1962
1328 1329
1329 1331
1329 1332
1329 1962
1331 1332
1331 1333
1332 1964
1332 1962
1333 1965
1333 1337
1334 1335
1334 1336
1334 1337
1334 1338
1336 1338
1337 1965
1340 1341
1340 1345
1340 1346
1340 1343
1341 1342
1341 1343
1341 1344
1342 1401
1342 1344
1343 1346
1343 1344
1344 1370
1344 1397
1344 1371
1344 1401
1345 1966
1345 1346
1347 1351
1347 1352
1347 1348
1347 1350
1347 1353
1348 1967
1348 1352
1349 1350
1349 1929
1350 1353
1350 1359
1350 1929
1351 1369
1351 1352
1351 1353
1351 1366
1351 1367
1352 1968
1352 1967
1352 1369
1353 1359
1353 1358
1353 1367
1353 1368
1354 1355
1354 1359
1354 1360
1354 1361
1354 1362
1354 1357
1354 1358
1355 1356
1355 1357
1355 1358
1356 1357
1356 1358
1356 1364
1356 1365
1356 1366
1356 1367
1356 1368
1358 1359
1358 1368
1359 1929
1359 1360
1360 1928
1360 1361
1361 1928
1361 1362
1363 1364
1364 1365
1364 1366
1366 1367
1367 1368
1369 1968
1370 1371
1370 1372
1371 1397
1371 1372
1372 1398
1372 1397
1372 1389
1373 1376
1373 1374
1374 1377
1374 1376
1374 1375
1375 1969
1375 1970
1376 1377
1376 1380
1377 1378
1377 1379
1377 1380
1378 1379
1378 1971
1379 1380
1379 1971
1379 1382
1380 1381
1380 1382
1380 1384
1381 1382
1381 1383
1381 1384
1381 1385
1381 1386
1381 1387
1381 1388
1382 1971
1382 1383
1383 1388
1383 1426
1383 1430
1384 1386
1385 1386
1385 1420
1385 1421
1385 1425
1385 1387
1386 1420
1387 1423
1387 1425
1387 1388
1387 1426
1388 1426
1389 1398
1389 1420
1389 1394
1390 1391
1390 1406
1390 1395
1390 1407
1390 1409
1390 1413
1390 1418
1390 1396
1391 1392
1391 1393
1391 1394
1391 1395
1391 1396
1392 1393
1392 1396
1392 1414
1392 1419
1393 1420
1393 1421
1393 1394
1393 1419
1394 1398
1394 1420
1394 1395
1394 1399
1395 1400
1395 1399
1395 1407
1396 1412
1396 1413
1396 1414
1397 1398
1397 1400
1397 1399
1397 1401
1397 1402
1397 1403
1398 1399
1399 1400
1400 1407
1401 1402
1402 1404
1402 1403
1403 1973
1403 1404
1403 1972
1403 1405
1404 1972
1405 1973
1405 1974
1406 1408
1406 1409
1408 1416
1408 1411
1408 1409
1408 1417
1408 1413
1408 1418
1409 1418
1410 1495
1410 1411
1410 1417
1410 1459
1410 1460
1411 1417
1412 1413
1412 1414
1412 1415
1413 1416
1413 1462
1413 1418
1414 1419
1414 1415
1415 1419
1415 1433
1415 1425
1416 1417
1416 1459
1416 1460
1416 1461
1416 1462
1417 1459
1419 1421
1419 1425
1420 1421
1421 1425
1422 1423
1422 1433
1422 1424
1422 1425
1423 1424
1423 1425
1423 1426
1423 1427
1424 1433
1424 1431
1424 1427
1424 1432
1424 1977
1425 1433
1426 1429
1426 1428
1426 1430
1426 1427
1427 1428
1427 1431
1428 1429
1428 1431
1429 1430
1429 1431
1429 1432
1431 1432
1432 1978
1432 1980
1432 1977
1434 1436
1435 1980
1435 1436
1436 1980
1437 1439
1437 1438
1438 1439
1438 1442
1438 1457
1438 1441
1438 1443
1438 1445
1439 1440
1439 1441
1440 1441
1441 1444
1441 1445
1441 1979
1442 1443
1442 1444
1442 1445
1442 1446
1442 1447
1442 1448
1443 1457
1443 1983
1443 1448
1444 1445
1444 1979
1444 1446
1446 1979
1446 1447
1447 1979
1447 1982
1447 1983
1447 1448
1447 1454
1447 1984
1447 1524
1447 1753
1448 1983
1449 1450
1449 1452
1449 1454
1449 1455
1449 1456
1450 1451
1450 1452
1450 1453
1450 1454
1451 1457
1451 1452
1451 1453
1451 1455
1451 1458
1452 1455
1453 1457
1453 1982
1453 1454
1454 1982
1454 1456
1454 1984
1455 1456
1455 1458
1456 1985
1456 1984
1457 1982
1457 1983
1459 1460
1460 1461
1461 1485
1461 1487
1461 1462
1463 1464
1463 1465
1464 1986
1464 1465
1466 1467
1466 1468
1466 1469
1466 1470
1467 1481
1467 1486
1467 1488
1467 1470
1467 1482
1468 1987
1469 1471
1469 1475
1469 1470
1470 1481
1470 1475
1470 2000
1470 1484
1471 1472
1471 1991
1471 1992
1471 1473
1471 1995
1471 1475
1472 1473
1472 1474
1472 1475
1473 1995
1473 1999
1473 1474
1474 1476
1474 1999
1474 1475
1474 1480
1475 1476
1475 2000
1475 1478
1476 1477
1476 1478
1476 1479
1476 1480
1477 2001
1477 1478
1477 1479
1478 2000
1478 1484
1478 2001
1479 1490
1479 1493
1479 1494
1479 1480
1480 1493
1481 1482
1481 1483
1481 1484
1482 1975
1482 1486
1482 1483
1483 1975
1483 1976
1483 1484
1484 2000
1485 1486
1485 1487
1485 1488
1486 1975
1486 1488
1489 1490
1489 1496
1489 1491
1489 1497
1489 1498
1489 1499
1489 1492
1490 1491
1490 1492
1490 1493
1490 1494
1491 1496
1491 1494
1492 1499
1492 1493
1492 1501
1492 2002
1495 1963
1496 1963
1497 1959
1497 1960
1497 1498
1498 1500
1498 1499
1499 1500
1501 1503
1501 2002
1502 1511
1502 1512
1502 1503
1502 1504
1503 1512
1503 2002
1504 1511
1505 1506
1505 1507
1505 1508
1505 1509
1505 1510
1507 2003
1507 1512
1507 1508
1507 2004
1508 1590
1508 1510
1508 1593
1508 2005
1508 2004
1509 1595
1509 1597
1509 1958
1509 1510
1510 1590
1510 1595
1511 2003
1511 1512
1511 1513
1512 2003
1512 2002
1513 2003
1513 2005
1513 2004
1514 1527
1514 1529
1515 1518
1515 1516
1515 1519
1515 1517
1515 1520
1516 1518
1517 1520
1518 1998
1518 1999
1518 1519
1519 1993
1519 1998
1519 1994
1519 1520
1519 1997
1520 2008
1520 1997
1521 1522
1521 1523
1521 1525
1521 1526
1522 1523
1522 1524
1522 1525
1523 1526
1524 1984
1524 1988
1524 1990
1524 1996
1524 1525
1525 2008
1525 1996
1526 1528
1527 1528
1529 1530
1529 1588
1530 1588
1531 1533
1531 1534
1531 1532
1532 1533
1532 1540
1532 2010
1532 1536
1533 1534
1533 1535
1533 1536
1533 1537
1534 1537
1535 1539
1535 1542
1535 1536
1535 1537
1536 1539
1536 1540
1537 1542
1538 1539
1538 1553
1538 1554
1538 1541
1538 1544
1538 1555
1538 1556
1539 1540
1539 1541
1539 1542
1539 1543
1539 1544
1540 2010
1540 1541
1541 2010
1541 1554
1542 1543
1544 1551
1544 1555
1545 1551
1545 1552
1545 1546
1545 1550
1546 1552
1547 1548
1547 1549
1547 1550
1548 1552
1548 1550
1549 1743
1549 1565
1549 1550
1549 2016
1549 1748
1550 1551
1550 1552
1550 1565
1550 1555
1550 1556
1551 1555
1553 1554
1553 1556
1553 2011
1553 2012
1553 1567
1554 2009
1554 2010
1555 1556
1556 1565
1556 2011
1557 1558
1557 1563
1557 1568
1557 1566
1557 1559
1557 1569
1557 1561
1557 1567
1558 1559
1558 1560
1558 1561
1558 1562
1559 1568
1559 1570
1559 1572
1559 1560
1560 1575
1560 1570
1560 1578
1560 1661
1561 2012
1561 1567
1561 1562
1562 2012
1563 1564
1563 1565
1563 1566
1563 1567
1564 1565
1564 2011
1564 1567
1565 2011
1565 2016
1565 1566
1566 2016
1566 1748
1566 1569
1567 2011
1567 2012
1568 1569
1568 1572
1568 1573
1569 1743
1569 1748
1569 1573
1570 1571
1570 1575
1570 1731
1570 1572
1570 1574
1570 1576
1571 1572
1571 1573
1571 1574
1572 1573
1573 1744
1573 1743
1573 1574
1573 1736
1574 1731
1574 1736
1575 1576
1575 1577
1575 1578
1576 1731
1576 1732
1576 1577
1577 1732
1577 1728
1577 2017
1577 1729
1577 1578
1578 2017
1578 2018
1578 1659
1578 1661
1579 1580
1579 1585
1579 1586
1579 1583
1580 1581
1580 1582
1580 1583
1580 1584
1581 1587
1581 1582
1581 1598
1581 1594
1581 1601
1582 1584
1582 1603
1582 1601
1583 1585
1583 1584
1584 1585
1584 1603
1585 1660
1585 1661
1585 1586
1585 1603
1585 1605
1585 1656
1585 1658
1586 1661
1587 1589
1587 1594
1589 1592
1589 2007
1589 1594
1590 1591
1590 1595
1590 1593
1590 1594
1591 1592
1591 1593
1591 1594
1592 1593
1592 2006
1592 2007
1592 1594
1593 2006
1593 2005
1594 1595
1594 1598
1595 1596
1595 1597
1595 1598
1596 1600
1596 1599
1596 1597
1596 1598
1596 1606
1597 1958
1598 1600
1598 1601
1599 1600
1599 1602
1599 1606
1599 1601
1599 1604
1600 1601
1601 1602
1601 1603
1602 1603
1602 1604
1602 1605
1603 1605
1604 1606
1604 1605
1604 2021
1604 2019
1605 1656
1605 2021
1606 1608
1606 2019
1607 1608
1607 1627
1608 1627
1608 2019
1609 1610
1609 1954
1609 1611
1609 1612
1610 1611
1610 1612
1610 1613
1610 1614
1612 1954
1612 1613
1612 1956
1613 1956
1613 1957
1613 1614
1614 1615
1614 1623
1614 1957
1614 1616
1614 1617
1615 1616
1615 1617
1615 1618
1616 2023
1616 1638
1616 1618
1617 1619
1617 1622
1617 1623
1617 1618
1618 1619
1618 1629
1618 1638
1619 1620
1619 1622
1619 1628
1619 1629
1619 1626
1619 1630
1620 1621
1620 1622
1620 1623
1620 1624
1620 1625
1620 1626
1621 1654
1621 1655
1621 1625
1621 1626
1622 1623
1623 1624
1623 1957
1624 1625
1624 2020
1624 1957
1625 1627
1625 2019
1625 1654
1625 2020
1626 1653
1626 1655
1626 1630
1626 2022
1626 1633
1627 2019
1627 2020
1628 1631
1628 1637
1628 1629
1628 1630
1628 1635
1629 1637
1629 1638
1630 1631
1630 1633
1631 1632
1631 1633
1631 1634
1631 1635
1632 1640
1632 2022
1632 1642
1632 1633
1632 1634
1632 1644
1633 2022
1634 2024
1634 1635
1634 2025
1634 1644
1635 1637
1636 2023
1636 1638
1637 1638
1638 2023
1639 1640
1639 1641
1639 1645
1639 1646
1640 1641
1640 1642
1640 1643
1640 1644
1640 1645
1641 1642
1641 1647
1641 1646
1642 1653
1642 2022
1642 1647
1643 2024
1643 1644
1643 1645
1644 2024
1645 2024
1645 1683
1646 1648
1646 1647
1646 1649
1646 1650
1647 1649
1648 1649
1648 1650
1648 1651
1650 1663
1650 1651
1650 1662
1650 2028
1650 1666
1651 1657
1651 1658
1651 1662
1651 2028
1652 1653
1652 1655
1653 1655
1653 2022
1654 2019
1656 2021
1656 1658
1657 1658
1658 1660
1658 1662
1659 1660
1659 2018
1659 1661
1659 1662
1659 1665
1659 1666
1660 1661
1660 1662
1662 2028
1662 1666
1663 1664
1663 1666
1663 1667
1664 1665
1664 1666
1664 1667
1664 1668
1665 1727
1665 2017
1665 1729
1665 2018
1665 1666
1665 1668
1668 1727
1668 1730
1669 2027
1669 1681
1670 1671
1670 1672
1670 1677
1670 1678
1670 1675
1671 1672
1671 1673
1671 1674
1671 1675
1671 1676
1672 1708
1672 1674
1672 1709
1673 1676
1674 1706
1674 1708
1674 1704
1674 1705
1675 1678
1675 1721
1675 2044
1675 2043
1675 1676
1676 1723
1676 2044
1676 1722
1677 1678
1677 1720
1677 1718
1678 1720
1678 1721
1679 1680
1680 1707
1682 1818
1682 1819
1683 2024
1683 2026
1684 1686
1684 1685
1687 1688
1687 1702
1687 1707
1687 1689
1687 1690
1688 1689
1688 1690
1689 1691
1689 1694
1689 1695
1689 1690
1690 1691
1690 1702
1690 1693
1691 1692
1691 1693
1692 2030
1692 2037
1692 1693
1693 1702
1693 2036
1693 2037
1693 1703
1693 2029
1694 1695
1696 1699
1696 1697
1696 1698
1696 1700
1696 1701
1697 1701
1698 1699
1698 1792
1698 2033
1699 1700
1700 2035
1700 1701
1701 2035
1701 2036
1701 2030
1702 1703
1704 1708
1704 1705
1704 2029
1704 1709
1705 1706
1706 1707
1708 1709
1710 1711
1711 1713
1711 1719
1712 1715
1712 1714
1713 1719
1714 1715
1716 1717
1717 1763
1717 1718
1718 1763
1718 1720
1718 2039
1718 2038
1719 1764
1719 1765
1720 1721
1720 2039
1721 2039
1721 2043
1722 1723
1722 2044
1722 2042
1723 1724
1725 1732
1725 1726
1725 1728
1726 1727
1726 1728
1727 1728
1727 1729
1727 1730
1728 1732
1728 1729
1729 2017
1730 2027
1731 1732
1731 1733
1731 1734
1733 1734
1735 1736
1736 1737
1736 1744
1736 1738
1736 1741
1737 1738
1738 1739
1738 1741
1739 1740
1739 1741
1739 1742
1740 1745
1740 1741
1740 2014
1740 1742
1741 1744
1741 1745
1742 2046
1742 2014
1743 1744
1743 1747
1743 1748
1743 1746
1744 1745
1744 1746
1745 1747
1745 1746
1745 2014
1745 2015
1746 1747
1747 2015
1747 2013
1748 2016
1749 1750
1749 1753
1750 1751
1750 1752
1750 1753
1751 1752
1752 1753
1753 1754
1755 1756
1755 1763
1755 1758
1755 1762
1756 1757
1756 1758
1756 1759
1756 1760
1756 1761
1756 1762
1757 1758
1757 1759
1758 1763
1758 2038
1759 1760
1759 2045
1760 1761
1760 2045
1761 2046
1761 2045
1763 2038
1764 1765
1766 1767
1768 1769
1768 1770
1769 1770
1771 1772
1774 1775
1776 1777
1777 1778
1779 1783
1781 1782
1783 1784
1784 1853
1785 1786
1785 1787
1786 1788
1786 1791
1786 1787
1787 1791
1788 1789
1788 1790
1789 1793
1789 1790
1790 1793
1792 1794
1792 2031
1792 1796
1792 2032
1792 2033
1793 1798
1793 1800
1794 1795
1794 1796
1795 1797
1795 1799
1795 1796
1796 2031
1796 1799
1797 1798
1798 1800
1800 1801
1800 1802
1800 1806
1801 1802
1801 1803
1801 1804
1801 1805
1801 1806
1802 1803
1804 1805
1805 1808
1809 1813
1811 1812
1813 1814
1815 1818
1815 1817
1816 1818
1816 1817
1816 1819
1817 1818
1818 1819
1821 1829
1821 1831
1821 1822
1821 1833
1822 1829
1822 1827
1823 1824
1823 1827
1824 1825
1824 1826
1825 1826
1826 2023
1827 1829
1827 1828
1829 1830
1829 1831
1830 1831
1830 1833
1830 1832
1831 1833
1832 1833
1832 1834
1832 1837
1833 1834
1834 1835
1834 1836
1834 1837
1835 1836
1835 1947
1835 1949
1836 1949
1836 1950
1836 1837
1837 1950
1837 1952
1839 1840
1840 1888
1842 1886
1842 1887
1842 1888
1843 1864
1843 1846
1843 1868
1843 1869
1843 1844
1843 1870
1844 1885
1844 1870
1845 1846
1846 1864
1848 1849
1848 1850
1849 1852
1849 1850
1851 1852
1856 1857
1858 1871
1858 1861
1858 1872
1858 1876
1858 1875
1858 1877
1858 1859
1859 1877
1859 1879
1860 1862
1860 1865
1860 1867
1860 1861
1861 1867
1861 1872
1862 1865
1862 1863
1863 1865
1863 1864
1863 1866
1864 1866
1864 1868
1865 1866
1865 1867
1866 1871
1866 1867
1866 1872
1866 1873
1866 1874
1866 1868
1867 1872
1868 1874
1868 1882
1868 1885
1868 1869
1868 1870
1869 1870
1870 1885
1871 1872
1871 1875
1871 1873
1873 1875
1873 1878
1873 1874
1874 1882
1874 1883
1875 1876
1875 1878
1876 1878
1876 1877
1877 1878
1880 1881
1882 1883
1882 1884
1882 1885
1883 1884
1884 1885
1886 1887
1887 1888
1889 1890
1889 1891
1889 1892
1891 1892
1893 1894
1896 1902
1898 1900
1898 1899
1899 1900
1903 1904
1903 1906
1903 1912
1903 1919
1904 1905
1904 1906
1905 1906
1906 1911
1906 1912
1907 1908
1907 1909
1908 1909
1910 1913
1911 1914
1911 1913
1911 1912
1912 1919
1916 1917
1921 1923
1921 1922
1923 1924
1925 1926
1927 1928
1930 1931
1930 1932
1931 1933
1931 1932
1931 1934
1933 1934
1935 1938
1935 1936
1936 1938
1936 1937
1937 1945
1937 1949
1939 1940
1939 1941
1939 1942
1940 1941
1941 1942
1941 1943
1942 1943
1944 1946
1944 1947
1944 1948
1944 1945
1945 1951
1945 1948
1945 1949
1946 1947
1947 1951
1947 1948
1947 1949
1948 1951
1949 1951
1949 1950
1949 1952
1950 1952
1952 1953
1954 1956
1957 2020
1959 1960
1960 1961
1966 1968
1966 1967
1967 1968
1969 1970
1972 1973
1972 1974
1973 1974
1975 1976
1977 1980
1978 1981
1978 1980
1980 1981
1982 1983
1984 1985
1984 1988
1984 1987
1987 1988
1987 1989
1988 1989
1988 1990
1989 1991
1989 1992
1989 1990
1990 1992
1990 1993
1990 1996
1991 1992
1992 1993
1992 1994
1992 1995
1993 1994
1993 1997
1993 1996
1994 1998
1994 1995
1995 1998
1995 1999
1996 2008
1996 1997
1997 2008
1998 1999
2003 2004
2004 2005
2005 2006
2006 2007
2009 2010
2013 2015
2014 2015
2017 2018
2019 2021
2024 2025
2024 2026
2025 2026
2030 2036
2030 2037
2031 2032
2032 2033
2032 2034
2033 2034
2035 2036
2036 2037
2039 2040
2039 2043
2039 2042
2040 2041
2040 2042
2041 2042
2042 2044
2042 2043
2043 2044
2045 2046
