0 1
0 2
0 3
0 4
0 5
0 6
0 7
0 8
0 9
0 10
0 11
0 12
0 13
0 14
0 15
0 16
0 17
0 18
0 19
0 20
0 21
0 22
0 23
0 24
0 25
0 26
1 13
1 12
1 16
1 21
1 23
1 25
1 4
1 11
1 15
1 18
2 20
2 9
2 8
2 3
2 22
2 24
2 14
3 8
3 9
3 14
3 20
3 22
3 24
4 16
4 11
4 13
4 15
4 18
4 21
4 23
4 25
4 12
5 19
5 17
5 10
5 6
5 7
5 26
6 19
6 17
6 10
6 7
6 26
7 123
7 68
7 137
7 19
7 124
7 125
7 138
7 126
7 10
7 65
7 139
7 17
7 26
7 127
8 48
8 52
8 37
8 53
8 57
8 94
8 59
8 35
8 61
8 49
8 47
8 50
8 54
8 55
8 56
8 65
8 9
8 10
8 69
8 11
8 14
8 111
8 72
8 73
8 112
8 74
8 92
8 113
8 40
8 77
8 78
8 81
8 114
8 85
8 84
8 115
8 20
8 22
8 101
8 24
8 25
8 89
8 26
8 116
9 20
9 22
9 24
9 14
10 48
10 52
10 57
10 78
10 19
10 11
10 56
10 69
10 26
10 17
10 81
11 48
11 52
11 16
11 57
11 69
11 78
11 23
11 12
11 21
11 56
11 15
11 26
11 25
11 13
11 18
11 81
12 16
12 13
12 15
12 18
12 21
12 23
12 25
13 16
13 141
13 96
13 49
13 21
13 23
13 25
13 120
13 15
13 18
14 20
14 22
14 24
15 16
15 21
15 23
15 25
15 18
16 21
16 23
16 25
16 18
17 144
17 147
17 145
17 19
17 21
17 146
17 26
17 148
17 149
17 18
18 144
18 147
18 148
18 145
18 146
18 23
18 25
18 21
18 149
19 26
20 48
20 42
20 35
20 77
20 22
20 24
21 48
21 51
21 109
21 53
21 117
21 93
21 94
21 59
21 60
21 61
21 62
21 64
21 96
21 66
21 144
21 147
21 68
21 70
21 72
21 97
21 73
21 74
21 75
21 118
21 121
21 98
21 80
21 148
21 82
21 99
21 83
21 84
21 119
21 146
21 100
21 86
21 49
21 50
21 92
21 54
21 65
21 85
21 91
21 55
21 145
21 23
21 25
21 110
21 88
21 89
21 90
21 149
22 48
22 42
22 35
22 77
22 24
23 25
24 32
24 29
24 25
24 39
25 27
25 48
25 51
25 32
25 37
25 53
25 42
25 57
25 59
25 60
25 35
25 61
25 62
25 64
25 28
25 95
25 31
25 66
25 67
25 68
25 70
25 44
25 72
25 73
25 74
25 75
25 33
25 41
25 40
25 80
25 45
25 82
25 83
25 30
25 84
25 36
25 86
25 38
25 101
25 49
25 34
25 54
25 55
25 43
25 47
25 50
25 92
25 29
25 65
25 88
25 89
25 85
25 46
25 116
25 90
25 39
26 48
26 52
26 117
26 57
26 69
26 122
26 70
26 111
26 72
26 73
26 75
26 120
26 78
26 80
26 81
26 82
26 131
26 129
26 56
27 28
27 29
27 30
27 31
27 32
27 33
27 34
27 35
27 36
27 37
27 38
27 39
27 40
27 41
27 42
27 43
27 44
27 45
27 46
27 47
28 32
28 37
28 117
28 42
28 35
28 34
28 29
28 43
28 47
28 31
28 70
28 44
28 33
28 41
28 40
28 80
28 45
28 30
28 119
28 36
28 38
28 46
28 39
29 48
29 32
29 37
29 42
29 35
29 31
29 44
29 72
29 75
29 33
29 41
29 40
29 45
29 82
29 30
29 36
29 87
29 38
29 46
29 39
29 34
29 43
29 47
30 32
30 37
30 42
30 35
30 31
30 44
30 33
30 41
30 40
30 45
30 34
30 36
30 38
30 39
30 43
30 46
30 47
31 32
31 37
31 42
31 35
31 33
31 34
31 41
31 36
31 38
31 39
31 40
31 43
31 46
31 45
31 44
31 47
32 102
32 47
32 103
32 37
32 42
32 43
32 35
32 63
32 64
32 104
32 66
32 34
32 68
32 105
32 44
32 72
32 33
32 41
32 106
32 107
32 40
32 108
32 45
32 82
32 36
32 65
32 38
32 46
32 39
33 37
33 42
33 35
33 44
33 34
33 41
33 36
33 38
33 39
33 40
33 43
33 46
33 45
33 47
34 37
34 42
34 35
34 44
34 41
34 40
34 45
34 36
34 38
34 46
34 39
34 47
34 43
35 48
35 37
35 42
35 94
35 59
35 43
35 47
35 44
35 111
35 73
35 112
35 113
35 41
35 40
35 77
35 45
35 114
35 115
35 36
35 65
35 38
35 89
35 46
35 39
36 37
36 42
36 57
36 59
36 104
36 44
36 130
36 41
36 40
36 45
36 50
36 129
36 43
36 47
36 38
36 131
36 46
36 39
37 103
37 42
37 43
37 94
37 59
37 47
37 104
37 68
37 105
37 44
37 111
37 73
37 112
37 113
37 41
37 40
37 77
37 108
37 45
37 114
37 115
37 65
37 38
37 89
37 46
37 39
38 128
38 42
38 62
38 63
38 64
38 71
38 44
38 41
38 106
38 107
38 40
38 108
38 45
38 150
38 102
38 125
38 43
38 47
38 88
38 89
38 46
38 39
39 42
39 44
39 41
39 40
39 45
39 46
39 43
39 47
40 53
40 42
40 59
40 61
40 44
40 72
40 73
40 74
40 41
40 49
40 50
40 47
40 55
40 43
40 85
40 92
40 54
40 45
40 84
40 101
40 46
40 116
41 42
41 44
41 43
41 46
41 45
41 47
42 48
42 43
42 47
42 44
42 77
42 45
42 46
43 44
43 45
43 46
43 47
44 45
44 46
44 47
45 46
45 47
46 48
46 59
46 72
46 73
46 112
46 75
46 82
46 87
46 140
46 47
47 94
47 59
47 111
47 73
47 112
47 113
47 77
47 114
47 115
47 89
47 65
48 49
48 50
48 51
48 52
48 53
48 54
48 55
48 56
48 57
48 58
48 59
48 60
48 61
48 62
48 63
48 64
48 65
48 66
48 67
48 68
48 69
48 70
48 71
48 72
48 73
48 74
48 75
48 76
48 77
48 78
48 79
48 80
48 81
48 82
48 83
48 84
48 85
48 86
48 87
48 88
48 89
48 90
49 51
49 53
49 59
49 60
49 61
49 62
49 141
49 64
49 96
49 66
49 68
49 70
49 72
49 73
49 74
49 75
49 120
49 80
49 82
49 83
49 84
49 86
49 101
49 88
49 89
49 116
49 90
49 50
49 92
49 54
49 55
49 65
49 85
50 51
50 53
50 93
50 57
50 94
50 59
50 60
50 61
50 62
50 64
50 104
50 96
50 66
50 68
50 70
50 130
50 72
50 97
50 73
50 74
50 75
50 98
50 80
50 82
50 99
50 83
50 84
50 100
50 86
50 101
50 88
50 89
50 131
50 116
50 90
50 91
50 92
50 54
50 129
50 55
50 65
50 85
51 91
51 92
51 53
51 54
51 55
51 65
51 93
51 57
51 94
51 59
51 60
51 61
51 62
51 64
51 95
51 96
51 66
51 67
51 68
51 70
51 72
51 97
51 73
51 74
51 75
51 98
51 80
51 82
51 99
51 83
51 84
51 100
51 86
51 101
51 88
51 89
51 85
51 90
52 56
52 78
52 69
52 57
52 81
53 92
53 54
53 55
53 65
53 57
53 59
53 60
53 61
53 62
53 64
53 95
53 66
53 67
53 68
53 70
53 72
53 73
53 74
53 75
53 98
53 80
53 82
53 83
53 84
53 86
53 101
53 88
53 89
53 85
53 116
53 90
54 59
54 60
54 61
54 62
54 64
54 66
54 68
54 70
54 72
54 73
54 74
54 75
54 98
54 80
54 82
54 83
54 84
54 86
54 101
54 88
54 89
54 116
54 90
54 92
54 55
54 65
54 85
55 59
55 60
55 61
55 62
55 64
55 66
55 68
55 70
55 72
55 73
55 74
55 75
55 80
55 82
55 83
55 84
55 86
55 101
55 88
55 89
55 116
55 90
55 92
55 65
55 85
56 57
56 69
56 78
56 81
57 117
57 92
57 129
57 58
57 59
57 64
57 104
57 95
57 66
57 67
57 69
57 122
57 70
57 71
57 111
57 130
57 72
57 73
57 74
57 75
57 120
57 78
57 80
57 81
57 82
57 101
57 131
58 59
58 63
58 64
58 67
58 71
58 76
58 79
58 81
58 84
59 94
59 140
59 129
59 65
59 75
59 60
59 61
59 62
59 64
59 104
59 95
59 66
59 67
59 68
59 70
59 71
59 111
59 130
59 72
59 73
59 112
59 74
59 92
59 113
59 77
59 98
59 80
59 81
59 82
59 114
59 83
59 84
59 115
59 86
59 101
59 88
59 89
59 131
59 85
59 116
59 90
60 92
60 65
60 85
60 61
60 62
60 64
60 66
60 68
60 70
60 72
60 73
60 74
60 75
60 98
60 80
60 82
60 83
60 84
60 86
60 88
60 89
60 90
61 92
61 65
61 85
61 62
61 64
61 66
61 68
61 70
61 72
61 73
61 74
61 75
61 80
61 82
61 83
61 84
61 86
61 101
61 88
61 89
61 116
61 90
62 128
62 125
62 92
62 65
62 85
62 64
62 66
62 68
62 70
62 71
62 72
62 73
62 74
62 75
62 108
62 98
62 80
62 82
62 83
62 84
62 86
62 88
62 89
62 90
63 64
63 102
63 106
63 76
63 107
63 79
64 102
64 65
64 66
64 67
64 68
64 70
64 71
64 72
64 73
64 74
64 75
64 106
64 76
64 107
64 79
64 80
64 81
64 82
64 83
64 84
64 86
64 88
64 89
64 85
64 90
65 123
65 94
65 127
65 124
65 66
65 68
65 70
65 111
65 72
65 73
65 112
65 74
65 75
65 113
65 126
65 77
65 80
65 82
65 114
65 83
65 84
65 115
65 86
65 88
65 89
65 90
65 125
65 85
66 93
66 94
66 95
66 96
66 91
66 92
66 67
66 68
66 70
66 72
66 97
66 73
66 74
66 75
66 98
66 80
66 82
66 99
66 83
66 84
66 100
66 86
66 101
66 88
66 89
66 85
66 90
67 95
67 74
67 92
67 101
67 71
67 73
68 103
68 123
68 127
68 104
68 124
68 125
68 85
68 105
68 70
68 72
68 73
68 74
68 75
68 126
68 108
68 80
68 82
68 83
68 84
68 86
68 88
68 89
68 90
69 94
69 95
69 133
69 134
69 99
69 135
69 78
69 132
69 89
69 71
69 81
69 136
70 117
70 93
70 94
70 96
70 122
70 91
70 92
70 111
70 72
70 97
70 73
70 74
70 75
70 120
70 98
70 85
70 80
70 82
70 99
70 83
70 84
70 119
70 100
70 86
70 88
70 89
70 90
71 128
71 94
71 95
71 133
71 134
71 125
71 132
71 135
71 108
71 99
71 88
71 89
71 136
72 117
72 122
72 111
72 92
72 73
72 74
72 75
72 118
72 120
72 121
72 80
72 82
72 83
72 84
72 119
72 85
72 86
72 87
72 101
72 88
72 89
72 116
72 90
73 117
73 94
73 95
73 122
73 111
73 140
73 75
73 112
73 74
73 92
73 113
73 120
73 77
73 80
73 82
73 114
73 83
73 84
73 115
73 85
73 86
73 101
73 88
73 89
73 116
73 90
74 95
74 92
74 75
74 98
74 80
74 82
74 83
74 84
74 86
74 101
74 88
74 89
74 85
74 116
74 90
75 117
75 122
75 111
75 120
75 80
75 82
75 83
75 84
75 85
75 86
75 87
75 88
75 89
75 90
76 79
77 94
77 111
77 112
77 113
77 115
77 114
77 89
78 81
80 117
80 93
80 94
80 96
80 122
80 111
80 97
80 120
80 98
80 91
80 85
80 82
80 99
80 83
80 84
80 119
80 100
80 86
80 88
80 89
80 90
82 117
82 122
82 111
82 120
82 83
82 84
82 85
82 86
82 87
82 88
82 89
82 90
83 98
83 92
83 85
83 84
83 86
83 88
83 89
83 90
84 109
84 117
84 93
84 94
84 96
84 97
84 118
84 121
84 98
84 99
84 91
84 92
84 85
84 119
84 100
84 86
84 101
84 110
84 88
84 89
84 116
84 90
85 86
85 101
85 88
85 89
85 116
85 90
85 92
86 88
86 89
86 90
88 128
88 108
88 125
88 89
88 90
89 93
89 94
89 95
89 96
89 133
89 134
89 111
89 97
89 135
89 112
89 113
89 98
89 150
89 99
89 114
89 115
89 100
89 91
89 132
89 92
89 90
89 136
91 93
91 94
91 96
91 97
91 98
91 99
91 100
92 95
92 98
92 101
92 116
93 99
93 96
93 100
93 94
93 98
93 97
94 132
94 95
94 96
94 133
94 134
94 111
94 97
94 135
94 112
94 113
94 98
94 99
94 114
94 115
94 100
94 136
95 99
95 135
95 134
95 133
95 101
95 136
95 132
96 141
96 99
96 100
96 120
96 98
96 97
97 99
97 100
97 98
98 99
98 100
99 133
99 134
99 135
99 132
99 100
99 136
101 116
102 106
102 107
103 104
103 108
103 105
104 129
104 131
104 108
104 105
104 130
105 108
106 107
108 128
108 125
109 110
111 117
111 122
111 112
111 113
111 120
111 114
111 115
112 114
112 113
112 115
112 140
113 114
113 115
114 115
117 118
117 119
117 120
117 121
117 122
118 119
118 121
119 121
120 141
120 122
123 124
123 125
123 126
123 127
124 127
124 125
124 126
125 128
125 127
125 126
126 127
129 130
129 131
130 131
132 133
132 134
132 135
132 136
133 135
133 134
133 136
134 135
134 136
135 136
137 138
137 139
138 139
142 143
144 145
144 146
144 147
144 148
144 149
145 147
145 148
145 146
145 149
146 147
146 148
146 149
147 148
147 149
148 149
