0 1
0 105
0 4
0 2252
0 2253
0 2254
0 2255
0 2256
0 14
0 2257
0 2258
0 2259
0 2260
0 19
0 2261
0 2262
1 2
1 3
1 4
1 5
1 6
1 7
1 8
1 9
1 10
1 11
1 12
1 13
1 14
1 15
1 16
1 17
1 18
1 19
1 20
1 21
1 22
2 677
2 410
2 806
2 3
2 2145
2 1801
2 225
2 1112
2 3296
2 1427
2 3428
2 2811
2 3429
2 3430
2 13
2 3431
2 3432
2 2846
2 3433
2 3434
2 3435
3 806
3 3510
3 3511
3 737
3 1928
3 3512
3 756
3 3513
3 3514
3 3515
3 3516
3 2846
3 16
3 3517
3 3518
3 3519
4 554
4 1603
4 595
4 1459
4 1196
4 49
4 1560
4 550
4 58
4 2145
4 555
4 551
4 109
4 4180
4 3249
4 4181
4 91
4 4182
4 1977
4 1826
4 944
4 4183
4 4184
4 4185
4 76
4 1892
4 4186
4 1835
4 4187
4 4188
4 4189
4 1988
4 700
4 1470
5 677
5 1668
5 432
5 240
5 4447
5 1622
5 1678
5 4448
5 4449
5 4450
5 4451
5 4452
5 4453
5 955
5 4454
5 4455
5 3872
6 2274
6 1397
6 410
6 363
6 878
6 240
6 4576
6 2275
6 176
6 1442
6 4577
6 737
6 4578
6 4579
6 4580
6 4581
6 4582
6 4583
6 3197
6 1912
6 4584
6 4585
6 4586
6 1401
6 4587
6 920
6 4588
6 4589
6 18
6 4590
6 4591
6 3635
6 4592
6 4593
9 554
10 516
10 961
12 793
13 255
13 410
14 410
14 821
15 1603
16 474
18 396
19 1510
19 679
19 60
20 474
22 102
22 1671
22 1085
23 24
24 25
24 26
24 27
24 28
24 29
24 30
24 31
24 32
24 33
24 34
24 35
24 36
24 37
24 38
24 39
24 40
24 41
24 42
27 498
27 109
29 239
30 2319
32 2563
43 44
43 856
43 1440
43 431
43 2056
43 1471
43 396
43 2057
43 2058
43 434
43 2059
43 1307
43 2060
43 402
43 403
43 2061
43 2062
43 2063
43 404
43 2064
43 2065
43 2066
43 1598
43 2067
43 2068
43 2069
43 2070
43 2071
43 2072
43 1454
43 406
43 408
43 129
43 2073
43 2074
43 2075
43 2076
43 2077
43 2078
43 2079
43 1457
43 2080
43 2081
43 409
43 2082
43 2083
44 45
44 46
44 47
44 48
45 396
48 550
49 50
49 450
49 1272
49 1611
49 1761
49 1823
49 449
49 53
49 452
49 680
49 453
49 58
49 806
49 258
49 2012
49 1881
49 107
49 904
49 2194
49 59
49 681
49 225
49 1824
49 2195
49 110
49 86
49 2196
49 2197
49 2198
49 941
49 2199
49 2200
49 2201
49 2202
49 2203
49 2204
49 126
49 2205
49 2206
49 130
49 2207
49 2208
49 2209
49 469
49 133
49 2210
50 51
50 52
50 53
50 54
50 55
50 56
50 57
50 58
50 59
50 60
50 61
50 62
50 63
50 64
50 65
50 66
50 67
50 68
50 69
50 70
50 71
50 72
50 73
50 74
50 75
50 76
50 77
50 78
50 79
50 80
50 81
50 82
51 105
51 1667
51 2433
51 2434
51 2435
51 1101
51 2436
51 2437
51 2438
51 2439
51 2440
51 2441
51 2442
51 2443
51 2444
51 2445
51 2446
51 1496
51 2447
51 235
51 2448
51 2449
51 2450
51 602
51 2451
51 2452
51 2453
51 2454
51 2038
51 2455
51 2456
51 2457
51 2458
51 2459
51 1589
51 2460
51 693
51 2461
51 2462
51 2463
51 2464
52 540
52 539
52 85
52 54
52 55
52 2511
52 2512
52 1095
52 1264
52 2513
52 2514
52 2515
52 2516
52 2517
52 2518
53 450
53 1611
53 449
53 58
53 258
53 107
53 2194
53 59
53 2894
53 2895
53 1612
53 2896
53 2897
53 2207
53 2208
53 2210
54 3013
55 103
55 2855
55 1053
55 3149
55 3150
55 3151
55 136
55 188
56 715
56 225
56 3153
56 3154
56 3155
56 2883
56 3156
56 273
56 3157
56 1495
57 449
57 59
57 695
57 3225
57 3226
57 3227
57 3228
57 3229
57 457
57 3230
57 3231
57 119
57 572
57 2201
57 3232
57 3233
57 3234
57 464
57 3076
57 501
57 77
57 3235
57 3236
57 698
57 79
57 3237
57 2396
57 3238
58 1823
58 449
58 1196
58 1707
58 1671
58 1881
58 555
58 59
58 110
58 3437
58 2225
58 943
58 3438
58 3439
58 76
58 77
58 3440
58 181
58 700
59 450
59 516
59 694
59 449
59 521
59 3260
59 3036
59 4351
59 2122
59 4352
59 4353
59 4354
59 4355
59 4356
59 4357
59 698
59 4358
59 3687
59 4359
59 1609
59 4360
59 2207
59 467
59 3237
59 4361
59 2396
59 4362
59 4363
59 357
59 468
59 469
59 4364
59 4365
59 3559
59 4366
59 4367
59 537
59 4368
59 3238
59 4369
59 473
59 4370
60 141
60 676
60 105
60 1510
60 1929
60 937
60 149
60 857
60 152
60 909
60 1971
60 4730
60 4731
60 4732
60 1673
60 1767
60 4005
60 1093
60 2220
60 1483
60 684
60 2225
60 4733
60 4734
60 4735
60 4736
60 4737
60 4029
60 4738
60 4739
60 4740
60 692
60 1937
60 1011
60 1635
60 1051
60 929
60 1512
60 4020
60 4741
60 362
60 1988
65 103
65 106
65 2057
65 2195
65 110
65 1085
66 676
74 109
75 703
75 807
76 694
76 449
77 450
77 449
77 3035
77 3575
80 194
80 5050
81 1462
83 84
83 2084
84 85
84 86
84 87
84 88
84 89
84 90
84 91
84 92
84 93
84 94
84 95
84 96
84 97
84 98
84 99
84 100
84 101
85 256
85 936
85 677
85 539
85 255
85 1949
85 2536
85 2855
85 2873
86 548
86 676
86 1110
86 677
86 815
86 1764
86 1877
86 1929
86 819
86 1707
86 1620
86 550
86 250
86 1460
86 1930
86 962
86 715
86 830
86 239
86 2163
86 821
86 398
86 822
86 551
86 1112
86 110
86 1085
86 4807
86 4808
86 3114
86 97
86 4809
86 1270
86 4810
86 4811
86 665
86 4812
86 4813
86 4814
86 101
86 1013
86 4815
86 4816
86 1943
86 4817
86 4818
86 2100
87 960
87 936
87 817
87 819
87 250
87 1460
87 1950
87 1951
87 962
87 1906
87 822
87 2194
87 109
87 858
87 1085
87 154
87 356
87 3010
87 4968
87 2803
87 3949
87 4969
87 4970
87 2625
87 4971
87 4972
87 3075
89 960
89 815
89 255
89 817
90 2278
90 1768
91 694
91 817
91 250
91 1671
91 520
91 521
91 681
91 1085
91 1555
96 2563
96 807
99 2733
99 857
99 229
102 103
102 180
102 181
102 182
102 136
102 183
102 184
102 185
102 186
102 187
102 188
102 189
103 104
103 105
103 106
103 107
103 108
103 109
103 110
103 111
103 112
103 113
103 114
103 115
103 116
103 117
103 118
103 119
103 120
103 121
103 122
103 123
103 124
103 125
103 126
103 127
103 128
103 129
103 130
103 131
103 132
103 133
103 134
103 135
103 136
104 348
104 349
104 350
104 130
104 351
104 352
104 353
104 354
104 355
104 356
104 357
104 358
104 359
104 360
104 361
104 133
104 362
104 136
105 316
105 676
105 935
105 1083
105 145
105 503
105 1084
105 678
105 106
105 680
105 715
105 107
105 152
105 110
105 1085
105 319
105 1086
105 1087
105 939
105 1088
105 1089
105 1090
105 1091
105 1092
105 328
105 1093
105 1094
105 1095
105 1096
105 1097
105 1098
105 1099
105 720
105 862
105 1100
105 1101
105 1102
105 128
105 1103
105 657
105 1104
105 1105
105 1106
105 954
105 929
105 354
105 955
105 693
105 1107
106 1016
106 1242
106 1257
106 819
106 767
106 258
106 1243
106 107
106 2898
106 681
106 109
106 110
106 2899
106 2900
106 2901
106 1246
106 1247
106 118
106 2902
106 2903
106 120
106 122
106 2861
106 123
106 2904
106 2212
106 2154
106 2905
106 2906
106 2907
106 2908
106 129
106 130
106 2909
106 2910
106 2820
106 989
106 2911
106 132
106 2912
106 133
106 134
106 183
107 793
107 238
107 814
107 817
107 1459
107 819
107 1671
107 2162
107 1460
107 520
107 962
107 521
107 715
107 1554
107 3317
107 2163
107 133
107 3558
107 3850
107 1469
107 700
107 3117
107 186
107 1470
108 256
108 255
108 257
108 111
108 4223
108 4224
108 4225
108 1960
108 1961
108 4226
108 127
108 4227
108 131
108 4127
108 135
108 188
109 238
109 815
109 1669
109 521
109 1727
109 765
109 3204
109 239
109 904
109 2145
109 681
109 240
109 110
109 3540
109 1085
109 4507
109 1555
109 880
109 4508
109 202
109 4509
109 2041
109 4510
109 1556
109 3133
109 3805
109 3431
109 4511
109 4512
109 4513
109 273
109 3648
109 4514
109 4515
109 129
109 1044
109 3209
109 1495
109 4312
109 341
109 3210
109 426
109 1053
109 4516
109 3183
109 4517
109 2463
109 2048
110 397
110 1016
110 819
110 1671
110 2163
110 398
110 399
110 2898
110 681
110 225
110 1085
110 113
110 3773
110 115
110 118
110 4661
110 1793
110 4662
110 270
110 121
110 122
110 4663
110 4225
110 2861
110 4456
110 123
110 1263
110 2863
110 2904
110 2204
110 127
110 128
110 348
110 2908
110 1043
110 407
110 2206
110 129
110 1044
110 2877
110 1465
110 130
110 4664
110 4665
110 4666
110 4667
110 132
110 4668
110 2912
110 133
110 1469
110 136
117 2855
117 1555
118 290
118 4116
119 413
119 516
122 1440
122 399
122 400
124 2605
127 1555
128 316
129 397
129 2052
129 2211
130 520
130 715
130 1822
130 2195
132 4494
133 1707
133 680
133 2195
134 1242
134 1257
134 1243
134 1906
136 2855
136 680
136 3791
137 138
138 139
140 141
140 143
140 503
140 147
140 148
140 504
140 505
140 506
140 159
140 507
140 508
140 162
140 509
140 165
140 510
140 511
140 170
141 142
141 143
141 144
141 145
141 146
141 147
141 148
141 149
141 150
141 151
141 152
141 153
141 154
141 155
141 156
141 157
141 158
141 159
141 160
141 161
141 162
141 163
141 164
141 165
141 166
141 167
141 168
141 169
141 170
141 171
142 143
142 151
142 604
142 605
142 606
142 607
142 608
142 609
142 610
142 611
142 612
142 613
142 614
142 615
143 922
143 162
143 611
143 923
143 924
143 925
143 827
143 163
143 926
143 927
143 928
143 929
143 612
143 930
143 166
143 931
143 613
143 511
143 932
143 933
143 615
143 934
143 171
144 793
144 993
144 1042
144 1043
144 1044
144 1045
144 1046
144 1047
144 1048
144 1049
144 1050
144 1051
144 1052
144 1053
144 1054
144 1055
144 1056
144 1057
144 284
144 1058
144 553
144 1059
145 793
145 238
145 993
145 518
145 677
145 1107
145 2048
145 2049
145 2050
145 2051
145 346
145 1059
145 1027
146 147
146 148
146 154
146 3066
146 3067
146 3068
146 1975
146 3069
146 1007
146 3070
146 3071
146 3072
146 3073
146 3074
146 3075
146 169
147 817
147 148
147 1509
147 153
147 154
147 995
147 3146
147 158
147 3147
147 3148
147 160
147 166
147 511
147 932
147 170
147 171
148 150
148 152
148 154
148 3146
148 157
148 3028
148 3152
148 166
148 614
148 169
148 170
149 152
149 153
149 3269
150 976
150 1110
150 677
150 255
150 1112
150 3367
150 608
150 3368
150 1629
150 977
150 612
150 933
151 255
151 1620
151 250
151 1950
151 1951
151 962
151 1952
151 152
151 153
151 1953
151 1954
151 2312
151 3653
151 3654
151 3655
151 1663
151 3032
151 2355
151 3656
151 3657
151 3034
151 158
151 159
151 160
151 1965
151 923
151 163
151 926
151 928
151 3010
151 166
151 511
151 171
152 976
152 2319
152 1950
152 908
152 879
152 153
152 4231
152 1954
152 4232
152 2837
152 4233
152 3146
152 4234
152 3032
152 4235
152 4236
152 4237
152 1685
152 2798
152 4238
152 4239
152 4240
152 4241
152 926
152 4242
152 4243
152 4244
152 4245
152 4246
152 932
152 4247
153 677
153 255
153 1620
153 1115
153 2351
153 3653
153 3654
153 1663
153 3656
153 1126
153 159
153 692
153 926
153 4604
153 4605
153 511
153 1967
154 3067
154 4934
154 4935
154 4936
154 4937
154 4938
154 157
154 4939
154 4940
154 4941
154 4942
154 4943
154 4944
154 4945
154 4946
154 3070
154 4098
154 4947
154 166
154 4948
154 4949
154 4950
154 4951
154 614
154 4952
154 4953
154 4954
154 3075
154 4955
154 4956
154 169
154 4957
154 4958
154 4959
156 3204
158 817
158 703
158 1509
159 960
159 815
159 1929
159 255
159 817
159 819
159 1620
159 250
159 962
159 1952
159 822
159 1509
159 1931
160 1662
160 255
161 817
161 703
163 250
163 962
166 255
166 1951
167 2377
171 1951
172 173
172 548
172 195
172 240
172 176
172 2020
172 2021
172 2022
172 2023
172 2024
172 2025
172 749
172 2026
172 2027
172 2028
172 2029
172 1388
172 2030
172 1568
172 406
172 2031
172 2032
172 2033
172 2034
172 2035
172 2036
172 2037
172 2038
172 2039
172 2040
173 174
173 175
173 176
173 177
173 178
173 179
174 237
174 240
174 2465
174 2466
174 241
174 2467
174 2468
174 2469
174 737
174 2470
174 2471
174 2472
174 2473
174 2474
174 2475
174 2476
174 2477
174 2478
174 2479
174 2480
174 2481
174 2482
174 2483
174 2484
174 2485
174 2486
174 2487
174 2488
174 2489
174 2490
174 2491
174 2492
174 2493
174 2494
175 430
175 2052
175 4855
175 1307
175 4856
175 1504
175 1310
175 4857
175 4858
175 2213
175 4859
175 4860
175 4861
175 4862
175 4863
175 3201
176 2399
181 676
181 1376
181 680
181 2163
182 258
182 239
182 3544
183 258
186 814
186 520
188 3791
188 1555
190 191
190 1139
190 1140
190 195
190 200
190 201
190 1141
190 205
190 1142
190 1143
190 1144
190 1145
190 1146
190 1147
190 1148
190 1149
190 1150
190 1151
190 1152
190 1153
190 218
190 636
190 1154
190 220
190 1155
190 221
190 1156
190 1157
190 1158
190 1159
190 1160
191 192
191 193
191 194
191 195
191 196
191 197
191 198
191 199
191 200
191 201
191 202
191 203
191 204
191 205
191 206
191 207
191 208
191 209
191 210
191 211
191 212
191 213
191 214
191 215
191 216
191 217
191 218
191 219
191 220
191 221
191 222
191 223
191 224
192 1061
192 1139
192 1841
192 619
192 195
192 1842
192 1141
192 1843
192 205
192 1844
192 1845
192 1846
192 1847
192 1848
192 1147
192 1585
192 1849
192 1365
192 574
192 1850
192 1851
192 1852
192 1853
192 1854
192 1855
192 1856
193 1271
193 410
193 2880
193 1709
193 620
193 3575
193 195
193 196
193 198
193 3576
193 597
193 3577
193 3578
193 3579
193 3580
193 3581
193 1808
193 3582
193 3583
193 1809
193 3584
193 3585
193 3586
193 3587
193 3588
193 3589
193 3590
193 3591
193 3512
193 3592
193 3593
193 3594
193 1815
193 3595
193 3596
193 235
193 1587
193 3597
193 3598
193 989
193 3599
193 3433
193 3600
193 2873
193 3601
193 1876
194 198
194 3296
194 3739
194 3740
194 3741
194 3742
194 3743
194 3744
194 3745
194 542
194 3746
194 3747
194 3748
194 3749
194 3750
194 3751
194 2441
194 3025
194 3737
194 3752
194 3753
195 289
195 430
195 396
195 4050
195 4051
195 4052
195 4053
195 711
195 4054
195 4055
195 4056
195 4057
195 219
195 4058
195 4059
195 4060
195 4061
195 4062
195 1772
195 4063
195 4064
195 4065
195 4066
195 4067
195 4068
195 4069
195 4070
196 197
196 4334
196 4335
196 2104
196 3642
196 4336
196 206
196 1143
196 4337
196 294
196 207
196 3581
196 4338
196 4339
196 4340
196 214
196 4341
196 4342
196 4343
196 2018
196 235
196 1852
196 4344
196 3597
196 4345
196 4346
196 4347
196 4348
196 4349
196 4350
197 387
197 2563
197 4334
197 4371
197 4372
197 4373
197 4209
197 4374
197 4375
197 4376
197 4377
197 4336
197 1143
197 4378
197 4379
197 4380
197 207
197 4381
197 4382
197 2721
197 4383
197 4384
197 4385
197 2979
197 4386
197 4387
197 4388
197 4389
197 4390
197 4391
197 711
197 4392
197 2301
197 4393
197 4394
197 4065
197 4395
197 3769
197 4396
197 4397
197 3176
198 619
198 620
198 4398
198 4399
198 1583
198 4400
198 2751
198 3578
198 626
198 4401
198 4402
198 4403
198 4404
198 4405
198 4406
198 4407
198 4408
198 3581
198 1809
198 4409
198 4410
198 4411
198 1146
198 4412
198 4413
198 3300
198 4414
198 4415
198 4416
198 4417
198 4418
198 3594
198 3596
198 3534
198 713
198 4419
198 1296
198 4420
198 4421
198 4259
198 4422
201 673
201 672
202 1257
202 225
206 1970
210 434
213 1083
213 229
218 1140
219 1970
225 226
225 730
225 238
225 518
225 815
225 1553
225 1823
225 1560
225 1140
225 3887
225 1273
225 399
225 822
225 681
225 3726
225 240
225 1359
225 1427
225 1768
225 4494
225 2219
225 984
225 2696
225 1075
227 228
227 429
227 1018
227 1019
227 920
227 1020
227 1021
227 1022
227 1023
227 1024
227 1025
227 1026
227 1027
228 229
228 230
228 231
228 232
228 233
228 234
228 235
229 917
229 1300
229 1083
229 1561
229 1747
229 2807
229 1318
229 3984
229 1305
229 1202
229 3985
229 3986
229 3987
229 3988
229 3989
229 3990
229 3991
229 3335
229 3992
229 3993
229 3994
229 3841
229 3995
229 1330
229 3996
229 3997
229 1225
229 3998
229 3999
229 4000
230 2336
232 1300
236 237
236 238
236 250
236 241
236 251
236 242
236 252
236 243
236 244
236 245
236 246
236 247
236 253
236 254
236 249
237 238
237 239
237 240
237 241
237 242
237 243
237 244
237 245
237 246
237 247
237 248
237 249
238 814
238 815
238 816
238 817
238 818
238 819
238 503
238 250
238 820
238 680
238 715
238 821
238 822
238 241
238 823
238 824
238 825
238 826
238 247
238 827
238 828
238 829
239 256
239 3770
239 259
239 401
239 3771
239 3772
239 264
239 3773
239 3774
239 267
239 3775
239 270
239 3776
239 3777
239 1100
239 3778
239 2154
239 3779
239 3780
239 281
239 282
239 3781
239 3782
239 3783
239 3784
239 284
239 345
239 286
239 1107
239 3673
239 2100
240 429
240 2779
240 765
240 396
240 432
240 904
240 398
240 433
240 1359
240 4549
240 4323
240 4550
240 1741
240 2020
240 737
240 4551
240 4552
240 4553
240 4554
240 1732
240 4555
240 4556
240 749
240 4557
240 4558
240 884
240 4559
240 4560
240 4561
240 4562
240 4563
240 2054
240 4564
240 1312
240 4565
240 4566
240 1388
240 2030
240 1568
240 4567
240 2442
240 4568
240 4569
240 4570
240 2034
240 4571
240 2035
240 4572
240 2036
240 4573
240 249
240 4574
240 2457
240 4575
248 2131
250 960
250 815
250 817
250 819
250 1950
250 1951
250 962
250 830
250 821
250 822
250 2239
250 2610
250 2611
250 2612
250 2313
250 2613
250 2614
250 1663
250 2615
250 1005
250 2616
250 2617
250 967
250 1716
250 2618
250 1720
250 1962
250 2619
250 1963
250 1964
250 2620
250 2621
250 2288
250 2622
250 827
250 926
250 2623
250 1938
250 2624
250 974
250 1013
250 2322
250 2625
255 256
255 976
255 677
255 815
255 1949
255 994
255 1620
255 257
255 1950
255 1951
255 258
255 1952
255 1953
255 1954
255 1955
255 1956
255 1957
255 1958
255 1959
255 1960
255 1961
255 1962
255 1963
255 1964
255 1965
255 692
255 977
255 926
255 1966
255 1057
255 511
255 865
255 1967
255 1968
255 1969
256 257
256 258
256 259
256 260
256 261
256 262
256 263
256 264
256 265
256 266
256 267
256 268
256 269
256 270
256 271
256 272
256 273
256 274
256 275
256 276
256 277
256 278
256 279
256 280
256 281
256 282
256 283
256 284
256 285
256 286
256 287
257 258
257 2874
257 2875
257 2876
257 2863
257 2877
257 2878
257 2879
258 316
258 815
258 1669
258 1707
258 2399
258 1460
258 1727
258 3669
258 3670
258 3115
258 3671
258 3672
258 286
258 3673
260 2855
260 2856
262 2855
262 4819
267 3544
267 4819
268 4819
270 4819
271 1707
273 715
273 3544
281 316
284 4819
286 316
287 1555
288 289
288 2639
289 290
289 291
289 292
289 293
289 294
289 295
289 296
289 297
289 298
289 299
289 300
289 301
289 302
289 303
289 304
289 305
289 306
289 307
289 308
289 309
289 310
290 4116
290 434
290 4117
290 4118
290 299
290 4119
290 4120
290 4121
295 386
305 3318
311 312
312 313
312 314
312 315
316 317
316 318
316 319
316 320
316 321
316 322
316 323
316 324
316 325
316 326
316 327
316 328
316 329
316 330
316 331
316 332
316 333
316 334
316 335
316 336
316 337
316 338
316 339
316 340
316 341
316 342
316 343
316 344
316 345
316 346
316 347
317 816
317 1471
317 1472
317 1473
317 1474
317 1475
317 1476
317 1477
317 1478
317 1479
317 1480
317 1481
317 1482
317 840
317 329
317 330
317 1483
317 1484
317 1485
317 1486
317 1487
317 1488
317 1489
317 1490
317 1491
317 1492
317 337
317 1493
317 1494
317 1495
317 1496
317 1104
317 353
317 1497
317 1498
317 1499
317 1500
317 1180
322 4819
325 1403
346 2855
346 680
346 4819
348 2195
349 1554
351 1084
351 680
351 715
353 715
354 1823
354 1084
354 715
355 2195
356 1768
360 2194
362 1376
362 937
363 364
363 1396
363 2181
363 781
363 1442
363 2226
363 3882
363 3883
363 3884
363 2139
363 3885
363 3886
364 365
364 366
364 367
364 368
364 369
364 370
364 371
364 372
364 373
364 374
364 375
364 376
364 377
364 378
364 379
364 380
364 381
364 382
364 383
364 384
381 3887
385 386
385 1923
385 1924
385 1925
385 1926
385 1927
385 1928
386 387
386 388
386 389
386 390
386 391
386 392
386 393
386 394
386 395
387 673
387 672
387 2377
387 674
387 3755
387 1142
387 3756
387 3757
387 675
387 3758
387 2568
387 3759
387 3760
387 3761
387 392
387 3762
387 3763
387 3764
387 3765
387 3766
387 3767
387 3768
387 1590
387 3769
387 395
388 2564
388 2563
388 4252
388 4209
388 4253
388 4254
388 2566
388 4255
388 3759
388 4256
388 4257
388 4258
388 4259
389 3317
389 810
396 397
396 429
396 877
396 1440
396 430
396 2052
396 1396
396 2179
396 1592
396 2056
396 1514
396 3724
396 3791
396 399
396 3792
396 433
396 2057
396 2058
396 2182
396 400
396 434
396 435
396 3793
396 2059
396 3619
396 3794
396 3795
396 3796
396 798
396 3797
396 3798
396 3799
396 3800
396 3801
396 3802
396 1286
396 3803
396 3804
396 3805
396 3806
396 3807
396 3808
396 3809
396 3810
396 3246
396 3811
396 3812
396 1454
396 3813
396 3814
396 3815
396 1051
396 3816
396 3817
396 3818
397 398
397 399
397 400
397 401
397 402
397 403
397 404
397 405
397 406
397 407
397 408
397 409
398 1439
398 1017
398 399
398 1303
398 3370
398 400
398 781
398 4093
398 4094
398 4095
398 1309
398 4096
398 3836
398 4097
398 4098
398 4099
398 1858
398 1779
398 4100
398 4101
399 1440
399 1614
399 779
399 2179
399 2056
399 3304
399 1017
399 1514
399 681
399 2182
399 3960
399 4178
399 4179
399 3314
400 1440
400 2216
400 431
400 1396
400 2056
400 1514
400 1441
400 3619
400 4723
400 3621
400 1447
400 2219
400 1449
400 4308
400 4724
400 4725
400 4726
400 4727
401 962
401 1727
401 3544
402 434
404 431
404 2056
407 680
408 1396
408 434
409 434
410 411
410 616
410 821
410 1361
410 2832
410 2833
410 2834
410 737
410 2835
410 2836
410 2837
410 893
410 2838
410 2839
410 2840
410 2841
410 2842
410 2843
410 2844
410 2845
410 2846
410 2847
410 2848
410 2849
410 2850
410 2851
410 2852
410 2853
410 2854
412 413
413 414
413 415
413 416
413 417
413 418
413 419
413 420
413 421
413 422
413 423
413 424
413 425
413 426
413 427
413 428
421 1555
426 652
428 2856
429 430
429 431
429 432
429 433
429 434
429 435
429 436
429 437
429 438
429 439
429 440
429 441
429 442
429 443
429 444
429 445
429 446
429 447
429 448
430 1501
430 1502
430 1503
430 1504
430 1309
430 1505
430 1506
430 1507
430 1508
431 2056
431 767
431 2412
431 432
431 1906
431 2413
431 2414
432 677
432 435
432 704
432 3866
432 3867
432 3868
432 3869
432 3870
432 3871
432 3872
432 2081
433 588
433 587
433 1571
433 1570
433 1196
433 1592
433 435
433 3065
433 4260
433 2148
433 3629
433 4261
433 2025
433 4262
433 4263
433 4264
433 770
433 771
433 4265
433 592
433 4266
433 1388
433 593
433 4267
433 803
433 776
433 4268
433 2160
434 3190
434 3969
434 2144
434 4885
434 2213
434 4490
434 1314
435 587
435 4928
435 4929
435 4930
435 4931
435 770
435 2157
435 774
435 3816
435 4932
435 4933
435 776
438 818
438 2563
443 596
443 3121
449 450
449 898
449 452
449 1881
449 1882
449 1883
449 1884
449 1885
449 1886
449 572
449 1887
449 1888
449 463
449 465
449 1889
449 1890
449 659
449 1891
449 1892
449 1893
449 1894
449 1895
449 1896
449 1897
449 1898
450 451
450 452
450 453
450 454
450 455
450 456
450 457
450 458
450 459
450 460
450 461
450 462
450 463
450 464
450 465
450 466
450 467
450 468
450 469
450 470
450 471
450 472
450 473
451 2403
451 2404
451 2405
451 2406
451 2407
451 2408
451 2409
451 2410
451 2411
452 1538
452 1668
452 1670
452 1540
452 463
452 2815
452 3076
453 1761
453 1899
453 1881
453 3296
453 3297
453 3298
453 3299
453 3300
453 1814
453 3301
453 3302
453 3303
454 516
454 4695
454 4696
454 2201
454 2896
454 3055
454 471
454 4697
454 4698
458 3035
459 3260
463 1668
464 1667
465 1668
465 1822
468 855
470 3035
470 3318
473 3035
474 475
474 616
474 730
474 731
474 477
474 478
474 732
474 733
474 734
474 735
474 736
474 479
474 737
474 738
474 739
474 740
474 741
474 480
474 742
474 743
474 744
474 745
474 746
474 747
474 748
474 749
474 750
474 751
474 752
474 753
474 754
474 755
474 756
474 757
474 758
474 759
474 760
474 761
474 762
474 763
474 764
475 476
475 477
475 478
475 479
475 480
475 481
475 482
475 483
475 484
475 485
475 486
475 487
475 488
475 489
475 490
475 491
475 492
475 493
475 494
475 495
476 831
476 1377
476 806
476 830
476 880
476 796
476 3855
476 1481
476 3856
476 3857
476 3858
476 482
476 3859
476 484
476 1385
476 3860
476 1387
476 3861
476 3862
476 2075
476 3863
476 2247
476 2076
476 3864
476 3865
476 853
477 1514
477 1822
477 1824
477 1427
477 478
478 723
478 4973
478 4974
478 764
479 550
479 3130
479 1085
479 1768
480 731
480 879
482 1377
484 1377
496 497
496 498
497 498
497 499
497 500
497 501
497 502
498 1750
498 1751
498 1752
498 1753
498 1754
498 1755
498 1756
498 989
498 829
498 1757
498 1758
498 1759
498 553
498 1760
503 516
503 730
503 1232
503 1083
503 1426
503 814
503 815
503 1196
503 2263
503 2264
503 2265
503 2266
503 2267
503 2268
503 2269
503 2270
503 2271
503 2161
503 2272
503 2273
511 817
511 1620
512 513
513 514
513 515
516 517
516 519
516 563
516 564
516 565
516 566
516 567
516 568
516 569
516 570
516 571
516 572
516 573
516 574
516 575
516 576
516 577
516 578
516 579
516 580
516 581
516 582
516 583
516 584
516 585
516 586
517 518
517 519
517 520
517 521
517 522
517 523
517 524
517 525
517 526
517 527
517 528
517 529
517 530
517 531
517 532
517 533
517 534
517 535
517 536
517 537
517 538
518 1459
518 519
518 1460
518 520
518 1461
518 904
518 1462
518 681
518 1463
518 1464
518 530
518 1465
518 1466
518 1467
518 1468
518 1469
518 1470
519 903
519 1459
519 520
519 521
519 904
519 2415
519 2416
519 2196
519 2417
519 525
519 527
519 529
519 2418
519 530
519 2419
519 2420
519 2421
519 2422
519 2423
519 2424
519 1466
519 2425
519 537
519 2426
520 554
520 814
520 1554
520 3110
520 3111
520 3112
520 3113
520 530
520 560
520 3114
520 699
520 3115
520 3116
520 1469
520 3117
521 815
521 819
521 1707
521 2536
521 1708
521 2162
521 1460
521 3204
521 2163
521 2901
521 861
521 3205
521 2883
521 3206
521 3207
521 1364
521 3208
521 3209
521 3210
521 3211
521 3212
521 3213
521 3214
521 3215
521 1469
521 670
539 540
539 541
539 1744
539 1745
539 1746
540 541
540 542
540 543
540 544
540 545
540 546
540 547
541 702
541 1570
541 1601
541 1769
541 1770
541 1771
541 1772
541 1773
541 1774
541 1775
541 1776
541 1777
542 3441
548 549
548 550
548 551
548 552
548 553
549 1439
549 555
549 2382
549 2383
549 2384
549 1788
549 2385
549 1789
549 2386
549 2387
549 2388
549 2389
549 2390
549 2391
549 2392
549 2393
549 552
549 1798
549 1937
549 2394
549 2395
549 866
549 2396
549 2397
550 717
550 551
550 1085
550 2519
550 1093
550 2520
550 2225
550 2521
550 942
550 1383
550 1384
550 2522
550 2523
550 2524
550 2525
550 2526
550 853
550 959
550 2527
550 1470
550 721
551 857
551 717
551 4468
551 4469
551 4470
551 4471
551 4472
551 4473
551 1093
551 4008
551 4011
551 4012
551 3551
551 2225
551 4474
551 4475
551 4476
551 2330
551 3414
551 2524
551 4477
551 4478
551 1011
551 4479
551 1051
551 4480
551 4481
551 853
554 555
554 556
554 557
554 558
554 559
554 560
554 561
554 562
555 1439
555 1560
555 1673
555 4215
555 4216
555 557
555 1791
555 3744
555 4217
555 4016
555 4218
555 2202
555 4219
555 1980
555 4220
555 561
555 4221
555 4222
555 700
558 815
558 822
561 1376
563 4961
563 4962
563 4963
563 4964
563 4965
563 4966
563 4967
566 2535
566 2604
568 1161
573 3319
574 2925
575 2319
579 1669
579 703
579 2536
582 1196
587 588
587 765
587 766
587 767
587 737
587 589
587 590
587 768
587 769
587 770
587 771
587 772
587 773
587 774
587 775
587 776
587 777
587 778
588 589
588 590
588 591
588 592
588 593
588 594
589 2052
590 618
593 1592
595 596
595 1727
595 1728
595 1729
595 1202
595 1730
595 1731
595 1732
595 1733
595 1734
595 1735
595 1736
595 1737
595 1738
595 1739
595 1740
596 597
596 598
596 599
596 600
596 601
596 602
596 603
599 1667
599 2293
599 1699
614 993
616 617
616 618
616 619
616 620
616 621
616 622
616 623
616 624
616 625
616 626
616 627
616 628
616 629
616 630
616 631
616 632
616 633
616 634
616 635
616 636
616 637
616 638
616 639
616 640
616 641
616 642
616 643
616 644
617 619
617 809
618 1061
618 1277
618 619
618 1581
618 2678
618 2679
618 1842
618 2680
618 2681
618 2682
618 2683
618 2684
618 2685
618 2686
618 2687
618 2688
618 2689
618 2690
618 2691
618 2692
618 2693
618 2694
618 2695
618 2696
618 1567
618 2697
618 2698
618 2699
618 2700
618 2701
618 2702
618 2703
618 1282
618 2704
618 2303
618 2705
618 2706
618 2707
618 2708
618 1080
618 2709
618 2710
619 1061
619 645
619 1060
619 2733
619 622
619 3785
619 3786
619 625
619 3787
619 3788
619 3789
619 643
619 3790
620 1271
620 3899
620 3900
620 1296
620 3901
620 1589
622 821
634 1300
634 2589
634 1581
636 1271
636 2013
636 1427
636 1803
637 1581
642 3318
643 4021
645 646
645 1284
645 1285
645 1286
645 1287
645 1288
645 1289
645 1290
645 1291
645 1292
645 1293
645 1294
645 1295
645 1296
645 1297
645 1298
646 647
646 648
646 649
646 650
651 652
651 806
652 653
652 654
652 655
652 656
652 657
652 658
652 659
652 660
652 661
652 662
652 663
652 664
652 665
652 666
652 667
652 668
652 669
652 670
652 671
655 4594
657 1085
659 1603
659 1764
659 2216
659 681
659 1555
660 960
660 937
660 880
667 2427
667 822
670 1929
671 855
671 1460
671 4231
672 673
672 674
672 675
672 892
672 893
672 894
672 895
672 896
672 897
673 674
673 675
676 677
676 678
676 679
676 680
676 681
676 682
676 683
676 684
676 685
676 686
676 687
676 688
676 689
676 690
676 691
676 692
676 693
677 1110
677 1619
677 1620
677 806
677 1111
677 1112
677 1115
677 1621
677 1118
677 1622
677 1119
677 1120
677 1122
677 1623
677 1624
677 1625
677 1626
677 1627
677 1628
677 1126
677 1629
677 1630
677 1631
677 1632
677 1130
677 1633
677 1634
677 1635
677 1132
677 955
677 1636
677 1637
677 1638
677 1639
678 793
678 1084
678 2047
678 2340
678 1470
679 937
679 857
679 1971
679 1954
679 965
679 1121
679 2341
679 2342
679 2343
679 2344
679 808
679 2345
679 2346
679 2347
679 692
679 2348
679 2349
679 2047
679 2350
680 1257
680 936
680 779
680 692
680 2446
680 3177
680 3178
680 3179
680 3180
680 3181
680 2251
680 3182
680 1053
680 1270
680 3183
680 3184
680 3185
680 3186
680 2463
680 3187
680 3188
680 3189
681 730
681 815
681 1707
681 3887
681 822
681 939
681 3154
681 2512
681 4456
681 1263
681 2906
681 1270
681 4457
682 960
682 1667
682 815
682 1698
682 822
682 4518
682 4519
682 4520
682 686
682 4521
682 1703
682 4522
683 1671
684 831
684 936
684 815
684 822
688 937
688 880
689 2427
689 1555
691 832
692 1707
692 937
692 857
693 703
694 695
694 696
694 697
694 698
694 699
694 700
701 702
701 1028
701 1029
701 1030
701 713
701 1031
701 1032
701 1033
701 1034
701 1035
701 1036
701 1037
701 1038
701 1039
701 1040
701 1041
702 703
702 704
702 705
702 706
702 707
702 708
702 709
702 710
702 711
702 712
702 713
702 714
703 907
703 1402
703 2427
703 2428
703 2429
703 1093
703 826
703 707
703 808
703 2430
703 720
703 915
703 2431
703 1635
703 2432
703 2128
707 1395
707 3575
709 1614
715 716
715 1376
715 819
715 1460
715 962
715 1554
715 2215
715 1462
715 822
715 3544
715 3545
715 3546
715 1087
715 3547
715 2945
715 2810
715 3548
715 3549
715 3550
715 2066
715 3551
715 3156
715 1977
715 3552
715 2329
715 2228
715 2229
715 862
715 3007
715 3553
715 3554
715 1984
715 3555
715 3556
715 1495
715 1465
715 2952
715 2955
715 3557
715 3116
715 3558
715 3559
715 3560
715 1469
715 1470
715 3561
716 717
716 718
716 719
716 720
716 721
717 1554
717 3726
717 1673
717 4001
717 4002
717 2519
717 3728
717 4003
717 4004
717 3730
717 4005
717 4006
717 4007
717 4008
717 4009
717 4010
717 4011
717 4012
717 2066
717 4013
717 4014
717 4015
717 1598
717 942
717 1381
717 4016
717 1544
717 720
717 1384
717 3734
717 1386
717 4017
717 2330
717 2446
717 2075
717 4018
717 3521
717 4019
717 4020
717 1180
717 853
717 721
720 1083
721 1108
721 1196
721 810
722 723
722 3629
722 3630
722 1925
722 3631
722 3632
722 3633
722 3634
722 2213
722 2073
722 902
722 3635
722 3636
723 724
723 725
723 726
723 727
723 728
723 729
730 806
730 807
730 808
731 3357
731 3358
731 3359
731 3360
731 2476
731 3361
731 2579
731 3362
731 3363
731 3364
731 3365
731 975
731 3366
749 794
765 904
765 3452
765 3453
765 3454
765 3455
765 3456
765 3457
765 774
765 1457
765 3458
766 2057
766 1441
766 3502
766 3323
766 2147
766 3133
766 3503
766 3504
766 1312
766 772
766 3505
766 3506
766 3507
766 3508
766 3509
767 978
767 1194
767 3369
767 857
767 3652
770 1196
770 1302
779 780
779 2179
779 2180
779 1303
779 2181
779 2182
779 781
779 2183
779 2184
779 2185
779 2186
779 784
779 785
779 2187
779 2188
779 2189
779 2190
779 2191
779 2192
779 2193
780 781
780 782
780 783
780 784
780 785
780 786
780 787
780 788
780 789
780 790
780 791
780 792
781 810
781 2181
781 2182
781 4742
781 4743
781 1767
781 4744
781 4745
781 784
781 4746
781 4747
781 4748
781 4168
781 2189
781 4749
781 4750
781 3536
781 4751
781 4752
781 3201
781 2193
781 4753
781 4754
784 2181
784 2182
793 794
793 795
793 796
793 797
793 798
793 799
793 800
793 801
793 802
793 803
793 804
793 805
794 1781
794 1782
794 1783
794 1784
794 1785
794 1786
794 1787
796 935
796 806
796 1709
796 2215
798 993
801 5090
803 1161
804 2779
806 1196
806 1112
806 3459
806 1954
806 3460
806 3461
806 1829
806 3462
806 2846
806 3463
806 3464
806 3465
807 3318
807 4803
807 4537
807 2793
807 4804
807 1599
807 3695
807 2158
807 4805
807 4806
810 811
810 1303
810 812
810 4144
810 4145
810 4146
810 4147
810 4148
810 4149
810 4150
810 4151
810 4152
810 4153
810 1322
810 4154
810 4155
810 4156
810 4157
810 4158
810 4159
810 4160
810 4161
810 4162
810 4163
810 4164
810 4165
810 4166
810 4167
810 4168
810 4169
810 1454
810 4170
810 4171
810 4172
810 4173
810 2073
810 4174
810 3844
810 4175
810 4176
810 4177
810 813
811 812
811 813
812 4159
812 4755
812 813
814 1553
814 1554
814 1555
814 1556
814 1557
814 1558
814 1559
815 960
815 1537
815 817
815 819
815 1707
815 1708
815 962
815 857
815 830
815 1709
815 1698
815 821
815 822
815 1509
815 1710
815 1711
815 1712
815 1713
815 1714
815 1715
815 1716
815 1717
815 1718
815 1719
815 1720
815 1721
815 1722
815 1723
815 929
815 974
815 1724
815 1725
815 1133
815 1726
816 936
816 1778
816 1779
816 1780
817 960
817 1459
817 819
817 1950
817 1951
817 962
817 821
817 822
817 2041
817 2042
817 965
817 2043
817 2044
817 2045
817 1717
817 1720
817 924
817 2046
817 1722
817 926
817 1723
817 2047
818 2101
818 2102
818 2103
818 2104
818 2105
818 2106
818 2107
818 1202
818 2108
818 2109
818 2110
818 2111
818 2112
818 2113
818 2114
818 2115
818 2116
818 2117
818 2118
818 2119
818 2120
818 2121
818 1568
818 1688
818 2122
818 2123
818 1225
818 829
818 2124
818 2125
818 2126
818 2127
818 2128
819 960
819 1899
819 1708
819 2162
819 1930
819 962
819 830
819 2163
819 821
819 822
819 1085
819 2164
819 2165
819 1713
819 2166
819 2167
819 2168
819 2169
819 1716
819 2170
819 2171
819 1465
819 1724
819 2172
819 1469
819 2173
820 3120
820 3133
820 3134
820 3135
820 3136
820 3137
820 3138
820 2548
820 984
820 3139
820 3140
820 3141
820 3142
820 3143
820 989
820 3144
820 3145
821 960
821 961
821 822
821 1509
821 4039
821 4040
821 4041
821 4042
821 4043
821 4044
821 4045
821 4046
821 4047
821 4048
821 924
821 2849
821 4049
821 929
821 975
821 930
822 960
822 1708
822 962
822 830
822 1709
822 1698
822 1509
822 964
822 1711
822 4193
822 4194
822 1713
822 1714
822 4195
822 1716
822 1718
822 1719
822 1720
822 972
822 1721
822 4196
822 929
822 974
822 975
823 2536
823 2786
823 3370
826 907
826 961
826 2855
829 1194
829 1196
830 831
830 960
830 2164
830 3660
830 3661
830 3662
830 2368
830 3663
830 2442
830 3664
830 3665
831 832
831 833
831 834
831 835
831 836
831 837
831 838
831 839
831 840
831 841
831 842
831 843
831 844
831 845
831 846
831 847
831 848
831 849
831 850
831 851
831 852
831 853
831 854
832 4897
832 4898
832 4899
832 838
832 4900
832 4901
832 4902
832 944
832 4903
832 4904
832 4905
832 4906
832 4907
832 4908
832 4909
832 4910
832 853
834 960
834 3887
840 1472
845 2216
853 1108
853 1538
853 1570
853 1471
853 3726
855 856
855 866
855 867
855 868
855 869
855 870
855 871
855 872
855 873
855 874
855 875
855 876
856 857
856 858
856 859
856 860
856 861
856 862
856 863
856 864
856 865
857 877
857 1376
857 937
857 2733
857 878
857 879
857 880
857 1971
857 2496
857 881
857 3402
857 3403
857 2736
857 2166
857 1481
857 3404
857 861
857 2168
857 3405
857 885
857 3406
857 3407
857 3408
857 3409
857 3410
857 3411
857 3412
857 1685
857 3413
857 3414
857 3415
857 3416
857 1798
857 3417
857 1391
857 3418
857 1392
857 3419
857 3420
857 3421
857 3422
857 3423
857 3424
857 3425
857 3426
857 3427
857 2510
858 4767
858 4768
858 4769
858 4770
858 4771
858 4772
858 4773
858 4774
858 4775
858 4776
858 4777
858 4778
858 4779
858 3183
858 4780
858 4781
858 4782
861 879
861 4594
861 880
865 1360
865 1359
866 1538
868 1360
871 2278
874 3369
875 4231
877 878
877 879
877 880
877 881
877 882
877 883
877 884
877 885
877 886
877 887
877 888
877 889
877 890
877 891
878 879
878 1359
878 880
878 3959
878 881
878 3830
878 3017
878 3960
878 3961
878 2148
878 3962
878 3963
878 3964
878 883
878 3965
878 885
878 3966
878 2579
878 3967
878 3968
878 3423
878 890
878 3427
879 2786
879 908
879 880
879 881
879 3975
879 3133
879 3976
879 3977
879 3978
879 3805
879 3691
879 3504
879 3406
879 3692
879 3979
879 2798
879 3980
879 3981
879 3694
879 3695
879 3982
879 888
879 3983
880 1110
880 1377
880 937
880 1112
880 1971
880 881
880 5025
880 5026
880 4639
880 5027
880 5028
880 1481
880 1121
880 3962
880 883
880 3965
880 5029
880 4640
880 3406
880 1720
880 3410
880 5030
880 5031
880 3980
880 5032
880 4643
880 5033
880 3209
880 1798
880 3695
880 1937
880 3982
880 5034
880 3210
880 926
880 5035
880 2247
880 5036
880 5037
880 5038
880 5039
880 1856
880 2510
884 936
889 1555
895 2336
898 899
898 900
898 901
898 902
903 904
903 905
903 906
904 1707
904 1472
904 1361
904 4032
904 4033
904 4034
904 1888
904 4035
904 4036
904 4037
904 1465
904 2177
904 1469
904 4038
907 908
907 909
907 910
907 911
907 912
907 913
907 914
907 915
907 916
908 1929
908 2786
908 2787
908 910
908 3690
908 3691
908 3692
908 3693
908 2798
908 3694
908 3695
908 2158
908 3696
915 2427
917 918
917 919
917 920
917 921
920 3190
920 3447
924 1931
925 1620
926 1620
926 1951
926 962
928 1620
928 1951
929 937
932 2319
935 936
935 937
935 938
935 939
935 940
935 941
935 942
935 943
935 944
935 945
935 946
935 947
935 948
935 949
935 950
935 951
935 952
935 953
935 954
935 955
935 956
935 957
935 958
935 959
936 1340
936 1258
936 1341
936 1342
936 1343
936 1344
936 1345
936 1346
936 1347
936 1348
936 1349
936 1350
936 1351
936 1352
936 943
936 1353
936 1354
936 1218
936 1355
936 1356
936 1357
936 1358
937 1570
937 1376
937 2495
937 1971
937 2496
937 2497
937 2498
937 1121
937 2499
937 2500
937 2152
937 1599
937 2501
937 2502
937 1685
937 950
937 2503
937 2504
937 2505
937 1392
937 2506
937 2507
937 2508
937 2509
937 2510
938 1820
938 966
938 2645
938 944
938 2646
938 2647
939 1881
941 1823
941 3260
942 2216
942 2215
943 1881
943 4231
944 3260
955 1110
955 961
955 1620
960 961
960 962
960 963
960 964
960 965
960 966
960 967
960 968
960 969
960 970
960 971
960 972
960 973
960 974
960 975
961 994
961 1620
961 2278
961 2311
961 2312
961 2313
961 2314
961 1957
961 2315
961 1005
961 2316
961 1964
961 1965
961 2317
961 2318
962 1930
962 1950
962 1951
962 1713
962 967
962 1716
962 2170
962 2171
962 1963
962 3008
962 3118
962 3119
962 974
962 1724
962 2625
965 1555
967 1950
967 1951
976 977
978 979
978 980
978 981
978 982
978 983
978 984
978 985
978 986
978 987
978 988
978 989
978 990
978 991
978 992
984 2536
993 994
993 995
993 996
993 997
993 998
993 999
993 1000
993 1001
993 1002
993 1003
993 1004
993 1005
993 1006
993 1007
993 1008
993 1009
993 1010
993 1011
993 1012
993 1013
993 1014
993 1015
994 2277
994 1058
994 2321
994 2322
994 2323
994 2324
1004 2277
1004 2278
1005 1620
1005 2278
1005 2239
1016 1017
1017 1161
1017 3540
1017 3541
1017 2550
1017 3542
1017 3543
1024 2641
1024 1581
1027 1303
1027 1801
1028 2809
1043 2855
1043 1085
1044 2855
1044 1085
1051 3791
1051 1555
1052 3369
1052 1906
1052 3791
1053 2855
1053 2856
1053 1085
1055 2164
1056 2679
1057 3791
1058 2855
1060 1061
1060 1741
1060 1742
1060 1732
1060 1735
1060 1743
1061 1062
1061 1063
1061 1064
1061 1065
1061 1066
1061 1067
1061 1068
1061 1069
1061 1070
1061 1071
1061 1072
1061 1073
1061 1074
1061 1075
1061 1076
1061 1077
1061 1078
1061 1079
1061 1080
1061 1081
1061 1082
1063 4482
1063 4483
1063 4484
1063 4485
1063 4486
1075 1560
1080 1561
1083 1318
1083 1319
1083 1320
1083 1321
1083 1322
1083 1323
1083 1324
1083 1288
1083 1325
1083 1326
1083 1327
1083 1328
1083 1329
1083 1330
1083 1331
1083 1332
1083 1104
1083 1333
1083 1334
1083 1335
1083 1336
1083 1337
1083 1338
1083 1339
1084 2325
1084 2326
1084 2327
1084 2328
1084 2329
1084 1928
1084 2330
1084 2331
1084 2332
1084 2333
1084 2334
1085 1671
1085 1460
1085 1555
1085 4783
1085 2810
1085 2812
1085 4784
1085 4785
1085 3086
1085 2512
1085 2521
1085 4786
1085 4787
1085 2202
1085 2813
1085 4788
1085 2815
1085 2620
1085 3098
1085 4789
1085 4790
1085 2555
1085 2817
1085 2818
1085 4791
1085 4221
1085 1609
1085 4792
1085 4793
1085 4794
1098 1109
1108 1109
1108 1176
1108 1177
1108 1178
1108 1179
1108 1180
1108 1181
1108 1182
1108 1183
1108 1184
1108 1185
1108 1186
1108 1187
1108 1188
1108 1189
1108 1190
1108 1191
1108 1192
1110 1111
1110 1112
1110 1113
1110 1114
1110 1115
1110 1116
1110 1117
1110 1118
1110 1119
1110 1120
1110 1121
1110 1122
1110 1123
1110 1124
1110 1125
1110 1126
1110 1127
1110 1128
1110 1129
1110 1130
1110 1131
1110 1132
1110 1133
1110 1134
1110 1135
1111 1112
1111 4600
1111 4601
1111 4602
1112 1377
1112 2528
1112 2194
1112 1258
1112 1115
1112 4639
1112 1119
1112 2175
1112 2167
1112 1627
1112 3367
1112 4640
1112 1629
1112 4641
1112 4642
1112 4643
1112 1130
1112 4644
1112 1131
1112 3464
1112 4645
1112 4646
1112 4647
1121 2163
1122 1668
1131 2195
1136 1137
1137 1138
1139 1581
1139 1582
1139 1583
1139 1584
1139 1585
1139 1586
1139 1157
1139 1587
1139 1588
1139 1589
1139 1590
1139 1591
1140 1427
1142 2564
1147 2216
1147 1244
1156 2216
1157 2013
1157 3014
1157 3296
1159 2216
1161 1162
1161 1163
1161 1164
1161 1165
1161 1166
1161 1167
1161 1168
1161 1169
1161 1170
1161 1171
1161 1172
1161 1173
1161 1174
1161 1175
1172 1426
1180 1471
1180 1554
1180 1472
1180 1768
1189 1471
1189 1554
1189 3726
1191 1471
1191 1554
1191 3726
1192 1471
1193 1194
1193 1195
1193 1196
1193 1237
1193 1238
1193 1239
1193 1240
1194 1195
1194 1196
1194 1197
1194 1198
1194 1199
1194 1200
1194 1201
1194 1202
1194 1203
1194 1204
1194 1205
1194 1206
1194 1207
1194 1208
1194 1209
1194 1210
1194 1211
1194 1212
1194 1213
1194 1214
1194 1215
1194 1216
1194 1217
1194 1218
1194 1219
1194 1220
1194 1221
1194 1222
1194 1223
1194 1224
1194 1225
1194 1226
1194 1227
1194 1228
1194 1229
1194 1230
1194 1231
1195 2144
1196 1570
1196 1560
1196 1592
1196 2145
1196 2146
1196 1954
1196 1198
1196 2147
1196 2148
1196 1237
1196 2149
1196 2150
1196 1326
1196 2151
1196 2152
1196 1364
1196 2153
1196 2154
1196 1984
1196 2155
1196 2156
1196 1223
1196 2157
1196 2158
1196 2159
1196 2160
1196 2161
1198 3369
1202 1747
1213 2057
1218 2537
1218 4819
1219 1768
1232 1233
1232 1234
1232 1235
1232 1236
1233 3603
1234 1277
1240 1300
1241 1242
1241 1403
1241 1243
1241 2085
1242 1243
1242 1244
1242 1245
1242 1246
1242 1247
1242 1248
1242 1249
1242 1250
1242 1251
1242 1252
1242 1253
1242 1254
1242 1255
1242 1256
1243 1403
1243 1273
1243 3929
1243 3930
1243 3931
1243 3932
1243 1246
1243 1407
1243 1247
1243 1734
1243 3933
1243 1248
1243 1250
1243 2212
1243 3934
1243 3935
1243 1252
1243 3936
1243 3937
1244 2216
1244 1727
1244 1273
1244 1865
1244 3296
1244 4911
1244 4912
1244 4913
1244 4914
1244 4915
1244 4916
1244 3917
1244 4917
1244 1418
1244 4918
1244 4919
1244 4920
1244 3926
1244 4921
1244 1589
1244 4922
1246 1403
1246 1906
1247 1906
1248 1403
1257 1258
1257 1259
1257 1260
1257 1261
1257 1262
1257 1263
1257 1264
1257 1265
1257 1266
1257 1267
1257 1268
1257 1269
1257 1270
1260 3369
1263 1460
1263 1822
1263 2194
1271 1272
1271 1801
1271 1802
1271 1803
1271 1804
1271 1805
1271 1806
1271 1807
1271 1808
1271 1809
1271 1810
1271 1811
1271 1812
1271 1813
1271 1814
1271 1815
1271 1816
1271 1817
1271 1818
1271 1819
1272 1273
1272 1274
1272 1275
1272 1276
1273 1394
1273 3566
1273 1824
1273 1359
1273 1865
1273 1427
1273 1699
1273 2649
1273 1805
1273 3907
1273 3908
1273 3909
1273 3910
1273 3911
1273 3912
1273 3913
1273 3914
1273 3915
1273 3916
1273 3917
1273 3918
1273 1902
1273 3919
1273 3920
1273 3921
1273 3922
1273 3923
1273 3924
1273 3925
1273 3926
1273 3927
1273 3928
1274 1727
1274 3271
1277 1278
1277 1279
1277 1280
1277 1281
1277 1282
1277 1283
1279 3566
1280 1561
1299 1300
1299 2336
1299 2337
1299 1311
1299 2338
1299 2339
1300 1301
1300 1302
1300 1303
1300 1304
1300 1305
1300 1306
1300 1307
1300 1308
1300 1309
1300 1310
1300 1311
1300 1312
1300 1313
1300 1314
1300 1315
1300 1316
1300 1317
1302 1862
1302 1359
1302 3239
1302 3240
1302 3241
1302 2144
1302 3242
1302 3243
1302 3244
1302 1312
1302 2893
1302 3245
1302 3201
1303 2293
1303 2179
1303 1514
1303 4202
1303 4203
1303 4204
1304 2182
1305 2131
1309 1614
1309 1439
1311 2641
1312 4802
1314 1359
1315 2182
1316 1862
1318 1561
1318 1562
1318 4707
1318 1320
1318 4708
1318 2685
1318 4709
1318 2110
1318 4710
1318 4711
1318 4712
1318 4713
1318 4714
1318 4715
1318 1328
1318 1743
1318 4716
1318 4717
1318 4718
1318 4719
1318 4720
1318 1338
1318 4721
1318 4722
1319 3271
1320 1881
1321 3317
1324 2293
1324 1699
1340 1341
1353 2194
1359 1360
1359 1427
1359 4648
1359 4649
1359 4650
1359 4651
1359 4652
1359 4653
1359 4654
1359 3965
1359 3430
1359 4655
1359 3836
1359 4656
1359 4657
1359 4658
1359 4659
1359 4660
1360 1361
1360 1362
1360 1363
1360 1364
1360 1365
1360 1366
1360 1367
1360 1368
1360 1369
1360 1370
1360 1371
1360 1372
1360 1373
1360 1374
1360 1375
1361 4868
1361 4869
1363 1881
1375 2013
1376 1377
1376 1970
1376 1709
1376 1971
1376 1972
1376 1973
1376 1974
1376 1483
1376 1975
1376 1976
1376 1977
1376 1978
1376 1979
1376 1980
1376 1981
1376 1982
1376 1983
1376 1984
1376 1798
1376 1985
1376 1392
1376 1986
1376 1987
1376 1988
1377 1378
1377 1379
1377 1380
1377 1381
1377 1382
1377 1383
1377 1384
1377 1385
1377 1386
1377 1387
1377 1388
1377 1389
1377 1390
1377 1391
1377 1392
1377 1393
1381 1554
1381 1555
1383 1560
1384 2052
1386 1554
1388 1768
1394 1395
1394 1864
1394 1397
1394 1865
1394 1866
1394 1867
1394 1868
1394 1869
1394 1870
1394 1871
1394 1872
1394 1873
1394 1874
1394 1875
1394 1876
1395 1396
1395 1397
1395 1398
1395 1399
1395 1400
1395 1401
1396 2052
1396 1442
1396 1975
1396 2591
1396 2592
1396 2593
1396 2594
1396 2595
1396 2596
1396 2597
1396 2598
1396 2599
1396 2413
1396 2600
1396 1457
1396 2601
1397 1864
1397 2757
1397 2758
1397 2759
1397 1398
1397 2197
1397 2185
1397 2760
1397 2761
1397 2576
1397 2762
1397 2763
1397 2578
1397 2764
1397 2765
1397 2187
1397 2766
1397 1400
1397 2767
1397 2582
1397 2768
1397 2769
1397 2770
1397 2771
1397 2674
1397 2772
1397 2773
1398 2528
1398 2179
1403 1404
1403 1405
1403 1406
1403 1407
1403 1408
1403 1409
1403 1410
1403 1411
1403 1412
1403 1413
1403 1414
1403 1415
1403 1416
1403 1417
1403 1418
1403 1419
1403 1420
1403 1421
1403 1422
1403 1423
1403 1424
1403 1425
1407 1906
1407 3296
1413 1669
1415 3369
1426 1427
1426 1428
1426 1429
1426 1430
1426 1431
1426 1432
1426 1433
1426 1434
1426 1435
1426 1436
1426 1437
1426 1438
1427 2129
1427 2211
1427 1824
1427 1581
1427 1865
1427 4795
1427 4796
1427 4797
1427 4798
1427 4799
1427 1810
1427 4800
1427 3920
1427 4801
1430 2536
1439 1440
1439 1788
1439 1789
1439 1790
1439 1791
1439 1792
1439 1793
1439 1734
1439 1794
1439 1795
1439 1796
1439 1797
1439 1798
1439 1799
1439 1800
1440 1441
1440 1442
1440 1443
1440 1444
1440 1445
1440 1446
1440 1447
1440 1448
1440 1449
1440 1450
1440 1451
1440 1452
1440 1453
1440 1454
1440 1455
1440 1456
1440 1457
1440 1458
1441 2057
1442 3524
1442 3523
1442 2181
1444 2057
1447 4669
1449 3304
1449 3524
1450 4669
1459 1460
1459 1461
1459 1466
1460 1764
1460 1707
1460 1671
1460 1461
1460 2163
1460 1462
1460 2942
1460 2943
1460 1765
1460 2944
1460 2945
1460 2810
1460 1710
1460 2946
1460 2947
1460 2948
1460 2228
1460 2949
1460 2950
1460 2951
1460 2952
1460 2953
1460 2954
1460 2955
1460 2956
1460 2957
1460 2958
1460 2959
1460 2960
1460 2961
1460 2962
1460 1470
1462 4103
1462 4104
1462 4105
1462 4106
1462 4107
1462 4108
1462 4109
1462 4110
1462 4111
1462 4112
1462 4113
1462 2957
1462 4114
1462 4115
1471 3520
1471 1547
1471 3521
1471 3423
1471 1549
1471 3522
1472 3887
1472 4458
1472 3602
1472 3080
1472 4459
1472 3890
1472 4460
1472 4461
1472 3891
1472 4462
1472 3413
1472 3892
1472 4463
1472 1496
1472 1547
1472 4464
1472 4465
1472 3897
1472 4466
1472 4467
1472 3898
1496 1560
1496 3887
1496 1768
1497 1764
1504 2052
1509 1510
1509 4228
1509 4229
1509 4230
1509 1626
1509 3148
1509 1943
1510 1511
1510 1512
1510 1513
1514 1515
1514 3619
1514 3620
1514 3621
1514 3622
1514 3623
1514 3624
1514 3625
1514 3626
1514 3627
1514 2189
1514 3628
1515 1516
1515 1517
1515 1518
1515 1519
1515 1520
1515 1521
1515 1522
1515 1523
1515 1524
1515 1525
1515 1526
1515 1527
1515 1528
1515 1529
1515 1530
1515 1531
1515 1532
1533 1534
1534 1535
1534 1536
1537 1538
1537 1857
1537 1858
1537 1859
1537 1860
1537 1861
1538 1539
1538 1540
1538 1541
1538 1542
1538 1543
1538 1544
1538 1545
1538 1546
1538 1547
1538 1548
1538 1549
1541 2278
1550 1551
1551 1552
1553 1554
1553 1768
1554 3726
1554 1555
1554 3727
1554 3728
1554 3729
1554 3730
1554 3731
1554 1598
1554 3732
1554 3733
1554 3734
1554 2330
1554 3735
1554 3736
1554 3737
1554 3738
1555 4594
1555 3540
1555 4995
1555 4996
1555 4997
1555 2810
1555 4998
1555 2858
1555 4999
1555 5000
1555 5001
1555 1910
1555 5002
1555 5003
1555 5004
1555 5005
1555 5006
1555 2202
1555 2345
1555 5007
1555 5008
1555 4628
1555 5009
1555 1984
1555 5010
1555 5011
1555 3143
1555 2046
1555 1892
1555 1938
1555 2251
1555 5012
1555 5013
1555 5014
1560 1561
1560 2248
1560 1768
1560 1767
1560 1598
1560 2249
1560 2250
1560 2251
1561 1562
1561 1563
1561 1564
1561 1565
1561 1566
1561 1567
1561 1568
1561 1569
1562 2714
1562 2715
1562 2716
1562 2717
1562 2718
1562 2719
1562 2720
1562 2721
1562 2722
1562 2723
1562 2116
1562 2724
1562 2725
1562 2726
1562 2727
1562 2728
1562 2729
1562 2730
1562 2731
1562 2732
1568 2537
1570 1571
1570 1592
1570 1593
1570 1594
1570 1595
1570 1596
1570 1597
1570 1598
1570 1599
1570 1600
1570 1601
1570 1602
1571 1572
1571 1573
1571 1574
1571 1575
1571 1576
1571 1577
1571 1578
1571 1579
1571 1580
1581 4632
1581 4408
1581 4409
1581 4633
1581 4634
1581 4635
1581 3749
1581 2700
1581 4636
1581 1852
1581 3565
1581 1587
1581 4637
1581 4638
1581 2710
1587 2013
1587 4494
1588 1841
1589 3014
1589 1802
1590 2216
1592 3064
1592 3065
1603 1604
1603 1605
1603 1606
1603 1607
1603 1608
1603 1609
1603 1610
1609 2216
1609 1671
1611 1612
1613 1614
1613 2442
1613 4102
1614 1615
1614 1616
1614 1617
1614 1618
1620 1929
1620 1951
1620 2351
1620 1954
1620 2312
1620 1957
1620 2352
1620 1663
1620 2353
1620 2354
1620 2355
1620 2356
1620 2357
1620 1964
1620 2317
1620 2318
1620 1967
1626 1668
1640 1641
1641 1642
1641 1643
1641 1644
1641 1645
1641 1646
1641 1647
1641 1648
1641 1649
1641 1650
1641 1651
1641 1652
1641 1653
1641 1654
1641 1655
1641 1656
1641 1657
1641 1658
1641 1659
1641 1660
1649 1923
1661 1662
1662 1663
1662 1664
1662 1665
1662 1666
1663 2278
1663 2239
1667 1668
1667 1698
1667 1699
1667 1700
1667 1678
1667 1701
1667 1702
1667 1703
1667 1688
1667 1704
1667 1705
1667 1706
1668 1669
1668 1670
1668 1671
1668 1672
1668 1673
1668 1674
1668 1675
1668 1676
1668 1677
1668 1678
1668 1679
1668 1680
1668 1681
1668 1682
1668 1683
1668 1684
1668 1685
1668 1686
1668 1687
1668 1688
1668 1689
1668 1690
1668 1691
1668 1692
1668 1693
1668 1694
1668 1695
1668 1696
1668 1697
1669 1989
1669 1990
1669 1991
1669 1992
1669 1993
1669 1994
1669 1681
1669 1995
1669 1996
1669 1997
1669 1998
1669 1693
1669 1999
1671 2809
1671 2810
1671 2811
1671 1678
1671 2812
1671 2813
1671 2814
1671 2815
1671 2816
1671 2817
1671 2818
1671 2819
1671 2820
1671 2821
1673 2536
1688 2293
1688 3260
1688 3319
1696 3121
1698 3902
1698 3903
1698 1703
1698 3904
1698 3905
1698 3906
1699 4838
1699 4839
1699 4840
1699 1701
1699 4841
1699 4842
1699 4843
1699 4844
1699 4845
1699 4846
1699 2300
1699 4847
1699 4848
1699 1902
1699 4849
1699 2303
1699 4850
1699 4851
1699 4852
1699 4853
1699 4854
1707 2174
1707 2175
1707 2176
1707 2177
1707 2178
1708 2626
1708 2627
1708 2628
1708 2629
1708 2630
1708 2631
1708 2632
1708 2633
1708 2634
1708 2635
1708 2636
1708 2637
1708 2638
1709 1970
1709 3699
1709 3700
1709 3701
1709 3702
1709 3703
1709 3704
1709 3705
1709 3706
1709 1718
1709 3707
1709 3708
1709 1983
1709 3709
1709 3710
1709 3711
1709 3712
1709 3713
1710 1930
1714 1930
1714 2427
1727 3247
1727 3248
1727 1729
1727 2653
1727 3249
1727 3250
1727 3251
1727 3252
1727 1830
1727 3253
1727 3254
1727 2205
1727 3255
1727 3256
1727 3257
1727 3258
1727 3259
1731 3820
1733 2145
1734 1865
1741 2779
1747 1748
1747 1749
1761 1762
1761 1763
1764 1765
1764 1766
1764 1767
1768 4975
1768 4976
1768 4977
1768 4978
1768 4006
1768 4979
1768 4035
1768 4980
1768 4981
1768 4982
1801 4259
1801 1876
1801 3753
1802 2528
1802 3014
1802 4606
1802 1803
1802 2651
1802 4607
1802 4608
1802 4609
1802 2811
1802 3298
1802 4610
1802 4611
1802 4612
1802 4613
1802 4614
1802 1830
1802 4615
1802 1815
1802 4616
1802 4617
1802 4618
1802 4619
1803 4606
1803 4888
1803 2651
1803 2751
1803 4889
1803 3740
1803 4890
1803 4609
1803 4891
1803 4892
1803 4613
1803 4614
1803 4615
1803 4878
1803 1814
1803 4893
1803 4894
1803 4895
1803 4616
1803 4896
1803 1876
1807 3296
1810 2293
1814 3296
1814 4606
1820 1821
1820 2335
1821 1822
1822 1823
1822 2163
1822 2195
1822 3674
1822 3675
1822 3676
1822 3677
1822 3678
1822 3679
1822 3680
1822 3681
1822 1827
1822 3682
1822 3683
1822 3684
1822 3685
1822 3686
1822 3687
1822 3688
1822 1836
1822 1837
1822 3689
1823 1824
1823 1825
1823 1826
1823 1827
1823 1828
1823 1829
1823 1830
1823 1831
1823 1832
1823 1833
1823 1834
1823 1835
1823 1836
1823 1837
1823 1838
1823 1839
1823 1840
1824 4603
1824 2200
1824 3921
1835 2145
1841 3216
1841 3217
1841 3218
1841 3219
1841 3220
1841 3221
1841 3222
1841 1852
1841 3223
1841 3224
1843 4021
1844 2164
1845 2679
1858 2211
1859 2194
1860 2194
1862 1863
1862 2889
1862 2890
1862 2092
1862 2891
1862 2892
1862 2893
1862 2702
1864 2575
1864 2576
1864 2577
1864 2578
1864 2579
1864 2580
1864 2581
1864 2582
1864 2413
1864 2583
1864 2584
1864 2585
1864 2586
1864 2587
1865 2293
1865 4669
1865 3800
1865 4670
1865 4671
1865 4672
1865 4673
1865 4674
1877 1878
1877 1879
1877 1880
1878 4886
1878 4887
1880 4021
1881 2774
1881 3447
1881 3877
1881 3878
1881 3879
1881 3880
1881 3881
1882 2733
1886 4675
1887 4675
1889 3035
1899 1900
1899 1901
1899 1902
1899 1903
1899 1904
1899 1905
1906 1907
1906 3369
1906 2412
1906 3938
1906 3939
1906 3940
1906 3941
1906 3942
1906 3943
1906 3944
1906 2212
1906 3945
1906 3946
1906 3947
1906 2910
1906 3948
1906 3949
1906 1922
1907 1908
1907 1909
1907 1910
1907 1911
1907 1912
1907 1913
1907 1914
1907 1915
1907 1916
1907 1917
1907 1918
1907 1919
1907 1920
1907 1921
1907 1922
1910 2856
1923 2358
1923 2359
1923 2360
1923 2361
1923 2362
1923 2363
1923 2364
1923 2365
1923 1926
1923 2366
1923 2367
1923 2368
1923 2369
1923 2370
1923 2371
1923 2372
1923 2373
1923 2374
1923 2375
1923 2376
1929 1930
1929 1931
1929 1932
1929 1933
1929 1934
1929 1935
1929 1936
1929 1937
1929 1938
1929 1939
1929 1940
1929 1941
1929 1942
1929 1943
1929 1944
1930 3000
1930 3001
1930 3002
1930 3003
1930 3004
1930 3005
1930 3006
1930 3007
1930 2171
1930 3008
1930 3009
1930 3010
1930 3011
1930 1940
1930 3012
1931 1954
1931 4542
1931 2614
1931 4543
1931 4544
1931 4545
1931 4546
1931 4547
1931 4548
1945 1946
1945 5091
1945 5092
1945 5093
1946 1947
1946 1948
1949 1952
1949 2239
1949 1954
1949 2240
1949 2241
1949 2199
1949 1962
1949 2210
1950 1951
1950 3027
1950 3028
1950 1963
1950 3029
1950 3030
1950 3031
1950 2625
1951 3027
1951 3032
1951 3033
1951 3034
1951 3028
1951 1963
1951 1965
1951 3031
1951 2625
1952 2239
1952 1953
1952 1954
1952 2240
1952 1962
1952 3754
1954 2239
1954 4231
1957 2278
1964 2278
1964 2239
1970 2963
1970 2964
1970 2965
1970 2966
1970 2967
1970 2968
1970 2969
1970 2970
1970 2971
1970 2972
1970 2973
1970 2974
1970 2975
1970 2976
1970 2977
1970 2978
1970 2979
1970 2980
1970 2981
1970 2982
1970 2983
1970 2984
1970 2985
1970 2986
1970 2987
1970 2988
1970 2989
1970 2990
1970 2919
1970 2991
1970 2992
1970 2993
1970 2994
1970 2995
1970 2996
1970 2997
1970 2998
1970 2999
1975 2786
1977 2563
1985 2563
1992 2855
2000 2001
2001 2002
2001 2003
2001 2004
2001 2005
2001 2006
2001 2007
2001 2008
2001 2009
2001 2010
2001 2011
2012 2013
2013 2014
2013 2015
2013 2016
2013 2017
2013 2018
2013 2019
2021 2131
2025 3370
2040 3369
2047 2163
2052 2053
2052 2054
2052 2055
2056 3246
2057 4293
2057 4294
2057 4295
2057 4296
2057 4297
2057 4298
2057 4299
2057 4300
2057 4301
2057 2062
2057 4302
2057 4303
2057 4304
2057 4305
2057 4306
2057 3811
2057 3007
2057 4307
2057 4308
2057 4309
2057 4310
2057 4311
2057 4312
2057 4313
2057 3814
2057 4314
2057 4315
2057 4316
2057 3817
2057 4317
2057 4318
2057 3201
2057 4319
2057 2081
2057 4320
2057 4321
2057 2082
2057 4322
2078 2774
2081 3190
2086 2087
2086 2242
2086 2243
2086 2244
2086 2245
2086 2246
2086 2247
2087 2088
2087 2089
2087 2090
2087 2091
2087 2092
2087 2093
2087 2094
2087 2095
2087 2096
2087 2097
2087 2098
2087 2099
2087 2100
2099 2179
2105 2215
2105 2400
2115 2377
2116 3036
2130 2131
2131 2132
2131 2133
2131 2134
2131 2135
2131 2136
2131 2137
2131 2138
2131 2139
2131 2140
2131 2141
2131 2142
2131 2143
2139 3524
2139 2181
2145 4190
2145 2151
2145 4191
2145 4192
2145 3872
2158 2807
2158 3318
2162 2810
2162 2881
2162 2882
2162 2883
2162 2884
2162 2885
2162 2886
2162 2887
2162 2888
2163 3873
2163 3677
2163 2256
2163 3874
2163 3875
2163 3876
2163 3188
2164 5076
2164 5077
2164 5078
2164 2629
2164 5079
2164 5080
2164 5081
2164 4513
2164 5082
2164 5083
2164 5084
2175 2194
2179 2576
2179 2822
2179 2823
2179 2824
2179 2825
2179 2826
2179 2827
2179 2828
2179 2829
2179 2830
2179 2831
2180 3697
2180 3698
2181 3524
2181 3523
2181 2182
2181 4423
2181 2189
2181 4424
2181 4425
2181 3536
2181 3201
2181 3202
2182 4530
2182 4531
2182 4532
2186 3190
2189 3190
2194 4280
2194 4281
2194 3133
2194 4282
2194 4283
2194 4284
2194 4285
2194 4286
2194 3680
2194 4287
2194 3875
2194 3685
2194 4288
2194 4289
2194 4290
2194 3876
2194 4291
2194 4292
2195 4620
2195 3548
2195 4621
2195 4622
2195 4623
2195 4624
2195 4625
2195 3093
2195 4626
2195 4627
2195 2204
2195 4628
2195 4629
2195 3490
2195 3179
2195 4630
2195 3670
2195 4631
2199 3035
2199 3036
2205 4675
2206 3317
2208 2529
2208 2528
2209 2529
2209 2528
2211 2212
2211 2213
2211 2214
2215 2216
2215 4025
2215 4026
2215 4027
2215 4028
2215 2228
2215 4029
2215 4030
2215 4031
2215 3863
2216 2217
2216 2218
2216 2219
2216 2220
2216 2221
2216 2222
2216 2223
2216 2224
2216 2225
2216 2226
2216 2227
2216 2228
2216 2229
2216 2230
2216 2231
2216 2232
2216 2233
2216 2234
2216 2235
2216 2236
2216 2237
2216 2238
2239 4960
2239 2619
2239 2322
2247 3190
2248 3562
2248 3563
2248 3564
2248 2249
2248 3565
2251 3791
2274 2275
2274 2276
2277 2278
2277 2279
2277 2280
2277 2281
2277 2282
2277 2283
2277 2284
2277 2285
2277 2286
2277 2287
2277 2288
2277 2289
2277 2290
2277 2291
2277 2292
2278 3077
2278 3078
2278 3079
2278 3080
2278 3081
2278 3082
2278 2313
2278 3083
2278 3084
2278 2281
2278 3085
2278 3086
2278 3087
2278 3088
2278 3089
2278 3090
2278 3091
2278 3092
2278 3093
2278 3094
2278 3095
2278 3096
2278 2287
2278 3097
2278 3098
2278 3099
2278 2288
2278 2289
2278 3100
2278 3101
2278 3102
2278 3103
2278 3104
2278 3105
2278 3106
2278 3107
2278 3108
2278 3109
2278 2322
2278 2323
2293 2294
2293 2295
2293 2296
2293 2297
2293 2298
2293 2299
2293 2300
2293 2301
2293 2302
2293 2303
2294 4675
2304 2305
2305 2306
2305 2307
2305 2308
2309 2310
2313 2427
2319 2320
2319 2711
2319 2712
2319 2713
2336 4190
2336 4197
2336 4198
2336 4199
2336 4200
2336 4201
2345 2528
2377 2378
2377 2379
2377 2380
2377 2381
2398 2399
2398 2400
2398 3637
2399 2400
2399 2401
2399 2402
2400 2836
2400 3637
2400 4526
2400 4527
2400 4528
2400 4529
2400 2671
2413 3353
2413 3352
2424 3317
2425 3035
2427 3714
2427 2499
2427 3715
2427 3716
2427 3717
2427 3718
2427 2431
2427 3719
2427 3720
2427 2450
2427 3721
2427 3722
2427 3149
2427 3723
2442 3121
2528 2529
2528 2648
2528 2530
2528 2563
2528 2649
2528 2650
2528 2531
2528 2651
2528 2652
2528 2653
2528 2532
2528 2654
2528 2655
2528 2656
2528 2657
2528 2658
2528 2659
2528 2660
2528 2661
2528 2662
2528 2663
2528 2664
2528 2665
2528 2666
2528 2667
2528 2668
2528 2669
2528 2670
2528 2534
2528 2583
2528 2671
2528 2672
2528 2673
2528 2674
2528 2675
2528 2676
2528 2677
2529 2530
2529 2531
2529 2532
2529 2533
2529 2534
2530 2913
2530 2914
2530 2915
2530 2916
2530 2917
2530 2918
2530 2919
2530 2920
2530 2921
2530 2922
2536 2537
2536 2538
2536 2539
2536 2540
2536 2541
2536 2542
2536 2543
2536 2544
2536 2545
2536 2546
2536 2547
2536 2548
2536 2549
2536 2550
2536 2551
2536 2552
2536 2553
2536 2554
2536 2555
2536 2556
2536 2557
2536 2558
2536 2559
2536 2560
2536 2561
2536 2562
2537 2539
2537 3638
2537 3639
2537 3640
2537 3641
2537 3642
2537 3643
2537 3473
2537 3644
2537 3645
2537 3646
2537 3647
2537 3648
2537 3649
2537 3650
2537 3651
2563 2564
2563 4209
2563 4210
2563 4211
2563 4212
2563 4169
2563 3762
2563 4213
2563 4214
2564 2565
2564 2566
2564 2567
2564 2568
2564 2569
2564 2570
2564 2571
2564 2572
2564 2573
2564 2574
2588 2589
2589 2590
2602 2603
2602 5050
2604 2605
2604 3035
2604 3317
2604 3318
2604 3319
2604 3320
2604 3321
2604 3322
2604 3039
2604 3323
2604 3324
2604 3325
2604 3326
2604 3327
2604 3328
2604 3329
2604 3330
2604 3331
2604 3332
2604 3333
2604 3334
2604 3335
2604 3336
2604 3337
2604 3338
2604 3339
2604 3340
2604 3341
2604 3342
2604 3343
2604 3344
2604 3345
2604 3346
2604 3347
2604 3348
2604 3349
2604 3350
2604 3351
2605 2606
2605 2607
2605 2608
2605 2609
2620 4819
2640 2641
2641 2642
2641 2643
2641 2644
2644 3659
2674 3296
2678 2679
2678 4866
2678 4867
2679 5015
2679 5016
2679 4866
2679 5017
2679 5018
2679 5019
2679 5020
2679 5021
2679 5022
2679 5023
2679 5024
2696 3603
2714 3319
2714 3666
2714 3667
2714 3668
2725 2733
2733 2734
2733 2735
2733 2736
2733 2737
2733 2738
2733 2739
2733 2740
2733 2741
2733 2742
2733 2743
2733 2744
2733 2745
2733 2746
2747 2748
2748 2749
2748 2750
2748 2751
2748 2752
2748 2753
2748 2754
2748 2755
2748 2756
2751 4606
2774 2775
2774 2776
2774 2777
2774 2778
2779 2780
2779 2781
2779 2782
2779 2783
2779 2784
2779 2785
2780 4492
2786 2787
2786 2788
2786 2789
2786 2790
2786 2791
2786 2792
2786 2793
2786 2794
2786 2795
2786 2796
2786 2797
2786 2798
2786 2799
2786 2800
2786 2801
2786 2802
2786 2803
2786 2804
2786 2805
2786 2806
2800 3204
2807 2808
2809 3158
2809 2811
2809 3159
2809 3160
2809 3161
2809 3162
2809 3163
2809 3164
2809 3165
2809 3166
2809 3167
2809 3168
2809 3169
2809 3170
2809 3171
2809 3172
2809 3173
2809 3174
2809 3175
2809 3176
2815 3260
2855 2856
2855 2857
2855 2858
2855 2859
2855 2860
2855 2861
2855 2862
2855 2863
2855 2864
2855 2865
2855 2866
2855 2867
2855 2868
2855 2869
2855 2870
2855 2871
2855 2872
2856 2923
2856 2924
2856 2925
2856 3466
2856 3467
2856 3468
2856 3000
2856 3469
2856 3470
2856 3471
2856 3472
2856 3473
2856 3474
2856 3475
2856 3476
2856 3477
2856 3478
2856 3479
2856 3480
2856 3481
2856 3482
2856 3483
2856 3484
2856 3485
2856 3486
2856 3487
2856 3488
2856 3489
2856 3490
2856 3491
2856 3492
2856 3493
2856 3494
2856 3495
2856 3496
2856 3497
2856 3498
2856 3499
2856 2870
2856 3500
2856 3501
2858 3540
2901 3204
2923 2924
2923 2925
2923 2926
2923 2927
2923 2928
2923 2929
2923 2930
2923 2931
2923 2932
2923 2933
2923 2934
2923 2935
2923 2936
2923 2937
2923 2938
2923 2939
2923 2940
2923 2941
2924 2925
2924 4426
2924 4427
2924 2929
2924 2930
2924 4428
2924 2934
2924 2935
2924 4429
2924 4430
2924 4431
2924 4432
2924 4433
2924 4434
2924 4435
2925 5053
2925 3467
2925 3468
2925 5054
2925 5055
2925 5056
2925 5057
2925 5058
2925 5059
2925 3471
2925 5060
2925 5061
2925 3474
2925 5062
2925 5063
2925 3481
2925 5064
2925 3484
2925 5065
2925 3485
2925 5066
2925 3488
2925 4226
2925 5067
2925 3492
2925 5068
2925 3493
2925 5069
2925 5070
2925 5071
2925 5072
2925 5073
2925 5074
2925 3500
2925 5075
2957 3791
3004 3035
3014 3015
3014 3016
3014 3017
3014 3018
3014 3019
3014 3020
3014 3021
3014 3022
3014 3023
3014 3024
3014 3025
3014 3026
3032 4231
3035 3036
3035 3037
3035 3038
3035 3039
3035 3040
3035 3041
3035 3042
3035 3043
3035 3044
3035 3045
3035 3046
3035 3047
3035 3048
3035 3049
3035 3050
3035 3051
3035 3052
3035 3053
3035 3054
3035 3055
3035 3056
3035 3057
3035 3058
3035 3059
3035 3060
3035 3061
3035 3062
3035 3063
3036 4079
3036 4080
3036 4081
3036 4082
3036 4083
3036 3339
3036 4084
3036 4085
3036 4086
3036 4087
3036 3763
3036 3059
3036 4088
3036 4089
3036 4090
3036 4091
3036 4092
3037 3260
3050 4675
3053 3436
3120 3121
3121 3122
3121 3123
3121 3124
3121 3125
3121 3126
3127 3128
3128 3129
3130 3131
3130 3132
3151 3791
3185 3540
3190 3191
3190 3192
3190 3193
3190 3194
3190 3195
3190 3196
3190 3197
3190 3198
3190 3199
3190 3200
3190 3201
3190 3202
3190 3203
3204 3207
3204 3210
3247 4675
3260 3261
3260 3262
3260 3263
3260 3264
3260 3265
3260 3266
3260 3267
3260 3268
3269 3271
3270 3271
3271 3272
3271 3273
3271 3274
3271 3275
3271 3276
3271 3277
3271 3278
3271 3279
3271 3280
3271 3281
3271 3282
3271 3283
3271 3284
3271 3285
3271 3286
3271 3287
3271 3288
3271 3289
3271 3290
3271 3291
3271 3292
3271 3293
3271 3294
3271 3295
3296 4756
3296 4757
3296 4609
3296 4758
3296 4759
3296 4760
3296 4761
3296 3432
3296 3300
3296 4615
3296 4762
3296 3934
3296 4763
3296 4764
3296 4765
3296 4766
3304 3305
3304 3306
3304 3307
3304 3308
3304 3309
3304 3310
3304 3311
3304 3312
3304 3313
3304 3314
3304 3315
3304 3316
3317 3827
3317 3828
3317 3829
3317 3830
3317 3831
3317 3832
3317 3833
3317 3834
3317 3835
3317 3836
3317 3837
3317 3838
3317 3338
3317 3839
3317 3840
3317 3841
3317 3556
3317 3842
3317 3843
3317 3844
3317 3845
3317 3846
3317 3847
3317 3848
3317 3849
3317 3850
3317 3350
3317 3851
3317 3852
3317 3853
3317 3854
3318 4537
3318 4538
3318 4539
3318 3666
3318 3339
3318 4540
3318 4541
3319 4819
3319 4820
3319 4821
3319 3320
3319 4822
3319 4823
3319 4824
3319 4825
3319 4683
3319 4826
3319 4827
3319 4828
3319 4829
3319 4830
3319 4831
3319 4832
3319 4833
3319 4834
3319 4835
3319 3346
3319 4836
3319 4837
3352 3353
3352 3355
3353 3354
3353 3355
3353 3356
3369 3370
3369 3371
3369 3372
3369 3373
3369 3374
3369 3375
3369 3376
3369 3377
3369 3378
3369 3379
3369 3380
3369 3381
3369 3382
3369 3383
3369 3384
3369 3385
3369 3386
3369 3387
3369 3388
3369 3389
3369 3390
3369 3391
3369 3392
3369 3393
3369 3394
3369 3395
3369 3396
3369 3397
3369 3398
3369 3399
3369 3400
3369 3401
3370 4071
3370 3372
3370 4699
3370 4700
3370 3472
3370 4701
3370 3805
3370 4515
3370 4702
3370 4703
3370 3389
3370 4704
3370 3391
3370 4705
3370 4706
3389 4071
3441 3442
3441 3443
3441 3444
3441 3445
3441 3446
3442 5050
3447 3448
3447 3449
3447 3450
3447 3451
3496 3791
3507 3524
3523 3524
3523 3537
3523 3526
3523 3538
3523 3536
3523 3539
3524 3525
3524 3526
3524 3527
3524 3528
3524 3529
3524 3530
3524 3531
3524 3532
3524 3533
3524 3534
3524 3535
3524 3536
3540 4456
3540 4511
3540 4728
3540 4729
3544 4864
3544 3681
3544 4865
3544 3672
3566 3567
3566 3568
3566 3569
3566 3570
3566 3571
3566 3572
3566 3573
3566 3574
3572 3603
3575 3950
3575 3951
3575 3952
3575 3953
3575 3954
3575 3955
3575 3956
3575 3957
3575 3958
3602 3603
3603 3604
3603 3605
3603 3606
3603 3607
3603 3608
3603 3609
3603 3610
3603 3611
3603 3612
3603 3613
3603 3614
3603 3615
3603 3616
3603 3617
3603 3618
3619 4123
3658 3659
3695 4231
3724 3725
3726 4533
3726 4534
3726 4535
3726 4536
3770 4323
3770 4324
3770 4325
3770 4326
3770 4327
3770 4328
3770 4329
3770 4330
3770 4331
3770 4332
3770 3783
3770 4333
3791 4124
3791 4125
3791 4126
3791 4127
3791 4128
3791 4129
3791 4130
3791 4131
3791 4132
3792 4205
3792 4206
3792 4207
3792 4208
3819 3820
3820 3821
3820 3822
3820 3823
3820 3824
3820 3825
3820 3826
3887 3888
3887 3889
3887 3890
3887 3891
3887 3892
3887 3893
3887 3894
3887 3895
3887 3896
3887 3897
3887 3898
3969 3970
3969 3971
3969 3972
3969 3973
3969 3974
4021 4022
4021 4023
4021 4024
4071 4072
4071 4073
4071 4074
4071 4075
4071 4076
4071 4077
4071 4078
4116 4487
4116 4488
4116 4489
4116 4490
4116 4491
4122 4123
4133 4134
4134 4135
4134 4136
4134 4137
4134 4138
4134 4139
4134 4140
4134 4141
4134 4142
4134 4143
4231 4983
4231 4984
4231 4985
4231 4986
4231 4987
4231 4988
4231 4989
4231 4990
4231 4991
4231 4992
4231 4993
4231 4994
4244 4819
4248 4249
4249 4250
4249 4251
4269 4270
4270 4271
4270 4272
4270 4273
4270 4274
4270 4275
4270 4276
4270 4277
4270 4278
4270 4279
4436 4437
4436 4523
4436 4524
4436 4525
4437 4438
4437 4439
4437 4440
4437 4441
4437 4442
4437 4443
4437 4444
4437 4445
4437 4446
4492 4493
4494 5085
4494 5086
4494 5087
4494 5088
4494 5089
4494 4827
4494 4566
4495 4496
4496 4497
4496 4498
4496 4499
4496 4500
4496 4501
4496 4502
4496 4503
4496 4504
4496 4505
4496 4506
4594 4595
4594 4596
4594 4597
4594 4598
4594 4599
4606 4870
4606 4871
4606 4872
4606 4873
4606 4874
4606 4875
4606 4876
4606 4877
4606 4878
4606 4879
4606 4880
4606 4881
4606 4882
4606 4617
4606 4883
4606 4619
4606 4884
4669 4923
4669 4924
4669 4925
4669 4926
4669 4927
4675 4676
4675 4677
4675 4678
4675 4679
4675 4680
4675 4681
4675 4682
4675 4683
4675 4684
4675 4685
4675 4686
4675 4687
4675 4688
4675 4689
4675 4690
4675 4691
4675 4692
4675 4693
4675 4694
4819 5040
4819 5041
4819 5042
4819 5043
4819 5044
4819 5045
4819 5046
4819 5047
4819 5048
4819 5049
5050 5051
5050 5052
