0 1
0 134
0 207
0 293
0 74
0 601
0 363
0 79
0 23
0 565
0 81
0 87
0 742
0 382
0 441
0 268
0 747
1 2
1 3
1 4
1 5
2 124
2 106
2 207
2 514
2 114
2 199
2 292
2 660
2 16
2 892
2 48
2 604
2 77
2 78
2 836
2 259
2 23
2 216
2 487
2 893
2 81
2 316
2 687
2 321
2 324
2 220
2 147
2 547
2 378
2 59
2 185
2 29
2 60
2 501
2 31
2 694
2 383
2 384
2 386
2 483
2 894
2 91
2 65
3 68
3 134
3 208
3 207
3 403
3 108
3 550
3 14
3 116
3 135
3 155
3 136
3 622
3 69
3 38
3 19
3 164
3 434
3 21
3 118
3 166
3 239
3 603
3 240
3 1068
3 361
3 1078
3 1080
3 127
3 140
3 1087
3 542
3 213
3 555
3 305
3 785
3 265
3 98
3 173
3 893
3 886
3 175
3 437
3 176
3 245
3 206
3 453
3 267
3 323
3 558
3 26
3 27
3 657
3 182
3 184
3 911
3 186
3 873
3 250
3 561
3 197
3 381
3 439
3 1047
3 975
3 775
3 385
3 149
3 64
3 191
3 919
3 192
3 842
3 254
3 5
4 106
4 151
4 207
4 153
4 116
4 291
4 621
4 292
4 203
4 110
4 159
4 72
4 117
4 19
4 496
4 626
4 214
4 366
4 23
4 81
4 206
4 101
4 288
4 1132
4 557
4 220
4 971
4 112
4 409
4 1248
4 185
4 1005
4 331
4 89
4 483
4 5
4 1262
4 411
5 134
5 204
5 261
5 451
5 14
5 43
5 628
5 655
5 293
5 515
5 158
5 159
5 806
5 415
5 673
5 674
5 835
5 117
5 777
5 19
5 600
5 728
5 21
5 1008
5 732
5 396
5 201
5 602
5 360
5 239
5 300
5 734
5 77
5 786
5 1077
5 140
5 142
5 363
5 767
5 79
5 306
5 80
5 23
5 1137
5 818
5 1150
5 1156
5 1091
5 525
5 234
5 737
5 916
5 371
5 81
5 82
5 206
5 1027
5 543
5 1212
5 375
5 1215
5 1229
5 819
5 609
5 1066
5 54
5 147
5 221
5 57
5 1037
5 1133
5 1218
5 378
5 112
5 183
5 649
5 704
5 331
5 380
5 744
5 596
5 187
5 31
5 481
5 61
5 439
5 714
5 32
5 123
5 64
5 198
5 637
5 1086
5 652
5 445
5 1231
5 256
5 1165
5 390
5 66
6 7
6 13
6 14
6 15
6 16
6 17
6 18
6 19
6 20
6 21
6 22
6 23
6 24
6 25
6 26
6 27
6 28
6 29
6 30
6 31
6 32
6 33
6 34
6 35
7 8
7 9
7 10
7 11
7 12
8 207
8 43
8 155
8 290
8 291
8 231
8 292
8 293
8 110
8 69
8 294
8 295
8 20
8 296
8 297
8 298
8 201
8 299
8 300
8 224
8 301
8 49
8 302
8 141
8 143
8 214
8 51
8 303
8 304
8 305
8 306
8 307
8 308
8 23
8 120
8 309
8 216
8 310
8 311
8 312
8 313
8 218
8 314
8 81
8 315
8 83
8 316
8 317
8 206
8 318
8 319
8 320
8 87
8 321
8 322
8 52
8 323
8 324
8 325
8 326
8 211
8 327
8 328
8 329
8 27
8 330
8 331
8 332
8 333
8 334
8 335
8 132
8 336
8 285
8 337
8 338
8 339
8 340
8 341
8 91
8 65
8 202
8 66
9 124
9 42
9 414
9 354
9 415
9 45
9 356
9 416
9 417
9 295
9 418
9 419
9 297
9 420
9 421
9 299
9 361
9 77
9 143
9 422
9 51
9 423
9 311
9 424
9 370
9 315
9 425
9 86
9 426
9 376
9 211
9 327
9 427
9 378
9 428
9 404
9 31
9 339
9 429
9 91
9 202
10 39
10 261
10 407
10 801
10 946
10 850
10 345
10 765
11 115
11 15
11 158
11 297
11 119
11 422
11 549
11 228
11 526
11 235
12 673
13 272
13 158
13 485
13 381
13 279
13 192
14 137
14 118
14 567
14 47
14 568
14 241
14 569
14 570
14 571
14 219
14 57
14 181
14 547
14 186
14 572
14 440
14 62
14 64
14 573
14 574
15 134
15 152
15 272
15 203
15 455
15 274
15 357
15 264
15 716
15 392
15 246
15 717
15 475
15 267
15 718
15 220
15 57
15 283
15 595
15 409
15 230
15 257
16 540
16 275
16 137
16 721
16 813
16 593
16 814
16 708
17 465
17 480
18 153
18 343
18 280
18 199
18 776
18 38
18 625
18 553
18 141
18 626
18 725
18 51
18 303
18 366
18 884
18 492
18 740
18 221
18 26
18 547
18 696
19 535
19 489
19 155
19 667
19 203
19 660
19 273
19 798
19 902
19 618
19 137
19 21
19 905
19 360
19 233
19 906
19 907
19 542
19 277
19 308
19 525
19 570
19 908
19 903
19 536
19 128
19 206
19 909
19 101
19 910
19 593
19 324
19 221
19 326
19 330
19 911
19 912
19 775
19 894
19 229
19 390
20 282
20 275
20 460
20 813
20 897
20 166
20 466
20 471
20 266
20 543
20 909
20 646
20 220
20 283
20 112
20 228
20 185
20 349
20 444
20 411
21 352
21 510
21 159
21 213
21 961
21 217
21 392
21 962
21 182
21 28
21 439
21 997
22 160
22 274
22 162
22 76
22 885
22 213
22 366
22 173
22 174
22 175
22 437
22 177
22 394
22 761
22 181
22 722
22 596
22 197
22 35
22 270
23 488
23 343
23 159
23 160
23 355
23 967
23 602
23 1025
23 569
23 171
23 707
23 144
23 174
23 177
23 642
23 438
23 761
23 101
23 1132
23 247
23 762
23 558
23 57
23 1133
23 181
23 248
23 26
23 182
23 184
23 185
23 1005
23 873
23 60
23 561
23 714
23 123
23 442
23 1134
23 1086
23 35
23 253
23 254
23 1028
23 270
23 446
23 230
24 526
26 488
26 153
26 343
26 280
26 290
26 199
26 414
26 625
26 77
26 141
26 51
26 303
26 366
26 605
26 83
26 375
26 1107
26 328
26 742
26 547
26 559
26 1245
26 560
26 500
26 387
27 68
27 115
27 407
27 116
27 282
27 697
27 158
27 160
27 710
27 357
27 784
27 161
27 162
27 601
27 239
27 408
27 466
27 127
27 885
27 167
27 168
27 97
27 277
27 345
27 1025
27 79
27 836
27 961
27 606
27 1091
27 580
27 173
27 393
27 1178
27 82
27 1206
27 739
27 829
27 831
27 1222
27 53
27 558
27 427
27 112
27 228
27 185
27 596
27 763
27 708
27 381
27 439
27 284
27 382
27 123
27 279
27 482
27 64
27 1246
27 387
27 443
27 923
27 919
27 192
27 842
27 35
27 66
28 258
28 357
28 137
28 166
28 542
28 951
28 306
28 827
28 546
28 593
28 186
28 596
28 31
28 439
28 230
29 107
29 403
29 152
29 272
29 263
29 668
29 766
29 162
29 898
29 943
29 813
29 420
29 897
29 139
29 1075
29 466
29 168
29 773
29 267
29 531
29 112
29 228
29 763
29 35
30 115
31 151
31 261
31 403
31 540
31 153
31 114
31 343
31 645
31 137
31 462
31 118
31 602
31 906
31 215
31 961
31 886
31 175
31 1115
31 755
31 147
31 547
31 112
31 228
31 186
31 60
31 756
31 561
31 197
31 381
31 757
31 64
31 705
32 261
32 82
32 556
32 228
32 33
32 34
33 825
33 362
33 228
34 208
34 261
34 449
34 152
34 454
34 272
34 528
34 263
34 273
34 158
34 485
34 710
34 460
34 721
34 205
34 264
34 276
34 906
34 465
34 277
34 765
34 1149
34 788
34 962
34 266
34 543
34 474
34 739
34 267
34 476
34 1066
34 911
34 197
34 381
34 284
34 482
34 257
34 390
35 106
35 43
35 617
35 155
35 621
35 156
35 136
35 674
35 710
35 72
35 294
35 654
35 677
35 118
35 601
35 299
35 138
35 680
35 77
35 141
35 1109
35 79
35 51
35 837
35 467
35 566
35 525
35 173
35 83
35 246
35 87
35 739
35 146
35 210
35 593
35 52
35 323
35 54
35 181
35 211
35 88
35 795
35 742
35 378
35 1247
35 59
35 250
35 382
35 268
35 383
35 388
35 350
35 341
35 65
35 638
35 66
36 37
36 414
36 622
36 660
36 354
36 817
36 416
36 654
36 677
36 236
36 1041
36 662
36 1042
36 140
36 626
36 782
36 785
36 368
36 81
36 1027
36 321
36 663
36 323
36 328
36 742
36 975
36 1159
36 757
38 39
38 194
38 114
38 343
38 667
38 670
38 621
38 414
38 515
38 160
38 824
38 357
38 874
38 295
38 619
38 238
38 662
38 525
38 173
38 546
38 762
38 875
38 249
38 876
38 493
38 747
38 877
38 198
40 41
40 261
40 262
40 263
40 264
40 265
40 266
40 267
40 53
40 57
40 112
40 197
40 268
40 269
40 270
41 42
41 43
41 44
41 45
41 46
41 47
41 48
41 49
41 50
41 51
41 52
41 53
41 54
41 55
41 56
41 57
41 58
41 59
41 60
41 61
41 62
41 63
41 64
41 65
41 66
42 271
42 261
42 412
42 452
42 152
42 454
42 272
42 125
42 263
42 156
42 273
42 158
42 455
42 274
42 355
42 357
42 456
42 275
42 457
42 458
42 459
42 460
42 461
42 462
42 463
42 464
42 205
42 264
42 166
42 465
42 466
42 362
42 98
42 467
42 144
42 468
42 469
42 470
42 471
42 266
42 318
42 122
42 472
42 473
42 474
42 475
42 267
42 476
42 477
42 53
42 283
42 478
42 148
42 379
42 185
42 479
42 480
42 197
42 381
42 481
42 336
42 482
42 483
42 270
42 389
42 230
42 257
42 390
42 484
42 92
43 575
43 489
43 114
43 282
43 156
43 158
43 537
43 274
43 588
43 589
43 361
43 168
43 142
43 365
43 590
43 265
43 591
43 397
43 244
43 592
43 267
43 593
43 571
43 594
43 595
43 427
43 148
43 379
43 596
43 387
43 483
43 192
43 193
43 270
43 446
43 257
44 261
44 114
44 361
44 97
44 605
44 56
44 211
44 58
44 583
44 665
44 666
44 615
45 160
45 824
45 274
45 825
45 162
45 780
45 661
45 118
45 826
45 772
45 51
45 765
45 278
45 564
45 242
45 467
45 580
45 397
45 468
45 392
45 827
45 790
45 100
45 543
45 828
45 473
45 546
45 829
45 830
45 831
45 225
45 283
45 379
45 183
45 409
45 513
45 279
45 709
45 270
45 257
45 66
46 158
46 457
46 855
46 264
46 707
46 266
46 122
46 379
46 112
46 596
46 440
47 598
47 554
47 626
47 259
47 304
47 671
47 64
48 134
48 114
48 697
48 158
48 807
48 878
48 690
48 596
48 187
49 353
49 777
49 166
49 603
49 139
49 361
49 936
49 347
49 99
49 175
49 962
49 82
49 245
49 642
49 761
49 593
49 774
49 57
49 283
49 186
49 389
50 510
50 489
50 156
50 817
50 878
50 603
50 240
50 175
50 81
50 1027
50 266
50 179
50 182
50 381
50 439
50 440
50 1086
50 919
50 997
50 574
51 68
51 258
51 261
51 109
51 263
51 116
51 650
51 282
51 727
51 157
51 159
51 160
51 817
51 710
51 882
51 161
51 162
51 901
51 163
51 195
51 578
51 1000
51 1012
51 205
51 952
51 625
51 878
51 436
51 76
51 167
51 345
51 1109
51 785
51 605
51 120
51 171
51 570
51 1113
51 175
51 1114
51 669
51 790
51 178
51 642
51 471
51 1115
51 1027
51 592
51 375
51 829
51 646
51 688
51 53
51 571
51 220
51 283
51 112
51 183
51 810
51 713
51 763
51 1116
51 61
51 996
51 1047
51 847
51 132
51 482
51 443
51 444
51 410
51 1035
51 1117
51 192
51 842
51 253
51 445
51 270
51 256
51 411
52 160
52 75
52 753
52 163
52 167
52 1098
52 173
52 174
52 175
52 827
52 1114
52 739
52 248
52 129
52 439
52 387
52 613
52 192
52 257
53 601
53 1151
53 57
53 112
53 60
54 261
54 272
54 282
54 701
54 158
54 710
54 588
54 902
54 163
54 957
54 813
54 298
54 264
54 166
54 465
54 127
54 277
54 213
54 265
54 862
54 707
54 144
54 397
54 1169
54 121
54 471
54 703
54 1212
54 122
54 739
54 267
54 181
54 427
54 148
54 428
54 379
54 112
54 596
54 918
54 480
54 284
54 612
54 132
54 586
54 573
54 919
54 1035
54 256
54 518
55 1046
55 177
55 101
55 762
55 652
56 263
56 619
56 205
56 906
56 468
56 206
56 471
56 909
56 389
56 390
57 106
57 153
57 489
57 114
57 116
57 621
57 293
57 72
57 677
57 236
57 1041
57 138
57 681
57 626
57 785
57 565
57 81
57 1107
57 211
57 795
57 378
57 61
57 64
57 337
58 232
58 449
58 653
58 282
58 537
58 117
58 275
58 868
58 467
58 579
58 543
58 101
58 475
58 267
58 718
58 1230
58 1233
58 1243
58 148
58 112
58 409
58 228
58 778
58 284
58 586
58 748
58 411
59 261
59 152
59 161
59 913
59 275
59 277
59 468
59 471
59 475
59 739
59 267
59 409
59 191
59 411
60 261
60 628
60 273
60 798
60 137
60 460
60 139
60 772
60 542
60 961
60 368
60 467
60 1158
60 1167
60 206
60 101
60 220
60 183
60 349
60 508
60 864
60 1043
60 254
61 115
61 287
61 261
61 152
61 282
61 357
61 162
61 902
61 264
61 408
61 168
61 277
61 345
61 215
61 605
61 499
61 397
61 218
61 128
61 437
61 790
61 1143
61 1207
61 546
61 646
61 180
61 225
61 148
61 183
61 810
61 409
61 778
61 596
61 349
61 439
61 996
61 189
61 284
61 1043
61 104
61 483
61 192
61 270
61 1081
61 230
62 99
63 486
63 159
63 163
63 398
63 439
63 190
63 387
63 256
63 495
64 115
64 134
64 114
64 156
64 293
64 415
64 457
64 309
64 707
64 173
64 225
64 571
64 1218
64 760
64 574
64 652
64 270
64 1145
65 261
65 158
65 901
65 921
65 906
65 466
65 1015
65 174
65 962
65 128
65 790
65 101
65 267
65 595
65 186
65 439
65 279
65 341
65 748
65 257
66 261
66 263
66 114
66 282
66 156
66 293
66 158
66 159
66 710
66 355
66 711
66 162
66 602
66 930
66 1078
66 97
66 345
66 569
66 765
66 308
66 499
66 606
66 712
66 245
66 1201
66 829
66 180
66 248
66 1243
66 249
66 379
66 183
66 409
66 843
66 513
66 222
66 1174
66 482
66 444
66 255
66 446
67 68
67 265
67 629
68 69
68 70
68 71
68 72
68 73
68 74
68 75
68 76
68 77
68 78
68 79
68 80
68 81
68 82
68 83
68 84
68 85
68 86
68 87
68 88
68 89
68 90
68 91
68 92
69 282
69 345
69 800
69 148
70 109
70 263
70 710
70 76
70 826
70 707
70 394
70 507
70 268
70 842
71 848
71 236
71 878
71 167
71 213
71 773
71 252
72 263
72 489
72 114
72 156
72 157
72 158
72 160
72 825
72 161
72 164
72 662
72 76
72 885
72 167
72 97
72 345
72 213
72 171
72 173
72 347
72 838
72 886
72 175
72 372
72 827
72 348
72 642
72 100
72 471
72 246
72 761
72 507
72 558
72 183
72 228
72 197
72 381
72 123
72 887
72 443
72 888
72 193
72 256
73 379
74 118
74 277
74 657
74 184
74 918
74 482
74 919
75 697
75 156
75 158
75 710
75 825
75 162
75 117
75 921
75 813
75 277
75 265
75 346
75 790
75 922
75 698
75 657
75 182
75 379
75 409
75 513
75 482
75 923
75 446
75 257
76 106
76 207
76 621
76 673
76 861
76 732
76 361
76 143
76 785
76 1061
76 394
76 593
76 382
77 403
77 540
77 153
77 343
77 630
77 280
77 282
77 158
77 137
77 434
77 460
77 998
77 238
77 640
77 589
77 168
77 851
77 215
77 725
77 961
77 120
77 347
77 491
77 370
77 175
77 100
77 394
77 557
77 220
77 762
77 221
77 1072
77 112
77 228
77 560
77 185
77 561
77 708
77 190
77 757
77 104
78 258
78 648
78 600
78 277
78 206
78 471
78 1040
78 331
78 186
78 399
78 1110
79 262
79 282
79 293
79 273
79 158
79 159
79 817
79 162
79 196
79 1036
79 97
79 818
79 347
79 121
79 1027
79 543
79 762
79 129
79 1111
79 382
79 222
79 842
79 256
80 152
80 156
80 158
80 920
80 942
80 405
80 304
80 265
80 347
80 177
80 179
80 221
80 181
80 595
80 657
80 129
80 586
80 191
80 573
81 282
81 156
81 158
81 807
81 160
81 817
81 710
81 824
81 753
81 95
81 236
81 958
81 138
81 239
81 139
81 490
81 345
81 241
81 707
81 397
81 737
81 175
81 437
81 176
81 438
81 1027
81 122
81 646
81 181
81 248
81 657
81 561
81 572
81 720
81 187
81 197
81 975
81 513
81 888
81 192
81 254
81 256
81 257
82 208
82 258
82 261
82 263
82 659
82 273
82 163
82 897
82 239
82 716
82 906
82 465
82 570
82 392
82 987
82 266
82 122
82 320
82 267
82 476
82 1182
82 911
82 756
82 708
82 197
82 381
82 399
82 996
82 269
82 1183
82 257
82 411
83 134
83 263
83 114
83 156
83 159
83 967
83 201
83 878
83 213
83 171
83 570
83 144
83 379
83 256
83 257
84 296
84 171
84 144
84 1186
84 1190
84 182
84 596
85 156
85 138
85 571
86 107
86 118
86 632
86 101
86 477
86 103
86 649
86 439
87 152
87 272
87 156
87 158
87 159
87 824
87 195
87 264
87 166
87 1098
87 345
87 265
87 707
87 437
87 773
87 690
87 398
87 595
87 1063
87 379
87 911
87 251
87 384
87 257
88 162
88 168
88 175
88 206
88 1212
88 1097
88 220
88 112
88 911
89 153
89 817
89 1128
89 712
89 492
89 1182
89 559
89 192
89 254
90 264
90 593
91 261
91 152
91 530
91 534
91 114
91 158
91 159
91 162
91 195
91 264
91 265
91 642
91 909
91 220
91 398
91 182
91 379
91 1072
91 483
91 193
91 257
92 914
92 771
92 300
92 369
92 347
92 470
92 657
92 441
92 482
93 94
93 343
93 126
93 883
93 137
93 164
93 96
93 171
93 337
94 95
94 96
94 97
94 98
94 99
94 100
94 101
94 102
94 103
94 104
96 235
97 287
97 514
97 655
97 621
97 203
97 164
97 542
97 947
97 216
97 570
97 547
97 911
97 382
97 775
97 385
98 723
98 137
98 142
99 124
99 258
99 407
99 116
99 667
99 292
99 622
99 817
99 645
99 161
99 164
99 619
99 725
99 366
99 605
99 606
99 570
99 100
99 327
99 409
99 799
99 439
99 284
99 1006
99 230
99 411
100 644
100 156
100 110
100 161
100 602
100 498
100 143
100 366
100 605
100 216
100 218
100 642
100 547
100 381
100 334
100 1047
100 1161
100 385
101 261
101 545
101 489
101 114
101 643
101 199
101 515
101 273
101 357
101 728
101 1009
101 1077
101 216
101 517
101 800
101 218
101 687
101 220
101 112
101 649
101 493
101 384
101 483
101 748
101 389
101 1019
101 411
103 105
103 108
103 621
103 201
103 314
103 146
103 742
103 337
104 599
104 940
104 216
104 218
104 315
104 687
104 211
104 383
106 107
106 151
106 152
106 153
106 114
106 154
106 155
106 156
106 157
106 158
106 159
106 160
106 161
106 162
106 163
106 164
106 165
106 166
106 167
106 168
106 143
106 169
106 170
106 171
106 172
106 173
106 174
106 175
106 176
106 177
106 178
106 179
106 180
106 181
106 182
106 148
106 183
106 184
106 185
106 186
106 187
106 131
106 188
106 189
106 123
106 190
106 191
106 192
106 193
107 108
107 109
107 110
107 111
107 112
107 113
108 287
108 352
108 286
108 432
108 116
108 433
108 282
108 160
108 161
108 434
108 435
108 436
108 345
108 213
108 265
108 437
108 245
108 438
108 179
108 267
108 220
108 228
108 188
108 439
108 440
108 284
108 441
108 442
108 443
108 444
108 445
108 446
108 230
110 488
110 282
110 156
110 161
110 164
110 166
110 465
110 345
110 171
110 761
110 762
110 763
110 439
110 443
112 204
112 271
112 281
112 261
112 395
112 514
112 521
112 263
112 489
112 280
112 155
112 648
112 644
112 292
112 136
112 723
112 203
112 158
112 623
112 354
112 710
112 537
112 859
112 677
112 461
112 982
112 729
112 118
112 297
112 496
112 601
112 892
112 298
112 420
112 897
112 1042
112 396
112 201
112 359
112 299
112 119
112 233
112 300
112 734
112 465
112 127
112 944
112 498
112 490
112 143
112 277
112 422
112 215
112 725
112 1015
112 1137
112 368
112 499
112 467
112 216
112 487
112 566
112 1096
112 470
112 702
112 348
112 1100
112 471
112 582
112 374
112 267
112 376
112 377
112 1227
112 324
112 220
112 812
112 691
112 183
112 713
112 333
112 596
112 349
112 501
112 1047
112 382
112 268
112 912
112 132
112 386
112 483
112 191
112 350
112 652
112 446
112 390
114 115
114 407
114 153
114 489
114 291
114 156
114 597
114 401
114 598
114 161
114 599
114 600
114 164
114 601
114 602
114 603
114 604
114 141
114 422
114 306
114 605
114 120
114 606
114 607
114 314
114 206
114 608
114 323
114 571
114 609
114 221
114 211
114 610
114 611
114 378
114 148
114 549
114 228
114 404
114 184
114 185
114 538
114 561
114 501
114 439
114 382
114 383
114 612
114 613
114 192
114 446
114 389
114 614
114 615
114 616
115 116
115 117
115 118
115 119
115 120
115 121
115 122
115 123
116 207
116 489
116 291
116 622
116 357
116 161
116 632
116 633
116 138
116 634
116 240
116 554
116 303
116 304
116 366
116 605
116 635
116 570
116 243
116 636
116 323
116 324
116 211
116 183
116 409
116 561
116 382
116 123
116 385
116 191
116 637
116 254
116 256
116 638
116 411
117 407
117 550
117 676
117 602
117 480
118 134
118 261
118 648
118 621
118 156
118 537
118 598
118 358
118 654
118 935
118 729
118 201
118 1014
118 363
118 365
118 1015
118 1016
118 128
118 556
118 211
118 971
118 413
118 197
118 1017
118 864
118 429
118 614
118 587
119 514
119 158
119 363
119 265
119 1060
119 383
120 287
120 280
120 155
120 282
120 156
120 273
120 485
120 137
120 168
120 213
120 605
120 242
120 397
120 642
120 1143
120 592
120 646
120 557
120 327
120 559
120 810
120 409
120 131
120 1081
120 230
120 411
121 218
121 583
121 382
121 441
121 400
121 1140
122 271
122 550
122 701
122 868
122 955
122 921
122 601
122 365
122 218
122 318
122 374
122 375
122 404
122 526
122 1162
122 150
123 203
123 776
123 157
123 140
123 348
123 795
123 526
123 439
124 125
124 126
124 127
124 128
124 129
124 130
124 131
124 132
126 660
126 416
126 769
126 687
127 157
127 416
127 677
127 496
127 138
127 733
127 144
127 211
127 249
127 500
127 1047
127 149
128 134
128 261
128 575
128 378
128 693
129 209
129 599
129 461
129 988
129 315
129 1046
129 471
129 556
129 924
129 593
129 740
129 799
129 500
129 948
129 198
129 285
130 327
131 207
131 293
131 157
131 634
131 304
131 366
131 846
131 687
131 688
131 663
131 875
131 211
131 742
131 747
131 1256
131 696
132 226
132 489
132 203
132 785
132 216
132 218
132 536
132 1226
132 211
132 778
132 1161
132 285
132 1259
132 257
133 134
134 135
134 136
134 137
134 138
134 139
134 140
134 141
134 142
134 143
134 144
134 145
134 146
134 147
134 148
134 149
134 150
135 430
135 489
135 363
135 218
135 639
136 156
136 749
136 345
136 564
136 606
136 712
136 176
136 750
136 191
136 254
137 287
137 514
137 489
137 648
137 622
137 166
137 360
137 950
137 604
137 142
137 951
137 306
137 570
137 582
137 592
137 687
137 219
137 547
137 549
137 198
138 207
138 282
138 156
138 157
138 710
138 835
138 165
138 1041
138 905
138 567
138 885
138 1025
138 961
138 707
138 173
138 144
138 347
138 174
138 175
138 536
138 827
138 1056
138 220
138 762
138 182
138 250
138 439
138 759
138 387
138 842
138 254
138 256
138 715
139 281
139 263
139 509
139 161
139 1070
139 1051
139 147
139 778
139 763
139 843
139 527
140 430
140 156
140 159
140 880
140 165
140 277
140 961
140 397
140 348
140 176
140 375
140 431
140 181
140 1063
140 657
140 1057
140 184
140 250
140 381
140 189
140 1043
140 191
140 923
140 270
140 256
141 343
141 282
141 156
141 962
141 267
141 1088
141 220
141 558
141 1089
141 182
141 443
141 760
141 894
141 270
142 575
142 489
142 199
142 728
142 604
142 490
142 590
142 893
142 471
142 543
142 592
142 717
142 219
142 211
142 427
142 409
142 384
142 483
142 696
143 200
143 258
143 261
143 152
143 262
143 343
143 282
143 157
143 158
143 798
143 537
143 824
143 882
143 600
143 434
143 461
143 165
143 897
143 1045
143 542
143 277
143 564
143 265
143 1090
143 144
143 347
143 372
143 536
143 1100
143 1018
143 245
143 642
143 879
143 909
143 924
143 755
143 1101
143 1057
143 778
143 185
143 1005
143 911
143 873
143 996
143 251
143 513
143 192
143 256
143 257
144 391
144 809
144 710
144 943
144 654
144 892
144 405
144 767
144 569
144 366
144 787
144 1158
144 737
144 794
144 206
144 145
144 324
144 507
144 211
144 328
144 742
144 911
144 381
144 481
144 337
144 341
144 254
145 1175
145 191
146 575
146 158
146 166
146 906
146 592
146 228
147 152
147 262
147 668
147 195
147 461
147 420
147 300
147 240
147 213
147 765
147 347
147 800
147 218
147 244
147 642
147 1097
147 971
147 379
147 596
147 197
147 381
147 382
147 483
147 896
147 574
147 254
148 407
148 294
148 892
148 298
148 680
148 733
148 907
148 304
148 309
148 216
148 860
148 939
148 378
148 812
148 584
148 383
148 390
149 287
149 347
149 437
149 288
150 272
150 263
150 159
150 958
150 906
150 490
150 277
150 347
150 392
150 962
150 1223
150 814
150 379
150 479
150 381
150 284
150 482
150 1263
150 257
151 212
151 213
151 214
151 215
151 216
151 217
151 218
151 219
151 220
151 221
151 182
151 185
151 222
152 261
152 356
152 297
152 298
152 276
152 233
152 498
152 499
152 216
152 333
152 500
152 501
152 382
153 488
153 343
153 282
153 156
153 160
153 551
153 162
153 552
153 553
153 168
153 554
153 213
153 555
153 177
153 556
153 557
153 558
153 182
153 559
153 560
153 561
153 562
153 381
153 439
153 251
153 563
154 159
155 489
155 282
155 644
155 645
155 567
155 277
155 206
155 267
155 646
155 439
155 647
155 389
155 230
155 411
156 433
156 231
156 621
156 292
156 622
156 203
156 293
156 660
156 654
156 728
156 677
156 729
156 730
156 496
156 731
156 732
156 299
156 733
156 233
156 300
156 734
156 361
156 422
156 735
156 303
156 366
156 306
156 605
156 309
156 216
156 517
156 502
156 736
156 173
156 737
156 315
156 738
156 206
156 543
156 319
156 739
156 321
156 740
156 688
156 663
156 324
156 741
156 211
156 742
156 378
156 182
156 549
156 404
156 743
156 744
156 187
156 382
156 745
156 612
156 746
156 747
156 338
156 341
156 192
156 748
156 638
157 550
157 621
157 784
157 161
157 677
157 662
157 304
157 785
157 566
157 373
157 211
157 439
157 382
157 268
157 390
158 395
158 231
158 621
158 203
158 515
158 485
158 673
158 537
158 777
158 600
158 295
158 297
158 601
158 298
158 420
158 524
158 733
158 604
158 361
158 786
158 363
158 364
158 422
158 365
158 214
158 304
158 366
158 306
158 787
158 367
158 565
158 368
158 216
158 517
158 311
158 525
158 234
158 174
158 788
158 315
158 425
158 789
158 790
158 206
158 374
158 791
158 283
158 211
158 547
158 378
158 428
158 532
158 549
158 404
158 333
158 708
158 501
158 584
158 268
158 792
158 793
158 335
158 341
158 270
158 202
158 518
158 257
158 390
159 207
159 209
159 263
159 673
159 236
159 730
159 601
159 625
159 365
159 565
159 368
159 606
159 636
159 393
159 314
159 794
159 738
159 177
159 795
159 742
159 692
159 526
159 339
159 256
160 644
160 776
160 674
160 710
160 835
160 824
160 161
160 163
160 361
160 641
160 364
160 836
160 304
160 837
160 605
160 309
160 682
160 397
160 838
160 319
160 839
160 831
160 840
160 547
160 500
160 439
160 841
160 382
160 747
160 387
160 842
160 495
161 622
161 883
161 238
161 891
161 634
161 304
161 837
161 635
161 565
161 570
161 636
161 543
161 688
161 663
161 742
161 197
161 385
162 433
162 868
162 654
162 626
162 605
162 311
162 218
162 206
162 288
162 326
162 211
162 327
162 329
162 289
162 382
162 386
162 337
162 341
162 256
163 486
163 935
163 731
163 604
163 936
163 566
163 937
163 175
163 211
163 795
163 439
163 841
163 387
163 390
164 489
164 515
164 654
164 174
164 849
164 593
164 324
164 220
164 328
164 971
164 573
165 489
165 993
165 490
165 785
165 606
165 994
166 899
166 933
166 868
166 298
166 604
166 317
166 374
166 762
166 409
166 500
166 652
167 207
167 621
167 824
167 361
167 936
167 785
167 216
167 663
167 1037
167 714
167 441
167 793
167 222
167 337
168 521
168 203
168 354
168 415
168 417
168 892
168 201
168 361
168 605
168 311
168 1079
168 206
168 924
168 319
168 327
168 404
168 333
168 390
170 296
170 842
171 296
171 236
171 601
171 1087
171 304
171 565
171 682
171 636
171 375
171 663
171 323
171 250
171 714
171 385
171 1152
172 785
172 245
172 873
173 488
173 621
173 834
173 848
173 602
173 733
173 734
173 490
173 566
173 683
173 739
173 740
173 688
173 795
173 439
173 268
173 385
174 207
174 261
174 514
174 628
174 776
174 817
174 654
174 728
174 634
174 241
174 565
174 502
174 926
174 471
174 663
174 325
174 220
174 211
174 698
174 381
174 863
174 269
174 341
174 390
175 261
175 292
175 203
175 624
175 434
175 236
175 490
175 782
175 303
175 605
175 737
175 1056
175 738
175 669
175 321
175 378
175 971
175 560
175 1179
176 654
176 785
176 683
176 323
176 211
176 334
177 207
177 621
177 723
177 955
177 677
177 640
177 626
177 288
177 1132
177 221
177 185
177 1141
177 696
178 207
178 869
178 625
178 1034
178 1190
178 1132
178 221
178 382
179 207
179 405
179 304
179 487
179 315
179 663
179 221
179 328
179 704
179 385
180 366
180 314
180 206
181 730
181 632
181 681
181 303
181 1136
181 288
181 211
181 1239
181 549
181 1240
181 268
181 747
182 290
182 621
182 293
182 779
182 416
182 316
182 327
182 341
183 354
183 674
183 238
183 304
183 837
183 311
183 218
183 219
183 327
183 378
183 409
183 383
183 390
184 776
184 817
184 601
184 1196
185 261
185 273
185 357
185 602
185 213
185 309
185 216
185 773
185 206
185 471
185 546
185 324
185 560
185 538
185 500
185 399
185 792
185 483
185 389
185 390
186 489
186 697
186 515
186 625
186 233
186 605
186 309
186 319
186 1251
186 335
187 598
187 239
187 304
187 507
187 211
187 329
187 382
187 387
188 288
188 399
188 385
189 669
189 211
190 621
190 673
190 654
190 299
190 306
190 370
190 1177
190 318
190 375
190 1107
190 211
190 547
190 428
190 383
191 207
191 231
191 749
191 577
191 236
191 419
191 201
191 313
191 206
191 688
191 500
191 337
191 256
192 311
192 312
192 378
192 439
193 680
193 211
193 583
193 335
194 195
194 196
194 197
194 198
195 209
195 505
195 931
195 297
195 601
195 490
195 947
195 306
195 785
195 310
195 685
195 319
195 526
195 948
195 746
195 198
195 337
195 949
196 395
196 489
196 273
196 421
197 261
197 505
197 621
197 660
197 515
197 201
197 811
197 626
197 782
197 318
197 376
197 323
197 971
197 532
197 404
197 1255
198 261
198 906
198 305
198 543
198 637
198 652
198 1183
198 616
199 200
199 221
200 201
200 202
201 261
201 403
201 454
201 272
201 653
201 273
201 455
201 274
201 927
201 577
201 460
201 991
201 1030
201 897
201 602
201 240
201 465
201 490
201 995
201 517
201 347
201 392
201 1046
201 267
201 225
201 228
201 349
201 526
201 996
201 1047
201 975
201 877
201 483
201 254
201 230
201 257
201 411
202 261
202 986
202 396
202 490
202 305
202 278
202 1046
202 245
202 642
202 474
202 398
202 657
202 532
202 413
202 257
203 204
203 514
203 263
203 515
203 275
203 753
203 754
203 264
203 365
203 517
203 347
203 266
203 755
203 228
203 704
203 756
203 479
203 757
203 758
204 205
204 206
205 220
205 762
205 691
205 389
206 351
206 648
206 658
206 293
206 273
206 816
206 1012
206 897
206 301
206 490
206 1039
206 468
206 1172
206 789
206 260
206 1202
206 1115
206 592
206 1040
206 556
206 546
206 320
206 593
206 1203
206 219
206 558
206 547
206 330
206 228
206 799
206 704
206 596
206 500
206 381
206 439
206 284
206 257
207 208
207 236
207 237
207 238
207 239
207 240
207 241
207 242
207 216
207 243
207 244
207 245
207 246
207 247
207 248
207 249
207 250
207 251
207 252
207 222
207 253
207 254
207 255
207 256
207 257
208 209
208 210
208 211
209 342
209 343
209 344
209 224
209 345
209 265
209 346
209 347
209 348
209 349
209 285
209 350
209 256
210 261
210 1076
210 267
210 228
210 254
211 232
211 261
211 272
211 282
211 697
211 823
211 710
211 711
211 1076
211 277
211 568
211 259
211 555
211 765
211 306
211 564
211 1129
211 499
211 926
211 800
211 468
211 838
211 790
211 471
211 543
211 1211
211 247
211 739
211 267
211 557
211 571
211 1232
211 1235
211 1236
211 1133
211 1241
211 778
211 713
211 873
211 756
211 439
211 440
211 759
211 284
211 757
211 1134
211 842
211 253
211 254
211 270
211 1242
211 446
211 230
211 256
211 411
212 223
212 224
213 621
213 295
213 654
213 662
213 421
213 634
213 304
213 565
213 315
213 288
213 1107
213 507
213 221
213 795
213 742
213 500
213 337
214 272
214 642
214 1040
214 221
214 382
214 279
214 442
214 923
214 256
214 257
215 290
215 851
215 439
216 407
216 489
216 280
216 275
216 460
216 264
216 906
216 542
216 242
216 1149
216 669
216 245
216 595
216 547
216 657
216 596
216 538
216 335
216 748
216 257
217 287
217 677
217 625
217 368
217 797
218 263
218 343
218 280
218 668
218 282
218 784
218 902
218 264
218 662
218 602
218 465
218 245
218 642
218 546
218 267
218 595
218 379
218 228
218 596
218 284
218 335
218 222
218 896
218 1081
218 257
219 575
219 648
219 231
219 415
219 816
219 618
219 721
219 770
219 589
219 1210
219 593
219 1097
219 324
219 478
219 228
219 561
219 482
219 1231
219 389
220 258
220 261
220 621
220 414
220 727
220 576
220 817
220 551
220 824
220 275
220 461
220 601
220 1038
220 264
220 1042
220 1044
220 233
220 240
220 542
220 345
220 304
220 311
220 636
220 471
220 582
220 374
220 687
220 288
220 320
220 221
220 742
220 963
220 649
220 1005
220 561
220 500
220 400
220 384
220 709
220 483
220 445
221 488
221 515
221 817
221 625
221 634
221 956
221 304
221 366
221 502
221 581
221 315
221 492
221 762
221 1022
221 1037
221 695
222 955
222 365
222 875
222 249
222 863
222 441
222 268
222 1159
223 515
224 468
225 226
225 287
225 238
225 314
225 536
225 501
225 439
226 227
226 228
226 229
226 230
227 305
228 514
228 489
228 292
228 537
228 850
228 892
228 992
228 811
228 871
228 1120
228 306
228 605
228 570
228 893
228 317
228 453
228 319
228 283
228 327
228 547
228 378
228 330
228 289
228 694
228 439
228 792
228 748
228 518
228 615
229 907
230 395
230 354
230 624
230 295
230 728
230 935
230 604
230 361
230 366
230 605
230 687
230 319
230 557
230 549
230 1252
230 894
230 748
230 696
231 232
231 282
231 701
231 485
231 355
231 706
231 465
231 490
231 366
231 707
231 347
231 267
231 657
231 379
231 708
231 612
231 709
231 482
231 483
231 429
232 233
232 234
232 235
233 514
233 434
233 408
233 308
233 499
233 908
233 581
233 507
233 778
233 383
233 586
234 282
234 931
234 579
234 903
234 546
234 1049
234 379
234 596
234 1006
235 462
235 1048
236 957
236 878
236 240
236 995
236 707
236 248
236 996
236 252
237 520
237 396
237 360
237 903
237 536
237 315
237 1029
237 318
237 453
237 330
237 331
238 938
238 654
238 848
238 405
238 565
238 311
238 580
238 1033
238 283
238 778
238 873
238 445
238 256
239 824
239 634
239 311
239 1063
239 1064
240 515
240 731
240 1067
240 542
240 1025
240 303
240 304
240 837
240 366
240 312
240 636
240 547
240 1047
240 382
240 385
241 304
242 727
242 502
242 378
242 335
242 747
243 293
243 303
243 366
244 295
244 626
245 621
245 660
245 599
245 311
245 593
245 329
245 413
245 333
245 340
246 268
247 1119
249 407
249 964
249 590
249 818
249 392
249 884
249 663
250 849
250 762
250 385
251 673
251 817
251 601
251 707
251 873
251 334
252 654
252 935
252 303
252 738
252 1132
252 1180
252 1107
252 378
252 440
253 1025
253 304
253 636
253 762
254 648
254 621
254 673
254 598
254 295
254 553
254 607
254 374
254 319
254 378
254 657
254 1253
254 385
255 617
255 1007
255 304
255 1034
255 791
256 927
256 294
256 296
256 982
256 601
256 299
256 604
256 490
256 1095
256 259
256 306
256 785
256 846
256 1034
256 683
256 397
256 1171
256 794
256 317
256 438
256 849
256 1051
256 686
256 543
256 688
256 795
256 742
256 329
256 289
256 1154
257 519
257 550
257 617
257 701
257 291
257 292
257 834
257 356
257 931
257 294
257 955
257 654
257 730
257 297
257 298
257 732
257 811
257 300
257 988
257 490
257 363
257 365
257 259
257 787
257 367
257 1139
257 565
257 1034
257 502
257 311
257 371
257 685
257 582
257 318
257 1221
257 583
257 549
257 413
257 404
257 333
257 693
257 526
257 699
257 584
257 381
257 268
257 285
257 390
258 259
258 260
259 264
259 951
259 347
259 558
259 559
260 776
260 1196
260 508
261 271
261 353
261 272
261 273
261 354
261 355
261 356
261 357
261 358
261 295
261 276
261 359
261 299
261 360
261 361
261 362
261 363
261 364
261 365
261 303
261 366
261 367
261 368
261 369
261 311
261 370
261 371
261 372
261 373
261 374
261 375
261 376
261 377
261 329
261 378
261 379
261 380
261 333
261 381
261 382
261 383
261 384
261 385
261 386
261 387
261 388
261 341
261 389
261 390
262 537
262 538
263 514
263 415
263 356
263 358
263 295
263 490
263 564
263 565
263 368
263 566
263 318
263 556
263 428
263 333
263 481
263 390
264 514
264 628
264 576
264 358
264 728
264 677
264 298
264 359
264 553
264 363
264 525
264 370
264 1040
264 374
264 378
264 441
264 386
264 339
264 429
264 615
265 271
265 356
265 935
265 729
265 785
265 860
265 1127
265 377
265 699
265 386
266 565
266 376
266 583
266 386
266 429
267 271
267 395
267 511
267 514
267 521
267 529
267 356
267 921
267 602
267 421
267 465
267 641
267 277
267 422
267 1137
267 311
267 371
267 1052
267 1209
267 318
267 1218
267 268
267 912
267 792
267 285
267 337
267 1216
267 341
268 617
268 914
268 732
268 930
268 361
268 707
268 346
268 347
268 800
268 372
268 739
268 398
268 722
268 763
268 479
268 637
268 613
268 1028
269 819
269 864
269 894
270 621
270 1112
270 566
270 370
270 1213
270 324
270 1037
270 1237
270 283
270 501
271 272
271 273
271 274
271 275
271 276
271 277
271 278
271 279
272 391
272 297
272 524
272 525
272 374
272 377
272 427
272 526
272 527
272 390
273 710
273 770
273 405
273 771
273 447
273 604
273 465
273 772
273 626
273 367
273 525
273 773
273 774
273 428
273 331
273 332
273 501
273 612
273 775
273 666
273 337
273 587
273 411
274 452
274 779
274 654
274 728
274 619
274 298
274 359
274 363
274 365
274 367
274 377
274 324
274 583
274 584
274 337
274 652
275 617
275 598
275 298
275 811
275 423
275 311
275 916
275 556
275 377
275 404
275 917
276 489
276 866
276 1050
277 292
277 660
277 931
277 295
277 966
277 601
277 298
277 299
277 680
277 1014
277 641
277 1103
277 947
277 366
277 682
277 683
277 373
277 471
277 318
277 556
277 377
277 1104
277 583
277 427
277 812
277 479
277 501
277 1105
277 584
277 1106
277 441
277 483
277 285
277 429
277 390
278 363
278 426
278 584
279 929
279 297
279 385
280 281
280 290
280 295
280 421
280 640
280 641
280 311
280 471
280 376
280 338
281 282
281 283
281 284
281 285
282 290
282 414
282 293
282 660
282 673
282 674
282 675
282 417
282 676
282 677
282 678
282 460
282 679
282 680
282 300
282 681
282 361
282 303
282 304
282 309
282 682
282 310
282 683
282 313
282 370
282 315
282 316
282 684
282 671
282 685
282 686
282 687
282 319
282 688
282 689
282 324
282 690
282 327
282 583
282 547
282 691
282 428
282 538
282 692
282 693
282 500
282 694
282 399
282 695
282 335
282 385
282 386
282 527
282 340
282 696
282 614
282 390
283 395
283 599
283 358
283 850
283 604
283 361
283 851
283 1112
283 785
283 605
283 499
283 475
283 327
283 404
283 333
283 501
283 792
283 386
284 660
284 892
284 556
284 327
284 378
284 971
284 428
284 380
284 693
284 340
284 390
285 809
285 1102
285 347
285 476
285 379
286 287
287 288
287 289
288 764
288 712
288 437
288 642
288 558
288 439
288 483
288 445
289 818
289 596
290 540
290 669
290 492
290 557
290 561
290 483
291 466
291 705
292 433
292 660
292 661
292 721
292 570
292 347
292 642
292 722
292 561
292 439
292 440
293 343
293 434
293 608
293 330
293 759
293 513
293 384
293 746
293 760
293 615
294 422
294 939
294 812
294 482
295 952
295 405
295 866
295 800
295 471
295 394
295 546
295 646
295 557
295 762
295 379
295 713
295 381
295 953
295 954
295 482
296 713
297 412
297 449
297 537
297 456
297 461
297 466
297 765
297 305
297 1018
297 379
297 404
297 381
297 482
298 506
298 530
298 489
298 357
298 706
298 591
298 311
298 814
298 595
298 596
298 612
298 1035
298 389
299 957
299 1004
299 866
299 345
299 467
299 1052
299 981
299 756
299 439
300 343
300 914
300 601
300 915
300 595
300 596
300 440
300 441
301 508
301 337
303 620
303 670
303 901
303 466
303 366
303 739
303 763
303 561
303 720
303 1111
303 440
303 387
303 919
304 880
304 901
304 878
304 958
304 554
304 345
304 1025
304 1062
304 707
304 570
304 437
304 773
304 1072
304 561
304 439
304 759
305 412
305 355
305 434
305 619
305 396
305 366
305 611
305 812
305 413
305 382
305 1122
305 337
306 592
306 321
306 829
306 558
306 1057
306 1005
306 596
306 399
306 1123
308 407
308 355
308 408
308 961
308 1130
308 596
308 1131
309 773
309 657
309 561
309 709
309 443
309 1144
309 446
310 903
310 472
310 709
311 467
311 800
311 468
311 718
311 558
311 595
311 379
311 704
312 1005
312 744
312 442
312 1145
313 343
313 851
313 467
313 669
314 1013
314 605
314 346
314 827
314 608
314 596
315 650
315 723
315 551
315 642
315 379
316 482
317 774
317 1192
317 443
318 628
318 356
318 465
318 466
318 1010
318 467
318 525
318 374
318 476
318 427
318 657
318 699
318 341
319 434
319 546
319 649
319 544
319 483
319 411
320 407
320 824
320 906
320 347
321 906
321 642
321 379
321 439
322 476
323 603
323 559
323 561
323 513
323 573
324 497
324 621
324 355
324 618
324 458
324 770
324 1136
324 427
324 409
324 349
324 443
325 753
325 926
325 1204
325 873
326 1182
326 381
327 459
327 765
327 366
327 605
327 852
327 962
327 1046
327 471
327 762
327 596
327 439
328 502
328 842
328 574
329 465
329 345
329 759
329 443
330 535
330 667
330 902
330 874
330 396
330 331
331 874
331 396
331 360
331 490
331 1128
331 860
331 556
331 453
331 971
331 562
333 455
333 946
333 460
333 721
333 347
333 962
333 1046
333 1018
333 642
333 477
333 911
333 713
333 482
333 483
333 638
334 777
334 1090
334 580
334 347
334 1176
334 712
334 761
334 1246
335 595
336 998
336 750
337 783
337 798
337 897
337 662
337 845
337 1147
337 1164
337 437
337 879
337 657
337 911
337 596
337 513
337 847
337 949
337 842
338 1155
338 773
339 589
339 476
339 609
339 1134
339 1179
340 466
341 753
341 813
341 369
341 827
341 1223
341 382
341 443
343 621
343 622
343 623
343 624
343 459
343 625
343 626
343 627
343 607
343 560
343 385
344 597
344 663
344 726
345 936
345 490
345 364
345 1053
345 1107
345 378
346 656
347 654
347 728
347 601
347 732
347 988
347 525
347 742
347 547
347 812
347 549
347 699
347 1161
347 350
348 832
348 565
349 973
349 490
349 366
349 386
350 979
354 796
354 460
354 462
354 765
354 797
355 779
355 861
355 602
355 465
355 862
355 774
355 863
355 864
356 871
356 465
356 374
356 699
356 584
356 482
357 549
357 409
357 748
357 411
358 489
358 686
358 932
358 376
358 613
359 529
359 465
359 379
360 902
360 906
360 800
360 791
360 1057
360 379
360 399
361 460
361 593
361 1071
361 611
361 616
362 811
362 840
362 652
363 588
363 405
363 771
363 554
363 800
363 1096
363 608
363 1097
363 558
363 379
363 513
364 1099
364 713
364 439
365 490
365 767
365 438
365 543
365 557
365 507
365 398
365 387
365 518
365 821
366 488
366 620
366 622
366 515
366 806
366 865
366 645
366 940
366 848
366 625
366 662
366 553
366 635
366 1121
366 397
366 636
366 375
366 646
366 839
366 663
366 762
366 558
366 1022
366 409
366 778
366 596
366 383
366 443
366 389
366 411
367 470
367 471
367 479
367 1138
368 510
368 537
368 878
368 845
368 739
368 646
368 722
368 953
368 1017
368 1146
368 997
369 803
369 382
369 1093
370 503
370 537
370 813
370 466
370 1046
370 427
370 439
371 790
371 484
372 677
372 1180
372 526
372 637
373 623
373 490
373 437
374 921
374 770
374 396
374 465
374 829
374 595
374 379
374 1002
374 699
374 584
374 513
374 483
375 488
375 901
375 753
375 1153
376 468
376 392
376 413
377 396
377 471
377 379
377 479
377 708
378 697
378 485
378 577
378 957
378 661
378 460
378 462
378 952
378 589
378 570
378 1018
378 1143
378 394
378 761
378 543
378 828
378 409
378 722
378 778
378 561
378 843
378 1017
378 439
378 440
378 482
378 804
379 617
379 654
379 983
379 767
379 525
379 1185
379 1188
379 1198
379 1040
379 556
379 691
379 549
380 396
380 1058
380 707
380 579
380 1250
381 515
381 396
381 680
381 988
381 765
381 605
381 1160
381 592
381 740
381 409
381 572
381 1017
381 847
381 1050
382 631
382 700
382 835
382 938
382 619
382 662
382 435
382 408
382 1076
382 465
382 707
382 800
382 1170
382 1181
382 790
382 1207
382 739
382 819
382 1238
382 900
382 744
382 873
382 948
382 439
382 847
382 757
382 1093
382 919
383 515
383 707
383 1199
383 1258
383 387
383 446
384 817
384 604
384 500
385 825
385 848
385 434
385 1031
385 716
385 642
385 778
385 443
386 1047
386 482
386 483
386 411
387 486
387 489
387 731
387 1014
387 605
387 487
387 1156
387 636
387 536
387 593
387 663
387 853
387 1205
387 439
387 841
387 745
387 1260
387 411
388 507
388 1218
389 530
389 549
389 768
390 454
390 630
390 588
390 777
390 397
390 800
390 909
390 646
390 1234
390 409
390 480
390 482
390 586
390 411
391 392
391 393
391 394
392 660
392 420
392 733
392 1034
392 911
392 441
392 748
393 730
393 1168
394 658
394 673
394 729
394 601
394 1054
394 413
395 396
395 397
395 398
395 399
395 400
396 452
396 895
396 902
396 1044
396 1045
396 490
396 491
396 453
396 413
396 483
396 1019
398 621
398 677
398 1224
398 549
398 699
398 481
399 489
399 834
399 813
399 765
399 593
399 584
399 482
400 485
400 479
401 402
401 776
401 771
401 833
401 583
401 610
403 404
404 530
404 489
404 537
404 870
404 600
404 434
404 460
404 466
404 909
404 755
404 1239
404 532
405 406
405 648
405 1034
407 408
407 409
407 410
407 411
408 703
409 537
409 605
409 570
409 684
409 688
409 413
409 843
409 439
409 696
409 411
410 1115
411 645
411 641
411 605
411 570
411 543
411 812
411 549
411 439
411 748
412 413
413 490
413 1046
413 713
414 723
414 724
414 725
414 443
415 462
415 419
415 770
415 741
415 810
416 817
416 879
416 687
416 443
417 896
418 465
418 987
419 651
419 809
419 1005
419 596
419 1006
420 648
420 589
420 468
421 463
421 771
422 870
422 461
422 921
422 813
422 945
422 774
422 743
422 953
423 468
424 722
425 458
425 465
425 987
425 474
425 476
425 1194
426 1097
427 524
427 589
427 703
427 596
427 482
428 766
428 957
428 852
428 474
428 1244
428 595
428 596
429 530
429 460
429 619
429 1155
429 468
429 1251
429 484
430 431
433 660
433 661
433 662
433 663
433 664
434 601
434 974
434 611
434 975
435 565
435 747
437 621
437 660
437 688
437 663
438 621
438 673
438 662
439 505
439 489
439 824
439 848
439 601
439 731
439 965
439 498
439 682
439 487
439 525
439 838
439 1027
439 556
439 1217
439 839
439 840
439 500
439 508
439 842
439 614
439 495
440 654
440 992
440 1132
440 1107
440 547
440 549
440 768
441 881
441 477
441 657
441 637
442 762
442 1005
442 481
442 1173
443 621
443 654
443 728
443 677
443 982
443 1013
443 905
443 681
443 1150
443 547
443 971
443 560
443 747
444 971
446 677
446 1125
446 525
446 549
447 448
450 451
452 453
453 490
453 1120
453 903
454 523
455 804
456 796
459 491
460 653
460 728
460 978
460 773
461 521
461 489
461 732
461 490
462 732
462 992
462 741
462 549
463 677
463 593
463 549
465 697
465 815
465 496
465 811
465 471
465 657
465 1057
465 720
465 864
465 637
465 613
466 489
466 496
466 732
466 988
466 1061
466 611
466 691
466 501
466 864
466 894
467 644
467 1148
468 604
468 533
468 792
468 748
470 473
471 489
471 496
471 992
471 811
471 636
471 556
471 501
471 792
471 518
472 1214
475 834
475 1187
476 1097
476 533
476 584
477 637
478 969
478 862
479 868
479 654
479 1040
479 875
480 489
480 817
480 1218
480 652
481 548
481 579
481 1063
481 637
481 616
482 550
482 868
482 850
482 729
482 811
482 604
482 1218
482 612
482 894
482 614
483 514
483 489
483 1045
483 1090
483 1005
483 792
484 931
485 811
485 611
485 812
485 792
486 487
487 1154
488 489
488 490
488 491
488 492
488 493
488 494
488 495
489 575
489 576
489 577
489 578
489 579
489 580
489 581
489 536
489 582
489 583
489 584
489 585
489 586
489 587
490 858
490 882
490 619
490 982
490 1044
490 944
490 1090
490 707
490 1091
490 580
490 1092
490 592
490 1093
491 535
491 502
492 625
492 604
492 689
493 621
493 727
493 551
493 498
493 570
494 625
494 557
496 497
496 826
496 1021
496 642
496 1005
498 1084
498 1085
499 621
499 1011
499 1010
499 609
499 1057
500 930
500 765
500 846
500 532
501 602
501 756
502 503
502 648
502 806
502 703
502 615
503 504
506 507
506 508
507 753
507 1119
507 864
509 510
511 512
511 513
512 923
513 732
513 924
514 515
514 516
514 517
514 518
515 623
515 677
515 767
515 517
515 689
515 561
515 757
515 518
515 768
517 767
518 707
518 1265
521 522
523 558
523 900
524 807
525 655
525 930
525 772
525 1046
525 593
526 825
526 855
526 707
526 708
527 824
527 778
527 1047
530 531
530 532
530 533
532 617
532 817
532 598
532 729
533 774
533 912
535 536
536 598
536 868
537 850
537 811
537 851
537 852
537 543
537 853
537 699
537 854
537 614
538 620
538 680
538 596
539 540
540 541
540 542
540 543
540 544
541 641
541 1081
542 776
542 582
542 748
543 648
543 868
543 566
543 612
544 567
545 546
546 556
547 548
547 650
547 938
547 946
547 772
547 596
547 896
547 1028
548 549
549 771
549 591
549 827
549 559
549 1057
549 637
549 1231
551 855
551 553
551 856
551 857
552 762
553 790
553 557
554 1094
555 742
556 599
556 1142
556 1035
557 1003
557 602
557 733
557 937
558 834
558 871
559 869
559 601
559 950
559 837
560 563
561 660
561 779
561 992
561 634
561 604
561 681
561 1034
561 570
561 1164
561 794
561 1040
561 593
561 1037
561 968
561 747
562 1236
564 697
564 1107
564 698
564 1057
565 957
565 580
565 1115
565 709
565 1145
566 584
566 1017
566 638
567 622
567 1003
567 684
568 681
569 755
569 900
569 637
570 622
570 660
570 883
570 677
570 732
570 681
570 851
570 593
570 792
571 943
571 1034
571 609
571 1037
571 693
572 601
573 654
573 857
577 921
577 944
577 945
577 890
579 797
579 652
581 1173
581 1174
583 776
583 872
583 967
583 733
583 603
583 707
583 1171
583 962
583 709
583 923
584 588
584 916
584 699
585 1082
586 805
586 674
586 1228
586 799
586 1159
587 770
587 771
587 1046
588 860
588 812
588 709
589 988
589 593
590 733
591 732
592 1010
592 605
592 1104
593 777
593 600
593 936
593 782
593 765
593 788
593 1198
593 611
593 596
595 628
595 868
595 955
595 601
596 723
596 680
596 683
596 794
596 671
596 1219
596 1071
596 1239
596 745
596 613
596 652
596 768
596 615
598 800
598 873
599 909
600 924
601 824
601 796
601 721
601 1024
601 1025
601 1026
601 712
601 1027
601 829
601 722
601 873
601 1028
602 779
602 861
602 1048
602 819
602 863
602 864
603 955
603 604
603 1065
604 732
604 827
605 661
605 1045
605 951
605 642
605 1143
605 646
605 722
605 720
605 1035
605 842
606 749
609 1011
610 776
612 701
612 970
612 1169
612 703
613 908
613 912
617 618
617 619
619 902
619 786
619 981
621 710
621 711
621 712
621 698
621 704
621 713
621 714
621 715
622 752
622 652
623 716
624 784
624 778
625 817
625 640
625 725
625 1037
626 806
626 735
629 680
632 828
632 739
634 817
634 681
634 910
636 1025
637 709
637 652
637 1261
638 906
638 773
640 869
640 785
640 1062
641 1081
642 643
642 644
642 660
642 1112
642 682
644 719
644 720
645 868
645 694
648 649
649 863
651 652
652 1156
652 744
652 1264
654 655
654 848
654 957
654 897
654 771
654 958
654 959
654 960
654 772
654 961
654 962
654 884
654 922
654 663
654 963
654 713
655 656
655 657
657 773
657 912
657 1231
660 661
660 765
661 837
661 663
662 1041
662 782
662 797
663 880
663 848
663 977
663 958
663 884
663 857
663 762
663 763
663 1116
663 726
669 776
669 904
669 1118
669 1197
670 671
670 672
673 817
673 818
673 819
673 820
673 709
673 821
674 843
677 901
677 969
677 962
679 990
679 680
679 912
680 912
681 968
681 1069
682 1081
683 961
685 882
685 707
685 1097
685 750
687 852
687 842
691 827
691 900
692 699
693 1182
693 699
694 1208
694 742
696 826
696 772
696 1195
697 698
697 699
699 798
699 871
699 1090
699 1223
699 1043
699 923
701 702
701 703
701 704
703 1169
704 723
704 1146
707 730
707 731
707 732
707 950
707 1053
707 939
707 795
707 1152
709 852
709 923
710 848
710 728
710 734
710 849
710 747
713 785
714 1034
716 955
720 1112
722 850
722 840
722 1249
728 817
728 968
728 842
729 906
730 1001
730 1002
731 965
732 770
732 906
732 852
732 774
732 1043
733 1034
733 739
733 1059
734 739
737 822
737 878
738 825
739 834
739 955
739 840
739 795
739 1216
740 1166
741 807
742 989
742 1075
742 852
742 1208
742 842
747 934
747 878
747 877
748 813
748 1049
748 953
749 751
749 781
752 943
753 925
753 926
753 873
755 792
757 808
761 817
761 1205
762 776
762 817
762 950
762 837
762 785
762 1130
762 1209
762 953
762 1152
765 988
769 889
770 775
776 777
776 778
777 894
778 785
778 1181
778 793
779 780
782 783
784 890
785 835
785 911
790 1200
791 902
792 798
792 940
792 911
794 1190
794 1191
795 957
795 885
795 1034
797 880
797 1157
797 857
798 799
802 803
804 1135
810 1108
811 866
811 852
811 1049
812 1184
813 955
814 907
817 844
817 845
817 846
817 847
818 1104
818 894
830 1189
833 1071
835 838
837 878
840 855
841 1015
841 937
842 994
843 1254
846 908
848 884
849 1201
849 1049
857 1041
857 1037
862 1140
862 1141
863 1220
863 948
863 1093
866 867
873 1119
873 926
874 902
874 903
875 881
878 955
878 1051
884 959
885 921
892 976
892 1032
894 1047
896 979
897 898
897 1039
907 999
908 958
908 1165
909 1048
914 915
917 1035
921 945
924 1201
924 1072
927 928
927 930
935 938
939 952
941 942
948 1220
953 1127
954 1200
955 956
958 992
958 1053
962 992
965 966
965 1073
965 1074
971 1057
972 973
979 980
979 1091
979 1201
984 985
984 986
988 989
993 1055
1010 1011
1019 1020
1019 1045
1019 1066
1022 1023
1034 1138
1043 1071
1045 1066
1047 1225
1049 1112
1049 1219
1051 1115
1057 1185
1057 1140
1061 1114
1078 1079
1082 1083
1086 1258
1100 1193
1104 1206
1124 1125
1125 1126
1161 1257
1162 1163
