0 1
0 2
0 3
0 4
0 38
0 5
0 6
0 39
0 40
0 41
0 42
0 43
0 44
0 45
0 46
0 47
0 48
0 49
0 50
0 51
0 52
0 53
0 54
0 55
0 9
0 56
0 57
0 58
0 59
0 60
0 61
0 62
0 63
0 64
0 65
0 66
0 67
0 68
0 69
0 70
0 71
0 72
0 73
0 74
0 75
0 76
0 77
0 78
0 79
0 80
0 81
0 82
0 83
0 84
0 85
0 86
0 87
0 88
0 89
0 90
0 91
0 92
0 93
0 94
0 95
0 96
0 97
0 98
0 99
0 100
0 101
0 102
0 103
0 104
0 105
0 106
0 107
0 108
0 109
0 110
0 111
0 112
0 113
0 114
0 115
0 116
0 117
0 118
0 119
0 120
0 121
0 122
0 123
0 124
0 125
0 126
0 127
0 128
0 129
0 130
0 131
0 132
0 133
0 134
0 135
0 136
0 137
0 138
0 139
0 140
0 141
0 142
0 143
0 144
0 145
0 146
0 147
0 148
0 149
0 150
0 151
0 152
0 153
0 154
0 155
0 156
0 157
0 158
0 159
0 160
0 161
0 162
0 163
0 164
0 165
0 166
0 167
0 168
0 169
0 170
0 171
0 172
0 173
0 174
0 175
0 176
0 177
0 178
0 179
0 180
0 181
0 182
0 183
0 184
0 185
0 186
0 187
0 188
0 189
0 190
0 191
0 192
0 193
0 194
0 195
0 196
0 197
0 198
0 199
0 200
0 201
0 202
0 203
0 204
0 205
0 206
0 207
0 208
0 209
0 210
0 211
0 212
0 213
0 214
0 36
0 215
0 216
0 217
0 218
0 219
0 220
0 221
0 222
0 223
0 224
0 225
0 226
1 2
1 3
1 4
1 5
1 6
1 7
1 8
1 9
1 10
1 11
1 12
1 13
1 14
1 15
1 16
1 17
1 18
1 19
1 20
1 21
1 22
1 23
1 24
1 25
1 26
1 27
1 28
1 29
1 30
1 31
1 32
1 33
1 34
1 35
1 36
1 37
2 3
2 38
2 5
2 39
2 40
2 41
2 227
2 228
2 43
2 229
2 7
2 230
2 50
2 231
2 56
2 232
2 233
2 234
2 235
2 67
2 236
2 237
2 238
2 239
2 240
2 11
2 241
2 242
2 243
2 244
2 245
2 13
2 246
2 247
2 248
2 249
2 250
2 86
2 251
2 252
2 253
2 254
2 255
2 256
2 257
2 258
2 96
2 259
2 260
2 261
2 262
2 263
2 264
2 265
2 266
2 267
2 104
2 268
2 269
2 270
2 271
2 272
2 273
2 274
2 275
2 276
2 277
2 278
2 279
2 280
2 281
2 282
2 283
2 284
2 119
2 285
2 286
2 287
2 288
2 126
2 289
2 290
2 291
2 292
2 293
2 294
2 295
2 296
2 297
2 298
2 299
2 300
2 301
2 302
2 149
2 303
2 304
2 305
2 306
2 307
2 308
2 309
2 310
2 27
2 311
2 312
2 313
2 314
2 315
2 163
2 316
2 317
2 318
2 319
2 320
2 321
2 167
2 322
2 323
2 324
2 325
2 326
2 327
2 328
2 329
2 330
2 331
2 332
2 333
2 334
2 335
2 336
2 337
2 338
2 339
2 340
2 341
2 342
2 343
2 344
2 345
2 346
2 347
2 348
2 349
2 350
2 351
2 352
2 35
2 353
2 354
2 212
2 355
2 356
2 357
2 358
2 359
2 360
2 361
2 362
3 4
3 38
3 5
3 6
3 39
3 40
3 41
3 227
3 228
3 42
3 363
3 44
3 364
3 229
3 8
3 365
3 366
3 45
3 46
3 230
3 47
3 48
3 367
3 9
3 368
3 57
3 369
3 58
3 370
3 371
3 372
3 59
3 61
3 65
3 373
3 68
3 374
3 69
3 70
3 238
3 375
3 376
3 74
3 11
3 377
3 242
3 378
3 379
3 244
3 380
3 381
3 245
3 382
3 383
3 384
3 385
3 386
3 80
3 387
3 388
3 389
3 390
3 391
3 392
3 393
3 394
3 395
3 396
3 397
3 14
3 398
3 399
3 15
3 251
3 400
3 401
3 402
3 91
3 403
3 92
3 94
3 404
3 255
3 257
3 405
3 406
3 407
3 261
3 408
3 409
3 98
3 410
3 411
3 102
3 412
3 413
3 268
3 414
3 269
3 415
3 416
3 106
3 417
3 418
3 419
3 273
3 420
3 421
3 277
3 422
3 423
3 424
3 425
3 426
3 427
3 428
3 429
3 430
3 431
3 432
3 433
3 19
3 285
3 434
3 123
3 435
3 436
3 437
3 438
3 439
3 440
3 441
3 442
3 443
3 444
3 445
3 446
3 145
3 447
3 448
3 449
3 450
3 451
3 452
3 453
3 454
3 455
3 150
3 456
3 457
3 458
3 459
3 460
3 461
3 462
3 463
3 464
3 465
3 27
3 466
3 467
3 468
3 469
3 470
3 471
3 472
3 473
3 474
3 475
3 476
3 477
3 172
3 30
3 478
3 479
3 480
3 481
3 482
3 483
3 484
3 485
3 486
3 487
3 179
3 488
3 489
3 490
3 491
3 492
3 493
3 494
3 495
3 496
3 497
3 498
3 499
3 500
3 501
3 502
3 503
3 504
3 505
3 506
3 507
3 508
3 509
3 510
3 511
3 512
3 196
3 513
3 514
3 515
3 516
3 517
3 518
3 519
3 520
3 521
3 522
3 523
3 343
3 524
3 525
3 526
3 348
3 527
3 528
3 529
3 35
3 353
3 530
3 531
3 532
3 533
3 534
3 535
3 536
3 537
3 538
3 221
3 539
3 359
3 540
3 541
3 542
4 38
4 5
4 6
4 39
4 227
4 363
4 364
4 7
4 8
4 366
4 46
4 48
4 543
4 49
4 544
4 52
4 367
4 545
4 546
4 547
4 369
4 370
4 371
4 59
4 60
4 63
4 64
4 66
4 235
4 236
4 10
4 237
4 548
4 549
4 550
4 73
4 551
4 377
4 76
4 12
4 552
4 243
4 553
4 554
4 555
4 246
4 387
4 556
4 396
4 557
4 558
4 250
4 559
4 85
4 560
4 561
4 562
4 563
4 564
4 402
4 565
4 566
4 567
4 405
4 568
4 569
4 17
4 570
4 571
4 572
4 573
4 274
4 574
4 575
4 423
4 576
4 577
4 578
4 281
4 282
4 579
4 580
4 117
4 581
4 582
4 583
4 584
4 585
4 586
4 126
4 587
4 588
4 589
4 590
4 591
4 592
4 593
4 594
4 595
4 596
4 597
4 598
4 599
4 600
4 601
4 602
4 140
4 22
4 603
4 604
4 605
4 606
4 607
4 608
4 609
4 610
4 611
4 150
4 612
4 613
4 614
4 26
4 615
4 616
4 315
4 617
4 618
4 619
4 620
4 621
4 622
4 623
4 624
4 472
4 625
4 169
4 478
4 626
4 485
4 627
4 628
4 629
4 182
4 630
4 631
4 632
4 495
4 633
4 634
4 635
4 636
4 637
4 638
4 639
4 640
4 507
4 641
4 642
4 643
4 510
4 644
4 196
4 645
4 646
4 521
4 647
4 648
4 649
4 650
4 651
4 652
4 653
4 654
4 655
4 656
4 35
4 657
4 658
4 659
4 36
4 660
4 661
4 662
4 663
4 664
4 665
4 362
4 666
4 667
5 38
5 6
5 41
5 227
5 364
5 365
5 50
5 51
5 9
5 545
5 368
5 57
5 547
5 66
5 744
5 549
5 379
5 745
5 674
5 746
5 553
5 747
5 388
5 748
5 560
5 749
5 561
5 750
5 751
5 16
5 752
5 93
5 753
5 754
5 755
5 756
5 259
5 757
5 758
5 759
5 760
5 761
5 762
5 763
5 764
5 765
5 766
5 767
5 768
5 694
5 769
5 577
5 770
5 771
5 772
5 430
5 773
5 774
5 775
5 588
5 292
5 776
5 777
5 778
5 779
5 780
5 781
5 782
5 445
5 783
5 449
5 784
5 785
5 455
5 459
5 786
5 787
5 788
5 789
5 790
5 624
5 791
5 167
5 792
5 793
5 794
5 795
5 484
5 796
5 797
5 798
5 799
5 728
5 511
5 800
5 801
5 802
5 337
5 522
5 345
5 803
5 804
5 805
5 806
5 807
5 808
5 809
5 810
5 811
5 812
5 539
5 813
6 38
6 42
6 364
6 7
6 48
6 543
6 49
6 544
6 53
6 58
6 814
6 744
6 374
6 548
6 549
6 75
6 815
6 675
6 13
6 79
6 390
6 392
6 816
6 678
6 682
6 16
6 565
6 94
6 404
6 817
6 818
6 684
6 819
6 820
6 821
6 822
6 571
6 272
6 823
6 824
6 825
6 826
6 575
6 110
6 577
6 578
6 827
6 828
6 119
6 829
6 830
6 831
6 585
6 832
6 833
6 834
6 835
6 836
6 837
6 838
6 839
6 840
6 841
6 842
6 21
6 600
6 843
6 844
6 845
6 781
6 846
6 847
6 709
6 848
6 849
6 850
6 456
6 153
6 851
6 852
6 853
6 854
6 855
6 856
6 31
6 178
6 857
6 858
6 859
6 860
6 506
6 861
6 197
6 862
6 516
6 863
6 735
6 864
6 865
6 866
6 867
6 868
6 534
6 215
6 869
6 870
6 871
6 872
7 227
7 43
7 543
7 235
7 236
7 10
7 240
7 746
7 1275
7 84
7 399
7 1152
7 257
7 936
7 1044
7 1276
7 883
7 1277
7 285
7 947
7 21
7 843
7 443
7 1278
7 1279
7 1009
7 1280
7 848
7 1281
7 1282
7 1191
7 305
7 1283
7 1284
7 1285
7 1107
7 1286
7 326
7 1287
7 1288
7 197
7 645
7 1289
7 1244
7 1290
7 1291
7 1185
7 1292
8 41
8 43
8 44
8 366
8 375
8 12
8 387
8 1293
8 14
8 15
8 1294
8 266
8 103
8 581
8 1295
8 20
8 1296
8 23
8 1297
8 1011
8 25
8 1134
8 1024
8 966
8 1298
8 1299
8 1300
8 1028
8 1176
8 1197
8 1301
8 1302
8 1303
8 1034
8 343
8 1304
8 526
8 352
8 1305
8 1041
9 51
9 55
9 547
9 60
9 548
9 78
9 379
9 746
9 88
9 256
9 934
9 1429
9 759
9 760
9 1478
9 1480
9 431
9 886
9 19
9 1482
9 894
9 1497
9 460
9 957
9 1073
9 1498
9 1499
9 1136
9 1019
9 1325
9 725
9 1500
9 1501
9 1502
9 1503
9 1034
9 1504
9 1505
9 1506
9 208
9 1507
10 227
10 543
10 746
10 397
10 1278
10 26
10 465
10 29
10 898
10 1053
10 640
10 1403
10 1061
11 56
11 237
11 244
11 13
11 270
11 271
11 277
11 1208
11 1256
11 701
11 1650
11 1526
11 27
11 316
11 626
11 1691
11 209
11 37
12 547
12 60
12 670
12 1251
12 1275
12 389
12 248
12 1252
12 14
12 401
12 1461
12 1204
12 755
12 17
12 18
12 1727
12 1209
12 1622
12 693
12 1478
12 581
12 1699
12 1813
12 1524
12 1814
12 596
12 1673
12 1623
12 606
12 890
12 1815
12 24
12 1572
12 489
12 182
12 497
12 1175
12 649
12 1489
12 1816
12 1730
12 1817
12 658
12 1818
12 1819
13 53
13 374
13 682
13 565
13 940
13 1685
13 1459
13 1394
13 1212
13 838
13 144
13 1717
13 1857
13 477
13 1688
13 1689
13 37
14 366
14 374
14 1318
14 25
15 383
15 396
15 748
15 932
15 993
15 20
15 1674
15 1297
15 1375
15 1298
15 1858
15 1705
15 343
15 1304
15 1927
16 42
16 364
16 367
16 1096
16 1104
16 1108
16 792
16 1110
16 1233
17 38
17 373
17 679
17 18
17 581
17 706
17 596
17 22
17 1652
17 890
17 32
17 732
17 978
17 738
17 655
17 658
18 43
18 54
18 1151
18 418
18 1160
18 1163
18 890
18 24
18 28
18 32
18 497
18 1889
18 1890
18 1798
19 749
19 1207
19 768
19 30
19 1920
20 550
20 1546
20 1480
20 23
20 1134
20 34
20 1303
21 408
21 104
21 1552
21 31
21 1469
21 197
22 366
22 1201
22 297
23 48
23 49
23 416
23 34
24 1538
24 1465
24 1541
24 1990
24 28
24 33
24 642
25 51
25 985
25 1428
25 1433
25 1437
25 1438
26 366
26 375
26 935
26 618
26 29
26 1322
26 976
26 640
26 1061
27 234
27 282
27 333
27 1987
28 364
28 235
28 1212
28 1224
29 260
29 281
29 1678
30 246
30 283
30 1553
31 1393
31 1509
31 135
31 1834
32 990
32 996
32 1010
32 1881
33 678
33 1294
33 1462
34 39
34 258
34 1090
35 550
35 572
36 242
36 1109
36 640
37 74
37 123
37 1792
38 40
38 41
38 227
38 228
38 363
38 366
38 230
38 51
38 668
38 55
38 545
38 546
38 372
38 234
38 64
38 373
38 66
38 68
38 669
38 670
38 239
38 376
38 671
38 72
38 672
38 75
38 76
38 77
38 673
38 674
38 244
38 381
38 675
38 382
38 82
38 387
38 676
38 390
38 677
38 85
38 678
38 679
38 680
38 398
38 681
38 89
38 682
38 563
38 683
38 684
38 685
38 261
38 686
38 687
38 409
38 688
38 689
38 690
38 691
38 271
38 692
38 421
38 576
38 693
38 694
38 695
38 696
38 697
38 581
38 698
38 699
38 700
38 701
38 702
38 432
38 703
38 287
38 704
38 131
38 291
38 132
38 705
38 706
38 707
38 708
38 709
38 710
38 711
38 712
38 713
38 714
38 715
38 716
38 717
38 169
38 175
38 718
38 176
38 719
38 720
38 721
38 722
38 723
38 724
38 725
38 726
38 727
38 728
38 729
38 730
38 502
38 731
38 732
38 733
38 734
38 522
38 735
38 736
38 737
38 738
38 739
38 740
38 210
38 532
38 741
38 742
38 743
39 40
39 41
39 228
39 43
39 44
39 229
39 46
39 47
39 52
39 231
39 55
39 372
39 873
39 233
39 814
39 62
39 234
39 68
39 238
39 375
39 874
39 74
39 552
39 745
39 381
39 81
39 676
39 875
39 557
39 249
39 681
39 876
39 258
39 877
39 878
39 879
39 880
39 410
39 881
39 263
39 100
39 267
39 574
39 882
39 883
39 884
39 885
39 886
39 703
39 887
39 838
39 295
39 888
39 889
39 890
39 891
39 608
39 892
39 893
39 894
39 895
39 154
39 615
39 463
39 896
39 715
39 165
39 897
39 173
39 326
39 898
39 182
39 899
39 900
39 901
39 902
39 903
39 904
39 905
39 637
39 906
39 907
39 908
39 520
39 909
39 910
39 344
39 911
39 345
39 202
39 912
39 913
39 914
39 915
39 916
39 528
39 917
39 918
39 919
39 920
39 921
39 922
39 923
39 924
39 925
39 926
39 927
39 928
39 929
39 930
40 227
40 363
40 43
40 229
40 365
40 45
40 47
40 50
40 51
40 231
40 56
40 232
40 63
40 670
40 376
40 73
40 875
40 248
40 816
40 931
40 398
40 89
40 252
40 90
40 253
40 91
40 753
40 95
40 255
40 817
40 932
40 933
40 934
40 935
40 936
40 937
40 938
40 939
40 101
40 940
40 941
40 942
40 943
40 944
40 823
40 824
40 945
40 112
40 113
40 280
40 946
40 886
40 947
40 887
40 124
40 287
40 832
40 948
40 949
40 950
40 951
40 952
40 780
40 447
40 953
40 954
40 147
40 955
40 956
40 957
40 958
40 959
40 960
40 961
40 962
40 963
40 964
40 167
40 965
40 966
40 967
40 968
40 486
40 969
40 970
40 496
40 971
40 972
40 973
40 799
40 729
40 332
40 974
40 975
40 976
40 505
40 194
40 906
40 977
40 520
40 978
40 647
40 979
40 980
40 205
40 923
40 981
40 982
40 983
41 228
41 42
41 43
41 44
41 45
41 46
41 50
41 56
41 873
41 233
41 70
41 237
41 71
41 239
41 240
41 375
41 241
41 673
41 984
41 745
41 674
41 380
41 381
41 384
41 246
41 82
41 390
41 985
41 397
41 86
41 88
41 252
41 400
41 986
41 876
41 987
41 563
41 988
41 989
41 990
41 755
41 991
41 406
41 992
41 993
41 819
41 994
41 937
41 408
41 687
41 995
41 996
41 263
41 997
41 998
41 999
41 1000
41 1001
41 1002
41 770
41 580
41 120
41 1003
41 1004
41 1005
41 1006
41 1007
41 133
41 1008
41 1009
41 1010
41 1011
41 848
41 1012
41 1013
41 1014
41 1015
41 309
41 1016
41 1017
41 788
41 1018
41 1019
41 1020
41 1021
41 1022
41 1023
41 1024
41 1025
41 1026
41 1027
41 1028
41 1029
41 1030
41 1031
41 1032
41 1033
41 1034
41 1035
41 915
41 1036
41 1037
41 1038
41 1039
41 1040
41 1041
41 361
41 1042
41 667
41 1043
42 228
42 364
42 47
42 48
42 544
42 53
42 54
42 367
42 814
42 61
42 65
42 744
42 240
42 376
42 72
42 550
42 551
42 1086
42 242
42 383
42 384
42 80
42 1063
42 396
42 748
42 87
42 400
42 751
42 988
42 1087
42 817
42 992
42 1088
42 1089
42 994
42 1090
42 1091
42 995
42 759
42 97
42 998
42 1092
42 1093
42 1094
42 575
42 1095
42 769
42 577
42 1096
42 125
42 127
42 1097
42 1098
42 1099
42 1047
42 888
42 141
42 1100
42 1070
42 1071
42 611
42 893
42 454
42 1101
42 1102
42 1103
42 1104
42 1105
42 1072
42 1106
42 1107
42 1075
42 468
42 469
42 963
42 1076
42 1108
42 1021
42 476
42 170
42 1109
42 1110
42 486
42 1111
42 1112
42 488
42 500
42 729
42 1113
42 640
42 1114
42 1115
42 1116
42 1117
42 862
42 1118
42 1119
42 1120
42 1121
42 1122
42 865
42 1123
42 1124
42 1125
42 1126
43 227
43 44
43 543
43 231
43 54
43 55
43 873
43 62
43 67
43 236
43 75
43 248
43 1151
43 750
43 251
43 1152
43 932
43 1153
43 992
43 259
43 936
43 260
43 878
43 1154
43 1155
43 1156
43 100
43 1157
43 942
43 105
43 107
43 418
43 274
43 1158
43 1159
43 883
43 1160
43 1161
43 113
43 279
43 1162
43 773
43 1003
43 295
43 438
43 441
43 1163
43 605
43 143
43 891
43 1164
43 892
43 456
43 1165
43 1166
43 1167
43 157
43 159
43 1108
43 1168
43 1024
43 1169
43 1170
43 1171
43 490
43 1172
43 1173
43 1174
43 1175
43 1176
43 1177
43 907
43 1178
43 1179
43 1180
43 1181
43 1182
43 1183
43 1184
43 1185
43 1186
43 1187
43 1041
43 743
43 1188
43 542
44 46
44 54
44 58
44 372
44 62
44 676
44 1151
44 990
44 405
44 819
44 260
44 1154
44 1159
44 1189
44 1129
44 433
44 1190
44 150
44 1191
44 895
44 1192
44 1193
44 160
44 1194
44 1195
44 166
44 1196
44 1176
44 1197
44 1198
44 1034
44 352
44 1199
44 222
45 365
45 70
45 94
45 406
45 109
45 453
45 149
45 1308
45 486
45 969
45 491
45 973
45 1312
46 552
46 88
46 986
46 990
46 996
46 99
46 1329
46 1165
46 1330
46 616
46 1331
46 1027
46 495
46 1239
46 198
46 1332
46 1333
47 364
47 51
47 52
47 53
47 54
47 368
47 873
47 59
47 814
47 61
47 234
47 64
47 551
47 78
47 556
47 875
47 985
47 557
47 816
47 931
47 567
47 1341
47 934
47 1342
47 759
47 940
47 941
47 1343
47 943
47 1344
47 1064
47 772
47 1345
47 432
47 1346
47 1347
47 1348
47 125
47 127
47 591
47 1349
47 136
47 1350
47 1351
47 953
47 1352
47 611
47 451
47 614
47 1353
47 305
47 464
47 1354
47 1074
47 1355
47 621
47 790
47 1075
47 961
47 1356
47 625
47 1357
47 1358
47 1359
47 1360
47 1111
47 1361
47 1362
47 903
47 1363
47 1364
47 1055
47 862
47 977
47 1365
47 201
47 202
47 1120
47 1146
47 1366
47 1367
47 1368
47 536
47 925
47 1369
47 1370
47 1371
48 227
48 49
48 544
48 57
48 369
48 370
48 371
48 549
48 72
48 242
48 378
48 984
48 555
48 79
48 1063
48 1200
48 249
48 816
48 679
48 254
48 565
48 93
48 1152
48 1089
48 879
48 568
48 1372
48 941
48 416
48 944
48 763
48 1094
48 111
48 280
48 120
48 831
48 290
48 777
48 1214
48 1296
48 1373
48 1374
48 1278
48 1375
48 1101
48 1376
48 311
48 1377
48 1378
48 317
48 961
48 1379
48 1380
48 171
48 1381
48 1139
48 1109
48 1382
48 481
48 177
48 1170
48 796
48 1142
48 972
48 1383
48 499
48 1384
48 1326
48 1385
48 1386
48 197
48 1387
48 652
48 206
48 1388
48 1389
48 810
48 1390
48 1391
48 1392
49 369
49 551
49 675
49 79
49 1200
49 93
49 566
49 754
49 1152
49 1407
49 1408
49 416
49 122
49 289
49 841
49 1374
49 1409
49 892
49 1283
49 1378
49 504
49 1410
49 1150
49 1411
49 1412
49 1413
50 56
50 67
50 73
50 745
50 748
50 86
50 398
50 252
50 253
50 1414
50 96
50 260
50 1415
50 998
50 266
50 107
50 1416
50 1417
50 1418
50 887
50 1419
50 889
50 136
50 139
50 1420
50 1280
50 848
50 1352
50 153
50 307
50 308
50 1421
50 1422
50 963
50 1231
50 632
50 1423
50 331
50 1424
50 976
50 1425
50 522
50 1426
50 1427
50 224
51 55
51 545
51 56
51 57
51 547
51 59
51 553
51 83
51 985
51 751
51 1428
51 1313
51 96
51 1429
51 761
51 941
51 110
51 693
51 1430
51 1431
51 291
51 780
51 1351
51 956
51 1432
51 851
51 1433
51 320
51 1434
51 1435
51 1436
51 202
51 1437
51 1122
51 208
51 211
51 1438
52 53
52 814
52 68
52 874
52 73
52 74
52 77
52 745
52 84
52 1293
52 403
52 1342
52 1276
52 574
52 1447
52 884
52 580
52 134
52 615
52 1448
52 1449
52 1450
52 1451
52 479
52 327
52 1360
52 1452
52 204
53 364
53 814
53 374
53 77
53 1293
53 682
53 994
53 995
53 1342
53 940
53 272
53 1206
53 1092
53 1459
53 765
53 1002
53 115
53 828
53 125
53 587
53 129
53 836
53 1130
53 888
53 1163
53 1460
53 144
53 152
53 155
53 1448
53 1194
53 1449
53 1323
53 856
53 332
53 644
53 516
53 1369
54 364
54 367
54 546
54 58
54 232
54 61
54 64
54 874
54 1086
54 556
54 875
54 1151
54 559
54 931
54 1127
54 1461
54 564
54 410
54 103
54 107
54 418
54 1158
54 882
54 1462
54 112
54 885
54 769
54 115
54 1004
54 128
54 1463
54 776
54 1464
54 1465
54 1216
54 141
54 1100
54 784
54 1219
54 456
54 614
54 306
54 1354
54 1466
54 1467
54 1468
54 1108
54 1264
54 1169
54 1170
54 1469
54 1470
54 1471
54 1114
54 801
54 1117
54 1055
54 803
54 207
54 1472
54 1473
54 1474
54 1475
54 1476
54 225
54 929
55 547
55 60
55 62
55 67
55 548
55 75
55 78
55 383
55 81
55 85
55 680
55 88
55 750
55 258
55 877
55 1088
55 686
55 100
55 572
55 762
55 1477
55 1207
55 693
55 1478
55 1479
55 116
55 1480
55 1481
55 886
55 583
55 288
55 589
55 1317
55 135
55 1482
55 1483
55 137
55 1484
55 155
55 156
55 1485
55 164
55 623
55 1434
55 1227
55 1141
55 326
55 1486
55 492
55 188
55 1177
55 1080
55 1487
55 648
55 1488
55 1489
55 914
55 1273
55 1457
55 1490
55 740
55 1491
55 741
55 220
55 1458
55 1492
56 63
56 67
56 237
56 83
56 1414
56 1523
56 265
56 1416
56 695
56 701
56 1524
56 599
56 1525
56 1526
56 1527
56 848
56 302
56 1528
56 1529
56 1530
56 315
56 316
56 470
56 791
56 1423
56 1506
56 352
56 811
56 361
57 227
57 371
57 66
57 553
57 79
57 560
57 87
57 750
57 1546
57 95
57 754
57 1547
57 760
57 763
57 1548
57 1373
57 1549
57 1049
57 1550
57 799
57 1079
57 202
57 1122
57 1537
57 924
58 364
58 370
58 232
58 71
58 671
58 379
58 386
58 1200
58 749
58 92
58 94
58 1393
58 880
58 99
58 1509
58 1564
58 1253
58 413
58 1582
58 1583
58 1004
58 134
58 135
58 1217
58 456
58 161
58 1584
58 1585
58 1234
58 1235
58 1117
58 733
58 908
58 1586
58 1587
58 203
58 1588
58 354
58 1589
58 1371
58 813
59 371
59 70
59 74
59 78
59 80
59 985
59 1428
59 1313
59 1153
59 96
59 1547
59 408
59 761
59 104
59 1609
59 1161
59 1345
59 1431
59 291
59 593
59 1610
59 1611
59 1612
59 847
59 300
59 1334
59 1613
59 709
59 711
59 453
59 1353
59 1614
59 316
59 1615
59 319
59 1602
59 491
59 1616
59 1617
59 650
59 1618
59 1619
59 1620
59 1621
60 545
60 547
60 670
60 76
60 1251
60 81
60 247
60 1252
60 88
60 1508
60 1622
60 693
60 1478
60 117
60 1623
60 1232
60 971
60 1558
60 1559
60 1624
60 1625
60 1119
60 654
60 210
60 657
61 232
61 759
61 97
61 103
61 306
61 1355
61 174
61 1358
61 1112
61 1633
61 1361
61 1634
61 1635
61 1636
61 1472
61 1637
61 536
61 1475
61 925
62 750
62 878
62 1158
62 1638
62 608
62 1168
62 914
62 916
62 921
62 222
62 1639
63 366
63 555
63 387
63 396
63 1293
63 90
63 95
63 1128
63 937
63 1294
63 570
63 1640
63 579
63 130
63 1641
63 1486
63 1642
63 912
63 739
63 1328
64 364
64 874
64 931
64 1127
64 1158
64 1064
64 882
64 132
64 776
64 1644
64 1454
64 1470
64 1645
64 1646
64 1647
64 1405
65 363
65 367
65 80
65 404
65 98
65 127
65 436
65 1612
65 1132
65 467
65 616
65 960
65 488
65 534
66 546
66 382
66 391
66 560
66 87
66 1547
66 760
66 281
66 1540
66 837
66 1548
66 1373
66 298
66 607
66 643
66 861
66 648
66 1544
66 1537
66 661
66 924
67 69
67 75
67 1414
67 96
67 1415
67 1523
67 265
67 1672
67 1207
67 695
67 1317
67 438
67 1190
67 599
67 1673
67 1674
67 1420
67 1008
67 143
67 891
67 1353
67 157
67 1422
67 1675
67 470
67 483
67 1171
67 1236
67 1174
67 207
67 1676
67 1677
68 373
68 671
68 387
68 399
68 690
68 692
68 1648
68 1656
68 1678
68 1679
68 1680
68 1401
68 1183
68 1681
69 364
69 368
69 669
69 378
69 401
69 990
69 999
69 603
69 157
69 1222
69 617
69 473
69 1230
69 1365
69 1696
69 1697
69 661
69 220
69 1698
70 371
70 71
70 74
70 389
70 392
70 395
70 92
70 584
70 1699
70 949
70 1013
70 1700
70 471
70 1266
70 183
70 1029
70 1036
70 1388
71 364
71 370
71 671
71 672
71 379
71 388
71 1203
71 1087
71 880
71 1722
71 414
71 1723
71 1540
71 588
71 1724
71 134
71 1349
71 951
71 1069
71 1654
71 1013
71 785
71 1555
71 1725
71 1726
71 1585
71 183
71 186
71 1173
71 1182
71 1711
71 1544
71 355
71 1589
71 813
72 249
72 421
72 426
72 1463
72 141
72 148
72 170
72 171
72 176
72 796
72 1777
73 398
73 89
73 91
73 935
73 938
73 126
73 136
73 153
73 1421
73 1783
73 1784
73 1785
73 1708
73 1786
73 1403
73 865
73 1787
74 745
74 389
74 84
74 681
74 400
74 403
74 408
74 1563
74 104
74 417
74 1447
74 123
74 1699
74 1788
74 1552
74 439
74 1611
74 1219
74 1484
74 154
74 1433
74 1262
74 1789
74 1790
74 184
74 186
74 1791
74 1792
74 1452
74 930
75 76
75 675
75 83
75 677
75 681
75 1562
75 1793
75 1551
75 1207
75 825
75 826
75 833
75 438
75 138
75 1420
75 151
75 851
75 1794
75 1675
75 1795
75 1796
75 854
75 1797
75 190
75 1177
75 1798
75 213
75 1522
75 743
75 542
76 545
76 82
76 247
76 83
76 677
76 562
76 758
76 1649
76 1511
76 133
76 605
76 1493
76 1516
76 1376
76 629
76 638
76 1812
76 654
76 209
77 376
77 244
77 1293
77 687
77 409
77 765
77 425
77 115
77 703
77 434
77 1802
77 134
77 142
77 609
77 712
77 1132
77 457
77 715
77 716
77 1450
77 1323
77 481
77 500
77 728
77 1820
77 193
77 1662
77 1772
77 1821
77 1822
77 1369
77 1581
78 548
78 383
78 80
78 934
78 1609
78 1478
78 593
78 1612
78 847
78 1497
78 1136
78 164
78 1360
78 1718
78 1503
78 974
78 1080
78 1823
78 1719
78 201
78 1457
78 1507
78 1476
79 371
79 763
79 841
79 1278
79 162
80 404
80 1609
80 127
80 593
80 1612
80 1606
80 450
80 1432
80 469
80 1052
80 530
80 1476
81 228
81 881
81 1064
81 1073
81 475
81 1268
81 901
81 1603
81 911
81 210
82 375
82 241
82 89
82 98
82 1000
82 826
82 111
82 694
82 697
82 1799
82 708
82 143
82 1319
82 1014
82 1801
82 180
82 1703
82 1866
82 219
83 677
83 1562
83 110
83 113
83 286
83 130
83 835
83 594
83 133
83 1482
83 138
83 1166
83 1516
83 1530
83 1570
83 1773
83 162
83 1880
83 1795
83 1749
83 482
83 1881
83 1270
83 1855
83 1812
83 1798
84 227
84 746
84 403
84 1044
84 1276
84 123
84 1813
84 1282
84 1288
84 190
84 204
84 1889
85 543
85 550
85 680
85 564
85 877
85 1088
85 1206
85 1394
85 576
85 282
85 116
85 583
85 288
85 131
85 592
85 602
85 145
85 713
85 618
85 1397
85 1907
85 1382
85 1779
85 501
85 194
85 1635
85 527
85 1637
85 1629
85 1043
86 239
86 985
86 987
86 266
86 104
86 423
86 279
86 1610
86 1099
86 1910
86 1652
86 1756
86 1883
86 1017
86 1746
86 1615
86 1231
86 1750
86 645
86 1906
86 1911
87 376
87 383
87 1087
87 95
87 1547
87 1091
87 1093
87 1344
87 283
87 117
87 1098
87 1549
87 789
87 1398
87 498
87 729
87 1327
88 986
88 99
88 105
88 1329
88 120
88 886
88 1925
88 1330
88 1023
88 1714
88 1926
88 1239
88 1332
88 1274
88 215
89 398
89 935
89 936
89 98
89 694
89 114
89 705
89 711
89 955
89 1784
89 1403
89 865
90 368
90 873
90 393
90 95
90 951
90 968
90 187
90 206
90 1491
91 373
91 391
91 403
91 566
91 1154
91 1649
91 950
91 1068
91 1947
91 1260
91 613
91 1945
91 1421
91 485
91 1943
91 487
91 1659
91 1054
91 499
91 1904
91 646
91 1542
91 1543
91 1438
91 1836
92 232
92 395
92 118
92 584
92 161
92 1424
92 1780
92 1932
92 1628
93 545
93 368
93 1314
93 757
93 265
93 1510
93 774
93 122
93 1213
93 289
93 1374
93 892
93 1952
93 1142
93 631
93 1953
93 1617
93 197
93 1954
93 1410
93 1955
93 1845
94 364
94 102
94 106
94 823
94 108
94 109
94 1218
94 1657
94 164
94 469
94 168
94 1908
94 1235
95 937
95 117
95 121
95 950
95 951
95 1549
95 1957
95 498
95 739
95 213
96 260
96 1415
96 761
96 1417
96 1161
96 1430
96 281
96 129
96 622
96 319
96 1960
96 1842
97 367
97 232
97 988
97 893
97 1656
97 174
97 1933
97 1475
98 363
98 273
98 111
98 114
98 436
98 616
98 960
98 1972
98 179
98 539
99 364
99 749
99 1564
99 105
99 1329
99 118
99 1925
99 1217
99 156
99 1919
99 1714
99 1926
99 198
99 1588
99 921
100 543
100 992
100 135
100 1396
100 157
100 165
100 326
100 899
101 369
101 371
101 373
101 690
101 167
101 968
101 970
101 187
101 1578
101 1491
102 375
102 402
102 269
102 106
102 418
102 444
102 1768
102 158
102 172
102 902
102 508
102 195
102 1877
102 533
102 1967
103 555
103 266
103 112
103 306
103 1469
103 1633
103 1635
103 1929
104 408
104 279
104 287
104 1552
104 1611
104 163
104 340
104 1977
105 543
105 936
105 1161
105 1003
105 1814
105 156
105 1974
105 191
105 215
106 368
106 378
106 108
106 437
106 158
106 1657
106 469
106 1534
106 501
106 1807
106 1901
107 260
107 128
107 1011
107 159
107 1170
107 490
107 181
107 185
107 1180
107 1182
107 218
108 229
108 365
108 385
108 1257
108 1259
108 1657
108 168
108 1908
108 1274
108 1901
108 665
109 543
109 1153
109 992
109 149
109 164
109 1401
109 212
110 544
110 822
110 113
110 578
110 1638
110 286
111 227
111 555
111 481
111 179
111 180
111 539
112 232
112 824
112 635
112 520
113 227
113 286
113 130
113 835
113 1482
113 138
113 1166
113 1530
113 1570
113 1749
113 1993
114 363
114 230
114 1086
115 1086
115 769
115 155
115 1323
115 189
115 193
115 223
116 369
116 551
116 1563
116 1802
116 145
116 147
116 1804
116 1263
116 1577
116 1118
116 979
116 1593
117 547
117 121
117 1957
117 1846
117 1232
117 663
118 364
118 232
118 749
118 124
118 1282
118 1424
118 802
118 1626
118 1627
119 255
119 1672
119 825
119 126
119 153
119 1700
119 1400
119 869
120 544
120 679
120 128
120 1376
120 1758
120 1023
120 1444
120 1829
120 1445
120 1917
120 1446
121 229
121 386
121 1253
121 1957
121 1846
121 735
122 543
122 564
122 1206
122 289
122 1768
122 1944
122 1404
123 400
123 439
123 1433
123 466
123 186
123 190
123 1792
123 1310
123 1744
124 229
124 365
124 232
124 137
124 144
124 1282
124 802
124 1413
125 1086
125 769
125 127
125 1102
125 1111
125 1287
125 224
126 255
126 140
126 1700
126 168
126 1400
126 205
126 1188
127 1111
127 1287
127 488
127 1851
128 544
128 679
128 1441
128 1758
128 1049
128 1829
128 218
128 1739
128 225
129 260
129 281
129 1678
129 622
129 1966
129 224
130 387
130 579
130 1166
131 235
131 673
131 1212
131 1667
132 240
132 561
132 1702
132 474
132 906
133 384
133 1005
133 1516
133 1223
133 1773
133 162
133 1018
133 1972
133 1833
133 209
133 1985
133 667
134 880
134 1349
134 142
134 1069
134 146
134 712
134 1450
134 1451
134 1585
134 1586
134 1544
134 917
134 353
135 1393
135 1509
135 188
135 1834
135 1339
135 1808
136 567
136 1346
136 139
136 153
136 1786
137 232
137 1480
137 1482
137 144
137 1485
137 1968
138 825
138 1482
138 151
138 1570
138 482
138 1573
138 1993
139 384
139 747
139 1510
140 247
140 758
140 1649
140 1803
140 1529
140 168
140 169
140 626
140 794
140 1690
140 199
140 214
141 769
141 1100
141 148
141 152
141 175
141 176
142 227
142 363
142 668
142 146
142 712
142 1060
143 694
143 697
144 940
145 395
145 446
145 147
145 1031
145 194
145 1984
145 531
146 236
146 1701
146 782
146 1979
146 1784
146 1832
146 1828
146 1705
146 1504
147 948
147 949
147 956
147 1900
148 1151
148 568
148 1007
148 152
149 246
149 253
149 314
149 212
150 543
150 590
150 160
150 176
150 641
150 1402
150 1405
151 549
151 556
151 1527
151 1573
151 213
151 536
152 995
152 1460
152 332
152 1927
153 178
153 1786
154 370
154 422
154 775
154 1518
154 184
154 1271
154 216
154 930
155 258
155 589
155 189
155 192
155 200
156 1482
156 1483
156 191
157 992
157 207
158 1215
158 1131
158 923
159 744
159 550
159 1477
159 181
159 630
159 726
160 228
160 999
160 1016
160 166
160 176
161 674
161 271
161 699
162 763
162 1278
163 545
163 1006
163 1513
164 1478
164 974
164 1080
164 1823
164 648
165 1394
165 1212
165 1921
165 173
166 548
166 1414
166 1429
167 970
168 1657
168 1908
168 205
168 214
169 387
169 432
169 626
169 794
169 642
169 193
169 196
169 199
169 1713
170 746
170 275
170 844
171 674
171 1002
171 1841
171 177
171 1113
172 373
172 1565
172 948
172 195
172 217
172 221
173 984
173 679
173 1329
173 182
173 203
173 1671
173 922
174 410
174 1462
174 1463
175 366
175 1128
177 572
177 1731
177 1982
177 1083
178 433
178 1921
178 1354
179 385
179 465
179 539
180 364
180 1216
180 1230
180 219
181 883
181 1277
181 1982
181 185
181 1930
182 596
182 649
182 203
182 922
183 745
183 755
183 763
183 901
183 1620
184 368
184 1341
184 468
184 216
185 386
185 1155
185 1556
186 1540
186 1724
186 1182
187 549
187 1428
187 1372
187 206
187 1491
188 690
188 1565
188 948
189 1093
189 1925
189 1971
189 192
189 1082
189 1621
189 223
190 1793
190 1551
190 515
190 1389
190 1522
191 987
191 1910
191 1756
191 1939
192 1093
192 1925
192 200
192 1082
192 1621
193 626
193 642
193 1931
193 1713
194 953
194 965
195 247
195 1000
195 1345
195 1425
195 217
196 417
196 455
196 1998
196 655
196 1868
198 229
198 1257
198 1259
199 228
199 376
199 385
199 1084
200 369
200 569
200 638
201 229
201 230
201 881
202 903
202 1122
202 211
202 1371
202 226
203 364
203 1234
204 1482
204 1483
204 1325
205 948
205 972
205 1835
206 1170
206 972
207 1461
207 803
208 572
208 485
208 635
209 271
209 1125
210 702
210 717
211 400
211 998
211 1419
211 226
212 314
213 937
213 950
214 260
214 1155
214 1600
215 844
215 846
216 248
216 251
216 334
217 388
217 1087
217 1805
218 396
218 1314
218 1319
219 941
219 1120
219 1980
220 391
220 482
220 511
221 1674
221 1554
221 517
222 548
222 850
222 1720
223 246
223 797
223 1559
224 1352
224 331
225 879
225 1508
225 1600
226 674
226 687
226 1840
227 228
227 363
227 364
227 365
227 543
227 544
227 231
227 668
227 371
227 235
227 744
227 378
227 746
227 555
227 388
227 397
227 250
227 567
227 1044
227 1045
227 276
227 1046
227 1047
227 602
227 710
227 614
227 1048
227 1049
227 478
227 794
227 898
227 1050
227 1051
227 1052
227 1053
227 1054
227 510
227 1055
227 1056
227 1057
227 1058
227 1059
227 1060
227 1061
227 1062
228 229
228 234
228 240
228 375
228 376
228 241
228 984
228 674
228 385
228 386
228 1063
228 250
228 752
228 257
228 881
228 263
228 999
228 1064
228 1065
228 284
228 703
228 1066
228 1047
228 1067
228 1068
228 444
228 1069
228 1070
228 1071
228 1072
228 1016
228 896
228 1073
228 465
228 1074
228 1075
228 1076
228 1077
228 1026
228 1078
228 1079
228 1080
228 1081
228 1082
228 1058
228 1083
228 1084
228 1085
229 365
229 230
229 232
229 233
229 382
229 385
229 1251
229 386
229 247
229 1252
229 752
229 933
229 881
229 1253
229 1254
229 824
229 1255
229 1256
229 1257
229 292
229 1258
229 1071
229 1259
229 1260
229 1261
229 896
229 1073
229 1262
229 619
229 1263
229 317
229 475
229 1264
229 1265
229 1266
229 1267
229 971
229 1268
229 1269
229 1176
229 509
229 1115
229 1270
229 1271
229 1081
229 1272
229 1273
229 1274
229 1058
230 363
230 366
230 668
230 372
230 672
230 1086
230 247
230 1252
230 876
230 989
230 686
230 881
230 1000
230 1315
230 770
230 839
230 297
230 1334
230 1100
230 1335
230 1336
230 1112
230 1337
230 1338
230 1339
230 1340
230 359
231 543
231 249
231 1153
231 278
231 1453
231 886
231 838
231 602
231 890
231 954
231 1454
231 894
231 1048
231 1221
231 1434
231 799
231 332
231 512
231 909
231 647
231 1455
231 913
231 1456
231 1062
231 1406
231 930
232 233
232 276
232 824
232 1609
232 1004
232 447
232 1282
232 896
232 635
232 1424
232 1270
232 1626
232 341
232 1618
232 1472
232 1627
232 1475
232 1628
232 1413
233 873
233 876
233 994
233 1523
233 276
233 882
233 1609
233 292
233 1374
233 896
233 619
233 1263
233 1029
233 1618
233 1629
234 814
234 557
234 261
234 880
234 885
234 282
234 1643
234 1348
234 586
234 451
234 893
234 722
234 910
234 737
235 364
235 545
235 236
235 552
235 673
235 558
235 691
235 1212
235 1666
235 707
235 1667
235 1224
235 1355
235 1226
235 623
235 1435
235 1534
235 969
235 1361
235 1668
235 334
235 1243
235 1669
235 1670
235 1671
235 741
236 364
236 240
236 673
236 243
236 1275
236 561
236 563
236 254
236 402
236 1152
236 259
236 1156
236 1685
236 1701
236 691
236 773
236 1702
236 1512
236 290
236 1525
236 782
236 605
236 299
236 1280
236 1281
236 850
236 306
236 619
236 623
236 471
236 1550
236 1703
236 335
236 1704
236 1705
236 1179
236 1706
236 1707
236 1708
236 1663
236 1445
236 1185
236 360
237 363
237 546
237 554
237 246
237 277
237 283
237 701
237 286
237 1409
237 1528
237 791
237 1714
237 1267
237 1715
237 1184
237 362
238 364
238 370
238 242
238 381
238 394
238 258
238 1090
238 413
238 268
238 270
238 417
238 1096
238 1740
238 1215
238 299
238 449
238 1131
238 1013
238 463
238 1741
238 472
238 474
238 475
238 327
238 1051
238 730
238 1742
238 506
238 643
238 510
238 1386
238 515
238 338
238 1243
238 1743
238 1367
238 1474
238 1738
238 1676
238 1744
239 366
239 373
239 374
239 241
239 673
239 380
239 985
239 1201
239 987
239 685
239 423
239 1315
239 1095
239 291
239 297
239 301
239 1654
239 1745
239 1017
239 1746
239 1747
239 1748
239 1749
239 1519
239 1750
239 1033
239 645
239 1751
239 1663
239 1752
239 1753
239 1041
240 984
240 243
240 1275
240 561
240 399
240 400
240 987
240 257
240 408
240 262
240 268
240 883
240 1754
240 1277
240 698
240 1643
240 1512
240 1009
240 1755
240 1756
240 1105
240 1631
240 1075
240 1757
240 1758
240 474
240 1759
240 1357
240 1760
240 329
240 1078
240 1761
240 1707
240 1762
240 1763
240 1764
240 1289
240 1765
240 1123
240 1766
240 1767
241 375
241 674
241 985
241 988
241 989
241 993
241 267
241 1000
241 826
241 1799
241 1800
241 1009
241 458
241 1801
241 1441
241 1025
241 1292
242 544
242 245
242 1063
242 562
242 412
242 268
242 414
242 573
242 577
242 299
242 1109
242 487
242 494
242 1326
242 640
242 339
242 343
242 350
242 1647
242 1738
242 742
242 1340
243 364
243 561
243 563
243 254
243 256
243 268
243 273
243 1754
243 698
243 601
243 714
243 322
243 633
243 1384
243 1577
243 1471
243 1839
243 1765
243 1810
244 409
244 270
244 1256
244 1802
244 288
244 1650
244 609
244 1337
244 1820
245 364
245 368
245 669
245 1151
245 1204
245 568
245 412
245 269
245 272
245 706
245 1613
245 1849
245 1221
245 852
245 320
245 497
245 1236
245 1710
245 1670
245 1850
245 1851
245 1852
246 550
246 377
246 559
246 252
246 253
246 684
246 429
246 283
246 594
246 1409
246 1655
246 1553
246 1860
246 1861
246 797
246 1559
246 1811
247 545
247 1252
247 876
247 758
247 1000
247 1255
247 1256
247 1649
247 1345
247 1869
247 1716
247 1686
247 294
247 839
247 297
247 1334
247 1803
247 1529
247 1262
247 317
247 1518
247 324
247 1870
247 1115
247 1032
247 339
247 1721
247 351
247 1871
247 1391
248 670
248 1275
248 251
248 401
248 1204
248 932
248 939
248 942
248 1727
248 1640
248 1699
248 1673
248 441
248 1728
248 1528
248 1759
248 334
248 1489
248 979
248 737
248 1305
248 982
248 1250
249 1089
249 267
249 278
249 280
249 1453
249 289
249 838
249 1903
249 1071
249 1454
249 1109
249 796
249 1777
249 346
249 1455
249 652
250 364
250 544
250 284
250 1066
250 1047
250 298
250 1072
250 1074
250 480
250 1051
250 1887
251 376
251 385
251 411
251 415
251 419
251 441
251 1012
251 470
251 334
251 1751
251 523
251 1918
252 253
252 255
252 263
252 1672
252 429
252 887
252 1280
252 953
252 301
252 308
252 965
252 350
252 1930
253 398
253 753
253 1156
253 429
253 1460
253 314
253 1861
253 797
253 1559
253 976
253 1425
254 369
254 370
254 1562
254 256
254 879
254 1372
254 1566
254 1094
254 290
254 457
254 1569
254 1308
254 499
254 1706
255 389
255 392
255 1672
255 948
255 438
255 598
255 1700
255 1193
255 490
255 494
255 1958
255 1188
256 379
256 746
256 1415
256 431
256 1483
257 386
257 262
257 1205
257 264
257 883
257 444
257 448
257 305
257 1631
257 1107
257 1863
257 1750
257 736
257 1864
258 548
258 383
258 686
258 1090
258 572
258 583
258 589
258 1741
258 1450
258 723
258 327
258 1051
258 328
258 1742
258 1035
258 345
258 929
259 549
259 749
259 1722
259 274
259 275
259 430
259 1295
259 1396
259 782
259 605
259 300
259 783
259 1166
259 303
259 306
259 1874
259 639
259 1704
259 1792
259 1183
259 1737
259 1963
259 1766
259 1964
259 1848
260 1151
260 1154
260 1155
260 1157
260 281
260 1590
260 1189
260 1162
260 1258
260 1190
260 1600
260 1164
260 1011
260 1191
260 1678
260 1746
260 622
260 1826
260 1517
260 1861
260 1196
260 1966
260 1884
260 1683
260 1888
260 524
260 1967
260 1684
260 358
260 1852
261 363
261 366
261 1044
261 282
261 1141
261 1326
261 1146
261 737
262 366
262 374
262 1201
262 264
262 767
262 1686
262 1687
262 296
262 788
262 1968
262 342
262 344
262 1864
262 1969
262 1970
263 881
263 309
263 348
263 1039
264 670
264 1461
264 1203
264 1343
264 1417
264 296
264 529
264 1864
264 1969
265 545
265 757
265 695
265 1510
265 1213
265 302
265 318
265 1954
265 346
266 366
266 555
266 1295
266 1296
266 307
266 310
266 311
266 1806
266 1323
266 1231
266 1500
266 920
266 1426
267 989
267 993
267 289
267 293
267 1531
267 1498
267 1025
268 417
268 273
268 1096
268 698
268 443
268 1755
268 1919
268 1978
268 1265
268 494
268 509
268 525
268 1738
268 1676
268 1766
269 402
269 272
269 285
269 294
269 841
269 310
269 463
269 497
270 364
270 394
270 271
270 1208
270 1256
270 288
270 1214
270 1215
270 1131
270 1013
270 1140
270 1680
270 626
270 331
270 1691
270 1535
270 1386
270 1948
270 1891
271 545
271 674
271 1208
271 699
271 1006
271 704
271 592
271 1872
271 707
271 724
271 1948
271 1125
272 364
272 1206
272 587
272 836
272 294
272 841
272 304
272 1194
272 320
272 321
272 860
273 363
273 322
273 1384
274 553
274 561
274 275
274 584
274 295
274 1166
274 625
274 1720
274 1148
274 1187
275 379
275 746
275 1415
275 1210
275 440
275 844
275 300
275 1846
275 323
275 1442
275 1501
275 639
276 365
276 1045
276 1609
276 1046
276 721
276 1050
276 341
276 349
276 1629
276 1291
277 393
277 395
277 1886
277 1723
277 1066
277 446
277 1898
277 1940
277 477
277 854
277 1820
277 1896
277 537
277 1850
277 362
278 379
278 1155
278 1157
278 1453
278 1162
278 448
278 1990
278 1975
278 1860
278 633
278 346
278 1885
278 1976
278 1830
279 1153
279 992
279 287
280 1089
280 948
280 949
280 780
280 1903
280 496
280 1958
281 546
281 1540
281 1678
281 643
281 861
281 358
282 564
282 583
282 611
282 501
282 333
282 1987
282 357
283 1091
283 1344
283 286
283 1724
283 1409
283 1553
283 1714
283 1760
283 1966
283 1761
283 347
283 1124
284 386
284 933
284 1253
284 1066
284 298
284 312
285 883
285 1277
285 947
285 310
285 1283
285 1284
285 330
285 1242
285 1455
285 1753
285 353
285 1291
285 1249
285 541
286 835
286 1880
286 347
287 670
287 721
287 729
287 340
287 1977
287 1730
287 983
288 1088
288 331
288 1635
289 293
289 1531
289 892
289 631
289 1923
289 1150
290 369
290 1200
290 777
290 1296
290 299
290 1706
291 761
292 547
292 756
292 619
293 1200
293 986
293 1539
293 1531
293 460
294 876
294 1686
294 841
294 304
294 1032
295 381
295 410
295 889
295 1165
295 1720
295 344
295 1148
295 1188
296 366
296 374
296 767
296 842
296 1279
296 1297
296 1321
296 1969
297 366
297 1201
297 1745
297 1286
297 324
298 546
298 391
298 312
299 335
299 339
299 1647
300 1345
300 1610
300 1334
300 303
300 1614
300 1914
300 323
300 325
300 1991
300 1953
300 639
300 1879
300 1976
301 1315
301 1095
301 313
301 503
302 549
302 553
302 556
302 315
302 318
302 319
303 407
303 433
303 1921
303 325
303 1879
303 1370
304 815
304 1202
304 1428
304 321
305 985
305 1351
305 1107
305 326
305 1365
306 1469
306 1633
306 1636
306 356
307 364
307 440
307 451
307 311
308 1190
308 1541
308 1554
308 350
309 1005
309 1015
309 348
309 1039
310 366
310 1295
310 1806
310 1323
310 330
310 1753
311 544
311 1063
311 1139
311 1387
312 364
312 1202
312 821
313 375
313 935
313 1672
313 1189
314 545
314 821
314 1509
314 322
314 1521
314 358
315 559
315 572
315 624
315 485
315 634
315 1876
315 982
315 361
316 1428
316 1547
316 1616
316 1578
316 1272
316 1618
316 1619
316 352
317 1152
317 1089
317 1115
317 1604
317 351
317 1446
318 1127
318 1597
318 822
318 319
318 1870
318 1575
318 346
318 1923
318 357
319 1161
319 1842
319 357
320 553
320 956
320 1084
321 554
321 1439
321 1853
321 1819
322 545
322 1509
322 1384
322 1471
322 358
323 565
323 587
323 1641
323 1986
323 1995
324 549
324 764
324 1732
324 1987
325 398
325 753
325 1092
325 1879
326 899
327 574
327 580
327 1051
327 328
327 338
327 1035
327 354
327 355
328 549
328 1202
328 997
328 1035
329 1200
329 1089
329 1214
329 1719
329 342
329 1970
330 400
330 1563
330 1815
330 1753
330 1249
331 748
331 1352
331 1427
332 995
332 647
332 1927
333 753
333 1156
333 1853
333 1987
334 552
334 1361
334 1243
334 1670
335 824
335 830
335 1775
335 360
336 1202
336 1672
336 1648
336 1940
337 545
337 776
337 1011
338 396
338 1001
338 1788
338 354
339 1252
339 1255
339 1922
339 343
339 1647
339 1340
340 366
340 558
340 1313
340 1977
341 562
341 1869
341 1376
341 349
342 1314
342 757
342 1338
342 344
342 1970
344 410
344 917
345 770
345 788
345 929
347 543
347 680
347 1399
347 866
348 410
348 492
349 1699
349 1524
349 1814
350 562
350 573
351 1275
351 1554
351 1865
352 1034
353 1585
353 1586
354 1509
354 1253
354 355
355 672
355 1203
356 1516
356 1790
356 1642
357 564
357 611
358 545
359 562
359 605
359 621
360 546
360 1538
360 1541
361 400
361 1481
362 572
362 635
363 366
363 668
363 367
363 546
363 372
363 669
363 670
363 1086
363 676
363 1127
363 682
363 989
363 1128
363 933
363 688
363 411
363 1044
363 827
363 701
363 1129
363 1130
363 708
363 1100
363 1131
363 1132
363 1133
363 1134
363 1135
363 1136
363 617
363 960
363 1137
363 1138
363 1139
363 1140
363 718
363 720
363 1141
363 1142
363 1143
363 1144
363 513
363 1145
363 1146
363 1147
363 1148
363 1149
363 1150
363 533
363 1060
363 666
364 365
364 544
364 367
364 545
364 368
364 546
364 370
364 873
364 669
364 671
364 874
364 672
364 552
364 673
364 384
364 747
364 875
364 1200
364 393
364 394
364 1151
364 749
364 1201
364 986
364 401
364 1202
364 1203
364 564
364 990
364 1204
364 995
364 821
364 1205
364 1206
364 823
364 1093
364 420
364 1207
364 1208
364 1209
364 426
364 1210
364 946
364 1211
364 1212
364 582
364 772
364 432
364 1213
364 1005
364 834
364 1214
364 706
364 1215
364 440
364 1216
364 446
364 1217
364 451
364 1218
364 1219
364 459
364 1220
364 1104
364 1221
364 1222
364 1223
364 1224
364 1225
364 1226
364 1227
364 1228
364 1229
364 1230
364 1231
364 1232
364 1050
364 1233
364 633
364 798
364 1234
364 1235
364 1236
364 975
364 1237
364 1238
364 518
364 1239
364 909
364 1240
364 734
364 1241
364 1242
364 1056
364 1243
364 806
364 1244
364 1245
364 1246
364 1247
364 1248
364 1249
364 1250
364 929
365 744
365 382
365 385
365 747
365 1045
365 768
365 694
365 1211
365 1257
365 1046
365 1258
365 779
365 1306
365 1307
365 453
365 1225
365 790
365 1308
365 473
365 721
365 795
365 1309
365 969
365 496
365 1054
365 1310
365 1291
365 1311
365 1312
365 665
365 813
366 668
366 369
366 373
366 374
366 375
366 377
366 1086
366 555
366 396
366 557
366 558
366 1201
366 1313
366 1128
366 1314
366 935
366 406
366 878
366 1044
366 419
366 767
366 1315
366 1316
366 1295
366 590
366 1317
366 1318
366 1319
366 1297
366 1306
366 610
366 1131
366 1320
366 1321
366 1134
366 1322
366 1323
366 478
366 1324
366 1325
366 1326
366 1327
366 1180
366 1328
367 546
367 1086
367 988
367 423
367 885
367 1096
367 1097
367 1493
367 784
367 1132
367 617
367 792
367 1140
367 1233
367 1143
367 1494
367 1495
367 650
367 534
367 869
367 1496
368 545
368 873
368 669
368 378
368 393
368 1202
368 1204
368 1341
368 1314
368 820
368 999
368 946
368 1531
368 603
368 1350
368 1532
368 1533
368 617
368 468
368 1227
368 719
368 1534
368 508
368 1535
368 1238
368 1536
368 1537
369 370
369 371
369 373
369 551
369 675
369 1200
369 557
369 558
369 1562
369 1091
369 1563
369 569
369 1408
369 1372
369 1564
369 690
369 1565
369 1566
369 419
369 427
369 430
369 1316
369 586
369 1317
369 1318
369 597
369 598
369 1296
369 843
369 1164
369 1409
369 1567
369 612
369 1568
369 1569
369 1570
369 1283
369 1571
369 1263
369 1020
369 962
369 1572
369 965
369 1573
369 493
369 1574
369 1575
369 1576
369 502
369 638
369 1577
369 1118
369 1578
369 1579
369 1580
369 537
369 1390
369 926
369 1581
369 1042
370 379
370 386
370 388
370 1562
370 879
370 1155
370 1157
370 413
370 1582
370 422
370 1590
370 431
370 775
370 783
370 457
370 475
370 1518
370 733
370 1587
370 1271
370 521
370 523
370 1591
370 1579
370 1243
370 1592
370 1593
370 1594
370 1595
370 542
371 373
371 378
371 391
371 569
371 606
371 471
371 1049
371 482
371 1550
371 1300
371 1386
371 1596
371 1578
371 1056
371 529
372 669
372 676
372 989
372 1128
372 405
372 879
372 1508
372 409
372 1597
372 822
372 1598
372 1599
372 708
372 1600
372 895
372 1136
372 1601
372 1138
372 1602
372 1299
372 1603
372 1198
372 513
372 1604
372 533
372 1605
373 374
373 671
373 380
373 391
373 677
373 679
373 403
373 566
373 1154
373 690
373 1565
373 1416
373 1648
373 427
373 1649
373 948
373 706
373 596
373 1650
373 1651
373 1652
373 1653
373 1654
373 1014
373 612
373 1655
373 1656
373 1330
373 1657
373 1658
373 1397
373 962
373 965
373 484
373 1659
373 1660
373 1661
373 1662
373 1596
373 1663
373 1473
373 1664
373 1438
373 1665
373 1605
374 814
374 380
374 1201
374 565
374 820
374 940
374 1685
374 1416
374 767
374 1686
374 1687
374 842
374 1318
374 845
374 1279
374 1297
374 447
374 1654
374 1485
374 788
374 1688
374 1233
374 1689
374 1690
374 1691
374 1385
374 1692
374 1693
374 662
374 1694
374 1695
375 377
375 402
375 935
375 996
375 418
375 826
375 424
375 1189
375 703
375 444
375 1319
375 1768
375 1769
375 618
375 1322
375 1324
375 976
375 1770
375 1081
375 526
375 1771
375 1305
375 1694
376 383
376 385
376 1063
376 751
376 687
376 1091
376 411
376 1344
376 434
376 461
376 462
376 1021
376 483
376 505
376 1772
376 1084
376 541
376 1677
377 548
377 550
377 1546
377 402
377 1414
377 684
377 685
377 935
377 996
377 1701
377 424
377 1277
377 1702
377 1316
377 594
377 1655
377 1806
377 478
377 1229
377 507
377 519
377 1807
377 1770
377 1808
377 1809
377 1810
377 1782
377 1811
378 437
378 473
378 1534
378 1386
378 1055
378 1807
378 538
379 746
379 386
379 388
379 1087
379 991
379 1415
379 1155
379 880
379 1157
379 414
379 422
379 1538
379 1210
379 1590
379 1723
379 1754
379 772
379 588
379 1824
379 440
379 449
379 1653
379 954
379 1825
379 785
379 459
379 460
379 1569
379 1498
379 1826
379 476
379 792
379 1827
379 797
379 725
379 633
379 1828
379 1829
379 1235
379 1143
379 523
379 803
379 1830
379 1831
380 673
380 1416
380 447
380 1485
380 1748
380 484
380 1735
380 493
380 1662
380 1033
380 1809
381 673
381 563
381 683
381 410
381 413
381 435
381 889
381 463
381 722
381 488
381 1026
381 905
381 1452
382 546
382 385
382 1251
382 391
382 1539
382 837
382 509
383 548
383 396
383 748
383 1087
383 932
383 1088
383 1093
383 420
383 771
383 589
383 461
383 1017
383 1450
383 1398
383 1360
383 492
383 1858
383 1327
383 1114
383 1693
383 913
383 1457
384 671
384 672
384 747
384 390
384 393
384 1201
384 992
384 1205
384 997
384 1727
384 1622
384 1510
384 1005
384 441
384 454
384 1223
384 1018
384 1451
384 1859
384 1144
384 517
384 1831
385 1251
385 465
385 470
385 1751
385 1274
386 752
386 933
386 1155
386 1205
386 1253
386 1538
386 697
386 1824
386 1067
386 448
386 954
386 1217
386 849
386 1077
386 1358
386 1862
386 1863
386 1556
386 1750
386 1587
386 735
386 1864
386 1765
386 1595
387 1293
387 399
387 690
387 579
387 432
387 1678
387 1641
387 1300
387 1401
387 1520
387 912
387 1681
388 1087
388 991
388 1722
388 1590
388 1540
388 1724
388 1018
388 794
388 641
388 1059
388 1805
388 539
388 1594
389 547
389 1275
389 392
389 400
389 755
389 407
389 938
389 1563
389 1459
389 1209
389 1598
389 1453
389 1699
389 438
389 598
389 604
389 958
389 1700
389 1193
389 1804
389 1679
389 1266
389 1874
389 629
389 1027
389 494
389 528
389 1856
389 1875
389 1811
389 928
389 1838
390 393
390 395
390 397
390 398
390 1793
390 991
390 1479
390 840
390 709
390 1878
390 1106
390 1298
390 1288
390 1879
390 540
391 546
391 566
391 1539
391 837
391 613
391 482
391 485
391 511
391 1596
392 548
392 815
392 395
392 404
392 689
392 427
392 1599
392 830
392 949
392 1882
392 598
392 458
392 1883
392 461
392 958
392 1717
392 1266
392 1844
392 490
392 1884
392 1234
392 1885
392 1123
392 1847
393 873
393 395
393 1793
393 1209
393 1886
393 1723
393 1066
393 441
393 450
393 1878
393 477
393 1238
393 1887
394 545
394 547
394 670
394 1512
394 1214
394 440
394 449
394 1140
394 489
394 1386
394 1056
394 1244
395 1793
395 1886
395 584
395 949
395 446
395 458
395 1884
395 1288
395 1029
395 1031
395 1301
395 1780
395 1388
395 531
395 1123
396 748
396 1128
396 932
396 1314
396 993
396 570
396 420
396 1640
396 1095
396 1001
396 1886
396 435
396 1788
396 1674
396 1319
396 610
396 1375
396 464
396 1017
396 472
396 1486
396 1715
396 1327
396 1180
396 914
397 543
397 991
397 1479
397 580
397 840
397 898
397 859
397 540
398 753
398 817
398 936
398 1156
398 1092
398 1421
398 962
398 1784
398 1425
398 1785
398 1708
398 980
398 1289
398 1924
398 1787
399 1275
399 1009
399 1078
399 1401
400 407
400 938
400 1563
400 1408
400 998
400 417
400 1159
400 1065
400 1453
400 1481
400 1431
400 1934
400 1419
400 1815
400 1105
400 1072
400 1935
400 1794
400 1679
400 1357
400 634
400 1936
400 1792
400 928
401 1275
401 1204
401 1528
401 1175
402 563
402 996
402 1685
402 463
402 1769
402 619
402 471
402 632
402 519
402 1771
403 1154
403 950
403 1655
403 1945
403 732
403 1948
403 1452
403 1949
404 548
404 689
404 1612
404 450
404 850
404 1432
404 1883
404 467
404 1601
404 479
404 1443
404 1720
404 1885
405 549
405 556
405 764
405 433
405 445
405 1733
405 959
405 1336
405 905
405 513
405 524
405 657
406 557
406 1313
406 766
406 1666
406 590
406 454
406 1961
406 627
406 1332
406 1962
407 670
407 1252
407 1203
407 938
407 1408
407 1565
407 1598
407 828
407 1511
407 433
407 1921
407 442
407 604
407 1878
407 1913
407 1943
407 629
407 1965
407 1116
407 1495
407 528
407 1037
407 919
407 1370
408 987
408 1552
408 1008
408 1789
408 1469
408 1487
408 1763
408 740
409 669
409 425
409 695
409 1802
409 1709
409 1662
409 1821
410 874
410 564
410 1462
410 830
410 1463
410 1775
410 488
410 492
410 1114
410 520
410 917
410 532
411 670
411 933
411 415
411 419
411 422
411 429
411 1129
411 1934
411 442
411 1012
411 1729
411 855
411 516
411 805
411 1437
412 745
412 755
412 937
412 414
412 1732
412 1950
412 487
413 1582
413 431
413 435
413 472
413 498
413 1579
413 1368
414 880
414 588
414 951
414 1653
414 1654
414 1825
414 1555
414 1826
414 487
415 546
415 875
415 1461
415 419
415 422
415 424
415 428
415 1934
415 855
415 1917
415 1290
416 545
416 758
416 761
416 1517
416 1363
416 504
416 807
417 1563
417 1159
417 1430
417 1096
417 1740
417 443
417 452
417 455
417 1979
417 1919
417 1790
417 506
417 1791
417 1936
417 518
417 655
417 1367
418 444
418 456
418 1466
418 1468
418 902
418 508
418 1471
418 1877
418 1967
419 1012
419 502
420 874
420 564
420 464
420 1017
420 1168
420 1715
420 1241
421 551
421 556
421 559
421 426
421 1463
421 952
421 522
422 424
422 429
422 775
422 452
422 1518
422 523
422 1593
423 987
423 1910
423 1746
423 1615
424 935
424 428
424 1189
424 439
424 1614
424 1783
424 1862
424 1791
424 1770
424 1917
424 1290
424 1694
425 821
425 570
425 457
425 1894
425 1821
426 672
426 1203
426 1463
427 548
427 689
427 430
427 1318
427 1623
427 612
427 1330
427 1572
427 507
428 544
428 554
428 1439
428 1799
428 439
428 964
428 1791
428 1917
428 535
429 442
429 452
429 1861
429 805
430 549
430 1318
430 1623
430 1396
430 782
430 1020
430 1575
430 507
430 1792
430 808
430 1963
430 1964
431 746
431 1504
431 1579
431 542
432 772
432 1369
433 1252
433 1203
433 1921
433 445
433 710
433 1354
433 959
433 897
433 1943
433 905
433 1470
433 1981
433 1997
433 1370
434 988
434 687
434 1840
434 1467
434 481
434 1303
434 1772
434 1822
434 1875
435 570
435 1886
435 498
436 551
436 567
436 700
436 616
436 1972
437 550
437 680
437 1294
437 501
437 1781
437 527
438 1420
438 1796
438 1174
438 1823
438 1762
438 542
439 1433
439 466
439 1791
439 1310
439 535
439 1744
440 1210
440 451
440 489
440 512
441 517
442 1408
442 1511
442 1878
442 1116
442 516
442 805
442 1057
442 1037
443 883
443 947
443 1279
443 455
443 1865
443 1763
443 525
444 1768
444 902
445 759
445 766
445 959
445 897
445 1030
445 1785
445 524
446 669
446 1213
446 1031
446 1984
447 493
447 520
447 978
448 1155
448 1162
448 1990
448 1860
448 1863
448 736
449 772
449 797
449 1235
449 510
449 810
449 1698
450 1886
450 1723
450 1432
450 1909
450 479
450 1052
451 557
451 512
452 1159
452 1430
453 1161
453 711
453 1308
453 491
453 496
454 766
454 1666
454 1961
454 468
454 480
454 627
454 1198
454 1178
454 1997
455 755
455 763
455 789
455 1998
455 915
455 655
455 1868
456 1466
456 1108
457 1562
458 1000
458 1009
458 461
458 1292
459 995
459 582
459 792
459 812
459 1818
460 1200
460 1539
460 1498
460 1019
460 476
460 1829
460 1506
461 462
461 1677
462 673
462 1315
462 1095
462 483
462 1677
464 556
464 614
464 1715
464 1367
465 543
465 1278
465 1403
466 1252
466 1565
466 828
467 553
467 582
467 597
468 1341
468 1350
468 480
468 1198
468 1178
469 1657
469 500
469 1118
469 530
470 599
470 1751
470 523
470 1918
471 619
471 529
471 1185
472 610
472 474
472 503
472 914
472 1744
472 872
473 768
473 1307
473 1309
473 538
474 1702
474 503
474 906
474 1761
474 526
474 1744
474 872
475 1268
475 521
475 1273
476 1102
476 1106
476 1117
477 565
477 838
477 1660
477 537
477 1850
478 544
478 1052
478 510
478 1057
479 745
479 1447
480 1047
480 1074
480 1198
480 1887
481 555
481 1390
482 1570
482 511
482 1270
482 1033
483 1674
483 1008
483 541
484 750
484 771
485 572
485 487
485 635
485 1543
486 1075
486 1076
486 1126
487 499
487 514
487 1543
487 1836
488 492
489 1524
489 1814
490 1170
490 1180
491 985
491 1153
491 1617
491 1830
492 589
493 843
493 1570
493 1042
494 1193
495 669
495 713
495 723
495 1922
495 1712
496 780
497 890
498 1549
499 1372
499 514
499 1388
500 1293
500 765
500 1118
500 1904
501 583
501 527
502 669
502 698
503 1315
503 1095
503 526
503 872
504 565
504 1688
504 1951
505 554
505 1538
505 1729
506 827
506 585
506 515
506 518
506 1367
507 594
508 820
508 1533
508 1877
508 533
509 1919
509 1978
510 1057
511 749
512 1454
512 1221
512 1456
513 1128
513 708
514 547
514 670
514 1418
515 1793
515 1551
515 1389
516 828
517 1674
517 1541
517 1554
518 873
518 772
519 826
519 1800
519 1441
519 1589
520 978
520 532
521 551
521 598
522 748
522 805
524 1155
524 1258
525 551
525 700
525 1803
525 1627
525 918
525 531
526 1305
527 543
527 1394
527 1637
528 901
528 911
528 927
529 670
529 1343
530 1091
530 1966
530 1761
531 1803
531 1627
532 545
532 707
533 708
534 682
534 863
535 690
535 1650
535 718
536 556
536 1527
537 1316
537 1317
537 1850
537 1390
537 926
538 814
538 874
538 877
540 1004
540 1019
540 1989
541 1242
541 1455
543 548
543 550
543 815
543 678
543 680
543 564
543 1393
543 1153
543 992
543 1206
543 1394
543 590
543 602
543 843
543 1278
543 1395
543 1396
543 1285
543 852
543 1397
543 1398
543 1399
543 1400
543 1401
543 862
543 645
543 1402
543 1403
543 1404
543 866
543 1244
543 662
543 1405
543 1406
543 930
544 549
544 984
544 815
544 554
544 1063
544 679
544 817
544 1090
544 822
544 1439
544 577
544 1329
544 1440
544 601
544 1376
544 1441
544 620
544 964
544 1049
544 1442
544 1382
544 1443
544 1444
544 1052
544 1036
544 1445
544 1446
545 547
545 670
545 552
545 674
545 558
545 562
545 751
545 1202
545 756
545 1341
545 1314
545 757
545 1508
545 820
545 821
545 758
545 569
545 1509
545 761
545 943
545 573
545 765
545 1510
545 1511
545 585
545 1512
545 1006
545 592
545 776
545 777
545 1513
545 707
545 1514
545 1515
545 1497
545 1516
545 1016
545 1355
545 622
545 1517
545 1518
545 719
545 967
545 1519
545 1363
545 1503
545 638
545 802
545 1520
545 1242
545 804
545 1521
545 1522
545 1062
546 554
546 875
546 1461
546 1538
546 1539
546 701
546 1540
546 1465
546 1541
546 1222
546 1225
546 1467
546 1423
546 1542
546 1543
546 1544
546 1545
547 548
547 670
547 549
547 1251
547 1275
547 560
547 749
547 756
547 818
547 1429
547 569
547 1551
547 571
547 762
547 1459
547 769
547 1418
547 1552
547 1220
547 957
547 1553
547 1554
547 1555
547 1422
547 1434
547 1435
547 1227
547 1232
547 899
547 1556
547 971
547 1557
547 1053
547 1558
547 1559
547 1436
547 1505
547 1366
547 1560
547 1561
548 550
548 815
548 678
548 1414
548 934
548 686
548 1429
548 689
548 1277
548 1716
548 1395
548 850
548 1717
548 1499
548 1601
548 1227
548 1360
548 1718
548 1719
548 1720
548 913
548 1721
548 1492
549 984
549 815
549 553
549 554
549 556
549 560
549 816
549 749
549 1202
549 1428
549 1372
549 997
549 1045
549 1722
549 764
549 1731
549 1439
549 696
549 832
549 589
549 1552
549 599
549 1732
549 1396
549 1527
549 1733
549 1553
549 1682
549 787
549 1336
549 961
549 1195
549 1381
549 1734
549 1170
549 1735
549 1736
549 1585
549 1689
549 1576
549 1586
549 1505
549 1366
549 656
549 1697
549 1737
549 1738
549 1739
549 983
550 814
550 744
550 559
550 678
550 680
550 1546
550 1414
550 1393
550 685
550 1429
550 1294
550 1701
550 572
550 1477
550 1731
550 1094
550 1583
550 1480
550 1346
550 1716
550 1682
550 1778
550 618
550 1397
550 1382
550 1779
550 1780
550 1119
550 1781
550 1247
550 1782
551 675
551 556
551 559
551 566
551 754
551 567
551 1563
551 1343
551 578
551 700
551 1802
551 598
551 952
551 611
551 1803
551 1804
551 1075
551 1356
551 1364
551 1577
551 979
551 1805
551 1627
551 918
551 922
551 927
552 707
552 615
552 616
552 1226
552 1534
552 1361
552 1243
553 556
553 561
553 750
553 1546
553 756
553 1254
553 582
553 773
553 775
553 584
553 1630
553 597
553 780
553 956
553 716
553 791
553 968
553 804
553 1580
553 809
553 1771
553 1084
553 1848
554 815
554 1202
554 1045
554 1439
554 576
554 1538
554 1799
554 1465
554 1853
554 1320
554 1729
554 787
554 1222
554 1284
554 1195
554 1854
554 1827
554 1633
554 1634
554 1855
554 1707
554 1542
554 1543
554 1856
554 1819
554 1787
555 565
555 567
555 587
555 836
555 628
555 1059
555 1390
555 1328
556 559
556 567
556 1447
556 764
556 696
556 582
556 700
556 1630
556 952
556 1527
556 1803
556 614
556 1741
556 716
556 903
556 1367
556 1873
556 1476
556 927
557 558
557 1313
557 1091
557 880
557 766
557 586
557 1666
557 590
557 843
557 608
557 1568
557 1138
557 903
557 1894
557 1895
557 1896
557 1897
557 1839
557 1669
557 666
558 1313
558 1091
558 1316
558 585
558 603
558 1306
558 1571
558 1355
558 969
558 1576
558 804
558 1248
558 1492
559 572
559 1447
559 1731
559 834
559 1465
559 1741
559 1905
559 624
559 903
559 1704
559 1876
559 809
559 1906
559 1873
560 571
560 589
560 1552
560 1373
560 607
560 1220
560 1167
560 1422
560 1908
560 1053
560 799
560 1797
560 1240
560 1588
561 1754
561 773
561 1702
561 588
561 1882
561 1067
561 604
561 714
561 620
561 625
561 796
561 1779
561 1557
561 1577
561 1663
561 664
562 1063
562 573
562 1511
562 1869
562 591
562 605
562 610
562 1493
562 1101
562 1376
562 1747
562 620
562 621
562 967
562 1359
562 644
563 1685
563 601
563 613
563 1026
563 1839
564 874
564 1206
564 590
564 611
564 1768
564 1168
564 1907
564 630
564 1944
564 1114
564 929
565 568
565 575
565 587
565 836
565 838
565 842
565 1549
565 1641
565 1950
565 1688
565 1951
565 1854
565 1690
565 1660
566 754
566 1407
566 1255
566 578
566 1649
566 1947
566 613
566 1397
566 639
566 651
566 1956
567 1343
567 700
567 1346
567 1687
567 1667
567 614
567 1059
568 669
568 1151
568 575
568 1007
568 1549
568 1110
568 646
568 659
569 756
569 606
569 638
570 1202
570 821
570 1509
570 1582
570 1640
570 1001
570 884
570 1886
570 1910
570 1515
570 1941
570 1642
570 1894
571 678
571 684
571 1841
571 849
571 1133
571 1220
571 1167
571 1135
571 1556
571 1557
571 1302
571 1981
571 1737
572 686
572 1731
572 583
572 834
572 595
572 1982
572 1905
572 1983
572 723
572 635
572 1876
572 1273
572 1083
572 1956
572 982
573 1063
573 591
573 1101
573 622
573 967
574 876
574 994
574 688
574 884
574 580
574 887
574 595
575 817
575 1549
575 1110
575 646
575 1973
576 1538
576 713
576 1856
578 822
578 1638
578 639
579 816
579 931
579 942
579 1259
579 863
579 1646
580 991
580 1007
580 595
580 846
580 1037
581 679
582 995
582 1208
582 1630
582 597
582 1248
582 1818
583 592
583 723
583 651
583 1752
584 1780
584 1932
585 744
585 827
585 835
585 603
585 658
586 880
586 1643
586 597
586 843
586 1164
586 608
586 637
586 1494
586 1895
586 647
586 660
587 1206
587 836
587 1163
587 1800
587 1641
587 1194
587 628
587 1986
587 1995
587 659
588 604
588 1653
588 785
588 1555
588 1726
588 796
589 599
589 600
589 607
589 609
589 1769
589 1857
589 1450
589 1689
589 663
589 983
590 630
590 641
590 1402
591 1341
591 1347
591 953
591 1101
591 1747
591 644
592 1006
592 602
592 651
592 1752
593 1609
593 1606
593 650
593 1476
594 677
594 1562
594 1811
595 1731
595 834
595 1982
596 671
596 1648
596 1660
596 655
596 1665
596 667
597 647
598 612
598 958
598 1193
598 1847
598 1875
599 695
599 600
599 1529
599 1675
599 1171
599 1689
599 636
599 1677
600 823
600 834
600 607
600 1769
600 1951
600 636
601 1329
601 1440
601 1395
601 613
601 1442
601 1839
602 1048
602 1058
602 930
603 999
603 617
603 1697
603 658
603 661
604 1598
604 1804
604 620
604 629
604 1495
604 1977
604 1856
604 1560
604 919
604 1608
604 1838
605 1493
605 621
605 629
605 1704
606 755
606 1209
606 1817
606 1818
606 1819
607 1373
607 609
607 1769
607 1857
607 1951
607 853
607 1908
607 627
607 727
607 1859
607 1328
607 1873
608 878
608 895
608 637
608 1895
608 1839
608 918
608 666
609 1802
609 627
609 631
609 1337
609 1820
609 1859
609 1772
609 663
610 1511
610 1869
610 1359
610 914
610 1970
611 1075
612 1330
612 1657
612 962
614 1055
614 1476
615 1293
615 1449
616 1972
617 1140
617 1150
618 935
618 1382
618 976
619 1263
619 632
619 1176
619 1185
620 1063
621 931
621 1064
621 790
622 1966
623 680
623 877
623 1488
624 753
624 767
624 634
624 800
625 759
625 1355
625 664
626 1208
626 794
626 1691
626 642
626 1931
626 653
627 1666
627 631
627 1859
627 1772
627 1332
627 1997
628 1429
628 1435
628 899
629 1856
629 919
630 744
630 1477
630 726
631 892
631 1617
631 1923
632 998
632 1352
632 907
632 1786
632 1980
633 1155
633 1885
633 1830
634 1408
634 1431
634 1149
635 824
636 1347
636 1567
636 1733
637 897
637 902
637 924
638 1511
640 1109
640 1061
640 1126
641 1087
641 991
641 1059
642 1465
642 1541
642 1931
642 653
642 656
642 1713
643 1131
643 730
643 861
643 652
644 1206
644 1163
645 1746
645 1752
645 1244
645 662
646 1947
646 1260
646 659
647 660
648 1080
648 652
648 1491
648 661
648 665
649 931
649 944
649 945
650 1140
650 1495
650 1496
651 1649
651 1397
652 796
652 665
653 747
653 1211
653 1216
653 656
654 1508
654 1912
654 910
654 808
654 657
655 667
656 1733
656 1505
656 1739
657 959
657 905
658 890
659 1163
659 1800
660 745
660 1834
660 1039
661 1697
662 1688
662 1691
663 1957
663 1846
664 985
664 1747
664 1519
665 1257
666 1127
666 1135
667 1005
667 1043
668 672
668 688
668 770
668 710
668 714
668 719
668 1337
668 736
668 1457
668 742
668 1061
668 1458
669 676
669 1151
669 1127
669 990
669 1597
669 999
669 695
669 698
669 699
669 1213
669 1007
669 713
669 1220
669 723
669 1142
669 1709
669 726
669 1574
669 1710
669 1696
669 1711
669 1712
669 1713
670 1275
670 1252
670 1461
670 1203
670 818
670 933
670 1508
670 1551
670 1565
670 1343
670 1727
670 1417
670 1439
670 1640
670 1129
670 1418
670 1512
670 1728
670 1729
670 721
670 1503
670 1437
670 1730
670 1595
671 672
671 747
671 1200
671 677
671 986
671 1393
671 1407
671 1509
671 1253
671 1727
671 692
671 1648
671 1348
671 1651
671 1224
671 1773
671 1774
671 1680
671 975
671 1247
671 1665
672 1203
672 686
672 770
672 714
672 1112
673 683
673 685
673 691
673 1315
673 1095
673 1212
673 1666
673 1525
673 1667
673 1748
673 1749
673 1735
673 1809
674 988
674 757
674 687
674 999
674 1840
674 825
674 1065
674 1002
674 699
674 1841
674 1006
674 1513
674 1016
674 1324
674 1113
674 1842
674 1843
674 1333
675 678
675 681
675 1563
675 1408
675 1564
675 689
675 691
675 1566
675 826
675 696
675 1567
675 1794
675 1796
675 725
675 1364
675 1805
675 1412
675 1847
675 981
676 682
676 683
676 879
676 1508
676 1342
676 1597
676 698
676 827
676 700
676 1130
676 1872
676 1464
676 1755
676 895
676 1139
676 1142
676 730
677 679
677 1562
677 1793
677 1551
677 692
677 702
677 1651
677 1653
677 1773
677 1795
677 717
677 1659
677 1902
677 1179
677 1664
678 680
678 684
678 1294
678 1462
678 1841
678 1716
678 1135
678 1914
678 1399
678 900
678 1444
679 984
679 941
679 944
679 1329
679 702
679 1440
679 1651
679 1653
679 1441
679 1758
679 1381
679 720
679 970
679 1197
679 1179
679 734
679 1915
679 1036
679 1916
679 1917
679 810
679 1671
679 1918
680 1393
680 877
680 1294
680 1462
680 713
680 1399
680 1488
680 1781
680 866
680 1247
681 745
681 689
681 888
681 1219
681 1484
681 1262
681 1834
681 1039
681 920
681 1836
682 683
682 1459
682 1394
682 1002
682 1212
682 828
682 702
682 1921
682 847
682 1399
682 863
682 911
683 722
683 1452
683 739
683 1959
684 1546
684 1841
684 849
684 1133
684 1655
684 1860
684 1914
684 1229
684 735
684 866
684 1809
684 1946
685 1546
685 1701
685 1583
685 1315
685 1480
685 1702
685 1257
685 1346
685 1947
685 1568
685 1718
685 1536
685 1895
685 1753
685 1636
685 870
686 1273
686 1956
687 988
687 1840
687 703
687 1132
687 1801
687 1467
687 1581
687 743
688 876
688 994
688 1523
688 1048
689 691
689 1566
689 1883
689 1105
689 1952
689 1377
689 1601
689 1443
689 981
690 1565
690 948
690 1650
690 1014
690 1678
690 1778
690 1679
690 718
690 1692
690 1183
690 1963
691 1566
691 696
691 1666
691 1525
691 1105
691 1952
691 1533
691 1668
691 1445
691 1964
692 1562
692 1793
693 1251
693 1478
693 1572
693 1625
693 1119
693 740
694 768
694 697
694 705
694 795
694 1311
695 699
695 1529
695 1675
695 1709
695 1713
695 1949
696 764
696 1732
696 1611
696 1527
696 1849
696 1381
696 1585
696 725
697 752
697 933
697 708
697 712
697 849
697 1945
697 1571
697 1358
697 1862
697 858
697 1502
697 1427
698 700
698 1755
698 1322
698 1265
698 731
698 1762
698 1765
699 704
699 1872
699 713
699 727
699 1710
699 1711
699 738
699 1713
699 1949
700 1803
700 1755
700 1322
700 1992
700 730
700 731
701 1526
701 1528
701 718
701 724
701 1715
701 1696
702 1459
702 1394
702 717
702 734
702 911
703 1132
703 1801
703 896
703 715
703 1079
703 1081
703 743
704 931
704 942
704 1872
704 1259
704 727
704 863
704 1587
704 1488
704 1646
704 738
704 1246
705 942
705 944
705 831
705 711
706 1204
706 1652
706 1613
706 1070
706 1221
706 732
706 978
706 806
706 1924
706 1473
706 1670
707 1534
707 724
707 1669
708 1128
708 712
709 1153
709 1547
709 1218
709 1935
709 1658
709 1602
710 1252
710 1921
710 1354
710 719
710 1997
710 1411
710 1061
711 1161
711 1613
713 723
713 1710
713 1922
713 1712
714 1754
714 1577
714 742
714 1810
715 878
715 891
715 716
715 900
716 1630
716 728
717 745
717 998
717 779
717 1456
717 812
718 1650
718 1778
718 720
718 724
718 1692
718 733
718 1696
719 1314
719 736
720 944
720 1651
720 1863
720 970
720 1197
720 733
720 1915
721 1045
721 1730
722 885
722 1643
722 1452
722 739
722 1959
723 726
723 1922
724 1696
725 1498
726 1477
727 1769
727 853
727 1328
727 1873
728 779
728 793
729 1091
729 983
730 1131
730 1013
731 818
731 844
731 855
731 1743
732 950
732 1945
732 1948
732 738
733 1582
734 823
734 1223
735 1253
735 866
736 1863
737 1640
737 1728
738 1872
739 937
740 987
740 1487
740 741
741 1224
741 1671
742 1109
742 1326
742 1426
743 1177
744 814
744 818
744 819
744 1045
744 1477
744 1094
744 768
744 827
744 835
744 1098
744 1307
744 955
744 1682
744 1331
744 798
744 1683
744 865
744 1684
745 748
745 752
745 755
745 937
745 998
745 1447
745 763
745 1418
745 1788
745 1732
745 888
745 1420
745 779
745 1012
745 1484
745 1449
745 1834
745 1456
745 1039
745 1835
745 812
745 1836
745 1837
745 1838
746 1415
746 759
746 1276
746 766
746 1210
746 1754
746 772
746 1813
746 1824
746 1548
746 778
746 1483
746 844
746 1281
746 1846
746 1442
746 1828
746 1504
746 1545
747 1201
747 1727
747 1622
747 1210
747 1211
747 1510
747 779
747 1216
747 1306
747 1224
747 1774
747 1229
747 1230
747 1231
747 1859
747 1868
748 752
748 753
748 993
748 1088
748 998
748 1095
748 779
748 1010
748 1352
748 1898
748 1449
748 1899
748 1858
748 1705
748 1626
748 805
748 1900
748 1835
748 1427
748 1901
749 1200
749 1564
749 1722
749 762
749 1207
749 768
749 1295
749 781
749 1919
749 1584
749 1876
749 1920
750 1546
750 754
750 756
750 1477
750 1158
750 1254
750 764
750 771
750 1638
750 1448
750 1181
750 1890
750 1928
750 1184
750 1929
751 1063
751 758
751 943
751 774
751 1099
751 1021
752 753
752 933
752 767
752 1067
752 1069
752 1217
752 1071
752 849
752 1261
752 1945
752 1026
752 1502
752 1078
752 1900
752 1946
752 1835
752 1085
753 817
753 1156
753 1092
753 767
753 1460
753 845
753 1903
753 1853
753 800
753 1289
753 1900
753 1901
754 1407
754 764
754 1255
754 1097
754 1890
754 1311
755 1275
755 937
755 763
755 1209
755 770
755 901
755 915
756 776
756 804
757 1314
757 765
757 774
757 1338
758 761
758 943
758 1649
758 774
758 1803
758 1517
758 1690
758 807
759 760
759 766
759 784
759 1355
759 1112
759 862
760 1547
760 1548
760 784
760 1079
761 1161
761 1430
761 1613
761 1974
761 1960
761 1620
761 1871
762 877
762 1088
762 769
762 1479
762 781
762 1141
762 801
762 1489
762 807
762 864
762 1490
762 1458
763 1278
763 789
763 901
763 915
763 1620
764 771
764 1732
764 1611
764 1733
764 1102
764 1849
764 1448
764 1987
764 1890
764 1988
764 1929
764 1311
764 1607
764 1939
765 1293
765 777
765 1515
765 1904
765 1369
766 1313
766 1666
766 1961
766 1894
766 1897
767 1686
767 842
767 1320
767 1968
768 1200
768 1207
768 1307
768 798
769 1086
769 801
770 788
770 1112
770 1337
770 1457
771 1087
771 1093
771 1448
772 873
772 778
772 1828
772 810
772 1369
772 1698
773 1156
773 775
773 785
773 1167
773 1550
773 1175
773 1179
774 1314
774 1338
775 1157
775 783
775 785
775 786
775 791
775 1076
775 1271
775 1591
775 1580
776 1158
776 1514
776 1644
776 1169
776 1470
776 1985
777 1200
777 1515
777 1384
777 802
777 1389
777 1391
778 1508
778 1597
778 1740
778 1103
778 1728
778 1960
779 998
779 1010
779 1306
779 1898
779 1225
779 790
779 1449
779 793
779 1625
779 1626
779 1121
779 1310
780 949
780 956
781 816
781 833
781 807
781 864
781 872
782 1156
782 1701
782 783
782 787
782 1979
782 1632
782 1705
782 1973
782 808
782 1681
782 1963
782 1782
783 1157
783 787
783 1632
783 1076
783 1592
783 1764
784 885
784 1264
784 1196
784 1992
784 1174
784 1412
785 786
786 1329
786 1440
786 1395
786 980
787 1045
787 1632
787 1854
787 1738
788 1201
788 1385
788 1695
789 1087
789 1098
790 1064
790 1356
790 793
790 806
790 813
791 1528
791 1580
791 1184
791 1771
792 1096
792 1494
792 803
792 1995
792 811
792 812
793 816
793 1379
793 1380
793 806
793 1199
795 814
795 1632
795 1077
795 1311
796 1777
796 1993
797 1861
797 1235
797 1559
798 1200
798 1207
799 954
799 975
800 1509
800 1497
800 1499
801 1127
801 882
802 1282
803 875
803 1461
803 811
804 1355
804 809
804 1522
804 1248
806 1204
807 1517
808 1912
808 910
809 1905
809 1704
809 1906
810 1381
810 1918
810 1698
811 1523
811 1530
812 1456
813 1589
814 874
814 818
814 877
814 994
814 820
814 821
814 1477
814 1276
814 1348
814 837
814 1630
814 840
814 1098
814 1351
814 893
814 1631
814 1632
814 1077
814 1360
815 1202
815 1428
815 822
815 824
815 1731
815 829
815 1599
815 832
815 1395
815 1644
815 1320
815 1717
815 1725
815 853
815 1844
815 858
815 862
815 1845
815 1787
816 875
816 931
816 942
816 831
816 833
816 1074
816 961
816 1379
816 1909
816 1380
816 1199
816 981
816 872
817 1090
817 1121
817 1289
818 1275
818 819
818 821
818 1551
818 1098
818 844
818 1555
818 855
818 1683
818 1684
818 871
819 990
819 995
819 827
819 1006
819 1335
819 955
819 1684
820 1341
820 840
820 845
820 1533
820 1693
820 1695
821 1202
821 1509
821 1582
821 837
821 1630
821 844
821 846
821 1532
821 1632
821 1137
821 1022
821 856
821 1734
821 857
821 1709
821 1894
821 1242
821 1817
821 1521
821 1245
821 1062
822 1127
822 1597
822 1638
822 829
822 1870
822 1575
822 861
822 1923
822 1845
823 935
823 938
823 946
823 834
823 1218
823 1223
824 1599
824 830
824 1882
824 839
824 1644
824 1775
824 971
824 1270
825 988
825 1840
825 1513
825 851
825 1797
825 864
825 869
826 1799
826 1319
826 1800
826 1794
826 1441
826 854
826 1703
827 1130
827 1872
827 1464
827 955
827 1331
827 1137
828 1252
828 1565
828 847
828 859
829 985
829 1428
829 1153
829 1893
829 861
829 1706
829 1996
829 1845
830 874
830 1462
830 1882
830 839
830 1775
830 1688
830 1234
831 931
831 942
831 944
831 833
831 1440
831 1912
831 1379
831 1909
831 867
832 944
832 945
832 957
832 958
832 853
832 1938
833 1207
834 1731
834 1223
834 1905
834 1983
834 1228
834 1704
834 868
834 1186
835 1482
835 1880
836 1641
836 1950
836 860
836 1406
837 1630
837 1351
837 1532
837 1709
838 890
838 1434
838 1660
838 1455
839 1000
839 1334
839 1338
839 1721
839 1391
840 1479
840 1106
840 859
840 1298
840 1879
841 867
842 1279
843 1164
843 848
843 1568
843 1570
843 852
843 1138
844 1210
844 846
844 855
844 1501
844 1743
845 1156
845 1092
845 1903
845 1526
845 1379
845 1695
846 991
846 1007
846 856
847 1612
847 859
847 863
847 868
849 1133
849 1302
850 1702
850 1512
850 1720
851 1351
851 1432
851 1269
851 1797
851 864
852 1204
852 1849
852 1880
852 1710
852 1850
853 1769
853 1857
853 858
853 1328
854 1723
854 1898
855 1934
855 1743
855 871
856 1342
856 1448
856 857
856 1817
856 870
857 1212
857 1224
857 1435
857 1821
857 1817
857 870
858 933
858 1358
859 1479
859 868
860 1202
860 1582
860 1215
860 1362
862 1120
862 1370
863 1259
863 1646
865 1403
867 1912
868 1905
868 1704
868 1186
869 1143
869 1495
870 1718
870 1536
871 936
871 962
871 964
873 1341
873 1344
873 882
873 883
873 1209
873 1211
873 1531
873 1606
873 1357
873 1359
873 1232
873 1029
873 1032
873 1304
873 912
873 919
873 1607
873 1608
874 1127
874 877
874 1276
874 1462
874 1216
874 1454
874 1775
874 1631
874 1168
874 1776
874 1268
874 1241
874 1646
875 1461
875 1219
875 1074
875 1225
876 1252
876 994
876 1523
876 1000
876 1001
876 1345
876 1686
876 1335
876 1261
876 1048
876 1020
876 1172
876 915
877 1088
877 1489
878 1128
878 1314
878 1514
878 891
878 895
878 897
878 1023
878 898
878 900
878 904
879 1508
879 1342
879 1094
879 1160
879 1600
879 1603
880 885
880 1643
880 1349
880 951
880 1826
880 1757
880 1827
880 1844
880 1173
880 1494
880 917
880 925
881 1252
881 1064
881 901
881 1603
882 1127
882 919
883 1277
883 1643
883 947
883 1982
883 1279
883 1191
883 1631
883 1759
883 1865
883 907
883 908
883 1242
883 1763
883 912
883 1619
883 928
884 1202
884 1582
884 887
884 1215
884 1910
884 1975
885 1086
885 1643
885 1493
885 1264
885 1196
885 1992
885 910
885 1473
885 925
886 954
886 894
886 906
887 1280
887 953
887 963
887 1930
888 1092
888 1834
888 1837
889 1416
889 1524
889 1424
889 905
890 1434
890 909
891 1672
891 1674
891 892
891 1353
891 1941
892 1617
892 1410
892 1923
892 1150
892 1413
893 988
893 1656
894 1478
894 1480
895 897
895 902
895 1198
895 1604
896 1079
896 1618
897 959
897 898
897 902
897 1981
897 1994
898 1053
899 1429
900 1841
900 1135
900 904
901 911
901 1620
901 927
902 1967
902 924
903 1741
903 1873
903 1371
904 984
904 1170
904 1736
905 959
906 1702
906 923
907 998
907 1352
907 908
907 1786
907 1980
908 1200
908 1583
909 1232
909 1239
909 913
910 1508
910 1103
910 1912
911 1459
912 1641
912 928
913 1360
914 916
916 1674
916 1008
916 1541
916 921
916 926
917 1757
918 1627
920 1295
920 1296
920 1219
921 1564
921 1588
921 926
922 1075
922 1364
922 1496
923 1215
923 1131
924 1373
925 1361
926 1316
927 952
928 1679
931 934
931 942
931 944
931 1158
931 1064
931 945
931 947
931 1440
931 1259
931 1354
931 959
931 1912
931 1913
931 1587
931 1488
931 1594
932 939
932 942
932 945
932 1674
932 1186
933 1253
933 1254
933 1260
933 1945
933 1571
933 960
933 1378
933 967
933 1358
933 1383
933 1060
934 940
934 947
934 1497
934 1499
934 966
934 1502
935 938
935 1189
935 1614
935 1783
935 1862
935 1403
936 1161
936 1814
936 955
936 1285
936 962
936 964
936 1472
936 1185
937 950
937 1012
937 1950
937 1035
938 1408
938 1598
938 946
938 1511
938 1431
938 1935
938 1783
938 1679
938 1965
938 974
939 1252
939 1461
939 1203
939 945
939 1899
939 979
939 1937
939 1387
940 1685
940 1857
940 966
940 1942
941 984
941 943
941 944
941 1651
941 1352
941 1375
941 1902
941 1596
941 1120
941 1980
942 944
942 1440
942 952
942 1587
942 1186
942 981
942 1594
943 1352
943 961
943 1596
943 1120
943 1980
944 945
944 952
944 1651
944 1375
944 1912
944 1381
944 1913
944 1863
944 970
944 1902
944 1962
945 957
946 1204
946 974
946 1536
947 1283
947 959
947 1286
947 1242
947 1763
947 1455
947 1290
948 1565
948 949
948 1650
948 956
948 1778
948 1658
948 972
948 1926
948 1958
948 1900
948 1835
948 1837
949 1884
949 1029
949 1301
950 1154
950 1068
950 1945
950 1943
950 1659
950 977
950 1949
951 1654
953 1347
953 965
953 1930
954 1824
954 1569
954 975
954 1831
955 1331
956 972
956 1900
956 1084
956 1848
957 1429
957 958
957 1073
957 1938
957 1505
958 1938
958 1847
958 1875
959 1030
959 1785
959 1996
959 1981
959 1994
960 967
961 977
962 964
962 980
963 1096
963 1097
964 1439
965 1565
966 1295
966 1024
968 1546
968 1254
968 1177
969 1355
969 973
970 1197
971 1251
971 1559
972 984
972 1170
972 1145
972 1835
973 1722
973 1295
973 1874
974 1478
975 986
977 1068
977 1943
978 1652
979 1804
979 982
980 1440
980 1395
981 1566
982 1876
983 1689
984 987
984 1329
984 1003
984 1756
984 1757
984 1748
984 1832
984 1170
984 1760
984 1145
984 1833
985 987
985 1428
985 989
985 1153
985 1345
985 1610
985 1349
985 1099
985 1351
985 1432
985 1433
985 1892
985 1747
985 1789
985 1893
985 1519
985 1617
985 1830
986 1200
986 1407
986 1539
986 1027
986 1240
986 1332
986 1274
986 1333
987 1003
987 1610
987 1910
987 1008
987 1652
987 1756
987 1883
987 1892
987 1747
987 1758
987 1832
987 1938
987 1487
987 1763
987 1816
987 1833
987 1592
987 1764
987 1939
988 1086
988 1840
988 1513
988 1656
988 1303
988 1933
989 993
989 1004
989 1100
989 1498
989 1136
990 995
990 996
990 1213
990 1010
990 1335
990 1165
990 1222
990 1331
990 1050
990 1028
990 1365
990 1696
990 1866
991 1087
991 1479
991 1007
991 1022
991 1059
992 1153
992 997
992 1396
992 1398
992 1401
992 1040
992 1831
993 1004
993 1375
993 1498
993 1019
993 1021
993 1025
993 1705
993 1038
993 1927
994 1523
994 1001
994 1374
995 1092
995 1093
995 1208
995 1006
995 1460
995 1925
995 1335
995 1015
995 1971
995 1030
995 1818
995 1927
996 1010
996 1165
996 1769
996 1025
996 1881
997 1202
997 1372
997 1840
997 1648
997 1005
997 1940
997 1015
997 1226
997 1040
997 1042
997 1831
998 1481
998 1418
998 1419
998 1010
998 1352
998 1899
998 1456
999 1065
999 1002
999 1841
999 1068
999 1016
999 1324
999 1697
1000 1345
1000 1009
1000 1335
1000 1014
1000 1261
1000 1801
1000 1558
1000 1425
1000 1721
1000 1871
1001 1640
1001 1886
1001 1788
1001 1020
1002 1459
1002 1841
1002 1130
1002 1399
1002 1113
1003 1161
1003 1832
1004 1019
1004 1031
1004 1117
1004 1989
1005 1201
1005 1205
1005 1015
1005 1223
1005 1985
1005 1043
1006 1513
1006 1842
1006 1030
1007 1151
1007 1022
1007 1037
1008 1190
1008 1674
1008 1541
1008 1487
1009 1078
1009 1289
1009 1292
1009 1767
1010 1898
1010 1899
1010 1025
1010 1881
1010 1625
1011 1024
1011 1028
1011 1041
1012 1035
1013 1131
1013 1680
1013 1036
1013 1891
1014 1650
1014 1963
1015 1092
1015 1460
1015 1907
1015 1944
1015 1843
1016 1513
1016 1333
1017 1750
1017 1911
1018 1540
1018 1724
1019 1498
1019 1021
1019 1500
1019 1031
1019 1989
1019 1506
1019 1521
1020 1318
1020 1575
1021 1038
1022 1532
1022 1137
1022 1734
1022 1245
1023 1128
1023 1514
1023 1955
1024 1295
1024 1296
1026 1071
1026 1085
1027 1598
1027 1804
1027 1333
1028 1213
1028 1050
1028 1301
1028 1302
1028 1866
1029 1032
1029 1304
1029 1388
1029 1608
1030 1785
1030 1996
1031 1984
1031 1989
1031 1521
1032 1686
1032 1304
1033 1570
1033 1270
1033 1041
1034 1480
1034 1501
1036 1440
1036 1916
1037 1116
1038 1553
1038 1366
1038 1697
1039 1834
1039 1836
1040 1255
1040 1402
1040 1712
1040 1042
1042 1570
1043 1088
1043 1635
1044 1141
1044 1326
1044 1288
1044 1889
1044 1292
1045 1202
1045 1854
1045 1633
1045 1050
1045 1738
1046 1393
1046 1583
1046 1905
1046 1054
1046 1291
1047 1063
1047 1099
1047 1103
1047 1961
1047 1074
1047 1285
1047 1107
1047 1051
1047 1122
1047 1083
1047 1887
1048 1523
1048 1058
1048 1062
1049 1441
1049 1550
1049 1300
1049 1056
1050 1213
1052 1432
1053 1422
1053 1797
1054 1943
1056 1214
1056 1244
1057 1408
1057 1511
1058 1071
1060 1260
1060 1383
1062 1521
1063 1099
1063 1070
1063 1139
1063 1383
1063 1116
1063 1867
1064 1356
1064 1603
1064 1645
1064 1405
1065 1563
1065 1159
1065 1934
1065 1068
1065 1745
1065 1324
1065 1843
1065 1986
1066 1723
1066 1898
1066 1072
1066 1887
1067 1702
1067 1882
1067 1069
1067 1217
1067 1077
1067 1779
1067 1557
1067 1082
1067 1864
1067 1765
1068 1154
1068 1421
1068 1943
1069 1349
1069 1078
1069 1080
1069 1544
1070 1204
1070 1613
1070 1116
1070 1924
1071 1089
1071 1261
1071 1266
1071 1271
1072 1105
1073 1429
1073 1273
1074 1083
1075 1076
1075 1364
1075 1496
1075 1126
1076 1157
1076 1764
1077 1630
1077 1632
1077 1082
1077 1765
1078 1080
1079 1547
1080 1823
1080 1491
1081 1255
1081 1256
1081 1272
1082 1093
1083 1731
1084 1848
1085 1480
1085 1481
1085 1487
1086 1315
1086 1131
1086 1493
1086 1133
1086 1102
1086 1106
1086 1325
1086 1113
1086 1339
1087 1722
1087 1093
1087 1723
1087 1098
1087 1725
1087 1805
1088 1479
1088 1484
1088 1114
1088 1635
1089 1200
1089 1152
1089 1214
1089 1373
1089 1903
1089 1101
1089 1377
1089 1228
1089 1111
1089 1719
1089 1410
1089 1604
1089 1877
1089 1446
1090 1741
1090 1121
1090 1743
1091 1344
1091 1724
1091 1966
1091 1124
1092 1156
1092 1460
1092 1903
1092 1526
1092 1907
1092 1379
1092 1971
1092 1736
1092 1924
1093 1208
1093 1925
1093 1398
1093 1971
1093 1984
1093 1246
1094 1682
1094 1119
1095 1315
1096 1740
1096 1097
1096 1979
1096 1919
1096 1978
1096 1494
1096 1995
1096 1676
1097 1407
1097 1255
1098 1683
1099 1610
1099 1103
1099 1961
1099 1285
1099 1906
1101 1747
1101 1111
1101 1124
1101 1125
1102 1732
1102 1611
1102 1106
1103 1508
1103 1740
1103 1961
1103 1912
1103 1107
1103 1960
1103 1115
1104 1154
1104 1159
1104 1347
1104 1108
1104 1490
1105 1566
1105 1952
1105 1533
1105 1377
1105 1983
1105 1357
1105 1309
1105 1624
1105 1123
1106 1479
1106 1298
1106 1113
1106 1117
1107 1115
1107 1122
1108 1110
1109 1453
1109 1454
1109 1326
1109 1936
1109 1426
1109 1126
1110 1549
1110 1973
1111 1287
1111 1124
1111 1851
1116 1511
1118 1263
1119 1251
1120 1596
1120 1980
1120 1370
1121 1306
1121 1225
1123 1884
1124 1761
1124 1125
1125 1208
1127 1128
1127 1597
1127 1598
1127 1216
1127 1350
1127 1454
1127 1135
1127 1776
1127 1268
1127 1923
1127 1647
1128 1314
1128 1598
1128 1350
1128 1514
1128 1135
1128 1486
1128 1299
1128 1955
1129 1154
1129 1159
1129 1347
1129 1729
1129 1192
1129 1193
1130 1459
1130 1872
1130 1137
1130 1139
1131 1215
1131 1133
1131 1134
1131 1680
1131 1325
1131 1144
1131 1147
1132 1801
1132 1581
1133 1302
1133 1147
1134 1297
1134 1303
1134 1144
1134 1145
1134 1148
1135 1841
1135 1737
1136 1497
1136 1138
1137 1630
1137 1532
1137 1734
1137 1858
1138 1568
1138 1669
1139 1383
1139 1385
1139 1387
1139 1867
1140 1214
1140 1143
1140 1535
1140 1495
1140 1150
1140 1496
1141 1479
1141 1146
1141 1490
1142 1374
1142 1953
1143 1538
1143 1824
1143 1495
1144 1727
1144 1859
1144 1145
1145 1170
1145 1149
1146 1343
1146 1346
1146 1366
1147 1459
1147 1394
1147 1717
1147 1781
1147 1628
1148 1720
1148 1149
1149 1408
1149 1431
1151 1155
1151 1160
1151 1590
1151 1189
1151 1220
1151 1195
1151 1517
1151 1172
1151 1574
1151 1173
1151 1236
1151 1888
1151 1889
1151 1890
1151 1891
1151 1798
1151 1249
1151 1507
1152 1200
1152 1156
1152 1701
1152 1604
1152 1877
1153 1428
1153 1547
1153 1218
1153 1935
1153 1658
1153 1584
1153 1893
1153 1706
1153 1406
1154 1159
1154 1190
1154 1655
1154 1421
1154 1193
1154 1194
1154 1904
1154 1490
1154 1438
1154 1949
1155 1157
1155 1538
1155 1590
1155 1162
1155 1258
1155 1600
1155 1860
1155 1556
1155 1172
1155 1885
1156 1701
1156 1460
1156 1526
1156 1853
1156 1167
1156 1550
1156 1973
1156 1924
1157 1162
1157 1600
1157 1975
1157 1169
1157 1592
1157 1764
1157 1976
1158 1638
1158 1644
1158 1168
1158 1169
1158 1181
1158 1928
1158 1639
1158 1985
1159 1563
1159 1430
1159 1347
1159 1745
1159 1192
1159 1668
1159 1936
1159 1986
1160 1508
1160 1342
1160 1163
1160 1307
1160 1171
1160 1989
1160 1889
1161 1814
1161 1613
1161 1974
1161 1842
1161 1472
1162 1164
1162 1990
1162 1975
1162 1746
1162 1169
1162 1884
1162 1777
1162 1916
1163 1206
1163 1800
1163 1192
1163 1171
1163 1661
1163 1998
1163 1989
1164 1746
1164 1826
1164 1861
1164 1777
1164 1237
1164 1812
1165 1331
1165 1720
1165 1188
1166 1530
1166 1183
1166 1187
1167 1220
1167 1175
1167 1178
1167 1588
1167 1981
1168 1639
1170 1736
1171 1675
1171 1989
1171 1677
1172 1345
1172 1261
1172 1173
1172 1954
1172 1664
1173 1349
1174 1264
1174 1196
1175 1204
1175 1178
1175 1816
1176 1263
1176 1197
1176 1199
1177 1546
1177 1254
1178 1198
1179 1653
1180 1327
1180 1182
1181 1209
1181 1232
1181 1239
1181 1888
1181 1184
1182 1540
1183 1679
1184 1528
1186 1905
1187 1202
1187 1516
1187 1642
1188 1700
1189 1614
1189 1783
1189 1195
1190 1414
1190 1672
1190 1674
1190 1541
1190 1191
1190 1554
1191 1279
1191 1196
1191 1852
1192 1206
1192 1800
1192 1978
1192 1661
1192 1998
1193 1194
1195 1439
1196 1264
1196 1412
1196 1852
1197 1199
1198 1604
1199 1379
1200 1393
1200 1407
1200 1207
1200 1583
1200 1539
1200 1348
1200 1214
1200 1283
1200 1584
1200 1384
1200 1240
1200 1876
1200 1877
1201 1205
1201 1622
1201 1210
1201 1745
1201 1286
1201 1451
1201 1385
1202 1428
1202 1341
1202 1372
1202 1509
1202 1840
1202 1582
1202 1648
1202 1215
1202 1320
1202 1515
1202 1940
1202 1497
1202 1516
1202 1532
1202 1499
1202 1941
1202 1227
1202 1790
1202 1633
1202 1642
1202 1519
1202 1362
1202 1535
1202 1520
1202 1537
1202 1942
1203 1252
1203 1461
1203 1417
1203 1943
1203 1470
1203 1937
1204 1613
1204 1849
1204 1880
1204 1710
1204 1536
1204 1816
1204 1924
1204 1851
1205 1750
1206 1394
1206 1800
1206 1768
1206 1907
1206 1978
1206 1661
1206 1404
1207 1317
1207 1675
1207 1486
1207 1236
1207 1920
1207 1767
1208 1925
1208 1948
1208 1246
1208 1248
1209 1232
1209 1239
1209 1888
1209 1817
1210 1754
1210 1824
1210 1548
1210 1825
1210 1957
1210 1776
1210 1380
1210 1229
1210 1501
1210 1237
1210 1770
1210 1920
1211 1341
1211 1344
1211 1216
1211 1606
1212 1394
1212 1921
1212 1224
1212 1435
1213 1510
1213 1952
1213 1954
1213 1866
1213 1955
1214 1373
1214 1228
1214 1535
1214 1719
1214 1410
1214 1645
1214 1897
1214 1867
1215 1582
1216 1230
1217 1234
1217 1864
1218 1547
1218 1935
1218 1584
1220 1422
1220 1556
1220 1574
1220 1240
1220 1588
1220 1249
1220 1250
1220 1561
1221 1453
1221 1454
1221 1456
1222 1465
1222 1284
1222 1827
1222 1230
1222 1365
1222 1707
1222 1542
1222 1312
1223 1228
1223 1985
1224 1774
1224 1435
1224 1821
1224 1671
1224 1247
1225 1306
1225 1310
1226 1648
1226 1940
1226 1361
1227 1492
1228 1373
1228 1410
1228 1897
1229 1655
1229 1231
1229 1237
1229 1807
1231 1426
1232 1558
1232 1239
1233 1686
1233 1687
1233 1911
1233 1694
1234 1882
1236 1675
1236 1767
1237 1746
1237 1826
1237 1812
1238 1756
1238 1757
1238 1748
1238 1436
1239 1330
1239 1888
1240 1422
1241 1886
1241 1723
1241 1909
1241 1959
1242 1455
1242 1245
1245 1532
1246 1259
1246 1488
1247 1781
1248 1355
1248 1492
1249 1753
1249 1250
1250 1275
1250 1528
1252 1461
1252 1565
1252 1439
1252 1622
1252 1255
1252 1813
1252 1686
1252 1921
1252 1336
1252 1899
1252 1470
1252 1922
1253 1509
1253 1254
1253 1378
1253 1264
1253 1774
1254 1546
1254 1260
1254 1378
1254 1264
1254 1774
1254 1265
1254 1267
1254 1383
1255 1407
1255 1256
1255 1869
1255 1321
1255 1870
1255 1922
1255 1402
1255 1712
1255 1956
1256 1869
1256 1716
1256 1650
1256 1321
1256 1262
1256 1269
1256 1402
1256 1272
1257 1701
1257 1702
1257 1258
1257 1259
1257 1718
1257 1965
1257 1591
1258 1590
1259 1488
1260 1649
1260 1947
1260 1383
1261 1345
1261 1266
1261 1558
1262 1484
1262 1269
1263 1563
1263 1581
1264 1265
1264 1473
1265 1755
1265 1267
1266 1271
1267 1409
1267 1714
1268 1776
1269 1351
1269 1432
1270 1570
1271 1591
1272 1616
1272 1578
1273 1956
1274 1332
1275 1459
1275 1640
1275 1280
1275 1554
1275 1528
1275 1555
1275 1865
1275 1707
1276 1813
1276 1282
1276 1631
1276 1287
1276 1545
1277 1414
1277 1643
1277 1316
1277 1982
1277 1284
1277 1806
1277 1808
1277 1930
1279 1865
1279 1619
1280 1281
1280 1703
1281 1754
1281 1824
1281 1703
1281 1708
1282 1287
1282 1413
1283 1286
1284 1465
1284 1827
1284 1291
1284 1312
1285 1961
1285 1400
1286 1745
1286 1290
1287 1851
1288 1793
1288 1889
1288 1292
1289 1767
1290 1917
1293 1294
1293 1641
1293 1299
1293 1300
1293 1520
1293 1904
1294 1462
1294 1299
1295 1722
1295 1296
1295 1806
1295 1874
1295 1500
1297 1298
1298 1879
1298 1304
1299 1598
1300 1550
1300 1520
1301 1884
1301 1302
1303 1840
1304 1608
1305 1699
1305 1759
1306 1316
1307 1508
1307 1342
1307 1309
1308 1566
1308 1569
1308 1312
1309 1952
1309 1983
1310 1433
1310 1744
1311 1890
1312 1465
1313 1428
1313 1431
1313 1894
1313 1896
1314 1319
1314 1514
1314 1338
1315 1753
1315 1339
1315 1636
1316 1414
1316 1317
1316 1571
1316 1806
1317 1486
1317 1390
1318 1623
1318 1572
1319 1327
1320 1321
1320 1787
1321 1869
1321 1402
1321 1712
1322 1755
1322 1324
1322 1992
1324 1843
1325 1482
1325 1483
1326 1426
1327 1398
1327 1693
1328 1873
1329 1440
1329 1395
1329 1925
1329 1330
1329 1671
1330 1657
1332 1666
1332 1962
1333 1513
1334 1610
1334 1614
1334 1615
1334 1338
1334 1953
1334 1340
1336 1733
1336 1505
1337 1802
1337 1457
1337 1458
1338 1340
1339 1509
1339 1834
1339 1808
1340 1647
1341 1344
1341 1347
1341 1531
1341 1350
1341 1567
1341 1532
1341 1466
1341 1533
1341 1519
1341 1362
1341 1942
1341 1607
1342 1508
1342 1448
1343 1461
1343 1346
1343 1687
1343 1667
1343 1366
1344 1347
1344 1724
1344 1606
1344 1567
1344 1733
1344 1466
1344 1468
1344 1357
1344 1937
1344 1561
1345 1610
1345 1349
1345 1353
1345 1914
1345 1789
1345 1558
1345 1363
1345 1425
1345 1954
1345 1664
1346 1480
1346 1687
1346 1947
1346 1895
1347 1733
1347 1468
1347 1490
1348 1393
1349 1757
1350 1598
1350 1362
1351 1630
1351 1432
1351 1365
1351 1368
1352 1596
1352 1786
1353 1674
1353 1363
1354 1921
1354 1997
1354 1411
1355 1358
1355 1522
1355 1492
1356 1802
1356 1804
1357 1359
1358 1862
1358 1361
1358 1634
1359 1869
1360 1718
1361 1634
1361 1637
1361 1670
1362 1582
1363 1517
1364 1564
1364 1567
1364 1496
1365 1368
1365 1698
1366 1553
1366 1697
1366 1560
1368 1582
1371 1585
1371 1589
1372 1428
1372 1840
1372 1388
1373 1377
1373 1908
1373 1897
1374 1523
1374 1378
1374 1953
1374 1411
1375 1902
1375 1927
1376 1869
1376 1382
1376 1443
1376 1445
1377 1566
1378 1774
1378 1411
1379 1903
1379 1909
1379 1380
1379 1971
1379 1392
1380 1548
1380 1776
1380 1726
1380 1920
1380 1392
1381 1732
1381 1735
1381 1918
1382 1443
1382 1928
1383 1385
1383 1867
1384 1471
1384 1389
1387 1461
1387 1899
1389 1793
1389 1391
1391 1721
1392 1886
1392 1940
1392 1820
1393 1509
1393 1583
1393 1905
1393 1742
1393 1958
1393 1639
1394 1459
1394 1921
1394 1717
1394 1637
1394 1629
1395 1440
1396 1398
1396 1792
1396 1737
1397 1649
1397 1779
1398 1693
1399 1459
1399 1444
1400 1700
1402 1712
1402 1405
1404 1886
1404 1788
1405 1645
1406 1641
1406 1950
1407 1539
1407 1956
1408 1564
1408 1511
1408 1431
1408 1409
1408 1878
1408 1913
1408 1573
1408 1412
1408 1665
1408 1847
1409 1553
1409 1714
1409 1760
1409 1988
1410 1645
1410 1867
1410 1413
1411 1921
1412 1992
1412 1847
1414 1523
1414 1429
1414 1416
1414 1672
1414 1525
1414 1778
1415 1417
1415 1483
1415 1846
1415 1422
1416 1524
1416 1485
1416 1692
1416 1662
1416 1506
1418 1551
1418 1419
1418 1420
1419 1481
1419 1794
1420 1796
1420 1823
1421 1904
1421 1787
1422 1797
1422 1561
1423 1524
1423 1465
1423 1541
1424 1524
1424 1626
1424 1628
1427 1945
1427 1571
1428 1547
1428 1731
1428 1618
1428 1438
1429 1778
1429 1435
1430 1563
1430 1960
1430 1668
1431 1935
1433 1437
1435 1436
1435 1821
1435 1671
1436 1756
1436 1748
1437 1729
1439 1565
1439 1799
1439 1853
1440 1442
1440 1916
1441 1800
1441 1589
1442 1846
1443 1883
1443 1928
1445 1525
1445 1446
1446 1604
1447 1788
1447 1465
1447 1741
1447 1474
1448 1929
1450 1451
1451 1622
1452 1959
1453 1563
1453 1815
1453 1454
1453 1936
1453 1811
1454 1776
1454 1936
1454 1646
1454 1647
1457 1458
1458 1489
1459 1554
1459 1717
1459 1865
1459 1781
1459 1628
1460 1853
1460 1907
1460 1944
1460 1843
1461 1467
1461 1899
1461 1937
1462 1463
1462 1464
1462 1475
1463 1464
1464 1872
1464 1475
1465 1538
1465 1541
1465 1990
1465 1729
1465 1855
1465 1474
1466 1567
1466 1471
1467 1840
1467 1875
1468 1733
1469 1552
1472 1814
1473 1652
1473 1605
1474 1741
1474 1742
1478 1480
1478 1481
1478 1572
1478 1991
1478 1503
1478 1625
1478 1730
1479 1484
1480 1546
1480 1481
1480 1482
1480 1947
1480 1568
1480 1991
1480 1501
1480 1931
1480 1487
1481 1794
1481 1991
1481 1487
1482 1483
1482 1485
1482 1968
1482 1501
1485 1968
1489 1673
1494 1643
1494 1995
1495 1598
1495 1977
1497 1509
1497 1516
1497 1499
1497 1790
1497 1502
1498 1500
1498 1829
1499 1509
1500 1806
1502 1945
1502 1946
1503 1508
1503 1507
1503 1595
1504 1701
1504 1832
1505 1733
1506 1524
1507 1590
1507 1891
1508 1597
1508 1599
1508 1740
1508 1600
1508 1728
1508 1912
1508 1960
1508 1893
1508 1602
1508 1595
1509 1515
1509 1834
1509 1808
1510 1622
1510 1952
1510 1868
1511 1869
1511 1965
1511 1970
1512 1702
1513 1840
1513 1842
1514 1955
1515 1941
1516 1773
1516 1972
1516 1790
1516 1616
1516 1642
1516 1812
1517 1590
1517 1888
1517 1891
1517 1994
1518 1593
1519 1747
1519 1520
1521 1989
1522 1551
1523 1672
1523 1673
1523 1525
1523 1527
1523 1530
1524 1727
1524 1699
1524 1814
1524 1815
1525 1527
1527 1530
1527 1585
1528 1715
1529 1803
1530 1749
1531 1607
1532 1630
1532 1709
1532 1858
1532 1535
1532 1942
1533 1952
1533 1983
1533 1624
1534 1807
1534 1669
1535 1537
1536 1701
1536 1718
1537 1548
1538 1824
1538 1541
1538 1990
1538 1729
1538 1556
1538 1856
1540 1722
1540 1724
1540 1544
1540 1545
1541 1674
1541 1554
1542 1943
1542 1659
1542 1543
1543 1836
1544 1545
1545 1813
1546 1568
1546 1860
1546 1931
1546 1932
1546 1822
1546 1933
1546 1809
1546 1810
1547 1584
1547 1602
1547 1616
1547 1578
1548 1824
1548 1776
1548 1726
1549 1973
1551 1793
1552 1553
1552 1682
1552 1789
1553 1682
1553 1734
1553 1760
1553 1586
1553 1988
1553 1697
1553 1560
1554 1674
1554 1865
1555 1726
1556 1557
1557 1779
1560 1598
1560 1977
1561 1733
1561 1937
1562 1793
1562 1566
1562 1795
1562 1881
1563 1802
1563 1815
1563 1745
1563 1790
1563 1668
1563 1593
1563 1805
1563 1581
1563 1811
1564 1567
1564 1919
1564 1573
1564 1574
1564 1588
1566 1569
1567 1733
1567 1574
1567 1579
1567 1937
1568 1570
1568 1931
1568 1932
1568 1669
1569 1824
1569 1831
1570 1993
1571 1945
1571 1576
1571 1580
1572 1730
1574 1579
1575 1870
1576 1682
1576 1734
1576 1580
1577 1810
1578 1616
1580 1771
1582 1910
1582 1975
1583 1701
1583 1905
1583 1742
1583 1780
1585 1586
1585 1589
1586 1734
1587 1594
1587 1595
1589 1800
1590 1891
1590 1594
1590 1994
1591 1701
1591 1702
1592 1832
1592 1833
1593 1802
1597 1599
1597 1740
1597 1728
1597 1870
1598 1804
1598 1977
1598 1608
1599 1740
1599 1644
1599 1725
1599 1601
1600 1602
1600 1603
1600 1605
1602 1605
1605 1652
1606 1609
1607 1849
1607 1988
1608 1804
1609 1612
1609 1629
1609 1621
1610 1652
1610 1892
1610 1914
1610 1789
1610 1991
1610 1938
1610 1906
1611 1732
1611 1849
1611 1988
1612 1621
1613 1849
1613 1974
1613 1620
1613 1871
1613 1670
1613 1852
1614 1783
1614 1615
1614 1862
1614 1953
1614 1976
1615 1910
1616 1773
1616 1972
1616 1619
1617 1830
1619 1865
1620 1871
1621 1925
1622 1813
1622 1623
1622 1624
1622 1868
1623 1624
1624 1983
1625 1898
1626 1898
1626 1627
1627 1803
1628 1781
1629 1637
1630 1632
1630 1858
1633 1635
1633 1636
1633 1929
1634 1827
1634 1637
1635 1929
1636 1753
1638 1928
1639 1905
1639 1958
1640 1728
1640 1642
1641 1950
1641 1854
1641 1986
1642 1790
1643 1982
1643 1759
1644 1725
1644 1985
1645 1867
1648 1840
1648 1940
1648 1656
1648 1680
1648 1660
1648 1661
1649 1947
1649 1690
1650 1778
1650 1658
1650 1926
1650 1963
1650 1837
1651 1773
1651 1795
1651 1863
1651 1902
1651 1999
1651 1915
1651 1664
1652 1938
1652 1816
1653 1825
1653 1659
1654 1663
1655 1807
1656 1933
1657 1901
1658 1935
1659 1943
1660 1661
1662 1802
1663 1702
1664 1954
1665 1878
1665 1913
1666 1668
1666 1897
1666 1997
1666 1962
1667 1687
1670 1852
1672 1673
1672 1674
1672 1941
1672 1676
1673 1699
1673 1676
1674 1941
1675 1767
1678 1679
1678 1681
1680 1891
1681 1701
1681 1979
1681 1782
1682 1734
1683 1826
1683 1861
1683 1684
1684 1861
1685 1857
1685 1942
1686 1687
1686 1968
1686 1911
1687 1911
1687 1694
1688 1882
1688 1775
1688 1951
1688 1689
1688 1690
1688 1691
1688 1999
1689 1691
1689 1999
1691 1999
1692 1778
1693 1695
1694 1770
1699 1727
1699 1814
1699 1700
1699 1759
1699 1874
1700 1874
1701 1702
1701 1979
1701 1784
1701 1832
1701 1718
1701 1965
1701 1780
1701 1973
1701 1782
1702 1882
1702 1761
1703 1799
1703 1866
1703 1708
1703 1969
1704 1905
1706 1893
1706 1996
1707 1827
1708 1785
1710 1711
1710 1850
1710 1851
1711 1722
1711 1725
1713 1949
1714 1925
1714 1926
1716 1869
1716 1721
1717 1844
1718 1965
1718 1719
1721 1871
1722 1725
1722 1874
1722 1805
1722 1766
1722 1848
1723 1886
1723 1898
1723 1940
1723 1909
1723 1896
1723 1887
1724 1966
1726 1776
1727 1815
1727 1759
1727 1859
1729 1855
1731 1982
1732 1950
1732 1987
1732 1939
1733 1937
1735 1748
1735 1809
1736 1903
1736 1971
1736 1915
1737 1841
1739 1758
1739 1829
1740 1912
1740 1979
1740 1893
1741 1743
1742 1905
1742 1958
1746 1826
1746 1884
1746 1777
1746 1812
1746 1752
1746 1916
1746 1967
1748 1756
1748 1757
1748 1749
1748 1751
1749 1751
1750 1911
1751 1918
1754 1824
1754 1825
1754 1957
1754 1892
1755 1992
1755 1762
1755 1766
1756 1910
1756 1883
1756 1757
1756 1758
1757 1760
1758 1829
1758 1764
1758 1917
1760 1988
1761 1966
1762 1796
1762 1823
1766 1874
1766 1848
1768 1944
1769 1857
1769 1951
1769 1771
1770 1824
1770 1825
1772 1859
1772 1822
1773 1972
1773 1795
1773 1833
1775 1882
1776 1824
1776 1920
1777 1993
1778 1926
1780 1932
1782 1979
1784 1979
1784 1832
1784 1828
1784 1785
1785 1996
1786 1980
1788 1886
1790 1791
1792 1964
1793 1878
1794 1796
1795 1881
1795 1902
1795 1999
1795 1855
1795 1798
1796 1823
1798 1890
1799 1800
1799 1853
1799 1866
1799 1969
1800 1978
1800 1998
1802 1804
1804 1838
1806 1808
1809 1810
1814 1974
1816 1938
1817 1818
1818 1819
1819 1853
1820 1886
1820 1940
1822 1931
1822 1932
1822 1933
1824 1825
1824 1892
1825 1957
1825 1892
1826 1861
1826 1827
1826 1844
1827 1844
1828 1832
1832 1833
1833 1972
1834 1837
1834 1838
1837 1926
1837 1838
1839 1895
1840 1875
1841 1914
1841 1946
1843 1944
1845 1952
1845 1955
1846 1957
1849 1880
1849 1988
1854 1950
1855 1881
1857 1942
1866 1969
1868 1998
1869 1870
1869 1970
1878 1913
1883 1885
1884 1967
1886 1940
1886 1909
1886 1959
1889 1890
1891 1994
1893 1912
1893 1996
1894 1896
1895 1947
1896 1940
1900 1901
1902 1999
1903 1971
1903 1915
1905 1983
1905 1958
1905 1906
1907 1944
1909 1959
1910 1975
1910 1939
1912 1913
1912 1962
1913 1962
1914 1991
1914 1946
1919 1978
1925 1971
1930 1982
1931 1932
1931 1933
1934 1986
1939 1987
1945 1948
1945 1946
1952 1983
1952 1955
1952 1964
1953 1976
1971 1984
1975 1976
1981 1994
1986 1995
