0 1
0 21
0 24
0 28
0 29
0 30
0 31
0 112
0 292
0 555
0 672
0 835
0 678
0 881
0 78
0 79
0 453
0 271
0 339
0 254
0 91
0 1094
0 1174
0 93
0 133
0 1539
0 311
1 110
1 111
1 914
1 45
1 951
1 650
1 134
1 40
1 310
1 941
1 942
1 943
1 892
1 95
1 96
1 97
1 98
1 99
1 911
1 135
1 136
1 311
1 574
1 757
1 358
1 455
1 257
1 1736
1 700
1 815
1 816
1 817
1 106
1 246
1 400
1 614
1 615
1 616
1 950
1 107
1 617
1 100
1 802
1 803
2 3
2 4
2 5
3 250
3 558
3 870
3 76
3 77
3 56
3 57
3 58
3 59
3 1668
3 1673
3 1140
3 1732
3 1783
3 1150
3 1857
4 229
4 230
4 827
4 232
4 870
4 926
4 5
4 1612
4 106
4 100
4 1857
5 359
5 62
5 450
5 640
5 708
5 710
5 711
5 713
5 714
5 733
5 739
5 111
5 451
5 870
5 76
5 77
5 85
5 86
5 87
5 88
5 969
5 961
5 101
5 90
5 91
5 93
5 134
5 1854
5 1855
5 1856
5 1516
5 1421
5 1517
5 1857
6 7
6 8
6 9
6 10
6 11
6 12
6 13
6 14
6 15
6 1030
6 1523
7 16
7 17
7 18
8 16
8 370
8 404
8 273
8 432
8 433
8 434
8 372
8 153
8 440
8 441
8 442
8 443
8 444
8 445
8 469
8 471
8 472
8 474
8 476
8 477
8 478
8 479
8 470
8 511
8 639
8 542
8 543
8 544
8 545
8 749
8 368
8 785
8 796
8 798
8 800
8 206
8 114
8 327
8 126
8 735
8 736
8 737
8 225
8 837
8 746
8 899
8 156
8 918
8 786
8 787
8 921
8 648
8 649
8 475
8 909
8 376
8 900
8 517
8 14
8 332
8 158
8 1113
8 1120
8 1121
8 1122
8 1123
8 1188
8 1189
8 1190
8 1191
8 1193
8 1194
8 1202
8 1030
8 1275
8 1351
8 1361
8 1404
8 134
8 1601
8 1655
8 1657
8 1396
8 1685
8 1710
8 455
8 257
8 1524
8 1735
8 1737
8 1754
8 1792
8 1806
8 1825
8 1367
9 16
9 222
9 469
9 471
9 472
9 474
9 476
9 477
9 478
9 479
9 470
9 511
9 542
9 543
9 544
9 545
9 749
9 368
9 800
9 206
9 126
9 735
9 736
9 737
9 516
9 746
9 899
9 273
9 432
9 433
9 434
9 153
9 786
9 787
9 648
9 649
9 440
9 441
9 894
9 895
9 909
9 442
9 443
9 444
9 445
9 900
9 517
9 332
9 134
9 996
9 1120
9 1188
9 1189
9 1275
9 1351
9 1404
9 1601
9 1655
9 1657
9 1396
9 1524
9 1735
9 1737
9 1792
9 1806
9 1825
9 1367
10 16
10 41
10 464
10 476
10 598
10 636
10 528
10 114
10 835
10 466
10 467
10 682
10 210
10 778
10 170
10 365
10 240
10 273
10 154
10 363
10 441
10 821
10 267
10 1733
10 1524
10 1734
10 1735
10 1737
10 1652
10 1738
10 1825
11 16
11 41
11 476
11 636
11 528
11 114
11 835
11 466
11 467
11 682
11 210
11 778
11 170
11 365
11 240
11 273
11 154
11 363
11 441
11 821
11 267
11 1733
11 1524
11 1734
11 1735
11 1737
11 1652
11 1738
11 1825
12 16
12 41
12 464
12 476
12 636
12 528
12 114
12 835
12 466
12 467
12 682
12 210
12 778
12 170
12 365
12 240
12 273
12 154
12 363
12 441
12 821
12 267
12 1305
12 1733
12 1524
12 1734
12 1735
12 1737
12 1652
12 1738
12 1825
13 16
13 41
13 476
13 636
13 114
13 835
13 466
13 467
13 682
13 210
13 778
13 170
13 365
13 240
13 273
13 154
13 363
13 441
13 821
13 267
13 1351
13 1650
13 1524
13 1734
13 1735
13 1737
13 1652
13 1738
13 1825
14 16
14 34
14 112
14 155
14 203
14 344
14 486
14 324
14 487
14 346
14 275
14 726
14 728
14 729
14 730
14 731
14 727
14 105
14 276
14 144
14 232
14 737
14 881
14 156
14 80
14 81
14 35
14 36
14 940
14 277
14 83
14 84
14 832
14 900
14 433
14 274
14 153
14 154
14 31
14 56
14 332
14 128
14 158
14 589
14 92
14 962
14 919
14 121
14 501
14 814
14 18
14 57
14 58
14 59
14 341
14 15
14 134
14 135
14 136
14 106
14 1194
14 1246
14 1348
14 1349
14 1350
14 1351
14 1437
14 1543
14 1618
14 1524
14 1744
14 1825
15 16
15 169
15 318
15 398
15 401
15 62
15 344
15 469
15 471
15 472
15 474
15 476
15 477
15 478
15 479
15 63
15 470
15 511
15 27
15 652
15 542
15 543
15 544
15 545
15 743
15 749
15 368
15 800
15 206
15 114
15 327
15 144
15 104
15 673
15 421
15 734
15 735
15 736
15 737
15 490
15 808
15 225
15 837
15 516
15 746
15 899
15 601
15 156
15 786
15 787
15 927
15 648
15 649
15 475
15 909
15 33
15 17
15 691
15 376
15 170
15 387
15 900
15 517
15 332
15 128
15 157
15 414
15 287
15 158
15 519
15 653
15 685
15 121
15 333
15 991
15 999
15 1120
15 1121
15 1122
15 1123
15 1124
15 1125
15 1126
15 1127
15 1182
15 370
15 404
15 273
15 432
15 433
15 434
15 724
15 153
15 1188
15 440
15 441
15 442
15 443
15 444
15 445
15 1189
15 165
15 1190
15 133
15 1070
15 488
15 393
15 914
15 45
15 134
15 135
15 136
15 1191
15 342
15 1193
15 1194
15 1202
15 1030
15 1273
15 1276
15 1351
15 1361
15 1404
15 1452
15 1554
15 1588
15 1601
15 1655
15 1657
15 1396
15 1663
15 1685
15 1710
15 1722
15 1524
15 1735
15 1737
15 1751
15 1752
15 1754
15 1792
15 1806
15 1817
15 1825
15 1367
16 1523
17 260
17 948
17 949
17 517
17 129
17 130
17 131
17 132
17 592
17 94
17 951
17 134
17 1523
17 1544
18 53
18 186
18 200
18 292
18 160
18 161
18 636
18 610
18 800
18 206
18 114
18 687
18 688
18 126
18 673
18 421
18 721
18 565
18 862
18 695
18 697
18 208
18 940
18 277
18 87
18 869
18 294
18 387
18 832
18 492
18 39
18 414
18 501
18 52
18 814
18 283
18 317
18 280
18 370
18 110
18 111
18 21
18 24
18 293
18 416
18 320
18 321
18 266
18 1070
18 322
18 94
18 419
18 45
18 134
18 311
18 574
18 1521
18 1522
18 1523
18 1525
18 1526
18 1527
18 1072
18 1528
18 1529
18 1530
18 1531
18 1532
18 1330
18 1547
18 1347
18 1303
18 1484
18 1695
18 1296
18 1773
18 1791
18 1268
18 1428
18 1367
18 1850
19 20
20 462
20 463
20 259
20 396
20 206
20 370
20 874
20 832
20 501
20 266
20 1519
20 1601
20 1602
20 1806
21 318
21 334
21 335
21 673
21 421
21 56
21 201
21 343
21 336
21 78
21 79
21 31
21 202
21 337
21 415
21 851
21 50
21 51
21 91
21 52
21 57
21 58
21 59
21 93
21 94
21 134
21 1814
22 23
22 25
22 26
22 27
22 32
22 33
23 34
24 112
24 113
24 255
24 305
24 323
24 335
24 424
24 427
24 324
24 507
24 563
24 425
24 571
24 572
24 639
24 557
24 680
24 560
24 149
24 150
24 374
24 375
24 610
24 285
24 564
24 510
24 110
24 421
24 565
24 566
24 567
24 862
24 329
24 360
24 361
24 330
24 681
24 682
24 695
24 696
24 697
24 890
24 56
24 148
24 331
24 78
24 79
24 611
24 884
24 885
24 308
24 309
24 435
24 386
24 387
24 388
24 389
24 390
24 699
24 332
24 195
24 39
24 89
24 51
24 939
24 590
24 120
24 392
24 57
24 58
24 59
24 886
24 887
24 888
24 341
24 93
24 570
24 1463
24 1464
24 1465
24 1466
24 1467
24 1468
24 268
24 1469
24 1470
24 1472
24 1471
24 1485
24 1486
24 1633
24 911
24 1484
24 1297
24 1473
24 1760
24 1761
24 1849
24 1367
25 460
25 581
25 593
25 594
25 489
25 329
25 29
25 595
25 596
25 597
25 411
25 412
25 309
25 350
25 386
25 365
25 263
25 264
25 39
25 166
25 590
25 120
25 333
25 1441
25 1442
25 1443
25 1497
25 1666
25 1297
25 1763
26 460
26 581
26 593
26 594
26 489
26 329
26 29
26 595
26 596
26 597
26 411
26 412
26 309
26 350
26 386
26 365
26 263
26 264
26 39
26 166
26 590
26 120
26 333
26 1441
26 1442
26 1443
26 1497
26 1666
26 1297
26 1763
27 460
27 581
27 593
27 594
27 489
27 329
27 29
27 595
27 596
27 597
27 411
27 412
27 309
27 350
27 386
27 365
27 37
27 263
27 264
27 39
27 166
27 590
27 120
27 333
27 45
27 1441
27 1442
27 1443
27 1497
27 1666
27 1297
27 1763
28 112
28 113
28 211
28 258
28 305
28 323
28 160
28 161
28 335
28 424
28 427
28 324
28 507
28 573
28 639
28 71
28 557
28 680
28 325
28 326
28 560
28 149
28 150
28 374
28 375
28 610
28 285
28 822
28 564
28 510
28 110
28 421
28 689
28 565
28 561
28 566
28 567
28 329
28 360
28 361
28 330
28 681
28 682
28 410
28 210
28 280
28 331
28 890
28 78
28 79
28 453
28 611
28 884
28 885
28 308
28 309
28 435
28 606
28 631
28 386
28 332
28 261
28 262
28 263
28 264
28 300
28 301
28 195
28 39
28 415
28 851
28 50
28 51
28 939
28 590
28 120
28 685
28 1174
28 341
28 93
28 570
28 1463
28 1464
28 1465
28 1466
28 1467
28 1468
28 268
28 1469
28 1470
28 1472
28 1471
28 1474
28 1475
28 1476
28 1477
28 1478
28 1479
28 1480
28 1481
28 1482
28 1483
28 1485
28 1486
28 1461
28 1633
28 1637
28 1665
28 911
28 1484
28 311
28 1297
28 1473
28 1760
28 1761
28 1789
28 1849
28 1367
29 112
29 113
29 211
29 258
29 305
29 323
29 62
29 335
29 424
29 427
29 324
29 507
29 573
29 639
29 557
29 680
29 560
29 149
29 150
29 374
29 375
29 610
29 285
29 564
29 510
29 110
29 421
29 689
29 565
29 561
29 566
29 567
29 692
29 693
29 694
29 329
29 360
29 361
29 330
29 681
29 682
29 410
29 210
29 331
29 280
29 78
29 79
29 890
29 148
29 453
29 101
29 611
29 884
29 885
29 308
29 309
29 435
29 606
29 32
29 33
29 631
29 85
29 86
29 87
29 88
29 386
29 332
29 261
29 262
29 263
29 264
29 300
29 301
29 173
29 316
29 195
29 39
29 89
29 51
29 939
29 590
29 120
29 685
29 341
29 93
29 570
29 1460
29 1463
29 1464
29 1465
29 1466
29 1467
29 1468
29 268
29 1469
29 1470
29 1472
29 1471
29 1474
29 1475
29 1476
29 1477
29 1478
29 1479
29 1480
29 1481
29 1482
29 1483
29 1485
29 1486
29 1461
29 134
29 941
29 942
29 943
29 892
29 95
29 96
29 1633
29 97
29 98
29 99
29 1665
29 911
29 1484
29 311
29 1297
29 1473
29 1782
29 1784
29 1789
29 1849
29 1367
30 112
30 113
30 211
30 258
30 305
30 323
30 355
30 335
30 424
30 427
30 436
30 452
30 345
30 497
30 324
30 507
30 356
30 573
30 639
30 347
30 557
30 680
30 560
30 149
30 150
30 374
30 375
30 610
30 285
30 576
30 577
30 578
30 579
30 580
30 564
30 510
30 110
30 673
30 421
30 689
30 565
30 566
30 567
30 692
30 693
30 694
30 329
30 360
30 361
30 330
30 681
30 682
30 410
30 210
30 676
30 331
30 78
30 79
30 658
30 453
30 280
30 912
30 890
30 611
30 884
30 885
30 308
30 309
30 435
30 606
30 631
30 384
30 386
30 332
30 261
30 262
30 263
30 264
30 195
30 39
30 89
30 483
30 484
30 51
30 90
30 91
30 495
30 496
30 939
30 590
30 120
30 685
30 1044
30 341
30 93
30 1280
30 1281
30 1289
30 393
30 570
30 1440
30 1463
30 1464
30 1465
30 1466
30 1467
30 1468
30 268
30 1469
30 1470
30 1472
30 1471
30 1474
30 1475
30 1476
30 1477
30 1478
30 1479
30 1480
30 1481
30 1482
30 1483
30 1485
30 1486
30 1461
30 1326
30 1633
30 1665
30 911
30 1484
30 1691
30 311
30 1696
30 1297
30 1473
30 1789
30 1694
30 1074
30 1268
30 1849
30 1367
31 112
31 113
31 211
31 258
31 305
31 323
31 292
31 355
31 335
31 424
31 427
31 457
31 345
31 497
31 63
31 324
31 507
31 356
31 573
31 623
31 639
31 347
31 557
31 560
31 715
31 149
31 150
31 374
31 375
31 610
31 812
31 813
31 645
31 285
31 564
31 510
31 110
31 421
31 689
31 565
31 561
31 566
31 567
31 245
31 625
31 626
31 409
31 863
31 137
31 692
31 693
31 694
31 329
31 201
31 360
31 361
31 330
31 681
31 682
31 628
31 753
31 336
31 754
31 755
31 756
31 410
31 629
31 210
31 676
31 357
31 331
31 78
31 79
31 658
31 253
31 280
31 274
31 890
31 416
31 611
31 309
31 435
31 271
31 631
31 386
31 339
31 332
31 39
31 50
31 51
31 90
31 91
31 494
31 503
31 495
31 496
31 939
31 590
31 120
31 685
31 52
31 1022
31 1101
31 59
31 1108
31 1152
31 341
31 93
31 583
31 1237
31 1278
31 1280
31 133
31 570
31 1234
31 1440
31 267
31 1463
31 1464
31 1465
31 1466
31 1467
31 1468
31 1469
31 268
31 1470
31 1472
31 1471
31 1474
31 1475
31 1476
31 1477
31 1478
31 1479
31 1480
31 1481
31 1482
31 1483
31 1485
31 1486
31 1461
31 650
31 1084
31 1633
31 99
31 1665
31 911
31 1410
31 1484
31 311
31 1297
31 1473
31 455
31 1726
31 257
31 1789
31 1788
31 400
31 107
31 1536
31 1537
31 1538
31 1849
31 1367
31 802
31 803
32 460
32 581
32 593
32 594
32 489
32 327
32 329
32 411
32 412
32 309
32 508
32 350
32 948
32 949
32 386
32 365
32 263
32 264
32 39
32 148
32 166
32 590
32 120
32 333
32 1440
32 1441
32 1442
32 1443
32 1497
32 1666
32 1297
32 1763
33 323
33 395
33 460
33 581
33 639
33 593
33 594
33 667
33 489
33 327
33 329
33 253
33 611
33 595
33 596
33 597
33 411
33 412
33 309
33 508
33 350
33 948
33 43
33 949
33 386
33 365
33 263
33 264
33 39
33 166
33 44
33 590
33 120
33 333
33 267
33 455
33 257
33 1440
33 1441
33 1442
33 1443
33 1497
33 1666
33 1297
33 1763
34 35
34 36
34 37
34 38
34 39
34 40
35 160
35 398
35 401
35 63
35 42
35 68
35 716
35 732
35 114
35 830
35 687
35 688
35 224
35 232
35 737
35 611
35 927
35 475
35 691
35 37
35 38
35 928
35 128
35 414
35 287
35 589
35 929
35 814
35 641
35 135
35 136
35 1226
35 1227
35 1380
35 1739
35 1740
35 1741
35 1742
35 1743
35 1744
35 1222
35 1745
35 1746
35 1747
35 1748
35 1749
35 1750
35 1661
35 1751
35 1639
35 1752
35 1809
35 1817
36 160
36 63
36 42
36 68
36 716
36 732
36 114
36 830
36 687
36 688
36 224
36 232
36 516
36 782
36 783
36 784
36 611
36 927
36 691
36 37
36 38
36 928
36 414
36 287
36 589
36 929
36 814
36 641
36 1739
36 1740
36 1741
36 1742
36 1743
36 1744
36 1222
36 1568
36 1745
36 1746
36 1747
36 1748
36 1749
36 1750
36 1661
36 1751
36 1639
36 1752
36 1809
36 1817
37 221
37 48
37 717
37 490
37 588
37 927
37 475
37 691
37 404
37 154
37 963
37 964
37 89
37 922
37 417
37 333
37 584
37 488
37 1147
37 1148
37 1243
37 1590
37 1598
37 1658
37 1750
37 1661
37 1809
38 221
38 48
38 717
38 588
38 927
38 404
38 154
38 963
38 964
38 89
38 922
38 417
38 333
38 584
38 488
38 1147
38 1148
38 1243
38 1567
38 1590
38 1598
38 1750
38 1661
38 1809
39 151
39 203
39 62
39 555
39 402
39 42
39 48
39 593
39 594
39 556
39 557
39 672
39 325
39 326
39 568
39 569
39 407
39 204
39 561
39 490
39 137
39 681
39 682
39 410
39 683
39 684
39 678
39 208
39 209
39 397
39 210
39 660
39 940
39 508
39 350
39 49
39 173
39 316
39 124
39 125
39 149
39 150
39 153
39 154
39 110
39 111
39 56
39 50
39 51
39 166
39 52
39 57
39 58
39 59
39 93
39 582
39 583
39 584
39 585
39 586
39 488
39 570
39 267
39 1104
39 1105
39 1106
39 1085
39 1128
39 1241
39 1247
39 1248
39 1295
39 1336
39 1352
39 1364
39 1087
39 1543
39 1637
39 1296
39 1717
39 1724
39 1757
39 1760
39 1761
39 1725
39 1794
40 203
40 258
40 563
40 571
40 347
40 338
40 396
40 252
40 206
40 114
40 842
40 177
40 116
40 253
40 164
40 412
40 277
40 235
40 84
40 88
40 262
40 91
40 495
40 120
40 52
40 59
40 584
40 1543
40 280
40 111
40 363
40 166
40 416
40 310
40 455
40 257
40 615
40 107
40 101
40 1811
41 42
41 43
41 44
41 45
42 46
42 53
42 149
42 150
42 152
42 244
42 587
42 588
42 411
42 309
42 50
42 166
42 589
42 590
42 120
42 267
42 45
43 46
43 244
43 245
43 597
43 747
43 949
43 173
43 120
43 1446
43 1447
44 46
44 398
44 401
44 593
44 594
44 734
44 735
44 736
44 737
44 601
44 595
44 596
44 597
44 949
44 128
44 173
44 129
44 130
44 131
44 132
44 141
44 176
44 237
44 152
44 747
44 120
44 135
44 136
44 1718
44 1753
45 46
45 155
45 219
45 323
45 402
45 48
45 667
45 338
45 275
45 374
45 144
45 835
45 693
45 694
45 808
45 676
45 611
45 49
45 128
45 492
45 157
45 287
45 50
45 51
45 797
45 602
45 919
45 121
45 52
45 1000
45 1012
45 57
45 58
45 59
45 168
45 1124
45 1126
45 1154
45 1357
45 1358
45 570
45 94
45 1375
45 1452
45 218
45 110
45 111
45 56
45 148
45 135
45 136
45 1588
45 1716
45 1791
46 47
46 48
46 49
46 50
46 51
46 52
46 1660
47 112
47 113
47 114
47 115
47 116
47 117
47 118
47 119
47 120
47 121
47 52
47 59
47 1347
47 1568
48 273
48 253
48 350
48 386
48 492
48 129
48 130
48 131
48 132
48 89
48 590
48 120
48 333
48 488
48 1218
48 1301
48 1556
48 1595
48 1283
48 1717
48 1703
48 1245
49 253
49 350
49 386
49 153
49 154
49 492
49 89
49 590
49 120
49 333
49 488
49 1218
49 1301
49 1556
49 1595
49 1717
49 1703
49 1245
50 162
50 269
50 272
50 286
50 292
50 345
50 326
50 338
50 275
50 252
50 406
50 800
50 206
50 568
50 569
50 407
50 824
50 177
50 245
50 409
50 232
50 360
50 330
50 681
50 682
50 753
50 410
50 683
50 684
50 678
50 208
50 209
50 397
50 210
50 115
50 78
50 79
50 411
50 350
50 84
50 87
50 339
50 119
50 261
50 262
50 263
50 264
50 415
50 851
50 280
50 251
50 564
50 510
50 111
50 973
50 90
50 91
50 166
50 416
50 93
50 801
50 267
50 1168
50 1298
50 1274
50 1492
50 1493
50 1494
50 1560
50 1546
50 1462
50 1379
50 1600
50 1297
50 1762
50 1356
50 1811
51 162
51 269
51 272
51 286
51 292
51 345
51 326
51 338
51 275
51 252
51 406
51 800
51 206
51 568
51 569
51 407
51 824
51 689
51 177
51 245
51 409
51 232
51 360
51 330
51 681
51 682
51 753
51 410
51 683
51 684
51 678
51 208
51 209
51 397
51 210
51 78
51 79
51 127
51 526
51 411
51 350
51 271
51 84
51 85
51 86
51 87
51 88
51 339
51 119
51 261
51 262
51 263
51 264
51 415
51 280
51 251
51 564
51 510
51 111
51 973
51 90
51 91
51 166
51 416
51 93
51 801
51 267
51 134
51 101
51 1168
51 1298
51 1362
51 1466
51 1274
51 1492
51 1493
51 1494
51 1539
51 1560
51 1546
51 1462
51 1379
51 1600
51 1699
51 1296
51 1297
51 1762
51 1356
51 1811
52 162
52 272
52 286
52 292
52 160
52 161
52 345
52 326
52 252
52 406
52 800
52 824
52 421
52 177
52 245
52 409
52 232
52 681
52 682
52 410
52 683
52 684
52 678
52 208
52 209
52 397
52 210
52 78
52 79
52 411
52 339
52 119
52 261
52 262
52 263
52 264
52 415
52 973
52 90
52 280
52 251
52 564
52 510
52 111
52 56
52 416
52 990
52 57
52 58
52 59
52 801
52 134
52 1168
52 1274
52 1492
52 1493
52 1494
52 1560
52 1546
52 1462
52 1379
52 1600
52 1699
52 1296
52 1297
52 1811
53 54
53 55
53 56
53 57
53 58
53 59
53 1052
54 524
54 535
54 466
54 467
54 600
54 734
54 735
54 736
54 737
54 601
54 916
54 936
54 128
54 589
54 135
54 136
54 1317
54 1318
54 1319
54 1320
54 1321
54 1563
54 1780
54 1805
55 524
55 535
55 916
55 936
55 589
55 1317
55 1318
55 1319
55 1320
55 1321
55 1563
55 1780
55 1805
56 60
56 162
56 186
56 200
56 280
56 283
56 317
56 292
56 370
56 274
56 70
56 558
56 500
56 259
56 275
56 396
56 610
56 105
56 800
56 206
56 114
56 564
56 276
56 687
56 688
56 673
56 421
56 110
56 689
56 111
56 72
56 721
56 565
56 862
56 695
56 697
56 208
56 164
56 80
56 81
56 293
56 940
56 277
56 83
56 84
56 87
56 383
56 384
56 869
56 294
56 387
56 416
56 957
56 832
56 343
56 492
56 129
56 130
56 131
56 132
56 90
56 91
56 92
56 501
56 814
56 320
56 93
56 321
56 1273
56 266
56 641
56 1070
56 322
56 393
56 94
56 419
56 1521
56 1522
56 1525
56 1526
56 1527
56 1528
56 1529
56 1530
56 1531
56 1532
56 1330
56 1547
56 134
56 1347
56 941
56 942
56 1379
56 943
56 892
56 95
56 96
56 97
56 98
56 99
56 1484
56 311
56 1296
56 574
56 358
56 1355
56 1794
56 1428
56 1831
56 1367
56 1850
57 60
57 162
57 186
57 200
57 292
57 198
57 62
57 511
57 70
57 639
57 558
57 500
57 259
57 275
57 396
57 610
57 105
57 800
57 206
57 114
57 276
57 687
57 688
57 673
57 421
57 689
57 72
57 721
57 565
57 862
57 137
57 695
57 697
57 208
57 253
57 164
57 80
57 81
57 940
57 435
57 277
57 83
57 84
57 87
57 869
57 294
57 387
57 832
57 492
57 90
57 91
57 92
57 501
57 814
57 283
57 317
57 280
57 370
57 274
57 564
57 110
57 111
57 293
57 416
57 320
57 93
57 321
57 266
57 641
57 1070
57 322
57 94
57 419
57 134
57 311
57 574
57 358
57 455
57 257
57 1521
57 1522
57 1525
57 1526
57 1527
57 1528
57 1529
57 1530
57 1531
57 1532
57 1330
57 1547
57 1347
57 1379
57 1484
57 1296
57 1754
57 1355
57 1428
57 1831
57 1367
58 60
58 162
58 186
58 200
58 292
58 62
58 555
58 70
58 635
58 637
58 558
58 672
58 500
58 259
58 275
58 636
58 720
58 396
58 610
58 105
58 800
58 206
58 114
58 276
58 687
58 688
58 673
58 421
58 689
58 72
58 565
58 862
58 137
58 695
58 697
58 208
58 881
58 253
58 164
58 80
58 81
58 940
58 277
58 83
58 84
58 87
58 869
58 294
58 387
58 832
58 492
58 261
58 262
58 263
58 264
58 129
58 130
58 131
58 132
58 90
58 91
58 92
58 501
58 989
58 814
58 283
58 317
58 280
58 370
58 274
58 564
58 110
58 111
58 293
58 148
58 416
58 320
58 93
58 801
58 351
58 321
58 266
58 641
58 1070
58 322
58 94
58 419
58 134
58 97
58 98
58 99
58 311
58 574
58 358
58 1429
58 1430
58 1521
58 1522
58 1525
58 1526
58 1527
58 1528
58 1529
58 1530
58 1531
58 1532
58 1330
58 1547
58 1347
58 1379
58 1484
58 1296
58 1355
58 1428
58 1831
58 1367
59 60
59 162
59 186
59 200
59 292
59 160
59 161
59 555
59 70
59 639
59 558
59 672
59 500
59 259
59 275
59 396
59 610
59 105
59 800
59 206
59 114
59 576
59 577
59 578
59 579
59 580
59 276
59 687
59 688
59 673
59 421
59 689
59 72
59 328
59 721
59 565
59 862
59 867
59 695
59 697
59 208
59 164
59 80
59 81
59 940
59 277
59 83
59 84
59 87
59 869
59 294
59 387
59 957
59 832
59 492
59 129
59 130
59 131
59 132
59 90
59 91
59 92
59 501
59 814
59 283
59 317
59 280
59 370
59 274
59 564
59 110
59 111
59 293
59 148
59 416
59 320
59 321
59 266
59 641
59 1070
59 322
59 94
59 419
59 134
59 311
59 574
59 455
59 257
59 1232
59 1358
59 1440
59 1455
59 1456
59 1521
59 1522
59 1525
59 1526
59 1527
59 1528
59 1529
59 1530
59 1531
59 1532
59 1330
59 1547
59 1559
59 1347
59 1379
59 1484
59 1296
59 1355
59 1788
59 1428
59 1831
59 1367
60 61
60 62
60 63
60 64
60 65
60 66
60 67
60 68
60 69
60 70
60 71
60 72
60 73
60 74
60 75
60 76
60 77
60 78
60 79
60 80
60 81
60 82
60 83
60 84
60 85
60 86
60 87
60 88
60 89
60 90
60 91
60 92
60 93
60 94
60 95
60 96
60 97
60 98
60 99
60 100
60 101
60 1419
60 1545
60 1160
60 1706
60 1731
60 1847
61 102
61 105
61 106
61 107
62 258
62 292
62 198
62 280
62 402
62 346
62 347
62 403
62 396
62 405
62 406
62 206
62 260
62 407
62 408
62 110
62 111
62 409
62 329
62 410
62 209
62 210
62 116
62 253
62 293
62 411
62 412
62 350
62 84
62 413
62 339
62 332
62 414
62 415
62 91
62 166
62 416
62 417
62 418
62 266
62 419
62 134
62 311
62 106
62 1216
62 1237
62 1352
62 1374
62 1532
62 1540
62 1324
62 1666
62 1764
62 1765
62 1355
63 507
63 338
63 349
63 329
63 508
63 332
63 492
63 90
63 91
63 333
63 94
63 106
63 1282
63 1698
64 269
64 114
64 232
64 116
64 591
64 413
64 173
64 590
64 120
64 592
64 1544
65 269
65 114
65 232
65 116
65 591
65 413
65 173
65 590
65 120
65 592
65 1544
66 269
66 114
66 232
66 116
66 591
66 413
66 173
66 590
66 120
66 592
66 1544
66 1760
66 1761
67 269
67 114
67 232
67 116
67 591
67 413
67 173
67 590
67 120
67 592
67 1544
68 269
68 114
68 232
68 116
68 591
68 413
68 173
68 590
68 120
68 592
68 1544
68 1760
68 1761
69 227
69 236
69 238
69 604
69 500
69 75
69 232
69 164
69 606
69 83
69 235
69 416
69 1359
69 1515
69 1799
70 227
70 236
70 238
70 604
70 250
70 558
70 559
70 403
70 500
70 72
70 73
70 74
70 75
70 232
70 76
70 77
70 164
70 562
70 606
70 83
70 235
70 416
70 1299
70 1359
70 1419
70 1436
70 1515
70 1605
70 1758
70 1764
70 1765
70 1779
70 1799
70 1843
70 1847
70 1516
70 1421
70 1517
71 227
71 323
71 276
71 657
71 606
71 83
71 271
71 641
71 1732
72 288
72 623
72 499
72 500
72 406
72 231
72 835
72 244
72 245
72 78
72 79
72 164
72 606
72 591
72 413
72 279
72 90
72 91
72 246
72 400
72 614
72 615
72 107
72 617
72 100
72 1157
72 1216
72 1298
72 1323
72 1084
72 1160
72 1844
73 288
73 623
73 499
73 500
73 406
73 328
73 835
73 244
73 245
73 78
73 79
73 164
73 606
73 591
73 413
73 279
73 90
73 91
73 93
73 801
73 351
73 358
73 246
73 400
73 614
73 615
73 107
73 617
73 1157
73 1216
73 1298
73 1323
73 1084
73 1160
73 1844
74 288
74 623
74 499
74 500
74 406
74 835
74 244
74 245
74 863
74 233
74 234
74 357
74 78
74 79
74 164
74 606
74 591
74 413
74 256
74 279
74 90
74 91
74 134
74 358
74 455
74 257
74 246
74 400
74 614
74 615
74 107
74 617
74 1157
74 1216
74 1298
74 1323
74 1084
74 1160
74 1844
75 227
75 236
75 238
75 269
75 448
75 623
75 338
75 500
75 275
75 229
75 230
75 276
75 835
75 274
75 863
75 76
75 77
75 357
75 164
75 868
75 80
75 81
75 660
75 508
75 277
75 606
75 82
75 83
75 85
75 86
75 87
75 90
75 91
75 92
75 106
75 100
75 1084
75 1160
75 1612
75 1614
75 1620
75 1621
75 1706
76 227
76 236
76 238
76 241
76 428
76 448
76 623
76 499
76 250
76 558
76 338
76 500
76 406
76 260
76 827
76 835
76 690
76 431
76 627
76 232
76 863
76 363
76 850
76 416
76 678
76 209
76 357
76 164
76 674
76 868
76 630
76 562
76 508
76 606
76 82
76 973
76 1490
76 1603
76 1604
76 1605
76 1607
76 1308
76 1084
76 1160
76 1612
76 1613
76 1614
76 1615
76 1620
76 1623
76 1666
76 1711
76 1706
76 1669
76 1670
76 1671
76 1672
76 1793
76 1808
76 1516
76 1421
76 1517
77 227
77 236
77 238
77 241
77 428
77 448
77 623
77 499
77 250
77 558
77 338
77 500
77 406
77 260
77 827
77 835
77 690
77 431
77 627
77 232
77 863
77 274
77 363
77 850
77 416
77 678
77 209
77 357
77 164
77 674
77 868
77 630
77 80
77 81
77 562
77 508
77 606
77 82
77 83
77 973
77 92
77 1490
77 1603
77 1604
77 1605
77 1607
77 1308
77 1084
77 1160
77 1612
77 1613
77 1614
77 1615
77 1620
77 1623
77 1666
77 1711
77 1706
77 1669
77 1670
77 1671
77 1672
77 1793
77 1808
77 1516
77 1421
77 1517
78 162
78 292
78 335
78 573
78 581
78 613
78 622
78 646
78 639
78 338
78 275
78 349
78 105
78 206
78 826
78 824
78 421
78 245
78 626
78 409
78 232
78 201
78 696
78 336
78 676
78 881
78 280
78 274
78 560
78 251
78 111
78 910
78 253
78 277
78 84
78 85
78 832
78 90
78 91
78 416
78 501
78 265
78 93
78 582
78 266
78 419
78 911
78 311
78 455
78 257
78 400
78 614
78 615
78 107
78 617
78 1599
78 1324
78 1546
78 1462
78 1379
78 1600
78 1484
78 1196
79 162
79 292
79 335
79 573
79 581
79 613
79 622
79 646
79 639
79 338
79 349
79 105
79 206
79 826
79 824
79 245
79 626
79 409
79 232
79 201
79 696
79 336
79 676
79 881
79 280
79 560
79 251
79 111
79 910
79 253
79 84
79 90
79 91
79 416
79 501
79 265
79 93
79 582
79 266
79 419
79 911
79 311
79 455
79 257
79 400
79 614
79 615
79 107
79 617
79 1599
79 1324
79 1546
79 1462
79 1379
79 1600
79 1484
79 1196
80 272
80 289
80 122
80 123
80 493
80 623
80 499
80 557
80 558
80 500
80 835
80 863
80 722
80 723
80 805
80 681
80 682
80 410
80 683
80 684
80 678
80 208
80 209
80 397
80 210
80 357
80 658
80 164
80 920
80 606
80 82
80 702
80 261
80 262
80 263
80 264
80 173
80 316
80 148
80 89
80 90
80 91
80 416
80 93
80 1064
80 1066
80 1067
80 1068
80 1167
80 1231
80 1366
80 1433
80 1434
80 1235
80 1515
80 1160
80 1675
80 1800
80 1074
80 1829
80 1830
80 1845
80 1846
80 1516
81 272
81 289
81 198
81 493
81 609
81 623
81 282
81 499
81 557
81 558
81 500
81 752
81 576
81 577
81 578
81 579
81 144
81 835
81 244
81 245
81 863
81 859
81 722
81 723
81 864
81 681
81 682
81 410
81 683
81 684
81 678
81 208
81 209
81 397
81 210
81 357
81 516
81 658
81 164
81 273
81 920
81 606
81 82
81 172
81 702
81 261
81 262
81 263
81 264
81 173
81 316
81 90
81 91
81 416
81 93
81 801
81 351
81 94
81 134
81 1064
81 1066
81 1067
81 1068
81 1167
81 1209
81 1210
81 1231
81 1328
81 1366
81 1433
81 1434
81 1435
81 1235
81 1509
81 1515
81 1160
81 1800
81 1829
81 1830
81 1845
81 1846
81 1516
82 198
82 499
82 500
82 864
82 164
82 309
82 606
82 666
82 83
82 271
82 386
82 90
82 91
82 939
82 92
82 120
82 941
82 942
82 943
82 892
82 95
82 96
82 97
82 98
82 99
82 1171
82 1610
82 1608
82 1609
83 227
83 236
83 238
83 272
83 289
83 493
83 623
83 499
83 558
83 500
83 752
83 144
83 835
83 863
83 735
83 736
83 737
83 722
83 723
83 681
83 682
83 410
83 683
83 684
83 678
83 208
83 209
83 397
83 210
83 357
83 658
83 164
83 601
83 920
83 606
83 702
83 128
83 148
83 90
83 91
83 416
83 941
83 942
83 943
83 892
83 95
83 96
83 97
83 98
83 99
83 135
83 136
83 1066
83 1067
83 1068
83 1167
83 1209
83 1210
83 1231
83 1328
83 1366
83 1419
83 1235
83 1509
83 1515
83 1160
83 1800
83 1829
83 1830
83 1845
83 1846
83 1847
83 1850
83 1516
84 281
84 284
84 286
84 198
84 345
84 497
84 356
84 609
84 623
84 346
84 500
84 259
84 396
84 765
84 105
84 206
84 229
84 230
84 826
84 824
84 675
84 673
84 421
84 231
84 207
84 721
84 835
84 244
84 245
84 409
84 867
84 863
84 681
84 682
84 410
84 683
84 684
84 678
84 208
84 209
84 397
84 210
84 698
84 357
84 881
84 606
84 274
84 591
84 88
84 949
84 254
84 89
84 256
84 278
84 279
84 90
84 91
84 503
84 496
84 92
84 93
84 582
84 583
84 585
84 801
84 351
84 418
84 266
84 641
84 94
84 134
84 941
84 942
84 943
84 892
84 95
84 96
84 97
84 98
84 99
84 358
84 455
84 614
84 950
84 617
84 1323
84 1325
84 1373
84 1401
84 1234
84 1235
84 1482
84 1515
84 1546
84 1462
84 1727
84 1196
84 1356
84 1799
84 1802
84 1651
85 162
85 269
85 289
85 573
85 618
85 500
85 275
85 260
85 285
85 177
85 232
85 681
85 682
85 410
85 683
85 684
85 678
85 208
85 209
85 397
85 210
85 881
85 163
85 164
85 659
85 630
85 562
85 591
85 413
85 274
85 712
85 251
85 742
85 666
85 949
85 256
85 90
85 91
85 166
85 266
85 134
85 311
85 574
85 106
85 107
85 617
85 1196
85 1356
85 1795
85 1796
85 1797
85 1798
85 1406
85 1799
85 1800
85 1694
85 1611
85 1802
85 1803
85 1801
85 1804
85 1812
85 1828
85 1420
85 1851
85 1856
86 162
86 269
86 289
86 573
86 618
86 499
86 500
86 275
86 260
86 177
86 232
86 410
86 208
86 881
86 163
86 164
86 659
86 630
86 660
86 562
86 591
86 413
86 274
86 712
86 251
86 742
86 666
86 949
86 256
86 90
86 91
86 166
86 93
86 266
86 311
86 574
86 106
86 107
86 617
86 100
86 1196
86 1356
86 1798
86 1406
86 1799
86 1800
86 1694
86 1611
86 1802
86 1803
86 1801
86 1804
86 1812
86 1828
86 1420
86 1851
86 1856
87 162
87 269
87 284
87 286
87 289
87 573
87 618
87 499
87 325
87 326
87 500
87 275
87 260
87 177
87 232
87 681
87 682
87 410
87 683
87 684
87 678
87 208
87 209
87 397
87 210
87 676
87 881
87 163
87 164
87 659
87 630
87 562
87 591
87 413
87 274
87 712
87 251
87 742
87 666
87 949
87 256
87 90
87 91
87 166
87 913
87 93
87 266
87 97
87 98
87 99
87 311
87 574
87 106
87 107
87 617
87 100
87 1098
87 1168
87 1338
87 1196
87 1356
87 1798
87 1406
87 1799
87 1800
87 1694
87 1611
87 1802
87 1803
87 1801
87 1804
87 1812
87 1828
87 1536
87 1537
87 1538
87 1420
87 1851
87 1856
88 162
88 284
88 289
88 573
88 618
88 499
88 500
88 275
88 260
88 813
88 177
88 232
88 410
88 208
88 881
88 163
88 630
88 591
88 413
88 274
88 712
88 251
88 742
88 666
88 949
88 90
88 91
88 494
88 495
88 496
88 166
88 93
88 266
88 311
88 574
88 106
88 107
88 617
88 100
88 1474
88 1196
88 1356
88 1798
88 1406
88 1799
88 1800
88 1694
88 1802
88 1803
88 1812
88 1828
88 1420
88 1856
89 112
89 155
89 272
89 401
89 476
89 324
89 607
89 763
89 252
89 105
89 833
89 764
89 296
89 245
89 409
89 208
89 891
89 156
89 789
89 927
89 769
89 508
89 277
89 475
89 945
89 376
89 380
89 381
89 382
89 386
89 840
89 963
89 157
89 302
89 370
89 560
89 153
89 154
89 165
89 851
89 973
89 91
89 158
89 922
89 923
89 92
89 520
89 919
89 121
89 521
89 583
89 585
89 266
89 641
89 94
89 914
89 134
89 135
89 1055
89 1056
89 1138
89 1221
89 1316
89 1327
89 1422
89 1314
89 1315
89 1545
89 1556
89 1590
89 1591
89 1592
89 1716
89 1074
89 1753
89 1823
89 1245
90 162
90 227
90 236
90 238
90 272
90 281
90 284
90 286
90 198
90 352
90 353
90 359
90 398
90 401
90 345
90 502
90 504
90 505
90 506
90 609
90 613
90 618
90 623
90 346
90 498
90 347
90 282
90 250
90 558
90 559
90 403
90 338
90 500
90 259
90 396
90 765
90 405
90 252
90 406
90 105
90 206
90 260
90 229
90 230
90 276
90 824
90 408
90 675
90 841
90 231
90 721
90 835
90 244
90 245
90 409
90 232
90 863
90 490
90 137
90 692
90 693
90 694
90 681
90 682
90 410
90 683
90 684
90 678
90 208
90 209
90 397
90 210
90 698
90 115
90 357
90 881
90 658
90 253
90 163
90 164
90 630
90 647
90 883
90 562
90 508
90 606
90 350
90 254
90 832
90 129
90 130
90 131
90 132
90 287
90 199
90 256
90 278
90 279
90 973
90 280
90 274
90 712
90 251
90 666
90 690
90 431
90 363
90 495
90 974
90 166
90 92
90 416
90 501
90 265
90 584
90 585
90 586
90 801
90 351
90 266
90 641
90 488
90 94
90 134
90 358
90 455
90 257
90 700
90 246
90 400
90 614
90 615
90 617
90 100
90 101
90 1232
90 1233
90 1236
90 1237
90 1278
90 1279
90 1280
90 1295
90 1298
90 1323
90 1353
90 1365
90 1376
90 1234
90 1235
90 1445
90 1448
90 1502
90 1503
90 1324
90 1462
90 1379
90 1600
90 1603
90 1605
90 1607
90 1308
90 1623
90 1642
90 1658
90 1660
90 1666
90 1140
90 1711
90 1726
90 1728
90 1732
90 1735
90 1446
90 1447
90 1758
90 1764
90 1765
90 1779
90 1355
90 1783
90 1790
90 1793
90 1356
90 1406
90 1694
90 1803
90 1562
90 1831
90 1841
90 1842
90 1843
90 1845
90 1150
90 1651
91 162
91 205
91 227
91 236
91 238
91 272
91 281
91 284
91 286
91 292
91 198
91 352
91 353
91 359
91 398
91 401
91 428
91 457
91 345
91 502
91 504
91 505
91 506
91 555
91 356
91 613
91 618
91 623
91 346
91 498
91 639
91 643
91 282
91 250
91 558
91 559
91 403
91 672
91 325
91 326
91 509
91 338
91 500
91 259
91 396
91 765
91 766
91 405
91 252
91 406
91 105
91 206
91 809
91 260
91 645
91 229
91 230
91 276
91 824
91 408
91 675
91 104
91 328
91 835
91 567
91 244
91 245
91 626
91 409
91 621
91 232
91 863
91 864
91 233
91 360
91 361
91 330
91 681
91 682
91 410
91 683
91 684
91 678
91 208
91 209
91 397
91 210
91 698
91 357
91 881
91 658
91 910
91 253
91 163
91 164
91 630
91 931
91 647
91 883
91 562
91 508
91 435
91 606
91 350
91 475
91 271
91 383
91 384
91 339
91 387
91 388
91 389
91 390
91 254
91 832
91 261
91 262
91 263
91 264
91 199
91 278
91 279
91 973
91 280
91 274
91 124
91 125
91 712
91 251
91 564
91 510
91 111
91 666
91 690
91 431
91 363
91 148
91 495
91 974
91 166
91 92
91 416
91 392
91 501
91 913
91 265
91 93
91 583
91 584
91 585
91 586
91 801
91 351
91 266
91 641
91 393
91 134
91 358
91 455
91 257
91 700
91 246
91 400
91 614
91 615
91 617
91 101
91 992
91 995
91 1053
91 1096
91 1148
91 1168
91 1200
91 1201
91 1233
91 1236
91 1237
91 1278
91 1279
91 1280
91 1298
91 1323
91 1329
91 1353
91 1354
91 1365
91 1376
91 1234
91 1235
91 1440
91 1444
91 1445
91 1448
91 1491
91 1533
91 1502
91 1503
91 1324
91 1462
91 1379
91 1600
91 1603
91 1605
91 1607
91 1308
91 1623
91 1642
91 1666
91 1140
91 1711
91 1577
91 1726
91 1727
91 1728
91 1732
91 1446
91 1447
91 1758
91 1760
91 1725
91 1764
91 1765
91 1779
91 1355
91 1783
91 1790
91 1788
91 1793
91 1356
91 1406
91 1694
91 1803
91 1562
91 1831
91 1841
91 1842
91 1843
91 1845
91 1150
91 1651
92 272
92 289
92 198
92 493
92 623
92 643
92 499
92 558
92 348
92 500
92 229
92 230
92 144
92 689
92 835
92 244
92 245
92 863
92 692
92 693
92 694
92 681
92 682
92 410
92 683
92 684
92 678
92 208
92 209
92 397
92 210
92 357
92 658
92 164
92 920
92 606
92 173
92 316
92 141
92 176
92 237
92 152
92 702
92 416
92 93
92 815
92 816
92 817
92 1067
92 1068
92 1167
92 1231
92 1435
92 1235
92 1515
92 1541
92 1559
92 1160
92 1653
92 1686
92 1800
92 1829
92 1830
92 1845
92 1846
92 1516
93 162
93 227
93 269
93 272
93 281
93 286
93 292
93 352
93 353
93 334
93 335
93 507
93 487
93 563
93 402
93 571
93 609
93 638
93 346
93 498
93 338
93 500
93 259
93 275
93 610
93 252
93 800
93 206
93 285
93 407
93 276
93 826
93 824
93 408
93 673
93 421
93 835
93 565
93 561
93 245
93 409
93 657
93 329
93 201
93 681
93 682
93 695
93 696
93 336
93 754
93 684
93 678
93 208
93 209
93 397
93 676
93 357
93 881
93 116
93 163
93 164
93 562
93 411
93 412
93 309
93 606
93 235
93 271
93 591
93 413
93 386
93 339
93 699
93 832
93 332
93 256
93 278
93 279
93 501
93 265
93 1145
93 280
93 560
93 251
93 564
93 431
93 148
93 416
93 582
93 583
93 585
93 586
93 608
93 801
93 351
93 266
93 1070
93 419
93 311
93 455
93 106
93 1269
93 1277
93 1290
93 1352
93 1389
93 1483
93 1498
93 1515
93 1525
93 1576
93 1546
93 1462
93 1605
93 1062
93 1633
93 1665
93 1565
93 1484
93 1705
93 1764
93 1355
93 1789
93 1799
93 1811
93 1845
93 1367
93 1651
94 323
94 398
94 401
94 607
94 275
94 104
94 421
94 177
94 232
94 329
94 336
94 208
94 397
94 163
94 164
94 308
94 508
94 271
94 965
94 928
94 964
94 952
94 953
94 954
94 955
94 956
94 128
94 492
94 120
94 1004
94 1064
94 1065
94 1119
94 1137
94 340
94 341
94 351
94 1086
94 1329
94 1345
94 1365
94 166
94 416
94 1375
94 134
94 135
94 136
94 342
94 1544
94 1297
95 269
95 500
95 397
95 411
95 412
95 309
95 865
95 866
95 508
95 435
95 277
95 606
95 235
95 350
95 944
95 591
95 413
95 832
95 120
95 267
95 419
95 280
95 166
95 416
95 100
95 1706
96 269
96 338
96 500
96 397
96 411
96 412
96 309
96 865
96 866
96 508
96 435
96 277
96 606
96 235
96 350
96 944
96 591
96 413
96 832
96 120
96 267
96 419
96 280
96 166
96 416
96 100
96 1706
97 269
97 338
97 500
97 397
97 164
97 660
97 411
97 412
97 309
97 865
97 866
97 508
97 435
97 277
97 606
97 235
97 350
97 944
97 591
97 413
97 832
97 120
97 267
97 419
97 280
97 111
97 166
97 416
97 617
97 100
97 1711
97 1706
98 269
98 338
98 500
98 397
98 164
98 660
98 411
98 412
98 309
98 865
98 866
98 508
98 435
98 277
98 606
98 235
98 350
98 944
98 591
98 413
98 832
98 120
98 267
98 419
98 280
98 111
98 166
98 416
98 617
98 100
98 1711
98 1706
99 269
99 338
99 500
99 765
99 409
99 397
99 164
99 660
99 411
99 412
99 309
99 865
99 866
99 508
99 435
99 277
99 606
99 235
99 350
99 944
99 591
99 413
99 832
99 120
99 267
99 419
99 280
99 111
99 166
99 416
99 617
99 100
99 1711
99 1473
99 1706
100 162
100 236
100 248
100 242
100 269
100 272
100 281
100 286
100 354
100 359
100 448
100 609
100 618
100 620
100 622
100 347
100 282
100 250
100 338
100 725
100 765
100 206
100 260
100 827
100 276
100 826
100 824
100 831
100 177
100 835
100 244
100 409
100 863
100 874
100 360
100 361
100 410
100 683
100 684
100 678
100 208
100 209
100 397
100 210
100 253
100 164
100 611
100 277
100 606
100 350
100 631
100 591
100 413
100 386
100 254
100 199
100 265
100 1371
100 1372
100 1373
100 1374
100 1376
100 1408
100 1445
100 1535
100 1584
100 941
100 1379
100 943
100 1084
100 1612
100 1140
100 1706
100 1447
100 1779
100 1355
100 106
100 246
100 1356
100 400
100 1406
100 1694
100 1812
100 616
100 950
100 107
100 1562
100 166
100 416
100 1651
100 1856
101 162
101 284
101 289
101 573
101 618
101 499
101 500
101 275
101 712
101 251
101 742
101 260
101 177
101 666
101 232
101 410
101 881
101 163
101 630
101 271
101 591
101 413
101 949
101 254
101 166
101 266
101 1338
101 134
101 311
101 574
101 815
101 816
101 1196
101 1356
101 1798
101 1406
101 1802
101 1803
101 1812
101 1828
101 107
101 617
101 1420
101 343
101 1856
102 103
102 104
102 1106
102 1309
102 1409
102 1519
102 1667
102 1676
103 180
103 181
103 182
103 183
103 184
103 185
103 188
103 190
104 206
104 835
104 409
104 492
104 1651
104 1245
104 1850
105 205
105 398
105 401
105 427
105 609
105 509
105 645
105 285
105 567
105 490
105 805
105 681
105 682
105 695
105 696
105 697
105 753
105 336
105 754
105 755
105 756
105 410
105 683
105 684
105 678
105 208
105 209
105 397
105 210
105 698
105 658
105 435
105 699
105 148
105 416
105 801
105 351
105 488
105 134
105 700
105 106
106 323
106 507
106 356
106 620
106 622
106 623
106 347
106 509
106 259
106 396
106 766
106 206
106 229
106 230
106 625
106 409
106 232
106 863
106 137
106 330
106 753
106 336
106 754
106 755
106 756
106 698
106 357
106 881
106 475
106 271
106 691
106 387
106 388
106 389
106 390
106 832
106 195
106 129
106 130
106 131
106 132
106 392
106 501
106 341
106 1266
106 266
106 641
106 1614
106 455
106 257
106 1755
106 510
106 1808
106 1832
107 242
107 613
107 618
107 620
107 622
107 623
107 863
107 360
107 361
107 330
107 698
107 115
107 357
107 1307
107 570
107 1375
107 246
107 616
107 110
107 111
107 1562
108 109
108 1677
110 143
110 227
110 639
110 556
110 153
110 285
110 154
110 144
110 126
110 850
110 874
110 137
110 681
110 682
110 410
110 683
110 684
110 678
110 208
110 209
110 397
110 210
110 261
110 262
110 263
110 264
110 1258
110 570
110 1375
110 951
110 134
110 911
110 1682
110 455
110 257
110 400
110 614
110 615
110 617
110 1848
110 1367
111 143
111 227
111 359
111 427
111 428
111 458
111 618
111 639
111 556
111 690
111 431
111 850
111 148
111 409
111 734
111 735
111 736
111 737
111 874
111 882
111 681
111 682
111 410
111 683
111 684
111 678
111 208
111 209
111 397
111 210
111 357
111 253
111 601
111 435
111 235
111 128
111 261
111 262
111 263
111 264
111 129
111 130
111 131
111 132
111 1009
111 1179
111 1258
111 1295
111 641
111 570
111 951
111 134
111 911
111 135
111 136
111 1682
111 757
111 455
111 257
111 246
111 400
111 614
111 1800
111 615
111 616
111 617
111 1846
111 1848
111 1367
112 113
112 122
112 123
112 124
112 125
112 126
112 127
112 128
112 129
112 130
112 131
112 132
112 133
112 134
112 135
112 136
112 1545
112 1547
113 137
114 610
114 811
114 818
114 245
114 695
114 516
114 475
114 376
114 377
114 378
114 379
114 380
114 381
114 382
114 148
114 166
114 1782
114 1784
114 1788
115 272
115 881
115 116
115 591
115 615
115 1543
115 1762
116 398
116 401
116 687
116 688
116 144
116 842
116 843
116 844
116 845
116 846
116 847
116 848
116 849
116 852
116 853
116 854
116 297
116 298
116 299
116 232
116 898
116 119
116 492
116 302
116 303
116 886
116 887
116 888
116 889
116 134
116 1540
116 1656
116 1428
117 222
117 373
117 957
117 133
118 373
118 830
118 721
118 795
118 387
118 388
118 389
118 390
118 957
118 392
119 323
119 437
119 206
119 137
119 410
119 273
119 124
119 125
119 153
119 154
119 814
119 266
119 134
119 1295
119 1603
120 198
120 325
120 326
120 776
120 561
120 566
120 137
120 329
120 331
120 529
120 930
120 383
120 384
120 365
120 261
120 262
120 263
120 264
120 173
120 316
120 337
120 129
120 130
120 131
120 132
120 141
120 176
120 237
120 152
120 913
120 393
120 941
120 942
120 943
120 892
120 1073
120 1168
120 1272
120 1357
120 1460
120 1486
120 1160
120 1637
120 1706
120 1074
120 1838
120 1839
121 156
121 157
121 158
121 141
121 176
121 237
121 152
121 168
121 1358
121 1297
121 1703
122 370
122 275
122 396
122 206
122 397
122 210
122 277
122 386
122 134
122 1789
123 370
123 275
123 396
123 206
123 397
123 210
123 277
123 386
123 134
123 1789
124 401
124 367
124 634
124 338
124 681
124 682
124 410
124 683
124 684
124 678
124 208
124 209
124 397
124 210
124 877
124 173
124 195
124 976
124 133
124 1540
124 310
124 1631
124 1679
124 1752
124 1760
125 203
125 323
125 401
125 367
125 293
125 634
125 667
125 338
125 681
125 682
125 410
125 683
125 684
125 678
125 208
125 209
125 397
125 210
125 611
125 294
125 339
125 877
125 173
125 195
125 976
125 133
125 1540
125 310
125 1631
125 1679
125 1752
125 1760
126 366
126 344
126 544
126 218
126 370
126 367
126 835
126 734
126 735
126 736
126 737
126 210
126 225
126 837
126 778
126 838
126 473
126 746
126 839
126 601
126 777
126 443
126 386
126 365
126 517
126 840
126 128
126 131
126 333
126 134
126 135
126 136
126 1016
126 1602
126 1655
126 1396
126 1737
126 1166
127 524
127 527
127 466
127 467
127 600
127 734
127 735
127 736
127 737
127 601
127 153
127 916
127 128
127 135
127 136
127 1319
127 1320
127 1321
127 1780
127 1805
128 155
128 612
128 347
128 275
128 733
128 738
128 739
128 740
128 741
128 540
128 541
128 542
128 543
128 544
128 545
128 546
128 744
128 745
128 547
128 743
128 748
128 749
128 750
128 751
128 349
128 368
128 874
128 684
128 225
128 837
128 331
128 526
128 875
128 277
128 170
128 386
128 876
128 877
128 283
128 273
128 522
128 274
128 154
128 747
128 702
128 166
128 1545
128 1547
128 1438
128 1551
128 1552
128 1553
128 1554
128 1555
128 1556
128 1569
128 1342
128 1680
128 1778
128 1807
128 1651
129 143
129 507
129 470
129 338
129 640
129 275
129 751
129 528
129 276
129 177
129 835
129 232
129 209
129 881
129 778
129 948
129 337
129 196
129 218
129 240
129 273
129 973
129 919
129 134
129 1659
129 1660
129 1396
129 1662
129 1575
129 1663
129 1664
129 1665
129 1342
129 1666
129 1667
129 1343
129 1565
129 1344
130 143
130 507
130 470
130 338
130 640
130 275
130 751
130 528
130 276
130 177
130 835
130 232
130 209
130 881
130 778
130 948
130 337
130 196
130 218
130 240
130 273
130 973
130 134
130 1659
130 1660
130 1396
130 1662
130 1575
130 1663
130 1664
130 1665
130 1342
130 1666
130 1667
130 1343
130 1565
130 1344
131 143
131 507
131 470
131 338
131 640
131 275
131 751
131 528
131 610
131 276
131 177
131 835
131 232
131 209
131 881
131 778
131 516
131 948
131 337
131 196
131 218
131 240
131 273
131 973
131 134
131 1659
131 1660
131 1396
131 1662
131 1575
131 1663
131 1664
131 1665
131 1342
131 1666
131 1667
131 1343
131 1565
131 1344
132 143
132 507
132 470
132 338
132 640
132 275
132 751
132 528
132 610
132 276
132 177
132 835
132 232
132 209
132 881
132 778
132 933
132 948
132 337
132 196
132 218
132 240
132 273
132 973
132 1657
132 1658
132 1659
132 1660
132 1396
132 1662
132 1575
132 1663
132 1664
132 1665
132 1342
132 1666
132 1667
132 1343
132 1565
132 1344
133 323
133 486
133 487
133 409
133 490
133 1259
133 724
133 237
133 152
133 1070
133 488
133 1335
133 1550
133 1597
133 1705
134 162
134 200
134 258
134 305
134 292
134 487
134 470
134 524
134 527
134 525
134 535
134 607
134 637
134 642
134 346
134 347
134 514
134 500
134 720
134 396
134 758
134 767
134 489
134 799
134 252
134 206
134 842
134 421
134 835
134 244
134 190
134 871
134 490
134 137
134 329
134 209
134 210
134 881
134 253
134 595
134 596
134 597
134 936
134 308
134 412
134 866
134 277
134 350
134 475
134 271
134 386
134 294
134 339
134 832
134 963
134 492
134 414
134 337
134 415
134 851
134 973
134 417
134 990
134 333
134 1164
134 340
134 801
134 351
134 1288
134 266
134 1317
134 1318
134 1319
134 1320
134 1329
134 488
134 592
134 1375
134 1443
134 1471
134 1486
134 1532
134 218
134 280
134 560
134 251
134 153
134 154
134 166
134 310
134 358
134 257
134 400
134 615
134 1560
134 1563
134 1084
134 1684
134 1695
134 1709
134 1703
134 1789
134 1268
134 1683
134 1834
134 1835
134 1836
134 1837
134 1367
134 1651
135 155
135 162
135 347
135 275
135 733
135 738
135 739
135 740
135 741
135 540
135 541
135 542
135 543
135 544
135 545
135 546
135 744
135 745
135 547
135 743
135 748
135 749
135 750
135 751
135 349
135 368
135 874
135 684
135 225
135 837
135 331
135 526
135 875
135 277
135 386
135 876
135 877
135 1438
135 1551
135 1552
135 1554
135 1555
135 1556
135 1569
135 1342
135 283
135 273
135 522
135 274
135 154
135 747
135 702
135 166
135 455
135 1680
135 1778
135 1807
135 1651
136 155
136 162
136 612
136 347
136 275
136 733
136 738
136 739
136 740
136 741
136 540
136 541
136 542
136 543
136 544
136 545
136 546
136 744
136 745
136 547
136 743
136 748
136 749
136 750
136 751
136 349
136 368
136 204
136 874
136 684
136 225
136 837
136 331
136 526
136 875
136 277
136 386
136 876
136 877
136 1438
136 1551
136 1552
136 1553
136 1554
136 1555
136 1556
136 1569
136 1342
136 283
136 273
136 522
136 1680
136 274
136 154
136 747
136 702
136 166
136 455
136 1778
136 1807
136 1651
137 398
137 396
137 610
137 177
137 835
137 565
137 410
137 210
137 881
137 611
137 350
137 386
137 391
137 166
137 590
137 266
137 1525
137 1526
137 1347
137 1633
138 139
138 1630
139 140
140 1630
141 142
141 145
141 146
141 147
141 149
141 150
141 153
141 154
141 165
141 166
141 975
141 158
141 589
141 922
141 923
141 797
141 518
141 519
141 924
141 602
141 976
141 780
141 977
141 939
141 929
141 979
141 980
141 981
141 982
141 520
141 653
141 654
141 986
141 987
141 925
141 590
141 988
141 685
141 962
141 919
141 392
141 521
141 999
141 978
142 176
142 196
142 218
142 240
142 283
142 317
142 237
142 152
143 144
143 148
143 1239
143 1240
144 346
144 338
144 433
144 835
144 736
144 682
144 254
145 176
145 218
145 240
145 283
145 317
145 237
145 152
145 634
145 661
145 662
145 663
145 320
145 321
145 322
145 664
145 665
145 989
145 1430
146 152
146 165
146 634
147 152
147 165
147 634
148 151
148 155
148 159
148 162
148 167
148 169
148 171
148 174
148 175
148 178
148 398
148 485
148 399
148 622
148 646
148 514
148 707
148 708
148 710
148 711
148 713
148 714
148 275
148 733
148 739
148 396
148 237
148 152
148 568
148 177
148 190
148 676
148 881
148 164
148 475
148 271
148 591
148 170
148 202
148 877
148 969
148 280
148 166
148 961
148 661
148 322
148 1045
148 266
148 455
148 257
148 614
148 617
149 176
149 186
149 457
149 593
149 594
149 560
149 251
149 237
149 152
149 153
149 154
149 634
149 320
149 321
149 322
149 172
149 971
149 1640
149 1641
149 1642
149 1760
149 1761
150 176
150 186
150 457
150 525
150 593
150 594
150 560
150 251
150 237
150 152
150 153
150 154
150 634
150 320
150 321
150 322
150 971
150 1640
150 1641
150 1642
150 1833
150 1834
150 1835
150 1836
150 1837
151 152
151 1717
152 236
152 180
152 181
152 182
152 183
152 184
152 185
152 456
152 598
152 651
152 775
152 374
152 375
152 153
152 154
152 165
152 166
152 634
152 416
152 662
152 663
152 320
152 321
152 322
152 297
152 298
152 299
152 657
152 880
152 319
152 597
152 959
152 966
152 972
152 302
152 303
152 975
152 158
152 589
152 922
152 923
152 797
152 518
152 519
152 924
152 602
152 976
152 780
152 977
152 939
152 929
152 979
152 980
152 981
152 982
152 520
152 653
152 654
152 986
152 987
152 925
152 590
152 988
152 685
152 962
152 919
152 392
152 521
152 999
152 1185
152 1187
152 1194
152 1214
152 1260
152 1352
152 978
152 1518
152 1534
152 1556
152 1640
152 1641
152 1107
152 1762
152 1815
153 176
153 273
153 367
153 632
153 560
153 712
153 251
153 742
153 237
153 634
153 662
153 859
153 473
153 516
153 526
153 904
153 905
153 906
153 907
153 908
153 902
153 900
153 903
153 876
153 901
153 517
153 332
153 840
153 963
153 965
153 928
153 964
153 952
153 953
153 954
153 955
153 956
153 966
153 877
153 261
153 262
153 263
153 264
153 967
153 968
153 969
153 970
153 157
153 971
153 972
153 300
153 301
153 173
153 316
153 195
153 302
153 303
153 414
153 337
153 521
153 340
153 1399
153 1400
153 978
153 1439
153 1512
153 1815
154 176
154 273
154 367
154 560
154 712
154 251
154 742
154 237
154 634
154 662
154 904
154 905
154 906
154 907
154 908
154 902
154 900
154 903
154 876
154 901
154 517
154 332
154 840
154 963
154 965
154 928
154 964
154 952
154 953
154 954
154 955
154 956
154 966
154 877
154 492
154 261
154 262
154 263
154 264
154 967
154 968
154 969
154 970
154 157
154 971
154 972
154 300
154 301
154 173
154 316
154 195
154 302
154 303
154 414
154 337
154 521
154 340
154 978
155 156
155 157
155 158
156 423
156 796
156 798
156 809
156 918
156 919
156 1712
156 1115
156 1713
156 1577
157 344
157 766
157 718
157 919
157 1108
157 1663
157 1410
158 423
158 796
158 798
158 809
158 918
158 176
158 237
158 797
158 919
158 1712
158 1115
158 1713
158 1714
158 1577
158 1819
159 160
159 161
160 280
160 365
160 267
160 1587
160 1588
160 1589
161 280
161 365
161 267
161 1587
161 1588
161 1589
162 163
162 164
163 352
163 353
163 452
163 345
163 498
163 673
163 421
163 625
163 621
163 233
163 234
163 164
163 912
163 416
163 1280
163 1281
163 1289
163 1379
163 1694
163 1562
164 227
164 236
164 238
164 452
164 623
164 347
164 325
164 326
164 275
164 645
164 276
164 231
164 328
164 244
164 245
164 625
164 621
164 863
164 360
164 361
164 330
164 676
164 357
164 253
164 274
164 912
164 508
164 277
164 235
164 350
164 254
164 166
164 416
164 913
164 914
164 358
164 246
164 802
164 803
164 1008
164 1021
164 1031
164 1168
164 1170
164 1231
164 1281
164 1289
164 1354
164 1371
164 1407
164 1508
164 1547
164 1560
164 1379
164 1084
164 1160
164 1613
164 1642
164 1656
164 1171
164 1727
164 1706
164 1765
164 1694
164 1831
165 176
165 470
165 701
165 705
165 706
165 707
165 708
165 710
165 711
165 713
165 714
165 733
165 738
165 739
165 237
165 790
165 791
165 792
165 875
165 960
165 877
165 961
165 969
165 821
165 1275
165 1458
165 1459
165 1593
165 1792
166 176
166 323
166 523
166 402
166 609
166 623
166 639
166 668
166 325
166 326
166 705
166 706
166 707
166 708
166 710
166 711
166 713
166 714
166 739
166 776
166 237
166 285
166 561
166 621
166 329
166 331
166 529
166 660
166 611
166 271
166 631
166 365
166 960
166 969
166 337
166 961
166 342
166 1011
166 1048
166 1054
166 340
166 341
166 1213
166 801
166 351
166 1352
166 1354
166 267
166 941
166 1594
166 942
166 943
166 892
166 1637
166 455
166 257
166 1735
166 1755
166 1757
166 1446
166 1447
166 1838
166 1839
167 168
168 169
168 338
168 881
168 832
168 280
168 1070
168 1358
168 1347
168 1633
169 170
169 1752
170 171
170 485
170 470
170 206
170 280
170 273
170 339
170 957
170 261
170 262
170 263
170 264
170 414
170 661
170 1294
170 1347
170 1752
171 172
171 173
172 707
172 717
172 949
172 173
172 316
172 570
172 1786
173 312
173 458
173 632
173 326
173 781
173 405
173 260
173 285
173 568
173 276
173 314
173 315
173 682
173 411
173 606
173 350
173 948
173 413
173 949
173 492
173 263
173 264
173 300
173 301
173 661
173 913
173 265
173 570
173 419
173 1512
173 1760
173 1761
173 1762
173 1337
173 1763
173 1764
173 1765
173 1766
173 1786
173 1815
173 1843
173 1849
174 175
175 177
176 456
176 598
176 651
176 297
176 298
176 299
176 880
176 387
176 388
176 389
176 390
176 966
176 302
176 303
176 975
176 589
176 922
176 923
176 797
176 518
176 519
176 924
176 602
176 976
176 780
176 977
176 939
176 929
176 979
176 980
176 981
176 982
176 520
176 653
176 654
176 986
176 987
176 925
176 590
176 988
176 685
176 962
176 919
176 392
176 521
176 999
176 1260
176 978
176 1556
177 398
177 401
177 486
177 487
177 639
177 338
177 375
177 206
177 576
177 577
177 578
177 579
177 580
177 204
177 328
177 280
177 564
177 835
177 561
177 753
177 336
177 754
177 755
177 756
177 676
177 253
177 435
177 271
177 195
177 414
177 265
177 574
177 455
177 257
177 1046
177 1119
177 1366
177 1369
177 1412
177 1435
177 1510
177 1596
177 1695
177 1794
179 180
179 181
179 182
179 183
179 184
179 185
179 1142
180 186
180 187
180 318
180 319
180 320
180 321
180 322
181 186
181 187
181 318
181 319
181 320
181 321
181 322
182 186
182 187
182 318
182 319
182 320
182 321
182 322
183 186
183 187
183 318
183 319
183 320
183 321
183 322
184 186
184 187
184 318
184 319
184 320
184 321
184 322
185 186
185 187
185 318
185 319
185 320
185 321
185 322
186 1533
186 1696
186 1760
186 1761
187 188
187 189
187 190
187 1047
188 189
188 871
188 872
188 475
188 873
188 1252
188 1306
188 1709
189 190
189 871
189 872
189 1197
190 871
190 872
190 475
190 873
190 1252
190 1306
190 1709
191 192
191 193
192 193
192 1018
192 1148
194 195
195 324
195 643
195 489
195 799
195 206
195 285
195 329
195 681
195 682
195 410
195 683
195 684
195 208
195 209
195 397
195 210
195 865
195 365
195 254
195 332
195 690
195 939
195 685
195 265
195 641
195 267
195 1085
195 1128
195 1087
195 1463
195 1565
195 1724
195 1337
195 1196
195 1074
196 677
196 679
196 368
196 528
196 776
196 779
196 374
196 375
196 721
196 296
196 297
196 298
196 299
196 529
196 386
196 302
196 303
196 1574
197 198
197 199
198 258
198 344
198 345
198 346
198 347
198 348
198 349
198 252
198 235
198 350
198 294
198 351
198 310
198 1064
198 1085
198 1442
198 1497
198 1526
198 1532
198 1831
198 1651
199 275
199 834
199 864
199 360
199 361
199 330
199 279
199 973
200 201
200 202
201 292
201 334
201 335
201 563
201 425
201 571
201 572
201 610
201 565
201 862
201 564
201 510
201 695
201 696
201 697
201 881
201 658
201 293
201 883
201 294
201 339
201 699
201 582
201 608
201 801
201 351
201 1175
201 1176
201 1177
201 1199
201 1532
201 1330
201 1499
201 1500
201 1501
201 1502
201 1503
201 1504
201 1810
201 1824
201 1367
202 292
202 373
202 293
202 869
202 294
202 339
202 957
202 1532
202 1330
203 204
204 259
204 349
204 835
204 1543
205 206
205 207
205 208
205 209
205 210
206 598
206 282
206 348
206 509
206 273
206 645
206 576
206 577
206 578
206 579
206 580
206 224
206 561
206 567
206 490
206 681
206 682
206 695
206 696
206 697
206 753
206 336
206 754
206 755
206 756
206 410
206 683
206 684
206 678
206 208
206 209
206 397
206 210
206 698
206 808
206 676
206 357
206 658
206 699
206 416
206 340
206 341
206 801
206 351
206 488
206 757
206 455
206 257
206 700
206 246
206 342
206 1366
206 1368
206 1369
206 1370
206 1496
206 1637
206 1656
206 1849
207 211
207 324
207 509
207 500
207 835
207 567
207 245
207 409
207 363
207 330
207 695
207 341
208 428
208 680
208 325
208 326
208 348
208 509
208 338
208 500
208 259
208 640
208 396
208 285
208 576
208 577
208 578
208 579
208 580
208 328
208 835
208 567
208 232
208 805
208 360
208 361
208 330
208 881
208 648
208 649
208 884
208 885
208 308
208 832
208 415
208 851
208 501
208 266
208 641
209 428
209 239
209 680
209 325
209 326
209 348
209 509
209 338
209 500
209 259
209 640
209 396
209 285
209 580
209 328
209 835
209 567
209 232
209 360
209 361
209 330
209 881
209 884
209 885
209 308
209 832
209 415
209 851
209 501
209 266
209 641
210 680
210 325
210 326
210 348
210 509
210 338
210 500
210 259
210 640
210 396
210 285
210 580
210 328
210 721
210 835
210 567
210 805
210 360
210 361
210 330
210 881
210 884
210 885
210 308
210 832
210 415
210 851
210 501
210 266
210 641
210 1142
210 1782
210 1784
212 213
213 214
213 215
214 1261
215 439
215 1781
216 217
216 1162
216 1163
216 1183
216 1403
216 1648
218 368
218 528
218 776
218 779
218 374
218 375
218 781
218 721
218 529
218 386
218 339
218 387
218 388
218 389
218 390
218 392
219 220
219 1636
222 223
222 224
222 225
222 1203
222 1204
222 1271
223 226
224 861
224 588
224 1151
224 1772
224 1773
225 466
225 467
225 600
225 734
225 735
225 736
225 737
225 601
225 747
225 777
225 440
225 441
225 442
225 443
225 445
226 1192
227 228
227 229
227 230
227 231
227 232
227 233
227 234
227 235
227 1407
227 1506
227 1508
227 1566
227 1160
227 1615
228 236
228 238
229 558
229 500
229 276
229 826
229 824
229 231
229 232
229 678
229 253
229 254
229 501
229 641
229 1726
229 1727
229 1196
229 1802
230 623
230 558
230 500
230 276
230 826
230 824
230 231
230 232
230 678
230 254
230 501
230 641
230 1640
230 1726
230 1727
230 1196
230 1802
231 338
231 500
231 406
231 835
231 232
231 1779
231 1355
232 607
232 623
232 338
232 328
232 835
232 863
232 490
232 753
232 336
232 754
232 755
232 756
232 410
232 357
232 253
232 271
232 869
232 492
232 287
232 415
232 851
232 416
232 265
232 488
232 1292
232 1293
232 1294
232 1295
232 1298
232 1299
232 1086
232 1359
232 1389
232 1392
232 1451
232 1460
232 1701
232 1750
232 1817
233 243
233 623
233 831
233 245
233 863
233 874
233 330
233 357
233 631
233 832
233 1560
233 1642
233 1831
234 831
234 408
234 675
234 245
234 874
234 330
234 832
234 1560
234 1642
234 1831
235 236
235 238
235 261
235 262
235 263
235 264
235 416
235 942
235 943
235 892
235 246
235 1359
235 1407
235 1508
235 1616
236 237
236 1407
236 1419
236 1506
236 1508
236 1566
236 1160
236 1615
236 1847
237 456
237 598
237 651
237 775
237 634
237 416
237 662
237 663
237 320
237 321
237 322
237 297
237 298
237 299
237 657
237 880
237 319
237 597
237 959
237 963
237 966
237 972
237 302
237 303
237 975
237 589
237 922
237 923
237 797
237 518
237 519
237 924
237 602
237 976
237 780
237 977
237 939
237 929
237 979
237 980
237 981
237 982
237 520
237 653
237 654
237 986
237 987
237 925
237 590
237 685
237 962
237 919
237 392
237 521
237 999
237 1185
237 1187
237 1194
237 1214
237 1260
237 1352
237 978
237 1518
237 1556
237 1640
237 1641
237 1107
237 1762
237 1815
238 239
238 1407
238 1506
238 1508
238 1566
238 1160
238 1615
239 269
239 275
239 657
239 357
239 658
239 659
239 660
239 413
239 1049
239 1196
240 368
240 528
240 776
240 779
240 374
240 375
240 781
240 529
240 386
240 339
240 989
240 1058
240 1574
241 242
241 243
241 244
241 245
241 246
241 1307
241 1608
242 247
242 248
242 249
242 243
242 250
242 251
242 252
242 253
242 254
243 247
243 345
243 357
243 358
243 1307
243 1607
243 1308
243 1608
243 1609
243 1793
243 1562
243 1846
244 247
244 326
244 274
244 625
244 863
244 864
244 360
244 361
244 330
244 747
244 617
244 1168
244 1560
244 1324
244 1062
244 1446
244 1447
245 639
245 326
245 831
245 408
245 675
245 274
245 625
245 863
245 329
245 747
245 801
245 351
245 455
245 257
245 617
245 1168
245 1170
245 1231
245 1295
245 1392
245 1451
245 1560
245 1324
245 1062
245 1701
245 1446
245 1447
246 272
246 281
246 284
246 286
246 468
246 346
246 499
246 338
246 275
246 396
246 252
246 834
246 835
246 864
246 657
246 874
246 361
246 330
246 277
246 350
246 279
246 973
246 1088
246 1157
246 1209
246 1210
246 1219
246 266
246 1328
246 1353
246 1363
246 1365
246 1389
246 1509
246 1446
246 1447
246 1759
246 363
246 400
246 614
246 615
246 616
246 617
246 1406
246 1651
246 1856
247 1307
248 1307
248 1562
249 1307
249 1606
249 1562
250 555
250 643
250 672
250 673
250 421
250 674
250 254
250 1106
250 1307
250 1669
250 1670
250 1671
250 1672
250 1562
250 1420
251 457
251 345
251 555
251 639
251 672
251 634
251 416
251 260
251 253
251 949
251 1307
251 1354
251 1539
251 1693
251 455
251 257
251 1406
251 1562
252 609
252 564
252 510
252 256
252 278
252 279
252 801
252 351
252 1307
253 258
253 355
253 452
253 345
253 497
253 555
253 356
253 581
253 638
253 347
253 672
253 514
253 396
253 374
253 375
253 822
253 408
253 805
253 360
253 361
253 330
253 753
253 676
253 746
253 910
253 453
253 454
253 280
253 912
253 891
253 475
253 365
253 414
253 780
253 590
253 333
253 267
253 268
253 311
253 802
253 803
253 998
253 1025
253 1133
253 1179
253 1201
253 1253
253 1131
253 1280
253 1281
253 1289
253 1307
253 1371
253 1401
253 1440
253 1479
253 1497
253 1507
253 1539
253 1432
253 1665
253 1682
253 1561
253 1473
253 1789
253 1694
253 1562
254 324
254 607
254 347
254 827
254 880
254 360
254 361
254 330
254 630
254 660
254 564
254 958
254 582
254 583
254 584
254 585
254 586
254 358
254 455
254 257
254 802
254 803
254 1181
254 1307
254 1544
254 1629
254 1355
254 1799
254 1802
254 1562
255 256
255 257
256 258
256 269
256 272
256 281
256 284
256 286
256 288
256 289
256 690
256 278
256 279
256 973
256 455
256 257
257 306
257 642
257 646
257 307
257 346
257 498
257 499
257 558
257 406
257 813
257 576
257 577
257 578
257 579
257 580
257 327
257 835
257 625
257 409
257 753
257 336
257 754
257 755
257 756
257 357
257 365
257 414
257 496
257 265
257 1092
257 1159
257 582
257 586
257 1278
257 1455
257 1456
257 267
257 1460
257 268
257 1324
257 1462
257 1308
257 1160
257 1326
257 370
257 404
257 449
257 273
257 432
257 522
257 433
257 367
257 434
257 690
257 363
257 617
257 802
257 803
257 1651
258 259
258 260
258 261
258 262
258 263
258 264
258 265
258 266
258 267
258 268
258 1470
258 1477
258 1478
258 1473
259 681
259 682
259 695
259 696
259 697
259 410
259 683
259 684
259 678
259 397
259 698
259 676
259 357
259 658
259 387
259 388
259 389
259 390
259 699
259 416
259 392
259 700
259 1366
259 1369
260 712
260 742
260 813
260 805
260 676
260 271
260 316
260 814
260 592
260 419
260 815
260 816
260 817
260 1471
260 1544
260 1795
260 1796
260 1797
260 1798
260 1406
261 338
261 567
261 874
261 881
261 411
261 309
261 508
261 271
261 363
261 419
261 1274
261 1492
261 1493
261 1494
261 1495
261 1496
261 1497
261 1666
261 1732
261 1763
261 1783
261 1849
262 338
262 567
262 874
262 881
262 411
262 309
262 508
262 271
262 363
262 419
262 1274
262 1492
262 1493
262 1494
262 1495
262 1496
262 1497
262 1666
262 1732
262 1763
262 1783
262 1849
263 338
263 567
263 874
263 881
263 411
263 309
263 508
263 271
263 363
263 316
263 419
263 1274
263 1492
263 1493
263 1494
263 1495
263 1496
263 1497
263 1666
263 1732
263 1763
263 1783
263 1849
264 338
264 567
264 874
264 882
264 881
264 411
264 309
264 508
264 271
264 363
264 316
264 419
264 1274
264 1492
264 1493
264 1494
264 1495
264 1496
264 1497
264 1666
264 1732
264 1763
264 1783
264 1849
265 576
265 577
265 578
265 579
265 580
265 826
265 824
265 328
265 316
265 287
265 564
265 991
265 455
265 1356
266 469
266 471
266 472
266 474
266 476
266 477
266 478
266 479
266 565
266 882
266 805
266 360
266 361
266 330
266 681
266 682
266 695
266 696
266 697
266 753
266 336
266 754
266 755
266 756
266 410
266 683
266 684
266 678
266 397
266 698
266 676
266 357
266 658
266 387
266 388
266 389
266 390
266 699
266 392
266 416
266 1070
266 358
266 700
266 1368
266 1441
266 1526
266 1633
266 1826
266 1827
267 366
267 369
267 371
267 373
267 394
267 395
267 398
267 401
267 623
267 639
267 765
267 776
267 285
267 296
267 297
267 298
267 299
267 863
267 676
267 357
267 529
267 350
267 944
267 957
267 302
267 303
267 1085
267 1128
267 1153
267 1386
267 1087
267 1461
267 941
267 942
267 943
267 892
267 455
267 1471
267 1473
267 1724
267 1756
267 1782
267 1784
268 557
268 944
268 1020
268 418
268 1431
268 1461
268 455
269 270
269 271
269 1419
269 1847
270 558
270 285
270 874
270 699
270 1576
271 398
271 401
271 609
271 499
271 338
271 689
271 336
271 280
271 413
271 949
271 801
271 351
271 1298
271 1186
271 1596
271 1356
272 273
272 274
272 275
272 276
272 277
272 278
272 279
273 434
273 372
273 524
273 535
273 639
273 466
273 467
273 600
273 734
273 735
273 736
273 737
273 516
273 839
273 601
273 916
273 930
273 936
273 949
273 902
273 517
273 1317
273 1318
273 1319
273 1320
273 1321
273 1563
273 1659
273 1712
273 1718
273 455
273 1735
273 1780
273 1805
274 289
274 457
274 416
274 343
274 623
274 635
274 637
274 499
274 500
274 720
274 328
274 835
274 863
274 722
274 723
274 692
274 693
274 694
274 676
274 357
274 658
274 702
274 287
274 1226
274 1227
274 1228
274 1229
274 1230
274 1231
274 1380
274 1435
274 1235
274 1515
274 650
274 1160
274 358
274 1788
274 1800
274 1074
274 1516
275 289
275 635
275 637
275 347
275 557
275 720
275 721
275 722
275 723
275 658
275 475
275 702
275 1413
275 1414
275 1415
275 1416
275 1417
275 1433
275 1434
275 1235
275 1515
275 1800
275 1074
276 289
276 557
276 774
276 824
276 722
276 723
276 658
276 702
276 316
276 993
276 1003
276 1010
276 1017
276 1064
276 1366
276 1413
276 1414
276 1435
276 1235
276 1515
276 1649
276 1356
276 1800
277 289
277 752
277 766
277 645
277 721
277 722
277 723
277 658
277 702
277 941
277 942
277 943
277 892
277 1434
277 1435
277 1235
277 1436
277 1515
277 1542
277 1800
277 1074
277 1245
277 1850
278 281
278 284
278 286
278 623
278 863
278 357
278 564
278 510
278 973
279 281
279 284
279 286
279 564
279 973
280 343
280 689
280 328
280 692
280 693
280 694
280 360
280 361
280 330
280 435
280 991
280 1005
280 1006
280 887
280 888
280 1354
280 419
280 1539
280 941
280 942
280 943
280 892
281 282
282 500
282 666
282 657
282 363
282 660
282 1841
282 1842
282 1843
282 1844
282 1845
282 1846
283 373
283 368
283 528
283 776
283 779
283 781
283 721
283 736
283 737
283 529
283 386
283 339
283 957
283 989
283 1574
284 285
285 312
285 425
285 622
285 396
285 822
285 657
285 360
285 361
285 330
285 681
285 682
285 697
285 754
285 410
285 683
285 684
285 678
285 397
285 508
285 385
285 316
285 1264
285 1131
285 1132
285 1302
285 1389
285 1681
286 287
287 835
287 657
287 410
287 397
287 560
287 973
287 1086
290 291
291 292
291 293
291 294
292 318
292 334
292 335
292 336
292 337
292 1539
292 1533
293 485
293 470
293 643
293 343
293 491
293 957
293 492
293 1141
293 1086
293 1329
293 1539
294 318
294 485
294 470
294 491
294 957
294 337
294 415
294 851
294 1065
294 1085
294 1128
294 1087
294 1540
294 1724
294 1725
294 1787
295 296
295 297
295 298
295 299
295 300
295 301
295 302
295 303
296 677
296 679
296 711
296 717
296 763
296 374
296 375
296 835
296 764
296 858
296 529
296 488
296 1514
296 1617
296 1618
296 1619
296 1565
297 677
297 338
297 711
297 717
297 763
297 374
297 375
297 421
297 835
297 764
297 858
297 529
297 414
297 488
297 1617
297 1618
297 1619
297 1565
298 677
298 679
298 338
298 711
298 717
298 763
298 374
298 375
298 421
298 835
298 764
298 858
298 529
298 414
298 488
298 1617
298 1618
298 1619
298 1565
299 677
299 679
299 338
299 711
299 717
299 763
299 374
299 375
299 421
299 835
299 764
299 858
299 529
299 414
299 488
299 1617
299 1618
299 1619
299 1565
300 304
300 305
300 312
300 569
300 407
300 722
300 723
300 885
300 309
300 350
300 971
300 316
300 417
300 887
300 341
301 304
301 305
301 312
301 569
301 407
301 722
301 723
301 885
301 309
301 350
301 971
301 316
301 417
301 887
301 341
302 677
302 679
302 338
302 711
302 717
302 763
302 374
302 375
302 421
302 835
302 764
302 858
302 529
302 414
302 488
302 1617
302 1618
302 1619
302 1565
303 677
303 338
303 711
303 717
303 763
303 374
303 375
303 421
303 835
303 764
303 858
303 529
303 414
303 337
303 488
303 1617
303 1618
303 1619
303 1565
305 306
305 307
305 308
305 309
305 310
305 311
305 1484
305 1682
305 1684
306 323
306 639
306 611
306 455
306 1683
307 639
307 455
307 1683
308 681
308 682
308 410
308 683
308 684
308 678
308 397
308 939
308 685
308 1683
309 325
309 326
309 776
309 561
309 566
309 329
309 331
309 529
309 383
309 384
309 365
309 913
309 393
309 941
309 942
309 943
309 892
309 1073
309 1168
309 1272
309 1357
309 1486
309 1160
309 1706
309 1074
310 481
310 842
310 843
310 844
310 845
310 846
310 847
310 848
310 849
310 852
310 853
310 854
310 1695
310 1696
310 1024
310 1683
311 323
311 573
311 611
311 699
311 415
311 851
311 608
311 1463
311 1474
311 1483
311 1410
311 564
312 313
312 314
312 315
312 316
313 874
313 316
314 874
314 316
315 874
315 316
316 458
316 326
316 781
316 405
316 568
316 682
316 411
316 606
316 350
316 948
316 413
316 949
316 913
316 570
316 419
316 1760
316 1761
316 1725
316 1762
316 1337
316 1763
316 1764
316 1765
316 1766
316 1786
316 1843
316 1845
316 1849
317 373
317 368
317 528
317 776
317 779
317 781
317 529
317 386
317 339
317 957
317 989
317 1574
317 1196
318 323
318 338
318 339
318 340
318 341
318 342
319 652
319 896
319 653
319 654
319 1720
319 1721
319 1722
319 1723
320 983
320 1533
320 1696
321 1211
321 1212
321 664
321 665
321 983
321 1533
321 1696
321 1760
321 1761
322 713
322 714
322 733
322 1211
322 1212
322 664
322 665
322 983
322 1533
322 1696
322 1760
322 1761
323 324
323 325
323 326
323 327
323 328
323 329
323 330
323 331
323 332
323 333
323 1119
323 1136
323 1137
323 1390
323 1755
324 507
324 509
324 510
324 330
324 475
324 340
324 341
324 1755
324 1074
324 1832
325 681
325 682
325 410
325 683
325 684
325 678
325 397
325 386
325 341
325 1169
326 354
326 359
326 329
326 681
326 682
326 410
326 683
326 684
326 678
326 397
326 331
326 386
326 341
326 1169
327 527
327 639
327 667
327 528
327 776
327 779
327 367
327 823
327 778
327 331
327 529
327 611
327 455
327 1422
327 1423
327 1424
327 1425
327 1426
327 1440
327 1771
328 623
328 556
328 835
328 621
328 681
328 682
328 410
328 684
328 397
328 508
328 591
328 582
328 418
328 617
329 359
329 486
329 487
329 668
329 396
329 799
329 800
329 835
329 357
329 881
329 331
329 611
329 411
329 350
329 475
329 386
329 492
329 590
329 333
329 583
329 584
329 585
329 586
329 488
329 1277
329 1169
329 1443
329 1578
329 1755
329 1818
329 1848
330 359
330 427
330 507
330 620
330 559
330 338
330 566
330 567
330 681
330 682
330 410
330 683
330 684
330 678
330 397
330 881
330 832
330 332
330 501
330 341
330 801
330 351
330 358
330 1298
330 1448
330 1465
330 1467
330 1470
330 1496
330 1308
330 1565
330 1697
330 1757
330 1762
330 1355
330 1831
330 1845
330 1849
331 668
331 528
331 776
331 489
331 842
331 843
331 844
331 845
331 846
331 847
331 848
331 849
331 852
331 853
331 854
331 367
331 529
331 611
331 747
331 442
331 443
331 444
331 386
331 445
331 333
331 1119
331 1655
331 1680
331 1754
331 1755
331 1818
331 1848
332 507
332 509
332 561
332 473
332 839
332 475
332 691
332 434
332 510
332 341
332 1754
332 1755
332 1832
333 373
333 486
333 487
333 527
333 598
333 667
333 743
333 750
333 751
333 768
333 776
333 489
333 830
333 778
333 529
333 795
333 611
333 770
333 771
333 691
333 365
333 957
333 991
333 340
333 341
333 342
333 1164
333 1180
334 424
334 425
334 339
335 424
335 425
335 339
336 639
336 396
336 800
336 881
336 339
336 801
336 351
336 455
337 486
337 487
337 338
337 799
337 475
337 869
337 339
337 1135
337 1330
338 398
338 401
338 482
338 576
338 577
338 578
338 579
338 580
338 687
338 688
338 673
338 421
338 689
338 624
338 690
338 431
338 360
338 361
338 681
338 682
338 410
338 683
338 684
338 678
338 397
338 435
338 691
338 384
338 351
338 393
338 574
338 1369
339 424
339 593
339 594
339 596
339 597
339 957
339 1455
339 1456
339 1087
339 1539
339 1584
339 1814
340 344
340 839
340 611
340 386
340 417
340 434
340 836
340 1070
340 1194
340 1525
340 1702
341 344
341 830
341 831
341 360
341 361
341 795
341 611
341 386
341 913
341 417
341 886
341 887
341 888
341 836
341 889
341 1070
341 1194
341 1525
341 1702
342 486
342 487
342 611
342 386
342 417
342 1194
342 1070
342 393
342 1702
342 836
342 343
343 724
343 836
343 416
344 426
344 1033
344 1034
344 1035
344 1036
344 1037
344 1038
344 1039
344 1042
344 1146
344 1388
344 1511
344 1572
344 1822
345 352
345 353
345 354
345 355
345 359
345 497
345 356
345 498
345 347
345 499
345 500
345 363
345 454
345 494
345 495
345 496
345 501
345 358
346 398
346 401
346 639
346 455
346 1298
346 1605
346 1651
346 1245
347 355
347 359
347 356
347 623
347 657
347 363
347 660
347 495
347 496
347 1386
347 1387
347 1160
347 1355
348 623
348 349
348 681
348 682
348 410
348 683
348 684
348 678
348 397
349 635
349 637
349 720
349 763
349 764
349 676
349 997
349 1007
349 1013
349 1119
349 1198
349 1457
349 1686
350 623
350 593
350 594
350 621
350 660
350 631
350 365
350 941
350 942
350 943
350 892
350 1757
350 1446
350 1447
351 610
351 405
351 804
351 406
351 800
351 421
351 835
351 567
351 881
351 611
351 508
351 608
351 1070
351 455
352 1560
352 1642
352 1831
353 1560
353 1642
353 1831
355 356
356 573
356 494
356 495
356 496
356 1387
356 1474
356 1703
356 1074
357 398
357 401
357 639
357 557
357 396
357 830
357 831
357 625
357 626
357 409
357 621
357 451
357 627
357 881
357 387
357 388
357 389
357 390
357 832
357 483
357 484
357 416
357 392
357 501
357 582
357 583
357 584
357 585
357 586
357 641
357 455
357 400
357 614
357 615
357 617
357 1172
357 1173
357 1174
358 623
358 499
358 396
358 406
358 625
358 863
358 360
358 361
358 496
358 641
358 1234
358 1576
358 1084
358 1160
358 1565
358 416
358 617
358 1669
358 1831
359 360
359 361
359 1096
359 1370
360 427
360 507
360 620
360 559
360 566
360 567
360 681
360 682
360 410
360 683
360 684
360 678
360 397
360 881
360 832
360 501
360 1298
360 1465
360 1467
360 1470
360 1496
360 1308
360 1565
360 1697
360 1757
360 1762
360 1355
360 1831
360 1845
360 1849
361 427
361 507
361 620
361 559
361 689
361 566
361 567
361 681
361 682
361 410
361 683
361 684
361 678
361 397
361 881
361 832
361 501
361 1298
361 1448
361 1465
361 1467
361 1470
361 1496
361 1308
361 1565
361 1697
361 1757
361 1762
361 1355
361 1831
361 1845
361 1849
362 363
363 639
363 499
363 850
363 874
363 976
363 1008
363 1019
363 1031
363 1063
363 1112
363 1215
363 1419
363 1579
363 1635
363 1662
363 1679
363 1692
363 1715
363 455
363 1732
363 1783
363 1606
363 1847
363 1516
363 1421
363 1517
364 365
365 366
365 369
365 371
365 373
365 394
365 395
365 486
365 487
365 639
365 776
365 529
365 411
365 412
365 508
365 386
365 957
365 590
365 455
366 367
366 368
367 527
367 434
367 372
367 639
367 528
367 776
367 839
367 529
367 927
367 1184
367 1276
367 1622
367 1340
367 1341
367 1342
367 1343
367 455
367 1165
367 1166
367 1344
368 528
368 776
368 736
368 737
368 473
368 516
368 529
368 777
368 443
368 444
368 445
368 1680
368 1807
370 372
370 639
370 490
370 1366
370 488
370 455
372 404
372 449
372 480
372 432
372 522
372 433
372 434
373 374
373 375
373 376
373 377
373 378
373 379
373 380
373 381
373 382
373 383
373 384
373 385
373 386
373 387
373 388
373 389
373 390
373 391
373 392
373 393
374 682
374 780
374 641
374 1216
374 1587
374 1588
374 1617
374 1565
374 1807
374 1844
375 682
375 780
375 641
375 1216
375 1587
375 1588
375 1617
375 1565
375 1807
375 1844
376 957
377 957
378 957
379 957
380 957
381 957
382 957
383 869
383 957
383 1377
383 1274
383 1708
383 1714
383 1819
384 835
384 681
384 682
384 410
384 869
384 957
384 1377
384 1274
384 1708
384 1714
384 1819
385 576
385 577
385 578
385 579
385 580
385 957
386 486
386 487
386 527
386 776
386 561
386 566
386 778
386 529
386 957
386 913
386 1073
386 1164
386 1168
386 1180
386 1272
386 1357
386 1440
386 1460
386 1486
386 1540
386 1160
386 1706
386 1807
387 623
387 500
387 569
387 391
387 957
387 877
387 1353
387 1549
387 1598
387 1337
388 623
388 500
388 569
388 391
388 957
388 877
388 1353
388 1549
388 1598
388 1337
389 623
389 500
389 569
389 391
389 957
389 877
389 1353
389 1549
389 1598
389 1337
390 623
390 500
390 569
390 391
390 957
390 877
390 1353
390 1549
390 1598
390 1337
391 957
391 392
391 1291
391 1402
391 1297
392 623
392 500
392 569
392 957
392 877
392 1353
392 1549
392 1598
392 1337
393 487
393 835
393 681
393 682
393 410
393 676
393 869
393 957
393 1273
393 1377
393 1375
393 400
393 1274
393 1708
393 1714
393 1819
396 398
396 401
396 752
396 515
396 681
396 682
396 695
396 696
396 697
396 753
396 754
396 755
396 756
396 410
396 683
396 684
396 678
396 397
396 698
396 658
396 699
396 416
396 757
396 700
397 481
397 680
397 509
397 500
397 640
397 576
397 577
397 578
397 579
397 580
397 835
397 567
397 805
397 881
397 884
397 885
397 832
397 415
397 851
397 501
397 641
397 892
397 1043
397 1119
398 399
398 400
398 1344
398 1849
398 1367
399 401
399 494
399 495
399 496
400 401
400 613
400 618
400 620
400 622
400 623
400 863
400 631
400 570
400 1375
400 616
401 1809
401 1344
401 1849
401 1367
402 556
402 568
402 569
402 407
402 561
402 570
402 1352
403 555
403 672
403 1209
403 1210
403 1328
403 1509
404 639
404 490
404 475
404 488
404 455
405 801
405 802
405 803
406 801
406 455
406 1329
407 824
407 659
407 1356
408 558
408 831
408 698
408 832
408 582
408 583
408 584
408 585
408 586
408 802
408 803
408 1445
408 1448
408 1308
409 623
409 863
409 865
409 866
409 591
409 413
409 455
409 1145
409 1705
409 1762
409 1337
409 1245
410 680
410 509
410 500
410 640
410 580
410 835
410 567
410 881
410 453
410 884
410 885
410 832
410 415
410 851
410 501
410 641
410 1369
411 897
411 941
411 942
411 943
411 892
412 941
412 942
412 943
412 892
413 949
413 582
413 583
413 584
413 585
413 586
413 941
413 942
413 943
413 892
413 815
413 816
413 817
413 1324
413 1420
414 485
414 639
414 766
414 491
414 492
414 814
414 455
414 1294
414 1086
414 1432
415 421
415 681
415 682
415 683
415 684
415 678
415 881
415 475
415 832
415 973
415 939
415 685
415 641
415 455
415 1472
415 1705
415 1831
415 1367
416 452
416 623
416 557
416 712
416 742
416 812
416 867
416 621
416 863
416 692
416 693
416 694
416 698
416 676
416 881
416 912
416 832
416 501
416 1280
416 1281
416 1289
416 641
416 1360
416 1407
416 1485
416 1508
416 892
416 1731
416 1694
417 842
417 843
417 844
417 845
417 846
417 847
417 848
417 849
417 852
417 853
417 854
417 990
417 592
418 565
418 582
418 583
418 584
418 585
418 586
418 1070
418 1441
418 1526
418 1633
418 1093
419 557
419 944
419 1020
419 1431
419 1461
419 941
419 942
419 943
419 892
419 1570
420 421
421 486
421 487
421 609
421 558
421 835
421 562
421 851
421 801
421 1628
421 1432
421 1326
421 1642
421 1428
422 423
425 565
425 561
425 566
425 567
427 428
427 1445
428 429
428 430
428 435
429 430
429 431
430 431
431 850
431 660
431 1613
431 1611
431 1074
432 639
432 455
433 639
433 475
433 455
433 1754
433 1756
434 639
434 473
434 516
434 904
434 905
434 906
434 907
434 908
434 902
434 900
434 903
434 876
434 901
434 517
434 840
434 1393
434 1394
434 1552
434 455
435 835
435 659
435 941
435 942
435 943
435 892
435 1445
438 439
438 1686
439 446
439 447
440 837
440 838
440 473
440 442
440 443
440 444
440 445
440 935
441 837
441 838
441 473
441 777
441 442
441 443
441 444
441 445
441 935
442 837
442 778
442 838
442 473
442 777
442 935
443 837
443 778
443 838
443 473
443 747
443 777
443 935
444 837
444 778
444 838
444 473
444 777
444 935
445 837
445 778
445 838
445 473
445 777
445 935
449 639
449 727
449 1348
449 1349
449 1350
449 455
450 451
450 1854
451 623
451 863
452 453
452 454
452 455
453 912
453 1280
453 1281
453 1289
453 1355
453 1694
454 676
454 912
454 494
454 495
454 496
454 1032
454 1280
454 1281
454 1289
454 1363
454 1405
454 1759
454 1694
455 609
455 642
455 646
455 498
455 499
455 558
455 813
455 835
455 625
455 490
455 753
455 754
455 755
455 756
455 912
455 475
455 851
455 496
455 1092
455 1159
455 1161
455 582
455 586
455 801
455 1278
455 1280
455 1281
455 1289
455 488
455 650
455 1324
455 1462
455 1308
455 1160
455 1326
455 522
455 690
455 617
455 802
455 803
455 1694
455 1651
457 458
457 1642
459 460
460 461
464 465
465 466
465 467
466 598
466 733
466 738
466 739
466 740
466 741
466 874
466 837
466 526
466 875
466 747
466 876
466 702
466 877
467 598
467 733
467 738
467 739
467 740
467 741
467 874
467 837
467 526
467 875
467 747
467 876
467 702
467 877
469 470
470 471
470 472
470 474
470 476
470 477
470 478
470 479
470 481
470 485
470 486
470 487
470 511
470 514
470 515
470 473
470 516
470 475
470 491
470 517
470 492
470 483
470 484
470 518
470 519
470 520
470 521
472 473
473 474
473 476
473 477
473 478
473 479
473 531
473 746
473 899
473 1188
473 1189
473 1190
473 1191
473 1193
473 1275
473 1655
473 1775
473 1792
473 1806
474 475
475 477
475 478
475 487
475 639
475 514
475 489
475 490
475 681
475 648
475 649
475 945
475 946
475 488
475 1089
475 1090
475 1109
475 1123
475 1202
475 1253
475 1288
475 1358
475 1583
475 1222
475 1809
475 1817
479 1072
480 768
480 770
480 771
480 930
480 772
481 482
481 483
481 484
481 1520
481 1410
481 1297
482 507
482 1599
482 1367
483 485
483 491
483 973
483 584
483 1108
483 1409
483 1642
483 1410
483 1705
483 1732
484 485
484 491
484 973
484 584
484 1108
484 1409
484 1642
484 1410
484 1705
484 1732
485 486
485 487
485 488
485 1086
485 1432
485 1663
486 489
486 490
486 491
486 492
486 488
486 1016
486 1598
486 1618
487 511
487 489
487 490
487 491
487 492
487 488
487 1114
487 1072
487 1016
487 1598
487 1618
488 612
488 750
488 751
488 859
488 874
488 516
488 875
488 909
488 869
488 832
488 1375
488 1549
488 1550
488 1553
488 1555
488 1556
488 1653
488 1806
489 799
489 800
489 1443
490 750
490 751
490 874
490 875
490 832
490 1549
490 1550
490 1553
490 1555
490 1556
490 1806
491 957
491 1086
491 1663
492 682
492 919
492 1086
492 1329
494 497
494 502
494 504
494 505
494 506
494 974
495 497
495 502
495 504
495 505
495 506
495 974
495 582
495 583
495 584
495 585
495 586
496 497
496 502
496 504
496 505
496 506
496 974
496 582
496 583
496 584
496 585
496 586
498 639
498 647
498 1233
498 1279
498 1354
498 1560
498 1642
498 1831
499 657
499 583
499 584
499 585
499 586
499 1208
499 1389
499 1613
499 1611
500 692
500 693
500 694
500 681
500 682
500 683
500 684
500 678
500 650
500 1209
500 1210
500 1228
500 1229
500 1328
500 1419
500 1509
500 1528
500 1160
500 1706
500 1847
500 1516
500 1421
500 1517
501 514
501 681
501 682
501 695
501 696
501 697
501 683
501 684
501 678
501 698
501 658
501 699
501 989
501 700
501 1368
501 1430
502 503
503 504
503 505
503 506
503 974
508 609
508 623
508 621
508 691
508 801
508 941
508 942
508 943
508 892
508 1727
509 681
509 682
509 683
509 684
509 678
510 825
510 973
511 512
511 513
513 1650
513 1658
514 678
515 545
515 835
515 746
515 1097
516 745
516 874
516 899
516 601
516 832
516 900
516 901
516 1805
516 1806
516 1807
517 746
517 899
517 839
517 787
518 790
518 792
518 821
518 1458
518 1459
518 1593
519 821
520 790
520 791
520 792
520 821
520 1458
520 1459
520 1593
521 790
521 791
521 792
521 821
521 1458
521 1459
521 1593
522 639
522 734
522 735
522 736
522 737
522 601
522 1275
522 1792
524 525
524 526
524 1833
524 1834
524 1835
524 1836
524 1837
525 527
526 527
526 600
526 734
526 735
526 736
526 737
526 601
526 916
526 1319
526 1320
526 1321
526 1780
526 1805
527 528
527 529
527 1165
527 1166
527 1833
527 1834
527 1835
527 1836
527 1837
528 778
528 1426
528 1396
528 1807
528 1165
528 1166
529 599
529 779
529 796
529 798
529 823
529 778
529 915
529 918
529 661
529 1423
529 1424
529 1425
529 1426
529 1340
529 1341
529 1342
529 1343
529 1771
529 1807
529 1165
529 1166
529 1344
530 531
530 532
530 1340
530 1341
530 1342
530 1343
530 1775
530 1165
530 1166
530 1344
531 533
531 534
531 535
531 536
531 537
531 532
531 538
532 533
532 534
532 759
532 933
532 760
532 761
532 595
532 596
532 597
532 538
532 762
532 934
532 1339
532 1718
532 1719
532 1775
533 1775
534 1340
534 1341
534 1342
534 1343
534 1775
534 1165
534 1166
534 1344
536 1775
536 1311
537 1190
537 1191
537 1193
537 1775
538 759
538 933
538 760
538 761
538 595
538 596
538 597
538 762
538 934
538 1340
538 1341
538 1342
538 1343
538 1719
538 1775
538 1344
539 540
539 541
539 542
539 543
539 544
539 545
539 546
539 547
539 1767
539 1768
539 1769
539 1770
540 548
540 549
540 550
540 551
540 552
540 553
540 554
540 734
540 735
540 736
540 737
540 601
541 548
541 549
541 550
541 551
541 552
541 553
541 554
541 734
541 735
541 736
541 737
541 601
542 548
542 549
542 550
542 551
542 552
542 553
542 554
542 734
542 735
542 736
542 737
542 601
543 548
543 549
543 550
543 551
543 552
543 553
543 554
543 734
543 735
543 736
543 737
543 601
544 548
544 549
544 550
544 551
544 552
544 553
544 554
544 734
544 735
544 736
544 737
544 601
545 548
545 549
545 550
545 551
545 552
545 553
545 554
545 743
545 734
545 735
545 736
545 737
545 601
546 548
546 549
546 550
546 551
546 552
546 553
546 554
546 734
546 735
546 736
546 737
546 601
547 548
547 549
547 550
547 551
547 552
547 553
547 554
547 734
547 735
547 736
547 737
547 601
548 1767
548 1768
548 1769
548 1770
549 1767
549 1768
549 1769
549 1770
550 1767
550 1768
550 1769
550 1770
551 1767
551 1768
551 1769
551 1770
552 1767
552 1768
552 1769
552 1770
553 1767
553 1768
553 1769
553 1770
554 1767
554 1768
554 1769
554 1770
555 556
555 557
555 558
555 559
555 560
555 561
555 562
556 672
556 569
556 561
556 570
556 1345
557 672
557 568
558 638
558 643
558 672
558 675
558 673
558 676
558 674
558 1669
558 1670
558 1671
558 1672
558 1420
559 643
559 672
559 1074
559 1606
560 672
560 634
561 563
561 571
561 572
561 672
561 862
561 695
561 696
561 697
561 699
562 638
562 672
562 673
562 939
562 685
562 1472
563 564
563 565
563 566
563 567
564 825
564 698
564 973
564 1600
564 1484
564 574
565 571
565 572
565 862
565 695
565 696
565 697
565 699
565 641
566 571
566 572
566 862
566 695
566 696
566 697
566 699
567 571
567 572
567 862
567 681
567 682
567 695
567 696
567 697
567 683
567 684
567 678
567 699
567 801
568 824
568 659
568 570
568 1356
569 824
569 659
569 1336
569 1356
570 824
570 949
570 1258
570 1375
570 951
570 911
570 614
570 615
570 617
570 1470
570 1760
570 1761
570 1753
570 1849
571 1533
573 574
574 824
574 676
574 699
574 1091
574 1323
574 1474
574 1483
574 1758
574 1196
575 576
575 577
575 578
575 579
575 580
576 581
576 822
577 581
577 822
578 581
578 822
579 581
579 822
580 581
580 822
580 681
580 682
580 683
580 684
580 678
581 582
581 583
581 584
581 585
581 586
581 1811
582 824
582 675
582 867
582 863
582 692
582 693
582 694
582 591
582 1070
582 1277
582 1278
582 1235
582 1084
582 1196
582 1356
583 824
583 675
583 867
583 863
583 692
583 693
583 694
583 591
583 1070
583 1277
583 1278
583 1235
583 1084
583 1793
583 1196
583 1356
584 824
584 675
584 867
584 863
584 591
584 1070
584 1277
584 1278
584 1235
584 1084
584 1793
584 1196
584 1356
585 824
585 675
585 867
585 863
585 692
585 693
585 694
585 591
585 1070
585 592
585 1277
585 1278
585 1235
585 1084
585 1793
585 1196
585 1356
586 824
586 675
586 867
586 863
586 591
586 1070
586 1277
586 1278
586 1235
586 1084
586 1793
586 1196
586 1356
587 796
587 798
587 918
587 782
587 783
587 784
588 732
588 830
588 687
588 688
588 927
588 589
588 1739
588 1740
588 1741
588 1742
588 1743
588 1744
588 1222
588 1745
588 1746
589 727
589 1052
589 1348
589 1349
589 1350
591 666
591 949
591 941
591 942
591 943
591 892
591 815
591 816
591 817
591 1060
591 1195
591 1300
591 1460
591 1324
591 1760
591 1725
591 1788
591 1420
592 1375
592 1544
592 1297
593 657
593 1186
594 657
595 759
595 724
595 747
595 934
595 1718
595 1719
595 1753
596 652
596 759
596 724
596 747
596 934
596 653
596 654
596 1718
596 1719
596 1720
596 1721
596 1722
596 1723
596 1753
597 652
597 759
597 724
597 747
597 934
597 653
597 654
597 1718
597 1719
597 1720
597 1721
597 1722
597 1723
597 1753
598 599
598 600
598 601
598 1580
598 1581
598 1654
599 601
599 602
600 733
600 738
600 739
600 740
600 741
600 874
600 837
600 875
600 747
600 876
600 702
600 877
601 733
601 738
601 739
601 740
601 741
601 744
601 745
601 743
601 748
601 749
601 750
601 751
601 874
601 837
601 915
601 875
601 747
601 876
601 702
601 877
602 915
602 1265
602 1654
603 604
604 605
606 766
606 941
606 942
606 943
606 892
606 1460
606 1160
606 1706
607 608
607 1817
608 609
608 696
608 881
608 801
608 1070
609 610
609 611
610 801
611 927
611 801
611 1276
611 1540
611 1755
613 614
613 615
613 616
613 617
614 618
614 620
614 622
614 623
614 863
614 1322
614 1375
614 914
614 616
615 618
615 620
615 622
615 623
615 863
615 631
615 1375
615 616
616 618
616 698
616 617
617 618
617 620
617 622
617 623
617 863
617 1375
618 619
619 881
620 621
621 622
621 623
621 625
621 626
621 863
621 1560
621 1642
621 1831
623 624
623 625
623 626
623 627
623 628
623 629
623 630
623 631
624 835
625 863
625 1159
625 1560
625 1642
625 1831
626 826
626 742
626 863
626 631
626 1001
626 1092
626 1159
626 1853
627 863
628 890
629 890
630 813
630 698
630 920
630 1419
630 1515
630 1607
630 1308
630 1793
630 1829
630 1830
630 1847
631 826
631 824
631 712
631 949
631 1356
632 633
634 712
634 742
634 983
635 636
636 637
636 720
638 639
638 640
638 641
638 1765
638 1683
639 642
639 646
639 648
639 649
639 650
640 681
640 682
640 683
640 684
640 678
640 1303
641 852
641 853
641 854
641 867
641 806
641 807
641 681
641 682
641 695
641 696
641 697
641 683
641 684
641 678
641 698
641 658
641 699
641 851
641 1070
641 700
641 1368
641 1441
641 1526
641 1633
642 643
642 644
642 645
642 1268
642 1428
643 657
643 1080
643 1081
643 1127
643 1312
643 1330
643 1605
644 819
645 819
647 939
647 685
647 1234
647 1235
647 1472
648 930
648 1030
648 1221
648 1223
648 1224
648 1746
649 930
649 1030
649 1221
649 1224
649 1746
650 835
650 1375
650 1789
651 652
651 653
651 654
651 1720
651 1721
651 1722
651 1723
652 655
652 656
653 655
653 656
653 984
653 985
654 655
654 656
655 1720
655 1721
655 1722
655 1723
656 1720
656 1721
656 1722
656 1723
657 864
657 878
657 874
657 879
658 835
658 881
658 910
658 832
658 1053
658 1432
659 920
659 1828
659 1829
659 1830
660 867
660 920
660 1829
660 1830
661 776
661 983
661 1777
662 664
662 665
662 983
663 983
664 983
665 983
666 850
666 815
666 816
666 817
666 1808
666 1846
667 668
667 1755
667 1818
667 1848
669 670
669 1624
669 1627
669 1625
669 1626
670 671
671 1624
671 1627
671 1625
671 1626
673 835
673 1326
673 1642
673 1428
674 920
674 1668
674 1673
674 1140
674 1732
674 1783
674 1829
674 1830
674 1150
675 831
675 698
675 832
675 802
675 803
675 1445
675 1448
675 1308
675 1536
675 1537
675 1538
676 805
676 881
676 757
676 1062
676 1355
676 1782
676 1784
677 678
677 1565
677 1712
678 679
678 680
678 686
678 835
678 881
678 884
678 885
678 832
678 851
679 1565
679 1712
680 681
680 682
680 683
680 684
680 685
681 721
681 835
681 692
681 693
681 694
681 881
681 884
681 885
681 832
681 851
682 721
682 835
682 805
682 881
682 884
682 885
682 832
682 851
682 886
682 887
682 888
682 889
683 721
683 835
683 881
683 884
683 885
683 832
683 851
683 1703
684 835
684 881
684 891
684 884
684 885
684 832
684 851
685 884
685 885
685 883
685 851
687 835
688 835
689 835
690 850
690 867
690 1613
690 1611
691 952
691 953
691 954
691 955
691 956
691 1282
691 1698
692 867
692 881
693 867
693 881
694 867
694 881
695 881
695 832
696 881
696 832
697 881
697 832
697 1826
697 1827
698 831
698 881
698 832
698 802
698 1201
699 881
699 832
699 959
699 1484
700 881
700 832
700 1082
700 1621
701 702
701 703
701 704
702 705
702 706
702 707
702 708
702 710
702 711
702 713
702 714
702 733
702 738
702 739
702 734
702 735
702 736
702 737
702 875
702 960
702 876
702 961
702 877
702 969
702 1155
702 1156
702 1585
702 1704
703 705
703 706
703 707
703 708
703 710
703 711
703 713
703 714
703 733
703 738
703 739
703 767
703 875
703 960
703 961
703 877
703 969
704 706
704 707
704 708
704 713
704 714
704 733
704 738
704 739
704 875
704 961
704 877
708 709
709 710
709 711
709 713
709 714
709 733
709 739
709 969
709 961
711 1586
712 949
712 1406
713 1586
714 1586
717 718
717 719
717 1687
717 1690
717 1724
717 1568
718 796
718 918
718 719
718 1055
718 1138
718 1690
719 947
719 946
721 835
721 1295
721 1483
721 1665
721 1789
721 1807
722 874
723 874
726 727
726 1348
726 1349
726 1350
727 728
727 729
727 730
727 731
727 732
728 1348
728 1349
728 1350
729 1348
729 1349
729 1350
730 1348
730 1349
730 1350
731 1348
731 1349
731 1350
732 782
732 783
732 784
732 1348
732 1349
732 1350
733 734
733 735
733 736
733 737
734 738
734 739
734 740
734 741
734 744
734 745
734 743
734 748
734 749
734 750
734 751
734 874
734 837
734 875
734 747
734 876
734 877
735 738
735 739
735 740
735 741
735 744
735 745
735 743
735 748
735 749
735 750
735 751
735 874
735 837
735 875
735 747
735 876
735 877
736 738
736 739
736 740
736 741
736 744
736 745
736 743
736 748
736 749
736 750
736 751
736 874
736 837
736 875
736 747
736 876
736 877
736 1178
736 1737
737 738
737 739
737 740
737 741
737 744
737 745
737 743
737 748
737 749
737 750
737 751
737 874
737 837
737 875
737 747
737 876
737 877
737 1069
737 1058
737 1438
737 1551
737 1552
737 1342
737 1680
737 1778
737 1807
739 1155
739 1156
739 1586
740 1586
742 949
742 815
742 816
742 817
742 1406
743 746
743 747
744 1291
744 1402
745 1291
745 1402
745 1580
745 1581
746 902
746 900
746 903
746 876
746 901
747 837
747 778
747 838
747 777
747 935
747 894
747 949
747 901
747 1247
747 1248
747 1249
747 1250
747 1251
747 1580
747 1581
753 800
753 881
754 800
754 881
755 800
755 881
756 800
756 881
759 760
759 761
759 762
760 934
760 1718
760 1719
761 934
761 1718
761 1719
762 934
762 1622
762 1719
764 858
764 1195
764 1696
765 766
767 768
767 769
767 770
767 771
767 772
767 773
767 1838
767 1839
767 1840
768 769
768 772
768 773
769 770
769 771
769 930
769 772
770 930
770 772
770 773
771 930
771 772
771 773
772 948
772 949
772 1160
772 1706
773 948
773 949
773 1160
773 1706
776 779
776 778
776 1423
776 1426
776 1771
776 1807
776 1165
776 1166
777 837
777 838
777 935
778 1655
778 1680
779 1807
782 785
782 796
782 798
782 918
782 921
783 785
783 796
783 798
783 918
783 921
784 785
784 796
784 798
784 918
784 921
785 786
785 787
785 788
785 789
785 790
785 791
785 792
785 793
785 794
785 795
786 796
786 798
786 918
786 921
786 1776
787 796
787 798
787 918
787 921
787 1776
788 796
788 798
788 918
788 921
788 1313
788 1316
788 1422
788 1438
788 1776
789 796
789 798
789 918
789 921
789 1313
789 1316
789 1422
789 1438
789 1776
790 796
790 798
790 918
790 921
790 922
790 923
790 924
790 925
791 796
791 798
791 918
791 921
791 922
791 923
791 924
791 925
792 796
792 798
792 918
792 921
792 922
792 923
792 924
792 925
793 796
793 798
793 918
793 794
793 921
794 796
794 798
794 918
794 921
795 796
795 798
795 831
795 918
795 921
795 832
796 797
797 798
797 918
797 919
800 806
800 807
800 801
801 804
801 881
801 1070
802 831
802 1278
802 1234
803 831
803 1278
803 1234
805 881
805 1269
806 881
806 1269
806 1367
807 881
807 1269
807 1367
808 881
809 810
809 1238
809 1239
809 1240
809 1304
809 1533
809 1548
809 1576
812 813
814 1014
814 1045
814 1219
814 1544
814 1703
815 1418
815 1445
815 1515
815 1666
815 1765
815 1406
815 1842
815 1846
816 1418
816 1445
816 1515
816 1666
816 1765
816 1406
816 1842
816 1846
817 1418
817 1445
817 1515
817 1666
817 1765
817 1406
817 1842
817 1846
820 821
821 922
821 923
821 924
821 925
821 999
821 1643
821 1644
821 1645
821 1646
821 1647
824 827
824 828
824 829
824 826
826 827
826 829
826 1186
826 1234
826 1356
827 1129
827 1353
827 1365
827 1436
827 1693
827 1356
827 1651
828 1356
829 1356
830 831
830 832
831 832
831 1170
831 1231
831 1234
831 1084
831 1614
831 1447
832 959
832 851
832 892
835 841
835 842
835 843
835 844
835 845
835 846
835 847
835 848
835 849
835 852
835 853
835 854
835 855
835 856
835 857
835 858
835 859
835 860
839 904
839 905
839 906
839 907
839 908
839 902
839 900
839 903
839 876
839 901
839 840
840 1591
841 1789
851 881
851 973
851 939
851 1472
851 1705
851 1831
851 1367
859 874
860 948
860 949
860 1722
863 867
864 874
864 1373
865 941
865 942
865 943
865 892
866 941
866 942
866 943
866 892
868 920
868 1171
868 1829
868 1830
869 957
869 1788
872 896
872 897
873 880
873 958
873 1181
874 878
875 930
875 1155
875 1156
876 899
876 904
876 905
876 906
876 907
876 908
877 1788
879 920
879 1829
879 1830
881 882
881 893
883 939
883 1472
884 939
885 939
886 1070
886 1598
887 1070
887 1598
888 1070
888 1598
889 1070
891 917
891 1267
891 1268
892 944
892 1706
893 894
893 895
894 949
894 1839
895 949
895 1839
897 990
897 994
897 1693
899 904
899 905
899 906
899 907
899 908
899 902
899 900
899 903
899 901
909 948
909 949
909 1737
909 1703
911 1375
913 990
913 1169
922 1393
922 1394
922 1458
922 1459
922 1552
922 1593
923 1458
923 1459
923 1593
924 1458
924 1459
924 1593
925 984
925 985
925 1458
925 1459
925 1593
930 931
930 932
933 934
937 938
941 944
941 1706
942 944
942 1706
943 944
944 1570
945 947
945 946
945 1523
946 948
946 949
947 948
947 949
951 1375
963 1809
963 1753
963 1245
966 1573
969 1586
975 1654
977 978
978 1399
978 1400
978 1439
984 999
984 1059
984 1124
984 1505
984 1722
985 999
985 1059
985 1124
985 1505
985 1722
986 1074
986 1823
1001 1002
1002 1093
1002 1853
1015 1016
1016 1192
1016 1580
1016 1581
1023 1024
1024 1220
1024 1730
1026 1027
1027 1028
1028 1102
1029 1030
1030 1197
1040 1041
1050 1051
1051 1217
1051 1270
1051 1411
1057 1058
1061 1062
1062 1079
1062 1158
1062 1513
1062 1629
1064 1065
1065 1085
1065 1086
1065 1087
1071 1072
1073 1074
1074 1272
1074 1486
1074 1605
1074 1706
1075 1076
1075 1077
1076 1078
1076 1103
1076 1674
1077 1078
1077 1103
1077 1674
1077 1814
1083 1084
1085 1086
1085 1107
1086 1128
1086 1329
1086 1087
1087 1107
1092 1093
1093 1851
1093 1852
1093 1853
1094 1095
1099 1100
1100 1225
1107 1128
1107 1724
1110 1111
1110 1112
1111 1112
1114 1115
1116 1117
1118 1119
1130 1131
1130 1132
1134 1135
1139 1140
1140 1149
1140 1669
1140 1670
1140 1671
1140 1672
1140 1420
1141 1142
1143 1144
1144 1205
1149 1150
1150 1419
1150 1669
1150 1670
1150 1671
1150 1672
1150 1420
1150 1847
1159 1160
1160 1281
1160 1389
1160 1610
1160 1608
1160 1609
1160 1611
1164 1165
1164 1166
1165 1180
1165 1339
1165 1655
1165 1680
1166 1180
1166 1226
1166 1227
1166 1339
1166 1380
1166 1340
1166 1341
1166 1655
1166 1342
1166 1343
1166 1680
1166 1344
1168 1169
1170 1171
1171 1231
1171 1706
1185 1186
1186 1432
1195 1196
1196 1201
1197 1198
1200 1201
1206 1207
1207 1275
1207 1792
1221 1222
1233 1234
1233 1235
1234 1279
1235 1279
1242 1243
1244 1245
1245 1246
1245 1283
1245 1716
1245 1788
1254 1255
1255 1256
1255 1257
1255 1287
1262 1263
1267 1268
1273 1274
1282 1283
1283 1698
1284 1285
1284 1286
1285 1286
1295 1296
1295 1297
1296 1392
1296 1451
1296 1544
1296 1701
1297 1392
1297 1451
1297 1701
1297 1703
1302 1303
1303 1565
1307 1308
1308 1608
1308 1609
1310 1311
1311 1632
1313 1314
1313 1315
1314 1316
1314 1422
1314 1438
1315 1316
1315 1422
1315 1438
1323 1324
1325 1326
1326 1373
1326 1401
1326 1482
1329 1330
1330 1533
1331 1332
1333 1334
1334 1335
1334 1391
1334 1707
1336 1337
1339 1340
1339 1341
1339 1342
1339 1343
1339 1344
1340 1655
1341 1655
1342 1655
1343 1655
1344 1655
1346 1347
1347 1571
1354 1355
1354 1356
1356 1536
1356 1537
1356 1538
1357 1358
1366 1367
1378 1379
1381 1382
1382 1383
1384 1385
1395 1396
1396 1425
1396 1649
1396 1652
1396 1661
1397 1398
1405 1406
1406 1446
1406 1447
1409 1410
1410 1676
1419 1420
1419 1421
1420 1668
1420 1673
1420 1732
1420 1783
1420 1847
1421 1515
1421 1845
1421 1847
1427 1428
1445 1446
1445 1447
1449 1450
1453 1454
1460 1462
1462 1536
1462 1537
1462 1538
1470 1471
1471 1473
1483 1484
1487 1488
1488 1489
1488 1490
1498 1499
1498 1500
1498 1501
1498 1502
1498 1503
1498 1504
1499 1576
1500 1576
1501 1576
1502 1576
1503 1576
1504 1576
1515 1516
1515 1517
1516 1845
1517 1845
1518 1519
1523 1524
1535 1536
1535 1537
1535 1538
1536 1694
1536 1831
1537 1694
1537 1831
1538 1694
1538 1831
1539 1540
1545 1546
1557 1558
1560 1561
1560 1562
1561 1693
1562 1642
1562 1831
1564 1565
1567 1568
1568 1590
1574 1575
1576 1577
1580 1582
1581 1582
1585 1586
1586 1704
1591 1592
1595 1596
1597 1598
1605 1606
1606 1611
1607 1608
1607 1609
1608 1610
1608 1706
1608 1793
1609 1728
1609 1706
1609 1793
1610 1706
1611 1801
1620 1621
1624 1625
1624 1626
1625 1627
1626 1627
1633 1634
1637 1638
1637 1639
1649 1650
1649 1651
1650 1652
1651 1696
1651 1652
1653 1654
1668 1669
1668 1670
1668 1671
1668 1672
1669 1673
1669 1732
1669 1783
1670 1673
1670 1732
1670 1783
1671 1673
1671 1732
1671 1783
1672 1673
1672 1732
1672 1783
1677 1678
1682 1683
1683 1684
1683 1696
1687 1688
1687 1689
1688 1729
1689 1729
1693 1694
1699 1700
1699 1701
1700 1701
1702 1703
1703 1788
1716 1717
1724 1725
1731 1732
1752 1753
1772 1773
1773 1774
1782 1783
1783 1784
1783 1785
1787 1788
1788 1789
1788 1790
1802 1803
1813 1814
1814 1815
1814 1816
1820 1821
1851 1853
1852 1853
