0 1
0 52
0 81
0 124
0 125
0 126
0 129
0 59
0 150
0 61
0 132
0 65
0 133
0 151
0 152
0 70
0 153
0 23
0 71
0 154
1 2
1 3
1 4
1 5
1 6
1 7
1 8
1 9
1 10
1 11
1 12
1 13
1 14
1 15
1 16
1 17
1 18
1 19
1 20
1 21
1 22
1 23
1 24
2 81
2 223
2 226
2 6
2 196
2 227
2 228
2 10
2 197
2 14
2 86
2 16
2 145
2 17
2 229
2 18
2 146
2 20
2 230
2 231
2 88
2 23
2 199
2 232
3 106
3 236
3 244
3 271
3 110
3 238
3 32
3 273
3 111
3 112
3 330
3 331
3 144
3 276
3 117
3 19
3 21
3 45
3 332
3 277
4 81
4 82
4 278
4 83
4 84
4 6
4 196
4 10
4 85
4 14
4 86
4 20
4 22
4 23
4 136
4 248
4 199
4 200
5 226
5 109
5 314
5 197
5 11
5 347
5 16
5 229
5 369
5 88
5 248
6 81
6 82
6 83
6 84
6 196
6 227
6 10
6 11
6 85
6 14
6 18
6 20
6 23
6 199
7 291
7 318
7 109
7 319
7 290
7 9
7 11
7 293
7 294
7 295
7 13
7 15
7 297
7 298
7 251
7 247
7 299
7 327
7 208
7 300
7 301
8 205
8 244
8 318
8 109
8 319
8 290
8 245
8 9
8 320
8 296
8 206
8 15
8 207
8 208
8 19
8 300
8 22
8 88
8 329
8 321
8 249
9 109
9 319
9 320
9 206
9 15
9 207
9 208
9 329
9 121
9 249
10 81
10 82
10 83
10 196
10 197
10 85
10 14
10 198
10 247
10 18
10 20
10 231
10 88
10 23
10 199
10 139
11 52
11 81
11 80
11 82
11 89
11 226
11 267
11 278
11 108
11 201
11 202
11 319
11 142
11 110
11 56
11 290
11 302
11 58
11 320
11 193
11 197
11 131
11 330
11 13
11 279
11 206
11 198
11 265
11 304
11 91
11 64
11 16
11 66
11 67
11 17
11 400
11 69
11 327
11 364
11 401
11 225
11 22
11 379
11 270
11 372
11 71
12 191
12 82
12 190
12 272
12 111
12 380
12 17
12 349
12 194
12 19
12 300
12 328
12 121
13 205
13 318
13 109
13 319
13 245
13 320
13 206
13 15
13 207
13 208
13 300
13 22
13 329
13 321
13 249
14 122
14 126
14 196
14 18
14 20
15 291
15 109
15 319
15 290
15 245
15 292
15 293
15 294
15 295
15 296
15 206
15 297
15 115
15 207
15 298
15 247
15 299
15 17
15 327
15 208
15 19
15 300
15 301
15 329
15 147
15 249
16 81
16 226
16 278
16 58
16 197
16 85
16 198
16 20
16 22
16 88
16 248
17 26
17 226
17 27
17 190
17 280
17 227
17 228
17 281
17 197
17 392
17 98
17 35
17 99
17 40
17 145
17 251
17 103
17 41
17 104
17 337
17 300
17 22
17 88
17 232
17 283
18 82
18 125
18 83
18 196
18 85
18 279
18 198
18 86
18 378
18 229
18 20
18 153
18 23
18 199
19 244
19 318
19 109
19 271
19 245
19 227
19 197
19 330
19 206
19 207
19 86
19 348
19 380
19 247
19 327
19 194
19 146
19 208
19 231
19 22
19 88
19 329
19 249
20 81
20 80
20 82
20 83
20 84
20 129
20 196
20 56
20 130
20 150
20 197
20 60
20 85
20 198
20 132
20 86
20 299
20 135
20 300
20 87
20 88
20 23
20 199
20 139
21 271
21 238
21 32
21 111
21 112
21 274
21 331
21 144
21 145
21 276
21 146
21 332
21 277
21 48
22 52
22 81
22 53
22 244
22 278
22 142
22 196
22 245
22 320
22 131
22 279
22 206
22 198
22 265
22 207
22 92
22 327
22 208
22 401
22 225
22 231
22 381
22 270
22 376
22 249
23 81
23 122
23 82
23 83
23 84
23 196
23 85
23 198
23 265
23 86
23 135
23 199
23 200
24 190
24 129
24 192
24 228
24 32
24 60
24 279
24 198
24 194
24 300
24 332
24 200
25 26
25 94
25 95
25 30
25 31
25 32
25 33
25 96
25 97
25 98
25 35
25 99
25 38
25 100
25 101
25 102
25 103
25 42
25 104
25 47
25 48
26 27
26 28
26 29
26 30
26 31
26 32
26 33
26 34
26 35
26 36
26 37
26 38
26 39
26 40
26 41
26 42
26 43
26 44
26 45
26 46
26 47
26 48
26 49
26 50
27 95
27 28
27 29
27 30
27 31
27 33
27 34
27 35
27 36
27 101
27 39
27 40
27 102
27 41
27 42
27 43
27 44
27 252
27 46
27 49
27 50
28 31
28 356
28 33
28 34
28 98
28 36
28 39
28 40
28 102
28 103
28 41
28 42
28 43
28 44
28 46
28 49
28 357
28 50
29 95
29 30
29 31
29 32
29 33
29 34
29 99
29 39
29 40
29 102
29 103
29 41
29 42
29 43
29 104
29 337
29 44
29 46
29 47
29 49
29 50
30 94
30 335
30 31
30 33
30 34
30 96
30 97
30 35
30 36
30 99
30 38
30 100
30 40
30 41
30 42
30 43
30 104
30 44
30 252
30 46
30 47
30 49
30 50
31 94
31 95
31 32
31 33
31 324
31 34
31 35
31 36
31 37
31 100
31 101
31 39
31 40
31 102
31 103
31 41
31 42
31 43
31 44
31 311
31 46
31 47
31 49
31 312
31 50
32 94
32 95
32 271
32 110
32 238
32 280
32 33
32 111
32 340
32 112
32 274
32 331
32 98
32 206
32 99
32 116
32 38
32 100
32 144
32 276
32 102
32 117
32 118
32 103
32 42
32 43
32 120
32 399
32 45
32 332
32 277
32 47
32 48
32 195
32 49
32 50
33 370
33 34
33 35
33 36
33 100
33 39
33 40
33 103
33 41
33 42
33 43
33 104
33 44
33 46
33 47
33 48
33 49
33 50
34 95
34 96
34 98
34 35
34 36
34 38
34 39
34 40
34 102
34 41
34 42
34 43
34 44
34 46
34 47
34 49
34 50
35 98
35 36
35 100
35 40
35 405
35 102
35 42
35 43
35 46
35 47
35 49
35 50
36 99
36 38
36 39
36 40
36 41
36 42
36 43
36 104
36 337
36 44
36 46
36 49
36 50
37 334
37 335
37 371
37 97
37 101
37 337
37 283
38 94
38 237
38 95
38 96
38 98
38 99
38 100
38 145
38 102
38 103
38 41
38 42
38 43
38 44
38 46
38 47
38 48
38 312
38 50
39 95
39 98
39 99
39 100
39 40
39 103
39 41
39 42
39 43
39 44
39 252
39 46
39 47
39 49
39 312
39 50
40 95
40 96
40 98
40 167
40 100
40 103
40 41
40 42
40 43
40 44
40 46
40 49
40 50
41 95
41 102
41 103
41 42
41 43
41 338
41 44
41 46
41 48
41 49
41 50
42 95
42 335
42 280
42 96
42 97
42 98
42 99
42 103
42 43
42 338
42 44
42 311
42 46
42 47
42 48
42 49
42 50
43 95
43 335
43 96
43 98
43 99
43 100
43 102
43 103
43 44
43 46
43 48
43 49
43 50
44 183
44 98
44 99
44 405
44 102
44 46
44 47
44 49
44 50
45 105
45 236
45 313
45 192
45 113
45 275
45 118
45 349
45 317
45 306
46 94
46 99
46 100
46 101
46 102
46 103
46 337
46 252
46 49
46 50
47 94
47 95
47 313
47 335
47 315
47 96
47 98
47 99
47 100
47 102
47 103
47 317
47 48
47 49
47 312
48 106
48 105
48 94
48 236
48 107
48 237
48 108
48 95
48 271
48 190
48 370
48 238
48 273
48 111
48 112
48 96
48 274
48 331
48 98
48 114
48 99
48 115
48 116
48 100
48 282
48 102
48 117
48 119
48 103
48 349
48 194
48 121
48 312
49 94
49 335
49 98
49 99
49 100
49 103
49 50
50 94
50 95
50 183
50 280
50 315
50 96
50 99
50 100
50 103
50 104
50 252
51 52
51 89
51 55
51 90
51 91
51 64
51 92
51 93
52 53
52 54
52 55
52 56
52 57
52 58
52 59
52 60
52 61
52 62
52 63
52 64
52 65
52 66
52 67
52 68
52 69
52 70
52 71
53 124
53 54
53 224
53 129
53 55
53 57
53 61
53 62
53 63
53 151
53 70
53 225
54 210
54 307
54 212
54 57
54 62
54 323
54 64
54 69
54 309
54 216
54 241
55 89
55 224
55 91
55 225
55 93
56 58
56 150
56 61
56 64
56 65
56 69
56 381
56 71
57 89
57 61
57 62
57 64
57 66
57 151
57 70
58 80
58 293
58 304
58 66
58 395
58 300
58 200
59 132
59 135
59 153
59 154
60 80
60 122
60 123
60 124
60 126
60 128
60 129
60 130
60 148
60 90
60 132
60 64
60 68
60 135
60 153
60 87
60 88
60 136
60 137
60 71
61 362
61 62
61 63
61 65
61 151
61 400
61 69
61 70
61 225
61 231
62 66
62 70
62 365
62 138
63 82
63 201
63 197
63 198
63 64
63 70
63 231
63 88
64 80
64 122
64 89
64 240
64 362
64 203
64 363
64 150
64 131
64 90
64 66
64 67
64 189
64 151
64 69
64 153
64 231
64 71
65 201
65 224
65 203
65 150
65 225
65 153
65 381
65 137
65 366
65 71
66 109
66 346
66 349
66 395
66 328
66 329
67 89
67 203
67 90
67 151
67 69
68 81
68 80
68 122
68 124
68 126
68 127
68 128
68 129
68 132
68 135
68 149
68 136
68 137
68 139
69 80
69 129
69 203
69 131
69 87
69 372
70 402
70 404
70 409
70 152
70 153
70 270
70 403
71 89
71 123
71 140
71 150
71 131
71 133
71 151
71 153
71 138
72 73
72 161
72 218
72 285
72 162
72 358
72 286
72 74
72 220
72 287
72 359
72 166
72 75
72 360
72 76
72 77
72 104
72 235
72 260
72 171
72 172
72 289
72 361
72 78
72 221
72 79
72 264
73 74
73 75
73 76
73 77
73 78
73 79
74 285
74 219
74 358
74 287
74 359
74 368
74 168
74 75
74 234
74 76
74 77
74 104
74 235
74 260
74 361
74 78
74 79
75 233
75 285
75 358
75 287
75 359
75 76
75 77
75 104
75 235
75 361
75 78
76 285
76 358
76 287
76 77
76 104
76 235
76 361
76 78
76 186
76 79
77 285
77 253
77 358
77 286
77 158
77 255
77 287
77 359
77 388
77 104
77 235
77 260
77 288
77 172
77 344
77 361
77 78
77 79
77 263
77 264
78 175
78 358
78 255
78 287
78 359
78 104
78 235
78 289
78 361
78 221
79 358
79 287
79 235
79 361
80 81
80 122
80 123
80 124
80 125
80 126
80 127
80 128
80 129
80 130
80 85
80 131
80 132
80 86
80 133
80 134
80 135
80 87
80 136
80 137
80 138
80 139
81 82
81 83
81 84
81 85
81 86
81 87
81 88
82 83
82 190
82 84
82 196
82 197
82 85
82 198
82 135
82 88
82 199
82 200
83 125
83 84
83 196
83 197
83 85
83 198
83 86
83 199
83 200
84 196
84 150
84 85
84 265
84 132
84 86
84 199
84 200
85 196
85 197
85 86
85 275
85 251
85 229
85 87
85 88
85 379
85 199
86 278
86 196
86 328
86 88
86 199
87 122
87 123
87 124
87 126
87 127
87 128
87 129
87 130
87 148
87 132
87 134
87 149
87 136
87 137
87 139
88 244
88 128
88 245
88 227
88 197
88 91
88 132
88 231
88 375
89 201
89 202
89 142
89 203
89 187
89 131
89 90
89 204
89 189
89 151
90 122
90 203
90 131
90 151
90 153
91 126
91 203
91 197
91 402
91 364
92 225
94 95
94 96
94 98
94 99
94 100
94 102
94 103
95 96
95 98
95 99
95 100
95 102
95 103
95 311
95 312
96 98
96 99
96 100
96 102
96 103
97 334
97 335
97 370
97 371
97 336
97 101
97 103
97 104
97 337
97 351
97 283
98 99
98 100
98 282
98 102
98 118
98 103
98 104
98 337
98 312
98 283
99 192
99 100
99 102
99 103
99 312
100 280
100 389
100 102
100 103
100 408
100 311
100 312
101 334
101 335
101 371
101 336
101 104
101 337
101 283
102 103
102 312
103 175
103 335
103 373
103 177
103 339
103 397
103 312
103 283
104 182
104 285
104 334
104 335
104 322
104 162
104 358
104 286
104 176
104 255
104 177
104 287
104 359
104 167
104 168
104 169
104 145
104 234
104 185
104 146
104 235
104 338
104 408
104 351
104 339
104 260
104 171
104 289
104 361
104 180
104 264
105 106
105 107
105 108
105 111
105 112
105 113
105 114
105 115
105 116
105 144
105 145
105 117
105 119
105 146
105 120
105 147
106 107
106 108
106 109
106 110
106 111
106 112
106 113
106 114
106 115
106 116
106 117
106 118
106 119
106 120
106 121
107 236
107 108
107 109
107 271
107 272
107 110
107 238
107 228
107 273
107 111
107 112
107 274
107 114
107 115
107 116
107 144
107 275
107 276
107 117
107 119
107 120
107 277
107 121
108 111
108 114
108 115
108 116
108 276
108 117
108 119
108 306
108 121
109 205
109 318
109 319
109 245
109 320
109 292
109 111
109 295
109 206
109 297
109 116
109 207
109 298
109 299
109 119
109 327
109 208
109 300
109 328
109 301
109 329
109 321
109 249
110 271
110 238
110 273
110 340
110 112
110 330
110 274
110 331
110 115
110 116
110 144
110 380
110 276
110 117
110 118
110 119
110 120
110 230
110 332
110 277
110 121
110 312
111 271
111 112
111 274
111 113
111 114
111 115
111 116
111 276
111 251
111 117
111 119
111 327
111 120
111 277
111 121
112 271
112 238
112 273
112 340
112 274
112 331
112 114
112 115
112 116
112 144
112 348
112 276
112 117
112 118
112 277
112 121
113 272
113 192
113 193
113 115
113 275
113 118
114 190
114 238
114 273
114 274
114 331
114 115
114 116
114 144
114 276
114 117
114 119
114 120
114 277
114 306
114 121
115 271
115 345
115 190
115 319
115 245
115 228
115 320
115 273
115 274
115 331
115 116
115 144
115 145
115 299
115 117
115 119
115 349
115 327
115 194
115 384
115 120
115 277
115 121
116 271
116 272
116 373
116 238
116 273
116 296
116 331
116 144
116 275
116 276
116 117
116 119
116 194
116 146
116 120
116 121
117 236
117 271
117 273
117 274
117 331
117 144
117 276
117 119
117 120
117 277
117 121
117 312
118 191
118 236
118 313
118 190
118 272
118 373
118 228
118 250
118 348
118 275
119 271
119 345
119 190
119 272
119 192
119 346
119 238
119 275
119 120
119 277
119 306
119 121
120 272
120 274
120 331
120 121
121 271
121 190
121 245
121 238
121 275
121 276
121 349
121 321
122 123
122 124
122 126
122 127
122 128
122 129
122 130
122 148
122 132
122 135
122 149
122 136
122 137
122 139
123 124
123 126
123 127
123 128
123 129
123 130
123 148
123 132
123 135
123 136
123 137
123 139
124 126
124 128
124 129
124 130
124 197
124 148
124 132
124 135
124 149
124 136
124 200
124 139
125 265
125 266
125 137
126 128
126 129
126 130
126 148
126 132
126 135
126 229
126 149
126 137
127 128
127 130
127 148
127 132
127 134
127 135
127 136
127 310
127 137
127 139
128 129
128 132
128 135
129 130
129 227
129 197
129 132
129 133
129 135
129 153
129 136
129 137
129 375
129 139
130 148
130 132
130 378
130 135
130 149
130 136
130 137
131 267
131 203
131 363
131 305
131 151
131 400
131 364
131 270
131 372
132 196
132 148
132 134
132 135
132 149
132 136
132 137
132 154
132 139
133 197
133 279
133 198
133 229
133 138
133 372
134 197
134 139
135 209
135 148
135 153
135 136
135 139
136 148
136 149
137 148
137 149
138 294
138 295
138 297
138 298
138 229
138 300
138 301
138 379
138 248
138 372
139 149
139 381
140 141
140 150
140 225
141 142
141 143
142 151
142 217
142 143
142 242
142 376
143 188
143 187
143 189
144 271
144 346
144 238
144 273
144 274
144 331
144 276
144 146
144 328
144 332
144 277
144 306
145 182
145 218
145 345
145 219
145 314
145 280
145 220
145 250
145 331
145 184
145 380
145 276
145 178
145 349
145 146
145 332
145 195
145 222
145 180
146 226
146 367
146 330
146 331
146 380
146 351
146 339
146 332
146 180
147 319
147 290
147 292
147 293
147 294
147 295
147 296
147 247
147 327
147 300
147 249
148 196
148 149
149 265
150 227
150 151
150 225
151 188
151 187
151 402
151 304
151 204
151 189
152 404
153 279
153 198
153 154
155 156
156 157
156 158
156 159
157 341
157 352
157 158
157 184
157 257
157 170
157 258
157 353
157 354
157 172
157 343
158 181
158 253
158 341
158 286
158 176
158 391
158 184
158 170
158 385
158 258
158 179
158 353
158 387
158 344
159 353
159 354
159 262
160 161
160 164
160 165
160 167
160 168
160 169
160 171
160 173
161 162
161 163
161 164
161 165
161 166
161 167
161 168
161 169
161 170
161 171
161 172
161 173
162 253
162 255
162 163
162 164
162 165
162 166
162 167
162 168
162 169
162 170
162 171
162 172
162 173
163 255
163 164
163 165
163 166
163 167
163 168
163 169
163 171
163 173
164 165
164 166
164 167
164 168
164 169
164 171
164 172
164 173
165 181
165 285
165 253
165 341
165 166
165 167
165 168
165 169
165 234
165 171
165 173
165 343
165 344
166 233
166 255
166 167
166 168
166 169
166 260
166 171
166 173
167 285
167 253
167 341
167 255
167 389
167 398
167 220
167 168
167 169
167 234
167 171
167 173
167 283
168 253
168 169
168 171
168 173
168 264
169 255
169 170
169 171
169 173
170 341
170 286
170 184
170 172
171 253
171 179
171 173
171 289
172 253
172 341
172 352
172 176
172 184
172 258
172 263
173 341
173 234
174 175
174 219
174 322
174 176
174 177
174 185
174 178
174 179
174 261
174 221
174 186
174 180
175 176
175 177
175 178
175 179
175 180
176 322
176 179
176 186
177 233
177 322
177 368
177 234
177 185
177 360
177 289
177 186
177 180
178 218
178 219
178 322
178 185
178 260
178 186
178 222
178 180
179 322
179 255
179 260
180 322
180 255
180 374
180 186
181 182
181 233
181 253
181 254
181 219
181 255
181 256
181 220
181 184
181 257
181 258
181 259
181 260
181 261
181 221
181 262
181 263
181 264
182 183
182 184
182 185
182 186
183 315
183 324
183 325
183 326
184 218
184 253
184 219
184 322
184 341
184 342
184 185
184 360
184 394
184 235
184 353
184 344
185 322
185 360
186 219
186 322
186 358
186 287
186 235
187 188
187 189
188 189
189 202
189 225
190 191
190 244
190 346
190 193
190 275
190 194
190 300
190 328
190 355
191 192
191 193
191 194
191 195
192 313
192 345
192 272
192 193
192 348
192 275
192 300
193 272
193 275
194 314
194 331
194 349
194 300
194 328
194 195
195 280
195 315
195 250
195 330
195 355
195 311
196 295
196 229
196 200
197 244
197 226
197 227
197 229
197 248
197 199
197 375
197 249
198 278
198 266
198 229
198 231
198 379
198 200
198 407
200 278
200 227
200 279
200 378
200 266
200 229
200 327
200 375
201 227
201 231
202 372
203 210
203 364
203 225
203 231
203 381
203 270
203 372
205 206
205 207
205 208
206 244
206 318
206 319
206 245
206 320
206 296
206 207
206 327
206 208
206 300
206 329
206 249
207 373
207 319
207 383
207 290
207 245
207 320
207 382
207 299
207 208
207 384
207 329
207 277
207 321
207 249
208 318
208 319
208 245
208 320
208 296
208 380
208 251
208 327
208 300
208 329
208 249
210 211
210 239
210 240
210 212
210 213
210 214
210 215
210 216
210 241
210 217
210 242
210 243
211 212
211 213
211 214
211 215
211 216
211 217
212 239
212 240
212 307
212 302
212 213
212 214
212 304
212 305
212 308
212 215
212 216
212 241
212 217
213 239
213 240
213 214
213 308
213 215
213 216
213 310
213 270
213 217
214 239
214 302
214 323
214 308
214 215
214 400
214 216
214 217
214 242
215 239
215 308
215 216
215 217
215 242
216 239
216 308
216 217
216 243
217 239
217 308
217 241
217 270
217 242
217 243
218 219
218 220
218 221
218 222
219 322
219 220
219 235
219 221
219 222
220 368
220 234
220 235
220 260
220 221
220 222
221 322
221 287
221 222
224 362
224 363
224 305
224 365
224 366
226 227
226 250
226 251
226 229
226 231
226 248
227 319
227 265
227 375
227 249
228 373
229 377
229 279
229 378
229 379
231 244
233 234
233 235
234 285
234 352
234 257
234 354
234 343
234 289
234 263
235 285
235 358
235 287
235 359
235 289
235 361
235 264
236 237
236 238
237 280
237 281
237 282
237 283
237 284
238 271
238 273
238 340
238 330
238 274
238 331
238 380
238 276
238 317
238 332
238 277
239 240
239 307
239 304
239 308
239 309
239 241
239 310
239 242
239 243
240 241
240 310
241 267
241 401
241 243
243 267
243 401
243 381
244 245
244 246
244 247
244 248
244 249
245 318
245 319
245 290
245 320
245 300
245 329
245 249
247 290
247 292
247 293
247 294
247 295
247 296
247 297
247 298
247 251
247 299
247 327
247 300
247 248
249 318
249 319
249 290
249 320
249 297
249 299
249 327
249 329
250 345
250 346
250 314
250 347
250 348
250 349
250 328
250 306
251 373
251 279
251 379
251 407
252 390
252 405
252 339
252 283
253 285
253 341
253 286
253 342
253 343
253 344
254 322
254 358
254 367
254 255
254 368
254 354
254 361
254 264
255 367
255 368
255 394
255 260
255 374
255 261
255 361
255 264
256 258
257 341
257 352
257 258
257 353
257 262
258 341
258 391
258 353
259 341
260 322
260 367
260 359
260 394
260 374
260 261
260 264
261 368
261 394
261 264
262 352
262 391
264 285
264 367
264 394
264 374
266 279
266 378
266 407
267 268
267 269
267 270
268 269
270 400
270 403
271 273
271 340
271 331
271 276
271 332
271 277
272 335
272 290
272 320
272 275
273 340
273 331
273 276
273 332
273 277
274 331
274 276
274 332
274 277
275 320
275 300
276 340
276 331
276 332
276 277
277 373
277 314
277 340
277 331
277 384
278 279
279 377
279 379
280 392
280 393
280 311
281 356
281 389
281 282
281 396
281 284
282 356
282 389
282 324
282 337
282 396
282 397
282 284
283 334
283 335
283 356
283 390
283 405
283 337
285 286
285 287
285 288
285 289
286 341
286 388
286 288
287 358
287 359
287 361
288 388
290 291
290 319
290 292
290 293
290 294
290 295
290 296
290 297
290 298
290 299
290 327
290 300
290 301
291 292
291 293
291 294
291 295
291 296
291 297
291 298
291 299
291 300
291 301
292 293
292 294
292 295
292 296
292 297
292 298
292 299
292 327
292 300
292 301
293 294
293 295
293 296
293 297
293 298
293 299
293 327
293 300
293 301
294 295
294 297
294 298
294 299
294 300
295 296
295 297
295 298
295 299
295 300
295 301
296 298
296 327
296 300
296 301
296 329
297 298
297 299
297 327
297 300
297 301
298 299
298 327
298 300
298 301
299 319
299 380
299 327
299 300
299 301
300 319
300 348
300 327
300 301
301 327
302 303
302 304
302 305
303 304
303 305
304 305
305 402
306 313
306 345
306 346
306 347
306 348
306 349
306 328
306 317
307 323
307 308
307 309
309 323
311 392
311 393
313 314
313 315
313 316
313 317
314 373
314 317
315 316
315 347
315 317
317 331
318 319
318 320
318 321
319 346
319 320
319 327
319 329
319 321
320 329
320 321
321 329
322 374
324 326
328 345
328 346
328 347
328 348
328 349
330 347
330 380
331 340
331 349
331 332
332 340
333 334
333 350
333 351
333 339
334 335
334 336
334 337
334 338
334 339
335 370
335 371
335 336
335 337
336 371
337 338
337 397
338 371
339 350
339 351
341 352
341 385
341 353
341 386
341 343
341 387
341 344
342 343
342 344
343 354
344 353
344 387
345 346
345 347
345 348
345 349
346 347
346 348
346 349
347 348
347 349
348 349
350 351
351 371
351 390
352 353
352 354
353 387
356 396
356 397
357 408
358 359
358 361
359 361
360 361
362 363
362 364
362 365
362 366
363 365
363 366
365 366
367 394
367 374
371 389
371 390
372 381
374 394
377 378
377 379
378 407
381 401
382 383
382 384
383 384
389 398
389 390
389 396
390 398
390 405
392 393
395 403
396 397
402 403
403 406
