0 1
0 2
0 3
0 4
0 5
0 6
0 7
0 8
0 9
0 10
0 11
0 12
0 13
0 14
0 15
0 16
0 17
0 18
0 19
0 20
0 21
0 22
0 23
0 24
0 25
0 26
0 27
0 28
0 29
0 30
0 31
0 32
0 33
0 34
0 35
0 36
0 37
0 38
0 39
0 40
0 41
0 42
0 43
1 2
1 3
1 44
1 6
1 7
1 45
1 8
1 12
1 13
1 46
1 14
1 15
1 16
1 17
1 18
1 19
1 47
1 20
1 21
1 23
1 24
1 25
1 26
1 48
1 28
1 30
1 31
1 32
1 33
1 49
1 34
1 35
1 36
1 37
1 38
1 50
1 39
1 41
1 51
1 43
2 44
2 6
2 7
2 8
2 13
2 14
2 15
2 16
2 17
2 18
2 19
2 20
2 21
2 23
2 25
2 26
2 31
2 32
2 33
2 34
2 35
2 50
2 39
2 41
2 51
2 43
3 6
3 7
3 10
3 13
3 14
3 16
3 18
3 19
3 20
3 21
3 22
3 23
3 26
3 30
3 31
3 33
3 35
3 36
3 37
3 38
3 39
3 42
4 55
4 56
4 35
4 26
4 57
4 42
4 16
4 13
4 6
4 58
4 47
4 44
4 23
5 44
5 59
5 6
5 7
5 10
5 55
5 12
5 62
5 13
5 53
5 67
5 14
5 16
5 47
5 20
5 21
5 23
5 24
5 26
5 57
5 30
5 68
5 31
5 69
5 32
5 35
5 36
5 42
6 44
6 59
6 54
6 7
6 58
6 93
6 60
6 45
6 61
6 8
6 9
6 55
6 11
6 12
6 62
6 13
6 53
6 14
6 15
6 16
6 17
6 18
6 19
6 47
6 20
6 21
6 22
6 23
6 24
6 25
6 26
6 57
6 30
6 68
6 31
6 33
6 34
6 84
6 35
6 36
6 37
6 38
6 56
6 50
6 39
6 94
6 41
6 51
6 42
6 43
7 44
7 58
7 8
7 10
7 12
7 13
7 14
7 16
7 17
7 18
7 19
7 78
7 20
7 21
7 22
7 95
7 23
7 24
7 25
7 26
7 28
7 68
7 31
7 32
7 33
7 34
7 35
7 36
7 37
7 38
7 50
7 39
7 41
7 42
8 54
8 45
8 13
8 53
8 46
8 14
8 15
8 16
8 17
8 19
8 20
8 23
8 25
8 26
8 31
8 69
8 32
8 33
8 34
8 35
8 50
8 39
8 41
8 51
8 43
9 71
9 72
9 93
9 73
9 74
9 11
9 75
9 76
9 15
9 77
9 78
9 79
9 90
9 24
9 80
9 27
9 29
9 104
9 49
9 81
9 100
9 82
9 83
9 84
9 85
9 40
9 86
9 105
10 44
10 37
10 23
10 12
10 39
10 42
10 33
10 20
10 21
11 71
11 73
11 74
11 84
11 77
11 80
11 76
11 27
11 82
11 29
11 79
11 91
11 22
11 78
11 49
11 81
11 40
11 83
12 44
12 59
12 58
12 55
12 62
12 13
12 53
12 15
12 16
12 47
12 20
12 21
12 23
12 26
12 57
12 30
12 68
12 31
12 33
12 64
12 35
12 36
12 37
12 38
12 39
12 94
12 42
13 44
13 92
13 58
13 55
13 62
13 53
13 14
13 16
13 18
13 19
13 47
13 20
13 21
13 22
13 23
13 24
13 25
13 26
13 57
13 30
13 68
13 31
13 33
13 35
13 37
13 38
13 56
13 50
13 39
13 94
13 51
13 42
13 66
14 58
14 15
14 16
14 19
14 20
14 21
14 23
14 25
14 26
14 31
14 69
14 33
14 35
14 39
14 51
15 44
15 45
15 84
15 35
15 23
15 42
15 16
15 19
15 31
15 20
15 77
16 44
16 58
16 53
16 17
16 18
16 19
16 20
16 21
16 23
16 25
16 26
16 28
16 31
16 33
16 35
16 37
16 38
16 56
16 50
16 39
16 43
16 66
17 50
17 35
17 39
17 31
17 19
17 33
17 20
18 19
18 47
18 20
18 21
18 107
18 23
18 26
18 57
18 31
18 33
18 35
18 37
18 38
18 39
19 44
19 20
19 21
19 95
19 23
19 24
19 25
19 26
19 31
19 33
19 35
19 37
19 38
19 50
19 39
19 51
19 43
20 44
20 73
20 74
20 21
20 22
20 23
20 25
20 26
20 28
20 30
20 31
20 33
20 35
20 36
20 37
20 38
20 56
20 50
20 39
20 51
20 43
21 58
21 78
21 22
21 23
21 24
21 25
21 26
21 28
21 31
21 33
21 35
21 36
21 37
21 38
21 56
21 39
22 71
22 73
22 74
22 76
22 78
22 79
22 26
22 33
22 81
22 82
22 84
22 35
22 36
22 37
22 39
23 44
23 59
23 58
23 60
23 61
23 55
23 62
23 53
23 47
23 25
23 26
23 57
23 30
23 68
23 31
23 33
23 35
23 36
23 37
23 38
23 56
23 50
23 39
23 94
23 42
24 44
24 70
24 71
24 73
24 53
24 46
24 76
24 79
24 25
24 26
24 80
24 31
24 81
24 100
24 82
24 84
24 39
24 88
25 35
25 39
25 31
25 33
26 44
26 59
26 92
26 55
26 62
26 53
26 67
26 46
26 47
26 57
26 30
26 68
26 31
26 33
26 64
26 35
26 36
26 37
26 38
26 56
26 39
26 94
26 42
26 66
27 73
27 74
27 79
27 84
27 40
27 29
27 49
27 104
27 81
27 82
27 83
28 37
28 35
28 39
28 31
28 42
29 70
29 71
29 89
29 72
29 73
29 74
29 76
29 77
29 79
29 57
29 80
29 84
29 82
29 49
29 81
29 40
29 83
30 44
30 58
30 61
30 55
30 53
30 67
30 47
30 57
30 33
30 64
30 35
30 37
30 39
30 42
31 44
31 58
31 73
31 74
31 32
31 33
31 34
31 35
31 36
31 37
31 38
31 56
31 50
31 39
31 41
31 51
31 42
31 43
32 52
32 44
32 54
32 45
32 53
32 46
32 35
32 50
32 41
32 34
33 44
33 45
33 55
33 78
33 57
33 69
33 64
33 34
33 35
33 36
33 37
33 50
33 39
33 51
33 42
33 43
34 35
34 41
34 39
35 52
35 44
35 54
35 47
35 95
35 48
35 49
35 36
35 37
35 38
35 56
35 50
35 39
35 41
35 43
36 44
36 59
36 55
36 62
36 53
36 47
36 57
36 37
36 39
36 94
36 42
37 48
37 38
37 39
38 60
38 55
38 62
38 46
38 68
38 39
38 42
38 65
38 66
39 53
39 78
39 69
39 56
39 50
39 41
39 51
39 43
40 71
40 73
40 74
40 76
40 77
40 78
40 79
40 91
40 80
40 49
40 81
40 82
40 83
40 84
42 44
42 59
42 58
42 45
42 55
42 62
42 53
42 47
42 57
42 64
42 50
44 52
44 59
44 54
44 58
44 60
44 45
44 61
44 55
44 62
44 53
44 46
44 63
44 47
44 57
44 64
44 56
44 50
44 51
44 65
44 66
45 52
45 54
45 58
45 50
45 53
45 46
45 51
46 52
46 54
46 58
46 60
46 61
46 62
46 53
46 50
46 63
46 65
46 97
46 66
47 59
47 55
47 62
47 53
47 57
47 64
49 71
49 72
49 73
49 74
49 76
49 78
49 79
49 104
49 84
49 82
49 81
49 83
50 54
50 60
50 55
50 53
50 57
50 65
51 54
51 53
52 53
52 54
53 54
53 58
53 60
53 61
53 55
53 62
53 57
53 68
53 69
53 64
55 58
55 73
55 74
55 62
55 67
55 91
55 57
55 104
55 64
55 83
56 66
57 59
57 58
57 61
57 68
57 64
57 94
58 60
58 61
58 62
58 68
58 69
58 65
58 66
60 96
60 65
60 68
60 61
60 63
60 97
60 62
60 98
60 66
61 63
61 65
61 98
61 66
62 68
62 63
62 65
62 66
63 65
63 66
65 97
65 98
65 96
65 66
66 97
66 98
71 72
71 73
71 74
71 75
71 76
71 77
71 78
71 79
71 80
71 81
71 82
71 83
71 84
71 85
71 86
71 87
71 88
72 84
72 73
72 90
72 74
72 86
72 76
72 82
72 77
72 79
72 78
72 81
72 91
72 83
73 103
73 74
73 75
73 76
73 77
73 106
73 78
73 79
73 80
73 104
73 81
73 82
73 83
73 84
73 86
74 103
74 75
74 76
74 77
74 106
74 78
74 79
74 90
74 80
74 104
74 81
74 82
74 83
74 84
74 86
74 88
75 76
76 77
76 78
76 79
76 80
76 104
76 81
76 82
76 83
76 84
76 85
76 86
76 87
76 88
77 89
77 84
77 90
77 95
77 88
77 79
77 81
77 83
78 79
78 91
78 104
78 81
78 82
78 83
78 84
78 86
79 95
79 90
79 108
79 104
79 81
79 100
79 82
79 83
79 84
79 85
79 86
80 82
80 83
81 103
81 91
81 104
81 82
81 83
81 84
81 85
81 86
81 88
82 106
82 104
82 83
82 84
82 86
83 104
83 84
83 86
83 87
84 86
84 87
84 105
86 87
87 89
98 109
99 100
101 102
104 106
