0 1
0 4
0 17
0 21
0 22
0 23
0 24
0 25
0 26
0 27
0 28
0 29
0 30
0 18
0 31
0 32
0 33
0 34
0 35
0 36
0 37
0 38
0 39
0 40
0 41
0 42
0 15
0 16
0 43
0 44
0 45
0 19
0 46
0 47
1 2
1 3
2 2909
2 2908
2 2922
2 2951
2 2924
2 2933
2 2954
2 2957
2 2964
2 2965
2 2929
2 2967
2 2910
2 2968
2 2969
2 2970
2 2971
2 2972
2 2973
2 2911
2 2931
2 2912
2 3012
2 3013
2 3014
2 3015
2 3017
2 3019
2 3021
2 2976
2 3023
2 3024
2 2913
2 3
2 2914
2 2915
2 2916
2 2949
2 3026
2 3027
2 2919
2 3028
3 2909
3 2908
3 2910
3 2911
3 2912
3 3022
3 3023
3 2914
3 2915
3 2919
3 3029
4 5
4 6
4 7
4 8
4 9
4 10
4 11
4 12
4 13
4 14
4 15
4 16
5 6
5 7
5 8
5 9
5 10
5 11
5 12
5 13
5 14
6 7
6 8
6 9
6 10
6 11
6 12
6 13
6 14
7 8
7 9
7 10
7 11
7 12
7 13
7 14
8 9
8 10
8 11
8 12
8 13
8 14
9 10
9 11
9 12
9 13
9 14
10 11
10 12
10 13
10 14
11 12
11 13
11 14
12 13
12 14
13 14
14 103
14 34
15 22
15 242
15 31
15 32
15 33
15 34
15 35
15 37
15 40
15 41
15 185
15 42
15 243
15 245
15 16
15 262
15 268
15 44
15 45
15 19
15 47
16 30
16 259
16 31
16 32
16 33
16 34
16 35
16 99
16 101
16 104
16 37
16 40
16 41
16 42
16 247
16 249
16 251
16 253
16 255
16 257
16 260
16 262
16 264
16 266
16 268
16 43
16 271
16 365
16 369
16 371
16 373
16 375
16 377
16 379
16 381
16 383
16 385
16 387
16 389
16 391
16 393
16 395
16 397
16 399
16 401
16 405
16 409
16 44
16 45
16 19
16 47
17 18
19 20
19 417
19 31
19 32
19 33
19 34
19 35
19 106
19 37
19 40
19 116
19 41
19 42
19 243
19 44
19 45
19 2876
19 2877
19 46
19 2878
19 2879
19 2880
19 2881
19 2882
19 47
19 487
23 34
24 41
28 65
28 64
28 66
28 67
28 68
28 69
28 70
28 71
28 72
28 73
28 74
28 75
28 76
28 77
28 78
28 79
28 80
28 81
28 82
28 83
28 34
29 49
29 48
29 50
29 51
29 52
29 53
29 54
29 55
29 56
29 57
29 58
29 59
29 60
29 61
29 62
29 63
30 85
30 86
30 87
30 88
30 89
30 90
30 91
30 92
30 93
31 94
31 32
31 33
31 34
31 35
31 37
31 40
31 41
31 42
31 44
31 45
31 47
32 84
32 95
32 519
32 33
32 34
32 35
32 37
32 40
32 41
32 42
32 44
32 45
32 47
33 96
33 34
33 35
33 37
33 40
33 41
33 42
33 44
33 45
33 47
34 97
34 35
34 106
34 37
34 109
34 111
34 40
34 114
34 116
34 520
34 120
34 41
34 195
34 42
34 245
34 253
34 255
34 262
34 273
34 275
34 277
34 279
34 281
34 283
34 285
34 287
34 289
34 291
34 293
34 295
34 297
34 299
34 301
34 303
34 305
34 307
34 309
34 313
34 315
34 317
34 323
34 325
34 329
34 331
34 333
34 337
34 341
34 347
34 355
34 361
34 363
34 377
34 403
34 411
34 44
34 414
34 45
34 418
34 420
34 47
34 491
34 521
34 517
35 98
35 522
35 523
35 524
35 525
35 526
35 527
35 528
35 37
35 111
35 40
35 41
35 219
35 42
35 262
35 44
35 45
35 428
35 47
35 431
35 483
35 491
37 108
37 40
37 41
37 42
37 44
37 45
37 47
40 113
40 41
40 42
40 529
40 44
40 45
40 47
41 50
41 61
41 152
41 114
41 118
41 122
41 531
41 532
41 124
41 126
41 128
41 130
41 132
41 134
41 136
41 138
41 140
41 142
41 144
41 146
41 148
41 150
41 153
41 155
41 157
41 159
41 161
41 163
41 165
41 167
41 169
41 171
41 173
41 175
41 177
41 179
41 181
41 183
41 185
41 187
41 189
41 191
41 193
41 195
41 197
41 199
41 201
41 203
41 205
41 207
41 209
41 211
41 213
41 215
41 217
41 219
41 221
41 223
41 225
41 227
41 229
41 231
41 233
41 235
41 237
41 239
41 42
41 243
41 44
41 414
41 45
41 47
42 241
42 106
42 116
42 535
42 243
42 262
42 536
42 44
42 45
42 47
43 270
43 530
43 271
44 413
44 253
44 255
44 257
44 553
44 554
44 273
44 568
44 275
44 583
44 584
44 585
44 277
44 638
44 639
44 640
44 641
44 642
44 279
44 677
44 281
44 283
44 285
44 810
44 287
44 835
44 836
44 837
44 838
44 839
44 289
44 291
44 875
44 293
44 295
44 981
44 982
44 983
44 984
44 985
44 986
44 987
44 988
44 989
44 297
44 1048
44 1049
44 299
44 301
44 303
44 1203
44 1204
44 305
44 307
44 309
44 1353
44 311
44 313
44 315
44 317
44 319
44 321
44 323
44 325
44 327
44 329
44 331
44 333
44 335
44 337
44 339
44 341
44 343
44 345
44 347
44 349
44 351
44 353
44 355
44 357
44 359
44 361
44 363
44 365
44 367
44 377
44 405
44 407
44 2875
44 45
44 47
45 416
45 47
47 430
47 2882
47 422
47 424
47 426
47 428
47 431
47 433
47 435
47 437
47 439
47 441
47 443
47 445
47 447
47 449
47 451
47 453
47 455
47 457
47 459
47 461
47 463
47 465
47 467
47 469
47 471
47 473
47 475
47 477
47 479
47 481
47 483
47 485
47 487
47 489
47 491
47 493
47 495
47 497
47 499
47 501
47 503
47 505
47 507
47 509
47 511
47 513
47 515
47 521
48 49
48 50
48 51
48 52
48 53
48 54
48 55
48 56
48 57
48 58
48 59
48 60
48 61
48 62
48 63
49 50
49 51
49 52
49 53
49 54
49 55
49 56
49 57
49 58
49 59
49 60
49 61
49 62
49 63
50 51
50 52
50 53
50 54
50 55
50 56
50 57
50 58
50 59
50 60
50 61
50 62
50 63
51 52
51 53
51 54
51 55
51 56
51 57
51 58
51 59
51 60
51 61
51 62
51 63
52 53
52 54
52 55
52 56
52 57
52 58
52 59
52 60
52 61
52 62
52 63
53 54
53 55
53 56
53 57
53 58
53 59
53 60
53 61
53 62
53 63
54 55
54 56
54 57
54 58
54 59
54 60
54 61
54 62
54 63
55 56
55 57
55 58
55 59
55 60
55 61
55 62
55 63
56 57
56 58
56 59
56 60
56 61
56 62
56 63
57 58
57 59
57 60
57 61
57 62
57 63
58 59
58 60
58 61
58 62
58 63
59 60
59 61
59 62
59 63
60 61
60 62
60 63
61 62
61 63
62 63
64 65
64 66
64 67
64 68
64 69
64 70
64 71
64 72
64 73
64 74
64 75
64 76
64 77
64 78
64 79
64 80
64 81
64 82
64 83
65 66
65 67
65 68
65 69
65 70
65 71
65 72
65 73
65 74
65 75
65 76
65 77
65 78
65 79
65 80
65 81
65 82
65 83
66 67
66 68
66 69
66 70
66 71
66 72
66 73
66 74
66 75
66 76
66 77
66 78
66 79
66 80
66 81
66 82
66 83
67 68
67 69
67 70
67 71
67 72
67 73
67 74
67 75
67 76
67 77
67 78
67 79
67 80
67 81
67 82
67 83
68 69
68 70
68 71
68 72
68 73
68 74
68 75
68 76
68 77
68 78
68 79
68 80
68 81
68 82
68 83
69 70
69 71
69 72
69 73
69 74
69 75
69 76
69 77
69 78
69 79
69 80
69 81
69 82
69 83
70 71
70 72
70 73
70 74
70 75
70 76
70 77
70 78
70 79
70 80
70 81
70 82
70 83
71 72
71 73
71 74
71 75
71 76
71 77
71 78
71 79
71 80
71 81
71 82
71 83
72 73
72 74
72 75
72 76
72 77
72 78
72 79
72 80
72 81
72 82
72 83
73 74
73 75
73 76
73 77
73 78
73 79
73 80
73 81
73 82
73 83
74 75
74 76
74 77
74 78
74 79
74 80
74 81
74 82
74 83
75 76
75 77
75 78
75 79
75 80
75 81
75 82
75 83
76 77
76 78
76 79
76 80
76 81
76 82
76 83
77 78
77 79
77 80
77 81
77 82
77 83
78 79
78 80
78 81
78 82
78 83
79 80
79 81
79 82
79 83
80 81
80 82
80 83
81 82
81 83
82 83
85 86
85 87
85 88
85 89
85 90
85 91
85 92
85 93
86 87
86 88
86 89
86 90
86 91
86 92
86 93
87 88
87 89
87 90
87 91
87 92
87 93
88 89
88 90
88 91
88 92
88 93
89 90
89 91
89 92
89 93
90 91
90 92
90 93
91 92
91 93
92 93
99 100
101 102
104 105
106 107
109 110
111 112
114 115
116 117
118 119
120 121
122 123
124 125
126 127
128 129
130 131
132 133
132 533
134 135
136 137
138 139
140 141
142 143
144 145
146 147
148 149
150 151
153 154
155 156
157 158
157 534
159 160
161 162
163 164
165 166
167 168
169 170
171 172
173 174
175 176
177 178
179 180
181 182
183 184
185 186
187 188
189 190
191 192
193 194
195 196
197 198
199 200
201 202
203 204
205 206
207 208
209 210
211 212
213 214
215 216
217 218
219 220
221 222
223 224
225 226
227 228
229 230
231 232
233 234
235 236
237 238
239 240
243 244
245 246
245 538
245 537
245 539
245 540
245 541
245 542
245 543
245 544
247 248
249 250
251 252
253 254
255 256
257 258
257 546
257 545
257 547
257 548
260 261
262 263
264 265
264 549
264 550
264 551
266 267
268 269
271 272
271 530
271 552
273 274
273 556
273 555
273 557
273 558
273 559
273 560
273 561
273 562
273 563
273 564
273 565
273 566
273 567
275 276
275 570
275 569
275 571
275 572
275 573
275 574
275 575
275 576
275 577
275 578
275 579
275 580
275 581
275 582
277 278
277 587
277 586
277 588
277 589
277 590
277 591
277 592
277 593
277 594
277 595
277 596
277 597
277 598
277 599
277 600
277 601
277 602
277 603
277 604
277 605
277 606
277 607
277 608
277 609
277 610
277 611
277 612
277 613
277 614
277 615
277 616
277 617
277 618
277 619
277 620
277 621
277 622
277 623
277 624
277 625
277 626
277 627
277 628
277 629
277 630
277 631
277 632
277 633
277 634
277 635
277 636
277 637
279 280
279 644
279 643
279 645
279 646
279 647
279 648
279 649
279 650
279 651
279 652
279 653
279 654
279 655
279 656
279 657
279 658
279 659
279 660
279 661
279 662
279 663
279 664
279 665
279 666
279 667
279 668
279 669
279 670
279 671
279 672
279 673
279 674
279 675
279 676
281 282
281 679
281 678
281 680
281 681
281 682
281 683
281 684
281 685
281 686
281 687
281 688
281 689
281 690
281 691
281 692
281 693
281 694
281 695
281 696
281 697
281 698
281 699
281 700
281 701
281 702
281 703
281 704
281 705
281 706
281 707
281 708
281 709
281 710
281 711
281 712
281 713
281 714
281 715
281 716
281 717
281 718
281 719
281 720
281 721
281 722
281 723
281 724
281 725
281 726
281 727
283 284
283 729
283 728
283 730
283 731
283 732
283 733
283 734
283 735
283 736
283 737
283 738
283 739
283 740
283 741
283 742
283 743
283 744
283 745
283 746
283 747
283 748
283 749
283 750
283 751
283 752
283 753
283 754
283 755
283 756
283 757
283 758
283 759
285 286
285 761
285 760
285 762
285 763
285 764
285 765
285 766
285 767
285 768
285 769
285 770
285 771
285 772
285 773
285 774
285 775
285 776
285 777
285 778
285 779
285 780
285 781
285 782
285 783
285 784
285 785
285 786
285 787
285 788
285 789
285 790
285 791
285 792
285 793
285 794
285 795
285 796
285 797
285 798
285 799
285 800
285 801
285 802
285 803
285 804
285 805
285 806
285 807
285 808
285 809
287 288
287 812
287 811
287 813
287 814
287 815
287 816
287 817
287 818
287 819
287 820
287 821
287 822
287 823
287 824
287 825
287 826
287 827
287 828
287 829
287 830
287 831
287 832
287 833
287 834
289 290
289 841
289 840
289 842
289 843
289 844
289 845
289 846
289 847
289 848
289 849
289 850
289 851
289 852
289 853
289 854
289 855
289 856
289 857
289 858
289 859
289 860
289 861
289 862
289 863
289 864
289 865
291 292
291 867
291 866
291 868
291 869
291 870
291 871
291 872
291 873
291 874
293 294
293 877
293 876
293 878
293 879
293 880
293 881
293 882
293 883
293 884
293 885
293 886
293 887
293 888
293 889
293 890
293 891
293 892
293 893
293 894
293 895
293 896
293 897
293 898
293 899
293 900
293 901
293 902
293 903
293 904
293 905
293 906
293 907
293 908
293 909
293 910
293 911
293 912
293 913
293 914
293 915
293 916
293 917
293 918
293 919
293 920
293 921
293 922
293 923
293 924
293 925
293 926
293 927
293 928
293 929
293 930
295 296
295 932
295 931
295 933
295 934
295 935
295 936
295 937
295 938
295 939
295 940
295 941
295 942
295 943
295 944
295 945
295 946
295 947
295 948
295 949
295 950
295 951
295 952
295 953
295 954
295 955
295 956
295 957
295 958
295 959
295 960
295 961
295 962
295 963
295 964
295 965
295 966
295 967
295 968
295 969
295 970
295 971
295 972
295 973
295 974
295 975
295 976
295 977
295 978
295 979
295 980
297 298
297 991
297 990
297 992
297 993
297 994
297 995
297 996
297 997
297 998
297 999
297 1000
297 1001
297 1002
297 1003
297 1004
297 1005
297 1006
297 1007
297 1008
297 1009
297 1010
297 1011
297 1012
297 1013
297 1014
297 1015
297 1016
297 1017
297 1018
297 1019
297 1020
297 1021
297 1022
297 1023
297 1024
297 1025
297 1026
297 1027
297 1028
297 1029
297 1030
297 1031
297 1032
297 1033
297 1034
297 1035
297 1036
297 1037
297 1038
297 1039
297 1040
297 1041
297 1042
297 1043
297 1044
297 1045
297 1046
297 1047
299 300
299 1051
299 1050
299 1052
299 1053
299 1054
299 1055
299 1056
299 1057
299 1058
299 1059
299 1060
299 1061
299 1062
299 1063
299 1064
299 1065
299 1066
299 1067
299 1068
299 1069
299 1070
299 1071
299 1072
299 1073
299 1074
299 1075
299 1076
299 1077
299 1078
299 1079
299 1080
299 1081
299 1082
299 1083
299 1084
299 1085
299 1086
299 1087
299 1088
299 1089
299 1090
299 1091
299 1092
299 1093
299 1094
299 1095
299 1096
299 1097
299 1098
299 1099
299 1100
301 302
301 1102
301 1101
301 1103
301 1104
301 1105
301 1106
301 1107
301 1108
301 1109
301 1110
301 1111
301 1112
301 1113
301 1114
301 1115
301 1116
301 1117
301 1118
301 1119
301 1120
301 1121
301 1122
301 1123
301 1124
301 1125
301 1126
301 1127
301 1128
301 1129
301 1130
301 1131
301 1132
301 1133
301 1134
301 1135
301 1136
301 1137
301 1138
301 1139
301 1140
301 1141
301 1142
301 1143
301 1144
301 1145
301 1146
301 1147
301 1148
301 1149
301 1150
301 1151
301 1152
303 304
303 1154
303 1153
303 1155
303 1156
303 1157
303 1158
303 1159
303 1160
303 1161
303 1162
303 1163
303 1164
303 1165
303 1166
303 1167
303 1168
303 1169
303 1170
303 1171
303 1172
303 1173
303 1174
303 1175
303 1176
303 1177
303 1178
303 1179
303 1180
303 1181
303 1182
303 1183
303 1184
303 1185
303 1186
303 1187
303 1188
303 1189
303 1190
303 1191
303 1192
303 1193
303 1194
303 1195
303 1196
303 1197
303 1198
303 1199
303 1200
303 1201
303 1202
305 306
305 1206
305 1205
305 1207
305 1208
305 1209
305 1210
305 1211
305 1212
305 1213
305 1214
305 1215
305 1216
305 1217
305 1218
305 1219
305 1220
305 1221
305 1222
305 1223
305 1224
305 1225
305 1226
305 1227
305 1228
305 1229
305 1230
305 1231
305 1232
305 1233
305 1234
305 1235
305 1236
305 1237
305 1238
305 1239
305 1240
305 1241
305 1242
305 1243
305 1244
305 1245
305 1246
305 1247
305 1248
305 1249
307 308
307 1251
307 1250
307 1252
307 1253
307 1254
307 1255
307 1256
307 1257
307 1258
307 1259
307 1260
307 1261
307 1262
307 1263
307 1264
307 1265
307 1266
307 1267
307 1268
307 1269
307 1270
307 1271
307 1272
307 1273
307 1274
307 1275
307 1276
307 1277
307 1278
307 1279
307 1280
307 1281
307 1282
307 1283
307 1284
307 1285
307 1286
307 1287
307 1288
307 1289
307 1290
307 1291
307 1292
307 1293
307 1294
307 1295
307 1296
307 1297
307 1298
307 1299
309 310
309 1301
309 1300
309 1302
309 1303
309 1304
309 1305
309 1306
309 1307
309 1308
309 1309
309 1310
309 1311
309 1312
309 1313
309 1314
309 1315
309 1316
309 1317
309 1318
309 1319
309 1320
309 1321
309 1322
309 1323
309 1324
309 1325
309 1326
309 1327
309 1328
309 1329
309 1330
309 1331
309 1332
309 1333
309 1334
309 1335
309 1336
309 1337
309 1338
309 1339
309 1340
309 1341
309 1342
309 1343
309 1344
309 1345
309 1346
309 1347
309 1348
309 1349
309 1350
311 312
311 1404
311 1403
311 1405
311 1406
311 1407
311 1408
311 1409
311 1410
311 1411
311 1412
311 1413
311 1414
311 1415
311 1416
311 1417
311 1418
311 1419
311 1420
311 1421
311 1422
311 1423
311 1424
311 1425
311 1426
311 1427
311 1428
311 1429
311 1430
311 1431
311 1432
311 1433
311 1434
311 1435
311 1436
311 1437
311 1438
311 1439
311 1440
311 1441
311 1442
311 1443
311 1444
311 1445
311 1446
311 1447
311 1448
311 1449
311 1451
311 1450
311 1452
311 1453
311 1454
311 1455
311 1456
313 314
313 1458
313 1457
313 1459
313 1460
313 1461
313 1462
313 1463
313 1464
313 1465
313 1466
313 1467
313 1468
313 1469
313 1470
313 1471
313 1472
313 1473
313 1474
313 1475
313 1476
313 1477
313 1478
313 1479
313 1480
313 1481
313 1482
313 1483
313 1484
313 1485
313 1486
313 1487
313 1488
313 1489
313 1490
313 1491
313 1492
313 1493
313 1494
313 1495
313 1496
313 1497
313 1498
313 1499
313 1500
313 1501
313 1502
313 1503
313 1504
313 1505
313 1506
315 316
315 1508
315 1507
315 1509
315 1510
315 1511
315 1512
315 1513
315 1514
315 1515
315 1516
315 1517
315 1518
315 1519
315 1520
315 1521
315 1522
315 1523
315 1524
315 1525
315 1526
315 1527
315 1528
315 1529
315 1530
315 1531
315 1532
315 1533
315 1534
315 1535
315 1536
315 1537
315 1538
315 1539
315 1540
315 1541
315 1542
315 1543
315 1544
315 1545
315 1546
315 1547
315 1548
315 1549
315 1550
315 1551
315 1552
315 1553
315 1554
315 1555
315 1556
315 1557
315 1558
315 1559
317 318
317 1561
317 1560
317 1562
317 1563
317 1564
317 1565
317 1566
317 1567
317 1568
317 1569
317 1570
317 1571
317 1572
317 1573
317 1574
317 1575
317 1576
317 1577
317 1578
317 1579
317 1580
317 1581
317 1582
317 1583
317 1584
317 1585
317 1586
317 1587
317 1588
317 1589
317 1590
317 1591
317 1592
317 1593
317 1594
317 1595
317 1596
317 1597
317 1598
317 1599
317 1600
317 1601
317 1602
317 1603
317 1604
317 1605
317 1606
317 1607
317 1608
317 1609
317 1610
319 320
319 1612
319 1611
319 1613
319 1614
319 1615
319 1616
319 1617
319 1618
319 1619
319 1620
319 1621
319 1622
319 1623
319 1624
319 1625
319 1626
319 1627
319 1628
319 1629
319 1630
319 1631
319 1632
319 1633
319 1634
319 1635
319 1636
319 1637
319 1638
319 1639
319 1640
319 1641
319 1642
319 1643
319 1644
319 1645
319 1646
319 1647
319 1648
319 1649
319 1650
319 1651
319 1652
319 1653
319 1654
319 1655
319 1656
319 1657
319 1658
319 1659
319 1660
319 1661
319 1662
319 1663
319 1664
319 1665
319 1666
319 1667
319 1668
319 1669
319 1670
319 1671
319 1672
319 1673
319 1674
319 1675
319 1676
319 1677
319 1678
319 1679
319 1680
321 322
321 1682
321 1681
321 1683
321 1684
321 1685
321 1686
321 1687
321 1688
321 1689
321 1690
321 1691
321 1692
321 1693
321 1694
321 1695
321 1696
321 1697
321 1698
321 1699
321 1700
321 1701
321 1702
321 1703
321 1704
321 1705
321 1706
321 1707
321 1708
321 1709
321 1710
321 1711
321 1712
321 1713
321 1714
321 1715
321 1716
321 1717
321 1718
321 1719
321 1720
321 1721
321 1722
321 1723
321 1724
321 1725
321 1726
321 1727
321 1728
321 1729
321 1730
321 1731
321 1732
321 1733
321 1734
321 1735
323 324
323 1737
323 1736
323 1738
323 1739
323 1740
323 1741
323 1742
323 1743
323 1744
323 1745
323 1746
323 1747
323 1748
323 1749
323 1750
323 1751
323 1752
323 1753
323 1754
323 1755
323 1756
323 1757
323 1758
323 1759
323 1760
323 1761
323 1762
323 1763
323 1764
323 1765
323 1766
323 1767
323 1768
323 1769
323 1770
323 1771
323 1772
323 1773
323 1774
323 1775
323 1776
323 1777
323 1778
323 1779
323 1780
323 1781
323 1782
323 1783
323 1784
323 1785
325 326
325 1787
325 1786
325 1788
325 1789
325 1790
325 1791
325 1792
325 1793
325 1794
325 1795
325 1796
325 1797
325 1798
325 1799
325 1800
325 1801
325 1802
325 1803
325 1804
325 1805
325 1806
325 1807
325 1808
325 1809
325 1810
325 1811
325 1812
325 1813
325 1814
325 1815
325 1816
325 1817
325 1818
325 1819
325 1820
325 1821
325 1822
325 1823
325 1824
325 1825
325 1826
325 1827
325 1828
325 1829
325 1830
325 1831
325 1832
325 1833
325 1834
325 1835
327 328
327 1837
327 1836
327 1838
327 1839
327 1840
327 1841
327 1842
327 1843
327 1844
327 1845
327 1846
327 1847
327 1848
327 1849
327 1850
327 1851
327 1852
327 1853
327 1854
327 1855
327 1856
327 1857
327 1858
327 1859
327 1860
327 1861
327 1862
327 1863
327 1864
327 1865
327 1866
327 1867
327 1868
327 1869
327 1870
327 1871
327 1872
327 1873
327 1874
327 1875
327 1876
327 1877
327 1878
327 1879
327 1880
327 1881
327 1882
327 1883
327 1884
327 1885
327 1886
329 330
329 1888
329 1887
329 1889
329 1890
329 1891
329 1892
329 1893
329 1894
329 1895
329 1896
329 1897
329 1898
329 1899
329 1900
329 1901
329 1902
329 1903
329 1904
329 1905
329 1906
329 1907
329 1908
329 1909
329 1910
329 1911
329 1912
329 1913
329 1914
329 1915
329 1916
329 1917
329 1918
329 1919
329 1920
329 1921
329 1922
329 1923
329 1924
329 1925
329 1926
329 1927
329 1928
329 1929
329 1930
329 1931
329 1932
329 1933
329 1934
329 1935
329 1936
329 1937
329 1938
329 1939
329 1940
329 1941
329 1942
329 1943
329 1944
329 1945
329 1946
329 1947
329 1948
329 1949
331 332
331 1951
331 1950
331 1952
331 1953
331 1954
331 1955
331 1956
331 1957
331 1958
331 1959
331 1960
331 1961
331 1962
331 1963
331 1964
331 1965
331 1966
331 1967
331 1968
331 1969
331 1970
331 1971
331 1972
331 1973
331 1974
331 1975
331 1976
331 1977
331 1978
331 1979
331 1980
331 1981
331 1982
331 1983
331 1984
331 1985
331 1986
331 1987
331 1988
331 1989
331 1990
331 1991
331 1992
331 1993
331 1994
331 1995
331 1996
331 1997
331 1998
331 1999
331 2000
331 2001
331 2002
331 2003
331 2004
331 2005
333 334
333 2007
333 2006
333 2008
333 2009
333 2010
333 2011
333 2012
333 2013
333 2014
333 2015
333 2016
333 2017
333 2018
333 2019
333 2020
333 2021
333 2022
333 2023
333 2024
333 2025
333 2026
333 2027
333 2028
333 2029
333 2030
333 2031
333 2032
333 2033
333 2034
333 2035
333 2036
333 2037
333 2038
333 2039
333 2040
333 2041
333 2042
333 2043
333 2044
333 2045
333 2046
333 2047
333 2048
333 2049
333 2050
333 2051
333 2052
333 2053
333 2054
333 2055
335 336
335 2057
335 2056
335 2058
335 2059
335 2060
335 2061
335 2062
335 2063
335 2064
335 2065
335 2066
335 2067
335 2068
335 2069
335 2070
335 2071
335 2072
335 2073
335 2074
335 2075
335 2076
335 2077
335 2078
335 2079
335 2080
335 2081
335 2082
335 2083
335 2084
335 2085
335 2086
335 2087
335 2088
335 2089
335 2090
335 2091
335 2092
335 2093
335 2094
335 2095
335 2096
335 2097
335 2098
335 2099
335 2100
335 2101
335 2102
335 2103
335 2104
335 2105
337 338
337 2107
337 2106
337 2108
337 2109
337 2110
337 2111
337 2112
337 2113
337 2114
337 2115
337 2116
337 2117
337 2118
337 2119
337 2120
337 2121
337 2122
337 2123
337 2124
337 2125
337 2126
337 2127
337 2128
337 2129
337 2130
337 2131
337 2132
337 2133
337 2134
337 2135
337 2136
337 2137
337 2138
337 2139
337 2140
337 2141
337 2142
337 2143
337 2144
337 2145
337 2146
337 2147
337 2148
337 2149
337 2150
337 2151
337 2152
337 2153
337 2154
337 2155
339 340
339 2157
339 2156
339 2158
339 2159
339 2160
339 2161
339 2162
339 2163
339 2164
339 2165
339 2166
339 2167
339 2168
339 2169
339 2170
339 2171
339 2172
339 2173
339 2174
339 2175
339 2176
339 2177
339 2178
339 2179
339 2180
339 2181
339 2182
339 2183
339 2184
339 2185
339 2186
339 2187
339 2188
339 2189
339 2190
339 2191
339 2192
339 2193
339 2194
339 2195
339 2196
339 2197
339 2198
339 2199
339 2200
339 2201
339 2202
339 2203
339 2204
339 2205
339 2206
341 342
341 2208
341 2207
341 2209
341 2210
341 2211
341 2212
341 2213
341 2214
341 2215
341 2216
341 2217
341 2218
341 2219
341 2220
341 2221
341 2222
341 2223
341 2224
341 2225
341 2226
341 2227
341 2228
341 2229
341 2230
341 2231
341 2232
341 2233
341 2234
341 2235
341 2236
341 2237
341 2238
341 2239
341 2240
341 2241
341 2242
341 2243
341 2244
341 2245
341 2246
341 2247
341 2248
341 2249
341 2250
341 2251
341 2252
341 2253
341 2254
341 2255
341 2256
343 344
343 2258
343 2257
343 2259
343 2260
343 2261
343 2262
343 2263
343 2264
343 2265
343 2266
343 2267
343 2268
343 2269
343 2270
343 2271
343 2272
343 2273
343 2274
343 2275
343 2276
343 2277
343 2278
343 2279
343 2280
343 2281
343 2282
343 2283
343 2284
343 2285
343 2286
343 2287
343 2288
343 2289
343 2290
343 2291
343 2292
343 2293
343 2294
343 2295
343 2296
343 2297
343 2298
343 2299
343 2300
343 2301
343 2302
343 2303
343 2304
343 2305
343 2306
345 346
345 2308
345 2307
345 2309
345 2310
345 2311
345 2312
345 2313
345 2314
345 2315
345 2316
345 2317
345 2318
345 2319
345 2320
345 2321
345 2322
345 2323
345 2324
345 2325
345 2326
345 2327
345 2328
345 2329
345 2330
345 2331
345 2332
345 2333
345 2334
345 2335
345 2336
345 2337
345 2338
345 2339
345 2340
345 2341
345 2342
345 2343
345 2344
345 2345
345 2346
345 2347
345 2348
345 2349
345 2350
345 2351
345 2352
345 2353
345 2354
345 2355
345 2356
347 348
347 2358
347 2357
347 2359
347 2360
347 2361
347 2362
347 2363
347 2364
347 2365
347 2366
347 2367
347 2368
347 2369
347 2370
347 2371
347 2372
347 2373
347 2374
347 2375
347 2376
347 2377
347 2378
347 2379
347 2380
347 2381
347 2382
347 2383
347 2384
347 2385
347 2386
347 2387
347 2388
347 2389
347 2390
347 2391
347 2392
347 2393
347 2394
347 2395
347 2396
347 2397
347 2398
347 2399
347 2400
347 2401
347 2402
347 2403
347 2404
347 2405
347 2406
349 350
349 2408
349 2407
349 2409
349 2410
349 2411
349 2412
349 2413
349 2414
349 2415
349 2416
349 2417
349 2418
349 2419
349 2420
349 2421
349 2422
349 2423
349 2424
349 2425
349 2426
349 2427
349 2428
349 2429
349 2430
349 2431
349 2432
349 2433
349 2434
349 2435
349 2436
349 2437
349 2438
349 2439
349 2440
349 2441
349 2442
349 2443
349 2444
349 2445
349 2446
349 2447
349 2448
349 2449
349 2450
349 2451
349 2452
349 2453
349 2454
349 2455
349 2456
349 2457
349 2458
349 2459
349 2460
349 2461
349 2462
351 352
351 2464
351 2463
351 2465
351 2466
351 2467
351 2468
351 2469
351 2470
351 2471
351 2472
351 2473
351 2474
351 2475
351 2476
351 2477
351 2478
351 2479
351 2480
351 2481
351 2482
351 2483
351 2484
351 2485
351 2486
351 2487
351 2488
351 2489
351 2490
351 2491
351 2492
351 2493
351 2494
351 2495
351 2496
351 2497
351 2498
351 2499
351 2500
351 2501
351 2502
351 2503
351 2504
351 2505
351 2506
351 2507
351 2508
351 2509
351 2510
351 2511
351 2512
353 354
353 2514
353 2513
353 2515
353 2516
353 2517
353 2518
353 2519
353 2520
353 2521
353 2522
353 2523
353 2524
353 2525
353 2526
353 2527
353 2528
353 2529
353 2530
353 2531
353 2532
353 2533
353 2534
353 2535
353 2536
353 2537
353 2538
353 2539
353 2540
353 2541
353 2542
353 2543
353 2544
353 2545
353 2546
353 2547
353 2548
353 2549
353 2550
353 2551
353 2552
353 2553
353 2554
353 2555
353 2556
353 2557
353 2558
353 2559
353 2560
353 2561
353 2562
353 2563
355 356
355 2565
355 2564
355 2566
355 2567
355 2568
355 2569
355 2570
355 2571
355 2572
355 2573
355 2574
355 2575
355 2576
355 2577
355 2578
355 2579
355 2580
355 2581
355 2582
355 2583
355 2584
355 2585
355 2586
355 2587
355 2588
355 2589
355 2590
355 2591
355 2592
355 2593
355 2594
355 2595
355 2596
355 2597
355 2598
355 2599
355 2600
355 2601
355 2602
355 2603
355 2604
355 2605
355 2606
355 2607
355 2608
355 2609
355 2610
355 2611
355 2612
357 358
357 2614
357 2613
357 2615
357 2616
357 2617
357 2618
357 2619
357 2620
357 2621
357 2622
357 2623
357 2624
357 2625
357 2626
357 2627
357 2628
357 2629
357 2630
357 2631
357 2632
357 2633
357 2634
357 2635
357 2636
357 2637
357 2638
357 2639
357 2640
357 2641
357 2642
357 2643
357 2644
357 2645
357 2646
357 2647
357 2648
357 2649
357 2650
357 2651
357 2652
357 2653
357 2654
357 2655
357 2656
357 2657
357 2658
357 2659
357 2660
357 2661
357 2662
359 360
359 2664
359 2663
359 2665
359 2666
359 2667
359 2668
359 2669
359 2670
359 2671
359 2672
359 2673
359 2674
359 2675
359 2676
359 2677
359 2678
359 2679
359 2680
359 2681
359 2682
359 2683
359 2684
359 2685
359 2686
359 2687
359 2688
359 2689
359 2690
359 2691
359 2692
359 2693
359 2694
359 2695
359 2696
359 2697
359 2698
359 2699
359 2700
359 2701
359 2702
359 2703
359 2704
359 2705
359 2706
359 2707
359 2708
359 2709
359 2710
359 2711
359 2712
361 362
361 2714
361 2713
361 2715
361 2716
361 2717
361 2718
361 2719
361 2720
361 2721
361 2722
361 2723
361 2724
361 2725
361 2726
361 2727
361 2728
361 2729
361 2730
361 2731
361 2732
361 2733
361 2734
361 2735
361 2736
361 2737
361 2738
361 2739
361 2740
361 2741
361 2742
361 2743
361 2744
361 2745
361 2746
361 2747
361 2748
361 2749
361 2750
361 2751
361 2752
361 2753
361 2754
361 2755
361 2756
361 2757
361 2758
361 2759
361 2760
361 2761
361 2762
363 364
363 2764
363 2763
363 2765
363 2766
363 2767
363 2768
363 2769
363 2770
363 2771
363 2772
363 2773
363 2774
363 2775
363 2776
363 2777
363 2778
363 2779
363 2780
363 2781
363 2782
363 2783
363 2784
363 2785
363 2786
363 2787
363 2788
363 2789
363 2790
363 2791
363 2792
363 2793
363 2794
363 2795
363 2796
363 2797
363 2798
363 2799
363 2800
363 2801
363 2802
363 2803
363 2804
363 2805
363 2806
363 2807
363 2808
363 2809
363 2810
363 2811
363 2812
363 2813
363 2814
365 366
365 2816
365 367
367 368
367 2815
367 2817
367 2818
367 2819
367 2820
369 370
369 2834
369 377
371 372
371 2835
371 377
373 374
373 2836
373 377
375 376
375 2838
375 377
377 378
377 2822
377 2821
377 2823
377 2824
377 2825
377 2826
377 2828
377 2827
377 2829
377 2830
377 2831
377 2832
377 2833
377 2837
377 2839
377 2840
377 379
377 381
377 2841
377 2842
377 383
377 385
377 387
377 389
377 391
377 2843
377 393
377 395
377 397
377 399
377 2844
377 401
379 380
379 2845
381 382
381 2846
383 384
383 2847
385 386
385 2848
387 388
387 2849
389 390
389 2850
391 392
391 2851
393 394
393 2852
395 396
395 2853
397 398
397 2854
399 400
399 2855
401 402
401 2856
403 404
403 2858
403 407
405 406
405 2862
405 407
407 408
407 2857
407 2859
407 2860
407 2861
407 409
407 2863
407 2864
407 411
407 2865
407 2866
407 2867
407 2868
407 2869
407 2870
407 552
407 2871
407 2872
409 410
409 2873
411 412
411 2874
414 415
418 419
418 2883
418 2884
418 2885
418 2886
418 2887
418 2888
418 2889
418 420
418 2890
418 2891
420 421
420 2892
422 423
422 491
424 425
426 427
428 429
428 455
431 432
433 434
433 435
433 437
433 439
433 441
433 443
433 445
433 447
433 449
433 451
433 455
433 457
433 459
433 461
433 463
433 465
433 467
433 469
433 471
433 473
433 475
433 493
433 495
433 497
433 499
433 501
433 503
433 505
433 507
435 436
435 437
435 439
435 441
435 443
435 445
435 447
435 449
435 451
435 455
435 457
435 459
435 461
435 463
435 465
435 467
435 469
435 471
435 473
435 475
435 493
435 495
435 497
435 499
435 501
435 503
435 505
435 507
437 438
437 439
437 441
437 443
437 445
437 447
437 449
437 451
437 455
437 457
437 459
437 461
437 463
437 465
437 467
437 469
437 471
437 473
437 475
437 493
437 495
437 497
437 499
437 501
437 503
437 505
437 507
439 440
439 441
439 443
439 445
439 447
439 449
439 451
439 455
439 457
439 459
439 461
439 463
439 465
439 467
439 469
439 471
439 473
439 475
439 493
439 495
439 497
439 499
439 501
439 503
439 505
439 507
441 442
441 443
441 445
441 447
441 449
441 451
441 455
441 457
441 459
441 461
441 463
441 465
441 467
441 469
441 471
441 473
441 475
441 493
441 495
441 497
441 499
441 501
441 503
441 505
441 507
443 444
443 445
443 447
443 449
443 451
443 455
443 457
443 459
443 461
443 463
443 465
443 467
443 469
443 471
443 473
443 475
443 493
443 495
443 497
443 499
443 501
443 503
443 505
443 507
445 446
445 447
445 449
445 451
445 455
445 457
445 459
445 461
445 463
445 465
445 467
445 469
445 471
445 473
445 475
445 493
445 495
445 497
445 499
445 501
445 503
445 505
445 507
447 448
447 449
447 451
447 455
447 457
447 459
447 461
447 463
447 465
447 467
447 469
447 471
447 473
447 475
447 493
447 495
447 497
447 499
447 501
447 503
447 505
447 507
449 450
449 451
449 455
449 457
449 459
449 461
449 463
449 465
449 467
449 469
449 471
449 473
449 475
449 493
449 495
449 497
449 499
449 501
449 503
449 505
449 507
451 452
451 455
451 457
451 459
451 461
451 463
451 465
451 467
451 469
451 471
451 473
451 475
451 493
451 495
451 497
451 499
451 501
451 503
451 505
451 507
453 454
455 456
455 457
455 459
455 461
455 463
455 465
455 467
455 469
455 471
455 473
455 475
455 493
455 495
455 497
455 499
455 501
455 503
455 505
455 507
457 458
457 459
457 461
457 463
457 465
457 467
457 469
457 471
457 473
457 475
457 493
457 495
457 497
457 499
457 501
457 503
457 505
457 507
459 460
459 461
459 463
459 465
459 467
459 469
459 471
459 473
459 475
459 493
459 495
459 497
459 499
459 501
459 503
459 505
459 507
461 462
461 463
461 465
461 467
461 469
461 471
461 473
461 475
461 493
461 495
461 497
461 499
461 501
461 503
461 505
461 507
463 464
463 465
463 467
463 469
463 471
463 473
463 475
463 493
463 495
463 497
463 499
463 501
463 503
463 505
463 507
465 466
465 467
465 469
465 471
465 473
465 475
465 493
465 495
465 497
465 499
465 501
465 503
465 505
465 507
467 468
467 469
467 471
467 473
467 475
467 493
467 495
467 497
467 499
467 501
467 503
467 505
467 507
469 470
469 471
469 473
469 475
469 493
469 495
469 497
469 499
469 501
469 503
469 505
469 507
471 472
471 473
471 475
471 493
471 495
471 497
471 499
471 501
471 503
471 505
471 507
473 474
473 475
473 493
473 495
473 497
473 499
473 501
473 503
473 505
473 507
475 476
475 493
475 495
475 497
475 499
475 501
475 503
475 505
475 507
477 478
477 2894
477 2893
477 2895
477 2896
477 2897
477 2898
477 2899
477 2900
477 2901
477 2902
477 2903
477 2904
477 2905
477 2906
479 480
479 511
481 482
481 509
483 484
485 486
487 488
489 490
491 492
491 2907
493 494
493 495
493 497
493 499
493 501
493 503
493 505
493 507
495 496
495 497
495 499
495 501
495 503
495 505
495 507
497 498
497 499
497 501
497 503
497 505
497 507
499 500
499 501
499 503
499 505
499 507
501 502
501 503
501 505
501 507
503 504
503 505
503 507
505 506
505 507
507 508
509 510
511 512
513 514
515 516
517 518
536 837
537 538
537 539
537 540
537 541
537 542
537 543
537 544
538 539
538 540
538 541
538 542
538 543
538 544
539 540
539 541
539 542
539 543
539 544
540 541
540 542
540 543
540 544
541 542
541 543
541 544
542 543
542 544
543 544
545 546
545 547
545 548
546 547
546 548
547 548
549 550
549 551
550 551
555 556
555 557
557 558
558 559
559 560
560 561
561 562
562 563
563 564
564 565
565 566
566 567
569 570
569 571
571 572
572 573
573 574
574 575
575 576
576 577
577 578
578 579
579 580
580 581
581 582
586 587
586 588
588 589
589 590
590 591
591 592
592 593
593 594
594 595
595 596
596 597
597 598
598 599
599 600
600 601
601 602
602 603
603 604
604 605
605 606
606 607
607 608
608 609
609 610
610 611
611 612
612 613
613 614
614 615
615 616
616 617
617 618
618 619
619 620
620 621
621 622
622 623
623 624
624 625
625 626
626 627
627 628
628 629
629 630
630 631
631 632
632 633
633 634
634 635
635 636
636 637
643 644
643 645
645 646
646 647
647 648
648 649
649 650
650 651
651 652
652 653
653 654
654 655
655 656
656 657
657 658
658 659
659 660
660 661
661 662
662 663
663 664
664 665
665 666
666 667
667 668
668 669
669 670
670 671
671 672
672 673
673 674
674 675
675 676
678 679
678 680
680 681
681 682
682 683
683 684
684 685
685 686
686 687
687 688
688 689
689 690
690 691
691 692
692 693
693 694
694 695
695 696
696 697
697 698
698 699
699 700
700 701
701 702
702 703
703 704
704 705
705 706
706 707
707 708
708 709
709 710
710 711
711 712
712 713
713 714
714 715
715 716
716 717
717 718
718 719
719 720
720 721
721 722
722 723
723 724
724 725
725 726
726 727
728 729
728 730
730 731
731 732
732 733
733 734
734 735
735 736
736 737
737 738
738 739
739 740
740 741
741 742
742 743
743 744
744 745
745 746
746 747
747 748
748 749
749 750
750 751
751 752
752 753
753 754
754 755
755 756
756 757
757 758
758 759
760 761
760 762
762 763
763 764
764 765
765 766
766 767
767 768
768 769
769 770
770 771
771 772
772 773
773 774
774 775
775 776
776 777
777 778
778 779
779 780
780 781
781 782
782 783
783 784
784 785
785 786
786 787
787 788
788 789
789 790
790 791
791 792
792 793
793 794
794 795
795 796
796 797
797 798
798 799
799 800
800 801
801 802
802 803
803 804
804 805
805 806
806 807
807 808
808 809
811 812
811 813
813 814
814 815
815 816
816 817
817 818
818 819
819 820
820 821
821 822
822 823
823 824
824 825
825 826
826 827
827 828
828 829
829 830
830 831
831 832
832 833
833 834
840 841
840 842
842 843
843 844
844 845
845 846
846 847
847 848
848 849
849 850
850 851
851 852
852 853
853 854
854 855
855 856
856 857
857 858
858 859
859 860
860 861
861 862
862 863
863 864
864 865
866 867
866 868
868 869
869 870
870 871
871 872
872 873
873 874
876 877
876 878
878 879
879 880
880 881
881 882
882 883
883 884
884 885
885 886
886 887
887 888
888 889
889 890
890 891
891 892
892 893
893 894
894 895
895 896
896 897
897 898
898 899
899 900
900 901
901 902
902 903
903 904
904 905
905 906
906 907
907 908
908 909
909 910
910 911
911 912
912 913
913 914
914 915
915 916
916 917
917 918
918 919
919 920
920 921
921 922
922 923
923 924
924 925
925 926
926 927
927 928
928 929
929 930
931 932
931 933
933 934
934 935
935 936
936 937
937 938
938 939
939 940
940 941
941 942
942 943
943 944
944 945
945 946
946 947
947 948
948 949
949 950
950 951
951 952
952 953
953 954
954 955
955 956
956 957
957 958
958 959
959 960
960 961
961 962
962 963
963 964
964 965
965 966
966 967
967 968
968 969
969 970
970 971
971 972
972 973
973 974
974 975
975 976
976 977
977 978
978 979
979 980
990 991
990 992
992 993
993 994
994 995
995 996
996 997
997 998
998 999
999 1000
1000 1001
1001 1002
1002 1003
1003 1004
1004 1005
1005 1006
1006 1007
1007 1008
1008 1009
1009 1010
1010 1011
1011 1012
1012 1013
1013 1014
1014 1015
1015 1016
1016 1017
1017 1018
1018 1019
1019 1020
1020 1021
1021 1022
1022 1023
1023 1024
1024 1025
1025 1026
1026 1027
1027 1028
1028 1029
1029 1030
1030 1031
1031 1032
1032 1033
1033 1034
1034 1035
1035 1036
1036 1037
1037 1038
1038 1039
1039 1040
1040 1041
1041 1042
1042 1043
1043 1044
1044 1045
1045 1046
1046 1047
1050 1051
1050 1052
1052 1053
1053 1054
1054 1055
1055 1056
1056 1057
1057 1058
1058 1059
1059 1060
1060 1061
1061 1062
1062 1063
1063 1064
1064 1065
1065 1066
1066 1067
1067 1068
1068 1069
1069 1070
1070 1071
1071 1072
1072 1073
1073 1074
1074 1075
1075 1076
1076 1077
1077 1078
1078 1079
1079 1080
1080 1081
1081 1082
1082 1083
1083 1084
1084 1085
1085 1086
1086 1087
1087 1088
1088 1089
1089 1090
1090 1091
1091 1092
1092 1093
1093 1094
1094 1095
1095 1096
1096 1097
1097 1098
1098 1099
1099 1100
1101 1102
1101 1103
1103 1104
1104 1105
1105 1106
1106 1107
1107 1108
1108 1109
1109 1110
1110 1111
1111 1112
1112 1113
1113 1114
1114 1115
1115 1116
1116 1117
1117 1118
1118 1119
1119 1120
1120 1121
1121 1122
1122 1123
1123 1124
1124 1125
1125 1126
1126 1127
1127 1128
1128 1129
1129 1130
1130 1131
1131 1132
1132 1133
1133 1134
1134 1135
1135 1136
1136 1137
1137 1138
1138 1139
1139 1140
1140 1141
1141 1142
1142 1143
1143 1144
1144 1145
1145 1146
1146 1147
1147 1148
1148 1149
1149 1150
1150 1151
1151 1152
1153 1154
1153 1155
1155 1156
1156 1157
1157 1158
1158 1159
1159 1160
1160 1161
1161 1162
1162 1163
1163 1164
1164 1165
1165 1166
1166 1167
1167 1168
1168 1169
1169 1170
1170 1171
1171 1172
1172 1173
1173 1174
1174 1175
1175 1176
1176 1177
1177 1178
1178 1179
1179 1180
1180 1181
1181 1182
1182 1183
1183 1184
1184 1185
1185 1186
1186 1187
1187 1188
1188 1189
1189 1190
1190 1191
1191 1192
1192 1193
1193 1194
1194 1195
1195 1196
1196 1197
1197 1198
1198 1199
1199 1200
1200 1201
1201 1202
1205 1206
1205 1207
1207 1208
1208 1209
1209 1210
1210 1211
1211 1212
1212 1213
1213 1214
1214 1215
1215 1216
1216 1217
1217 1218
1218 1219
1219 1220
1220 1221
1221 1222
1222 1223
1223 1224
1224 1225
1225 1226
1226 1227
1227 1228
1228 1229
1229 1230
1230 1231
1231 1232
1232 1233
1233 1234
1234 1235
1235 1236
1236 1237
1237 1238
1238 1239
1239 1240
1240 1241
1241 1242
1242 1243
1243 1244
1244 1245
1245 1246
1246 1247
1247 1248
1248 1249
1250 1251
1250 1252
1252 1253
1253 1254
1254 1255
1255 1256
1256 1257
1257 1258
1258 1259
1259 1260
1260 1261
1261 1262
1262 1263
1263 1264
1264 1265
1265 1266
1266 1267
1267 1268
1268 1269
1269 1270
1270 1271
1271 1272
1272 1273
1273 1274
1274 1275
1275 1276
1276 1277
1277 1278
1278 1279
1279 1280
1280 1281
1281 1282
1282 1283
1283 1284
1284 1285
1285 1286
1286 1287
1287 1288
1288 1289
1289 1290
1290 1291
1291 1292
1292 1293
1293 1294
1294 1295
1295 1296
1296 1297
1297 1298
1298 1299
1300 1301
1300 1302
1302 1303
1303 1304
1304 1305
1305 1306
1306 1307
1307 1308
1308 1309
1309 1310
1310 1311
1311 1312
1312 1313
1313 1314
1314 1315
1315 1316
1316 1317
1317 1318
1318 1319
1319 1320
1320 1321
1321 1322
1322 1323
1323 1324
1324 1325
1325 1326
1326 1327
1327 1328
1328 1329
1329 1330
1330 1331
1331 1332
1332 1333
1333 1334
1334 1335
1335 1336
1336 1337
1337 1338
1338 1339
1339 1340
1340 1341
1341 1342
1342 1343
1343 1344
1344 1345
1345 1346
1346 1347
1347 1348
1348 1349
1349 1350
1351 1352
1351 1354
1351 1353
1352 1353
1353 1354
1353 1355
1353 1356
1353 1357
1353 1358
1353 1359
1353 1360
1353 1361
1353 1362
1353 1363
1353 1364
1353 1365
1353 1366
1353 1367
1353 1368
1353 1369
1353 1370
1353 1371
1353 1372
1353 1373
1353 1374
1353 1375
1353 1376
1353 1377
1353 1378
1353 1379
1353 1380
1353 1381
1353 1382
1353 1383
1353 1384
1353 1385
1353 1386
1353 1387
1353 1388
1353 1389
1353 1390
1353 1391
1353 1392
1353 1393
1353 1394
1353 1395
1353 1396
1353 1397
1353 1398
1353 1399
1353 1400
1353 1401
1353 1402
1354 1355
1355 1356
1356 1357
1357 1358
1358 1359
1359 1360
1360 1361
1361 1362
1362 1363
1363 1364
1364 1365
1365 1366
1366 1367
1367 1368
1368 1369
1369 1370
1370 1371
1371 1372
1372 1373
1373 1374
1374 1375
1375 1376
1376 1377
1377 1378
1378 1379
1379 1380
1380 1381
1381 1382
1382 1383
1383 1384
1384 1385
1385 1386
1386 1387
1387 1388
1388 1389
1389 1390
1390 1391
1391 1392
1392 1393
1393 1394
1394 1395
1395 1396
1396 1397
1397 1398
1398 1399
1399 1400
1400 1401
1401 1402
1403 1404
1403 1405
1405 1406
1406 1407
1407 1408
1408 1409
1409 1410
1410 1411
1411 1412
1412 1413
1413 1414
1414 1415
1415 1416
1416 1417
1417 1418
1418 1419
1419 1420
1420 1421
1421 1422
1422 1423
1423 1424
1424 1425
1425 1426
1426 1427
1427 1428
1428 1429
1429 1430
1430 1431
1431 1432
1432 1433
1433 1434
1434 1435
1435 1436
1436 1437
1437 1438
1438 1439
1439 1440
1440 1441
1441 1442
1442 1443
1443 1444
1444 1445
1445 1446
1446 1447
1447 1448
1448 1449
1450 1451
1450 1452
1452 1453
1453 1454
1454 1455
1455 1456
1457 1458
1457 1459
1459 1460
1460 1461
1461 1462
1462 1463
1463 1464
1464 1465
1465 1466
1466 1467
1467 1468
1468 1469
1469 1470
1470 1471
1471 1472
1472 1473
1473 1474
1474 1475
1475 1476
1476 1477
1477 1478
1478 1479
1479 1480
1480 1481
1481 1482
1482 1483
1483 1484
1484 1485
1485 1486
1486 1487
1487 1488
1488 1489
1489 1490
1490 1491
1491 1492
1492 1493
1493 1494
1494 1495
1495 1496
1496 1497
1497 1498
1498 1499
1499 1500
1500 1501
1501 1502
1502 1503
1503 1504
1504 1505
1505 1506
1507 1508
1507 1509
1509 1510
1510 1511
1511 1512
1512 1513
1513 1514
1514 1515
1515 1516
1516 1517
1517 1518
1518 1519
1519 1520
1520 1521
1521 1522
1522 1523
1523 1524
1524 1525
1525 1526
1526 1527
1527 1528
1528 1529
1529 1530
1530 1531
1531 1532
1532 1533
1533 1534
1534 1535
1535 1536
1536 1537
1537 1538
1538 1539
1539 1540
1540 1541
1541 1542
1542 1543
1543 1544
1544 1545
1545 1546
1546 1547
1547 1548
1548 1549
1549 1550
1550 1551
1551 1552
1552 1553
1553 1554
1554 1555
1555 1556
1556 1557
1557 1558
1558 1559
1560 1561
1560 1562
1562 1563
1563 1564
1564 1565
1565 1566
1566 1567
1567 1568
1568 1569
1569 1570
1570 1571
1571 1572
1572 1573
1573 1574
1574 1575
1575 1576
1576 1577
1577 1578
1578 1579
1579 1580
1580 1581
1581 1582
1582 1583
1583 1584
1584 1585
1585 1586
1586 1587
1587 1588
1588 1589
1589 1590
1590 1591
1591 1592
1592 1593
1593 1594
1594 1595
1595 1596
1596 1597
1597 1598
1598 1599
1599 1600
1600 1601
1601 1602
1602 1603
1603 1604
1604 1605
1605 1606
1606 1607
1607 1608
1608 1609
1609 1610
1611 1612
1611 1613
1613 1614
1614 1615
1615 1616
1616 1617
1617 1618
1618 1619
1619 1620
1620 1621
1621 1622
1622 1623
1623 1624
1624 1625
1625 1626
1626 1627
1627 1628
1628 1629
1629 1630
1630 1631
1631 1632
1632 1633
1633 1634
1634 1635
1635 1636
1636 1637
1637 1638
1638 1639
1639 1640
1640 1641
1641 1642
1642 1643
1643 1644
1644 1645
1645 1646
1646 1647
1647 1648
1648 1649
1649 1650
1650 1651
1651 1652
1652 1653
1653 1654
1654 1655
1655 1656
1656 1657
1657 1658
1658 1659
1659 1660
1660 1661
1661 1662
1662 1663
1663 1664
1664 1665
1665 1666
1666 1667
1667 1668
1668 1669
1669 1670
1670 1671
1671 1672
1672 1673
1673 1674
1674 1675
1675 1676
1676 1677
1677 1678
1678 1679
1679 1680
1681 1682
1681 1683
1683 1684
1684 1685
1685 1686
1686 1687
1687 1688
1688 1689
1689 1690
1690 1691
1691 1692
1692 1693
1693 1694
1694 1695
1695 1696
1696 1697
1697 1698
1698 1699
1699 1700
1700 1701
1701 1702
1702 1703
1703 1704
1704 1705
1705 1706
1706 1707
1707 1708
1708 1709
1709 1710
1710 1711
1711 1712
1712 1713
1713 1714
1714 1715
1715 1716
1716 1717
1717 1718
1718 1719
1719 1720
1720 1721
1721 1722
1722 1723
1723 1724
1724 1725
1725 1726
1726 1727
1727 1728
1728 1729
1729 1730
1730 1731
1731 1732
1732 1733
1733 1734
1734 1735
1736 1737
1736 1738
1738 1739
1739 1740
1740 1741
1741 1742
1742 1743
1743 1744
1744 1745
1745 1746
1746 1747
1747 1748
1748 1749
1749 1750
1750 1751
1751 1752
1752 1753
1753 1754
1754 1755
1755 1756
1756 1757
1757 1758
1758 1759
1759 1760
1760 1761
1761 1762
1762 1763
1763 1764
1764 1765
1765 1766
1766 1767
1767 1768
1768 1769
1769 1770
1770 1771
1771 1772
1772 1773
1773 1774
1774 1775
1775 1776
1776 1777
1777 1778
1778 1779
1779 1780
1780 1781
1781 1782
1782 1783
1783 1784
1784 1785
1786 1787
1786 1788
1788 1789
1789 1790
1790 1791
1791 1792
1792 1793
1793 1794
1794 1795
1795 1796
1796 1797
1797 1798
1798 1799
1799 1800
1800 1801
1801 1802
1802 1803
1803 1804
1804 1805
1805 1806
1806 1807
1807 1808
1808 1809
1809 1810
1810 1811
1811 1812
1812 1813
1813 1814
1814 1815
1815 1816
1816 1817
1817 1818
1818 1819
1819 1820
1820 1821
1821 1822
1822 1823
1823 1824
1824 1825
1825 1826
1826 1827
1827 1828
1828 1829
1829 1830
1830 1831
1831 1832
1832 1833
1833 1834
1834 1835
1836 1837
1836 1838
1838 1839
1839 1840
1840 1841
1841 1842
1842 1843
1843 1844
1844 1845
1845 1846
1846 1847
1847 1848
1848 1849
1849 1850
1850 1851
1851 1852
1852 1853
1853 1854
1854 1855
1855 1856
1856 1857
1857 1858
1858 1859
1859 1860
1860 1861
1861 1862
1862 1863
1863 1864
1864 1865
1865 1866
1866 1867
1867 1868
1868 1869
1869 1870
1870 1871
1871 1872
1872 1873
1873 1874
1874 1875
1875 1876
1876 1877
1877 1878
1878 1879
1879 1880
1880 1881
1881 1882
1882 1883
1883 1884
1884 1885
1885 1886
1887 1888
1887 1889
1889 1890
1890 1891
1891 1892
1892 1893
1893 1894
1894 1895
1895 1896
1896 1897
1897 1898
1898 1899
1899 1900
1900 1901
1901 1902
1902 1903
1903 1904
1904 1905
1905 1906
1906 1907
1907 1908
1908 1909
1909 1910
1910 1911
1911 1912
1912 1913
1913 1914
1914 1915
1915 1916
1916 1917
1917 1918
1918 1919
1919 1920
1920 1921
1921 1922
1922 1923
1923 1924
1924 1925
1925 1926
1926 1927
1927 1928
1928 1929
1929 1930
1930 1931
1931 1932
1932 1933
1933 1934
1934 1935
1935 1936
1936 1937
1937 1938
1938 1939
1939 1940
1940 1941
1941 1942
1942 1943
1943 1944
1944 1945
1945 1946
1946 1947
1947 1948
1948 1949
1950 1951
1950 1952
1952 1953
1953 1954
1954 1955
1955 1956
1956 1957
1957 1958
1958 1959
1959 1960
1960 1961
1961 1962
1962 1963
1963 1964
1964 1965
1965 1966
1966 1967
1967 1968
1968 1969
1969 1970
1970 1971
1971 1972
1972 1973
1973 1974
1974 1975
1975 1976
1976 1977
1977 1978
1978 1979
1979 1980
1980 1981
1981 1982
1982 1983
1983 1984
1984 1985
1985 1986
1986 1987
1987 1988
1988 1989
1989 1990
1990 1991
1991 1992
1992 1993
1993 1994
1994 1995
1995 1996
1996 1997
1997 1998
1998 1999
1999 2000
2000 2001
2001 2002
2002 2003
2003 2004
2004 2005
2006 2007
2006 2008
2008 2009
2009 2010
2010 2011
2011 2012
2012 2013
2013 2014
2014 2015
2015 2016
2016 2017
2017 2018
2018 2019
2019 2020
2020 2021
2021 2022
2022 2023
2023 2024
2024 2025
2025 2026
2026 2027
2027 2028
2028 2029
2029 2030
2030 2031
2031 2032
2032 2033
2033 2034
2034 2035
2035 2036
2036 2037
2037 2038
2038 2039
2039 2040
2040 2041
2041 2042
2042 2043
2043 2044
2044 2045
2045 2046
2046 2047
2047 2048
2048 2049
2049 2050
2050 2051
2051 2052
2052 2053
2053 2054
2054 2055
2056 2057
2056 2058
2058 2059
2059 2060
2060 2061
2061 2062
2062 2063
2063 2064
2064 2065
2065 2066
2066 2067
2067 2068
2068 2069
2069 2070
2070 2071
2071 2072
2072 2073
2073 2074
2074 2075
2075 2076
2076 2077
2077 2078
2078 2079
2079 2080
2080 2081
2081 2082
2082 2083
2083 2084
2084 2085
2085 2086
2086 2087
2087 2088
2088 2089
2089 2090
2090 2091
2091 2092
2092 2093
2093 2094
2094 2095
2095 2096
2096 2097
2097 2098
2098 2099
2099 2100
2100 2101
2101 2102
2102 2103
2103 2104
2104 2105
2106 2107
2106 2108
2108 2109
2109 2110
2110 2111
2111 2112
2112 2113
2113 2114
2114 2115
2115 2116
2116 2117
2117 2118
2118 2119
2119 2120
2120 2121
2121 2122
2122 2123
2123 2124
2124 2125
2125 2126
2126 2127
2127 2128
2128 2129
2129 2130
2130 2131
2131 2132
2132 2133
2133 2134
2134 2135
2135 2136
2136 2137
2137 2138
2138 2139
2139 2140
2140 2141
2141 2142
2142 2143
2143 2144
2144 2145
2145 2146
2146 2147
2147 2148
2148 2149
2149 2150
2150 2151
2151 2152
2152 2153
2153 2154
2154 2155
2156 2157
2156 2158
2158 2159
2159 2160
2160 2161
2161 2162
2162 2163
2163 2164
2164 2165
2165 2166
2166 2167
2167 2168
2168 2169
2169 2170
2170 2171
2171 2172
2172 2173
2173 2174
2174 2175
2175 2176
2176 2177
2177 2178
2178 2179
2179 2180
2180 2181
2181 2182
2182 2183
2183 2184
2184 2185
2185 2186
2186 2187
2187 2188
2188 2189
2189 2190
2190 2191
2191 2192
2192 2193
2193 2194
2194 2195
2195 2196
2196 2197
2197 2198
2198 2199
2199 2200
2200 2201
2201 2202
2202 2203
2203 2204
2204 2205
2205 2206
2207 2208
2207 2209
2209 2210
2210 2211
2211 2212
2212 2213
2213 2214
2214 2215
2215 2216
2216 2217
2217 2218
2218 2219
2219 2220
2220 2221
2221 2222
2222 2223
2223 2224
2224 2225
2225 2226
2226 2227
2227 2228
2228 2229
2229 2230
2230 2231
2231 2232
2232 2233
2233 2234
2234 2235
2235 2236
2236 2237
2237 2238
2238 2239
2239 2240
2240 2241
2241 2242
2242 2243
2243 2244
2244 2245
2245 2246
2246 2247
2247 2248
2248 2249
2249 2250
2250 2251
2251 2252
2252 2253
2253 2254
2254 2255
2255 2256
2257 2258
2257 2259
2259 2260
2260 2261
2261 2262
2262 2263
2263 2264
2264 2265
2265 2266
2266 2267
2267 2268
2268 2269
2269 2270
2270 2271
2271 2272
2272 2273
2273 2274
2274 2275
2275 2276
2276 2277
2277 2278
2278 2279
2279 2280
2280 2281
2281 2282
2282 2283
2283 2284
2284 2285
2285 2286
2286 2287
2287 2288
2288 2289
2289 2290
2290 2291
2291 2292
2292 2293
2293 2294
2294 2295
2295 2296
2296 2297
2297 2298
2298 2299
2299 2300
2300 2301
2301 2302
2302 2303
2303 2304
2304 2305
2305 2306
2307 2308
2307 2309
2309 2310
2310 2311
2311 2312
2312 2313
2313 2314
2314 2315
2315 2316
2316 2317
2317 2318
2318 2319
2319 2320
2320 2321
2321 2322
2322 2323
2323 2324
2324 2325
2325 2326
2326 2327
2327 2328
2328 2329
2329 2330
2330 2331
2331 2332
2332 2333
2333 2334
2334 2335
2335 2336
2336 2337
2337 2338
2338 2339
2339 2340
2340 2341
2341 2342
2342 2343
2343 2344
2344 2345
2345 2346
2346 2347
2347 2348
2348 2349
2349 2350
2350 2351
2351 2352
2352 2353
2353 2354
2354 2355
2355 2356
2357 2358
2357 2359
2359 2360
2360 2361
2361 2362
2362 2363
2363 2364
2364 2365
2365 2366
2366 2367
2367 2368
2368 2369
2369 2370
2370 2371
2371 2372
2372 2373
2373 2374
2374 2375
2375 2376
2376 2377
2377 2378
2378 2379
2379 2380
2380 2381
2381 2382
2382 2383
2383 2384
2384 2385
2385 2386
2386 2387
2387 2388
2388 2389
2389 2390
2390 2391
2391 2392
2392 2393
2393 2394
2394 2395
2395 2396
2396 2397
2397 2398
2398 2399
2399 2400
2400 2401
2401 2402
2402 2403
2403 2404
2404 2405
2405 2406
2407 2408
2407 2409
2409 2410
2410 2411
2411 2412
2412 2413
2413 2414
2414 2415
2415 2416
2416 2417
2417 2418
2418 2419
2419 2420
2420 2421
2421 2422
2422 2423
2423 2424
2424 2425
2425 2426
2426 2427
2427 2428
2428 2429
2429 2430
2430 2431
2431 2432
2432 2433
2433 2434
2434 2435
2435 2436
2436 2437
2437 2438
2438 2439
2439 2440
2440 2441
2441 2442
2442 2443
2443 2444
2444 2445
2445 2446
2446 2447
2447 2448
2448 2449
2449 2450
2450 2451
2451 2452
2452 2453
2453 2454
2454 2455
2455 2456
2456 2457
2457 2458
2458 2459
2459 2460
2460 2461
2461 2462
2463 2464
2463 2465
2465 2466
2466 2467
2467 2468
2468 2469
2469 2470
2470 2471
2471 2472
2472 2473
2473 2474
2474 2475
2475 2476
2476 2477
2477 2478
2478 2479
2479 2480
2480 2481
2481 2482
2482 2483
2483 2484
2484 2485
2485 2486
2486 2487
2487 2488
2488 2489
2489 2490
2490 2491
2491 2492
2492 2493
2493 2494
2494 2495
2495 2496
2496 2497
2497 2498
2498 2499
2499 2500
2500 2501
2501 2502
2502 2503
2503 2504
2504 2505
2505 2506
2506 2507
2507 2508
2508 2509
2509 2510
2510 2511
2511 2512
2513 2514
2513 2515
2515 2516
2516 2517
2517 2518
2518 2519
2519 2520
2520 2521
2521 2522
2522 2523
2523 2524
2524 2525
2525 2526
2526 2527
2527 2528
2528 2529
2529 2530
2530 2531
2531 2532
2532 2533
2533 2534
2534 2535
2535 2536
2536 2537
2537 2538
2538 2539
2539 2540
2540 2541
2541 2542
2542 2543
2543 2544
2544 2545
2545 2546
2546 2547
2547 2548
2548 2549
2549 2550
2550 2551
2551 2552
2552 2553
2553 2554
2554 2555
2555 2556
2556 2557
2557 2558
2558 2559
2559 2560
2560 2561
2561 2562
2562 2563
2564 2565
2564 2566
2566 2567
2567 2568
2568 2569
2569 2570
2570 2571
2571 2572
2572 2573
2573 2574
2574 2575
2575 2576
2576 2577
2577 2578
2578 2579
2579 2580
2580 2581
2581 2582
2582 2583
2583 2584
2584 2585
2585 2586
2586 2587
2587 2588
2588 2589
2589 2590
2590 2591
2591 2592
2592 2593
2593 2594
2594 2595
2595 2596
2596 2597
2597 2598
2598 2599
2599 2600
2600 2601
2601 2602
2602 2603
2603 2604
2604 2605
2605 2606
2606 2607
2607 2608
2608 2609
2609 2610
2610 2611
2613 2614
2613 2615
2615 2616
2616 2617
2617 2618
2618 2619
2619 2620
2620 2621
2621 2622
2622 2623
2623 2624
2624 2625
2625 2626
2626 2627
2627 2628
2628 2629
2629 2630
2630 2631
2631 2632
2632 2633
2633 2634
2634 2635
2635 2636
2636 2637
2637 2638
2638 2639
2639 2640
2640 2641
2641 2642
2642 2643
2643 2644
2644 2645
2645 2646
2646 2647
2647 2648
2648 2649
2649 2650
2650 2651
2651 2652
2652 2653
2653 2654
2654 2655
2655 2656
2656 2657
2657 2658
2658 2659
2659 2660
2660 2661
2661 2662
2663 2664
2663 2665
2665 2666
2666 2667
2667 2668
2668 2669
2669 2670
2670 2671
2671 2672
2672 2673
2673 2674
2674 2675
2675 2676
2676 2677
2677 2678
2678 2679
2679 2680
2680 2681
2681 2682
2682 2683
2683 2684
2684 2685
2685 2686
2686 2687
2687 2688
2688 2689
2689 2690
2690 2691
2691 2692
2692 2693
2693 2694
2694 2695
2695 2696
2696 2697
2697 2698
2698 2699
2699 2700
2700 2701
2701 2702
2702 2703
2703 2704
2704 2705
2705 2706
2706 2707
2707 2708
2708 2709
2709 2710
2710 2711
2711 2712
2713 2714
2713 2715
2715 2716
2716 2717
2717 2718
2718 2719
2719 2720
2720 2721
2721 2722
2722 2723
2723 2724
2724 2725
2725 2726
2726 2727
2727 2728
2728 2729
2729 2730
2730 2731
2731 2732
2732 2733
2733 2734
2734 2735
2735 2736
2736 2737
2737 2738
2738 2739
2739 2740
2740 2741
2741 2742
2742 2743
2743 2744
2744 2745
2745 2746
2746 2747
2747 2748
2748 2749
2749 2750
2750 2751
2751 2752
2752 2753
2753 2754
2754 2755
2755 2756
2756 2757
2757 2758
2758 2759
2759 2760
2760 2761
2761 2762
2763 2764
2763 2765
2765 2766
2766 2767
2767 2768
2768 2769
2769 2770
2770 2771
2771 2772
2772 2773
2773 2774
2774 2775
2775 2776
2776 2777
2777 2778
2778 2779
2779 2780
2780 2781
2781 2782
2782 2783
2783 2784
2784 2785
2785 2786
2786 2787
2787 2788
2788 2789
2789 2790
2790 2791
2791 2792
2792 2793
2793 2794
2794 2795
2795 2796
2796 2797
2797 2798
2798 2799
2799 2800
2800 2801
2801 2802
2802 2803
2803 2804
2804 2805
2805 2806
2806 2807
2807 2808
2808 2809
2809 2810
2810 2811
2811 2812
2812 2813
2813 2814
2821 2822
2821 2823
2823 2824
2824 2825
2825 2826
2827 2828
2827 2829
2829 2830
2830 2831
2831 2832
2832 2833
2893 2894
2893 2895
2893 2896
2893 2897
2893 2898
2893 2899
2893 2900
2893 2901
2893 2902
2893 2903
2893 2904
2893 2905
2893 2906
2894 2895
2894 2896
2894 2897
2894 2898
2894 2899
2894 2900
2894 2901
2894 2902
2894 2903
2894 2904
2894 2905
2894 2906
2895 2896
2895 2897
2895 2898
2895 2899
2895 2900
2895 2901
2895 2902
2895 2903
2895 2904
2895 2905
2895 2906
2896 2897
2896 2898
2896 2899
2896 2900
2896 2901
2896 2902
2896 2903
2896 2904
2896 2905
2896 2906
2897 2898
2897 2899
2897 2900
2897 2901
2897 2902
2897 2903
2897 2904
2897 2905
2897 2906
2898 2899
2898 2900
2898 2901
2898 2902
2898 2903
2898 2904
2898 2905
2898 2906
2899 2900
2899 2901
2899 2902
2899 2903
2899 2904
2899 2905
2899 2906
2900 2901
2900 2902
2900 2903
2900 2904
2900 2905
2900 2906
2901 2902
2901 2903
2901 2904
2901 2905
2901 2906
2902 2903
2902 2904
2902 2905
2902 2906
2903 2904
2903 2905
2903 2906
2904 2905
2904 2906
2905 2906
2908 2909
2908 2922
2908 2923
2908 2924
2908 2925
2908 2926
2908 2927
2908 2928
2908 2929
2908 2930
2908 2911
2908 2931
2908 2912
2908 2914
2908 2915
2908 2919
2909 2910
2909 2911
2909 2912
2909 2913
2909 2914
2909 2915
2909 2916
2909 2917
2909 2918
2909 2919
2909 2920
2909 2921
2910 2915
2911 2931
2911 2974
2911 2912
2911 2914
2911 2915
2911 2919
2912 2923
2912 2948
2912 2965
2912 2976
2912 2913
2912 2914
2912 2915
2912 2977
2912 2919
2913 3012
2913 2915
2913 2916
2913 2919
2913 3025
2914 2929
2914 2931
2914 3012
2914 3016
2914 2915
2914 3027
2914 2919
2915 2956
2915 2966
2915 2929
2915 2971
2915 2930
2915 2975
2915 3012
2915 3023
2915 3030
2915 2919
2915 2920
2916 2919
2917 2918
2919 3022
2919 3023
2919 3024
2919 3025
2920 3025
2922 2932
2922 2933
2923 2934
2923 2935
2923 2936
2923 2937
2923 2938
2923 2939
2923 2940
2923 2941
2923 2942
2925 2952
2930 2958
2934 2935
2934 2936
2934 2937
2934 2938
2934 2939
2934 2940
2934 2941
2934 2942
2935 2943
2935 2936
2935 2937
2935 2938
2935 2939
2935 2940
2935 2941
2935 2942
2936 2937
2936 2938
2936 2939
2936 2940
2936 2941
2936 2942
2937 2946
2937 2938
2937 2939
2937 2940
2937 2941
2937 2942
2938 2939
2938 2940
2938 2941
2938 2942
2939 2944
2939 2945
2939 2940
2939 2941
2939 2947
2939 2942
2940 2941
2940 2942
2941 2942
2949 2950
2952 2953
2955 2956
2955 2959
2959 2962
2960 2961
2960 2962
2960 2963
2961 2962
2961 2963
2962 2963
2977 2981
2978 2979
2978 2981
2978 3006
2978 3007
2978 3008
2980 2981
2981 2982
2981 2983
2981 2984
2981 2985
2981 2986
2981 2987
2981 2988
2981 2989
2981 2990
2981 2991
2981 2992
2981 2993
2981 2994
2981 2995
2981 2996
2981 2997
2981 2998
2981 2999
2981 3000
2981 3001
2981 3002
2981 3003
2981 3004
2981 3005
2981 3006
2981 3007
2981 3008
3006 3009
3006 3010
3006 3007
3006 3008
3007 3008
3011 3012
3018 3019
3018 3020
