0 12
0 19
0 20
0 21
0 22
0 23
0 24
0 25
0 36
0 38
0 43
0 44
0 45
0 46
0 48
0 54
0 55
0 59
0 60
0 61
0 62
0 65
0 68
0 69
0 70
0 72
1 8
1 16
1 38
2 5
2 38
3 26
3 29
3 31
3 32
3 71
3 73
3 76
4 5
4 6
4 8
4 36
4 38
4 41
4 55
4 58
4 78
5 6
5 8
5 9
5 10
5 13
5 14
5 17
5 33
5 38
5 41
5 52
5 53
5 55
5 57
5 61
5 67
5 68
5 77
5 78
6 8
6 17
6 30
6 33
6 38
6 41
6 52
6 53
6 67
6 77
6 78
7 14
7 15
7 18
7 35
7 38
7 40
7 57
7 59
8 17
8 33
8 38
8 52
8 55
8 65
8 78
8 80
10 51
10 75
11 38
13 38
13 53
13 58
14 38
14 57
15 57
16 38
17 33
17 38
17 77
17 78
18 27
18 38
18 60
18 61
18 65
19 20
19 21
19 22
19 23
19 24
19 25
19 42
19 61
20 21
20 22
20 23
20 24
20 25
20 42
20 44
20 48
20 68
21 22
21 23
21 24
21 25
22 23
22 24
22 25
22 55
23 24
23 25
23 42
23 44
23 45
24 25
24 42
24 48
24 68
25 42
25 48
26 29
26 31
26 49
26 62
26 66
26 73
26 76
26 79
27 38
28 30
29 31
29 47
29 49
29 50
29 66
29 71
29 73
29 76
29 79
31 47
31 49
31 50
31 61
31 62
31 66
31 71
31 73
31 76
32 76
33 38
33 53
33 67
33 77
33 78
34 55
34 75
35 38
35 40
35 56
36 41
36 55
36 58
37 58
38 40
38 41
38 48
38 52
38 53
38 55
38 56
38 57
38 59
38 60
38 61
38 62
38 64
38 65
38 67
38 68
38 72
38 77
38 78
38 80
39 41
39 55
40 56
41 55
44 45
44 48
44 54
44 55
44 68
45 48
45 54
45 55
45 65
45 68
45 72
46 70
46 74
47 49
47 50
47 65
47 66
47 71
47 73
47 79
48 54
48 65
48 72
49 50
49 63
49 65
49 66
49 71
49 73
49 79
50 66
51 75
51 81
52 53
52 75
52 77
53 77
53 80
54 65
54 72
55 58
55 59
55 62
55 66
55 68
55 72
55 75
59 65
59 74
59 79
60 62
60 68
60 71
60 73
61 63
61 65
61 79
62 76
63 65
65 67
65 73
65 75
66 71
66 73
66 79
67 77
67 80
68 72
70 74
71 73
71 79
73 76
73 79
76 79
77 78
77 80
