0 1
0 1560
1 2
1 3
2 1654
3 4595
4 5
4 12
5 6
5 7
5 8
5 9
5 10
6 1279
7 1299
8 1311
9 4233
10 4253
11 12
11 17
12 13
12 14
12 15
12 16
13 91
14 1263
15 3045
16 4217
17 18
17 19
17 20
17 21
17 22
18 23
19 94
20 1261
21 3048
22 4215
23 24
23 25
23 26
24 27
25 95
26 3049
27 28
27 29
27 30
28 31
29 116
30 3070
31 32
31 33
31 34
32 35
33 117
34 3071
35 36
35 37
35 38
36 39
37 130
38 3084
39 40
39 41
39 42
40 43
41 131
42 3085
43 44
43 45
43 46
44 47
45 146
46 3100
47 48
47 49
47 50
48 51
49 163
50 3117
51 52
51 53
51 54
52 55
53 186
54 3140
55 56
55 57
55 58
56 59
57 187
58 3141
59 60
59 61
59 62
60 63
61 203
62 3157
63 64
63 65
63 66
64 67
65 255
66 3209
67 68
67 69
67 70
68 71
69 363
70 3317
71 72
71 73
71 74
72 75
73 420
74 3374
75 76
75 77
75 78
76 79
77 448
78 3402
79 80
79 81
79 82
80 83
81 512
82 3466
83 84
83 85
84 550
85 3504
86 87
86 1568
87 88
87 89
88 1660
89 1661
90 91
90 1261
91 92
91 93
92 108
93 1264
94 126
94 127
94 112
95 126
95 128
95 129
96 97
96 1576
97 98
97 99
98 1667
99 1668
100 101
100 108
101 102
101 103
101 104
101 105
101 106
102 1281
103 1282
104 1304
105 1305
106 1323
107 108
107 113
108 109
108 110
108 111
109 123
110 1265
111 1266
112 113
113 114
113 115
114 1261
115 1262
116 128
116 144
116 145
117 144
117 161
117 162
118 119
118 1584
119 120
119 121
120 1674
121 1675
122 123
122 1262
123 124
123 125
124 156
125 1267
127 143
129 160
130 161
130 184
130 185
131 184
131 201
131 202
132 133
132 1681
133 134
133 135
134 1653
135 2092
136 137
136 1284
137 138
137 139
137 140
137 141
137 142
138 1310
139 156
140 1724
141 1744
142 1396
143 155
143 179
143 180
143 181
143 182
145 183
146 201
146 232
146 233
147 148
147 2015
148 149
148 150
149 2105
150 2106
151 152
151 2007
152 153
152 154
153 2098
154 2099
155 156
156 157
156 158
156 159
157 1268
158 176
159 1708
160 179
160 198
160 199
162 200
163 232
163 329
163 330
164 165
164 2023
165 166
165 167
166 2112
167 2113
168 169
168 193
169 170
169 171
169 172
169 173
169 174
170 1726
171 1727
172 1749
173 1750
174 1767
175 176
175 1706
176 177
176 178
177 193
178 1709
180 197
181 1262
182 1706
183 198
183 230
183 231
185 254
186 329
186 361
186 362
187 361
187 418
187 419
188 189
188 2119
189 190
189 191
190 2091
191 2530
192 193
192 224
193 194
193 195
193 196
194 220
195 1710
196 1711
197 227
197 228
197 223
199 229
200 230
200 326
200 327
202 328
203 418
203 446
203 447
204 205
204 2453
205 206
205 207
206 2543
207 2544
208 209
208 2445
209 210
209 211
210 2536
211 2537
212 213
212 1729
213 214
213 215
213 216
213 217
213 218
214 1755
215 250
216 2162
217 2182
218 1838
219 220
219 1707
220 221
220 222
221 250
222 1712
223 224
224 225
224 226
225 1706
226 1707
227 229
228 322
229 323
229 324
231 325
233 390
234 235
234 2557
235 236
235 237
236 2529
237 2968
238 239
238 2461
239 240
239 241
240 2550
241 2551
242 243
242 351
243 244
243 245
243 246
243 247
243 248
244 2164
245 2165
246 2187
247 2188
248 2205
249 250
249 322
250 251
250 252
250 253
251 1713
252 319
253 2146
254 326
254 388
254 389
255 446
255 503
255 504
256 257
256 259
257 258
258 449
259 260
259 261
260 262
261 450
262 263
262 264
263 265
264 451
265 266
265 267
266 268
267 452
268 269
268 270
269 271
270 453
271 272
271 273
272 274
273 454
274 275
274 276
275 277
276 455
277 278
277 279
278 280
279 456
280 281
280 282
281 283
282 457
283 284
283 285
283 286
284 287
285 391
286 458
287 288
287 289
288 290
289 392
290 291
290 292
291 293
292 364
293 294
293 295
294 296
295 365
296 297
296 298
297 366
298 300
299 300
299 3025
300 301
301 3033
302 303
302 2995
303 304
303 305
304 2967
305 3037
306 307
306 2899
307 308
307 309
308 2988
309 2989
310 311
310 2891
311 312
311 313
312 2981
313 2982
314 315
314 2883
315 316
315 317
316 2974
317 2975
318 319
318 2144
319 320
319 321
320 351
321 2147
322 354
322 355
322 356
322 357
323 358
324 325
325 359
325 360
327 387
328 388
328 435
328 436
330 445
331 332
331 409
332 333
332 334
332 335
332 336
332 337
333 2602
334 2603
335 2625
336 2626
337 2643
338 339
338 2167
339 340
339 341
339 342
339 343
339 344
340 2193
341 379
342 2600
343 2620
344 2276
345 346
345 2145
346 347
346 348
346 349
347 351
348 379
349 2150
350 351
350 383
351 352
351 353
352 2148
353 2149
354 386
355 358
356 1707
357 2144
358 415
358 416
359 417
360 387
362 484
363 503
363 544
363 545
364 393
364 394
365 393
365 395
365 396
366 395
366 397
366 398
366 399
367 368
367 2605
368 369
368 370
368 371
368 372
369 2631
370 400
371 2714
372 3025
373 374
373 2582
374 375
374 376
374 377
375 379
376 409
377 2585
378 379
378 412
379 380
379 381
380 2151
381 2584
382 383
382 386
383 384
383 385
384 2144
385 2145
386 413
386 414
387 433
387 434
389 444
390 435
390 472
390 473
391 459
391 460
392 394
392 459
392 461
392 462
396 421
397 400
398 422
399 3025
400 401
400 402
400 403
401 423
402 405
403 2589
404 405
404 2583
405 406
405 407
406 409
407 2588
408 409
408 425
409 410
409 411
410 2586
411 2587
412 413
412 428
412 429
412 430
412 431
414 432
415 432
416 417
417 442
417 443
419 511
420 544
420 570
420 571
421 461
421 463
421 464
422 463
422 465
422 466
423 438
423 465
423 467
423 468
424 425
424 437
425 426
425 427
426 2582
427 2583
428 437
429 469
430 2145
431 2582
432 440
432 441
433 471
434 444
436 483
437 438
437 439
439 476
440 469
441 470
442 470
443 471
444 481
444 482
445 472
445 501
445 502
447 543
448 570
448 602
448 603
449 609
449 610
450 609
450 611
450 612
451 611
451 613
451 614
452 613
452 615
452 616
453 615
453 617
453 618
454 604
454 617
454 619
455 514
455 604
455 605
456 513
456 514
456 515
457 513
457 516
457 517
457 518
458 516
458 519
458 520
460 485
462 486
464 487
466 474
467 475
468 2583
469 477
469 478
470 479
470 480
471 494
471 495
473 510
474 488
474 489
475 488
475 490
475 491
476 477
476 490
476 492
478 493
479 493
480 500
481 483
482 507
483 508
483 509
484 501
484 541
484 542
485 519
485 521
485 522
486 521
486 523
486 524
487 489
487 523
487 525
487 526
491 496
492 497
493 498
493 499
494 500
495 507
496 525
496 505
496 527
497 498
497 505
497 506
499 528
500 529
500 530
502 549
504 582
506 537
507 531
507 532
508 510
509 538
510 539
510 540
511 541
511 568
511 569
512 602
512 654
512 655
515 587
517 551
518 588
520 552
522 533
524 534
526 535
527 536
528 529
528 546
528 547
530 548
531 548
532 538
533 553
533 554
534 553
534 555
534 556
535 555
535 557
535 558
536 557
536 559
536 560
537 546
537 559
537 561
538 564
538 565
539 549
540 567
542 576
543 568
543 585
543 586
545 628
547 566
548 562
548 563
549 574
549 575
550 654
550 700
551 589
551 590
552 554
552 589
552 591
552 592
556 577
558 578
560 579
561 572
562 566
563 573
564 573
565 567
566 580
566 581
567 583
567 584
569 620
571 653
572 580
572 597
572 599
573 600
573 601
574 576
575 608
576 626
576 627
577 591
577 593
577 594
578 593
578 595
578 596
579 595
579 597
579 598
581 606
582 585
582 644
582 645
583 607
584 608
586 642
587 658
587 659
587 660
587 661
588 658
588 662
588 663
590 636
592 637
594 638
596 621
598 622
599 623
600 606
601 607
603 682
605 689
606 624
606 625
607 629
607 630
608 634
608 635
610 692
612 693
614 694
616 695
618 696
619 697
620 626
620 651
620 652
621 639
621 640
622 639
622 631
622 641
623 624
623 631
623 632
625 633
627 643
628 644
628 679
628 680
629 633
630 650
632 647
633 648
633 649
634 650
635 643
636 662
636 664
636 665
637 664
637 666
637 667
638 640
638 666
638 668
638 669
641 646
642 651
642 677
642 678
643 674
643 675
645 688
646 668
646 656
646 670
647 648
647 656
647 657
649 671
650 672
650 673
652 676
653 679
653 716
653 717
655 735
657 681
659 704
660 689
661 736
663 705
665 683
667 684
669 685
670 686
671 672
671 690
671 691
673 687
674 676
675 687
676 698
676 699
677 703
678 688
680 729
681 690
681 712
681 714
682 716
682 747
682 748
683 706
683 707
684 706
684 708
684 709
685 708
685 710
685 711
686 710
686 712
686 713
687 701
687 702
688 720
688 721
689 751
689 752
691 715
692 756
692 757
693 756
693 758
693 759
694 758
694 760
694 761
695 760
695 762
695 763
696 762
696 764
696 765
697 764
697 751
697 766
698 703
699 718
700 790
701 715
702 718
703 727
703 728
704 737
704 738
705 707
705 737
705 739
705 740
709 722
711 723
713 724
714 719
715 725
715 726
717 755
718 730
718 731
719 725
719 732
719 733
720 729
721 749
722 739
722 741
722 742
723 741
723 743
723 744
724 743
724 732
724 745
726 734
727 746
728 749
729 771
729 772
730 734
731 746
733 750
734 753
734 754
735 747
735 806
735 807
736 796
736 797
736 798
738 776
740 777
742 778
744 767
745 768
746 769
746 770
748 789
749 782
749 783
750 753
750 773
750 774
752 808
754 775
755 771
755 792
755 793
757 809
759 810
761 811
763 812
765 813
766 814
767 779
767 780
768 779
768 773
768 781
769 775
770 787
772 791
774 784
775 785
775 786
776 796
776 799
776 800
777 799
777 801
777 802
778 780
778 801
778 803
778 804
781 788
782 787
783 791
784 785
784 794
784 795
786 815
787 816
787 817
788 794
788 803
788 805
789 792
789 822
789 823
790 806
790 859
791 818
791 819
793 821
795 820
797 808
798 850
800 824
802 825
804 826
805 827
807 858
808 831
808 832
809 839
809 840
810 839
810 841
810 842
811 841
811 843
811 844
812 843
812 845
812 846
813 845
813 847
813 848
814 831
814 847
814 849
815 816
815 829
815 830
817 828
818 821
819 828
820 829
820 833
820 834
821 835
821 836
822 861
823 858
824 851
824 852
825 851
825 853
825 854
826 853
826 855
826 856
827 833
827 855
827 857
828 837
828 838
830 860
832 871
834 862
835 861
836 863
837 860
838 863
840 872
842 873
844 874
846 875
848 876
849 877
850 852
850 884
850 885
850 886
854 864
856 865
857 866
858 882
858 883
859 894
860 867
860 868
861 869
861 870
862 867
862 880
862 881
863 878
863 879
864 884
864 887
864 888
865 887
865 889
865 890
866 880
866 889
866 891
868 892
869 893
870 915
871 885
871 898
871 899
872 902
872 903
873 902
873 904
873 905
874 904
874 906
874 907
875 906
875 908
875 909
876 908
876 910
876 911
877 898
877 910
877 912
878 892
879 893
881 895
882 894
883 915
886 919
888 920
890 900
891 901
892 896
892 897
893 913
893 914
894 936
895 896
895 916
895 917
897 918
899 924
900 921
900 922
901 916
901 921
901 923
903 929
905 930
907 931
909 932
911 933
912 934
913 918
914 928
915 939
915 940
917 925
918 926
918 927
919 941
919 942
919 943
920 922
920 941
920 944
920 945
923 935
924 942
924 948
924 949
925 926
925 937
925 938
927 947
928 939
928 961
928 962
929 950
929 951
930 950
930 952
930 953
931 952
931 954
931 955
932 954
932 956
932 957
933 956
933 958
933 959
934 948
934 958
934 960
935 937
935 944
935 946
936 970
938 963
940 970
943 964
945 965
946 966
947 961
947 968
947 969
949 967
951 980
953 981
955 982
957 983
959 984
960 985
962 986
963 968
963 971
963 972
964 973
964 975
964 976
965 975
965 977
965 978
966 971
966 977
966 979
967 973
967 974
969 987
970 1014
970 1016
972 988
974 985
976 989
978 990
979 991
980 992
980 993
981 992
981 994
981 995
982 994
982 996
982 997
983 996
983 998
983 999
984 998
984 1000
984 1001
985 1000
985 1002
985 1003
986 1012
986 1014
986 1015
987 1010
987 1012
987 1013
988 1008
988 1010
988 1011
989 1002
989 1004
989 1005
990 1004
990 1006
990 1007
991 1006
991 1008
991 1009
993 1017
995 1018
997 1019
999 1020
1001 1035
1003 1021
1005 1022
1007 1023
1009 1041
1011 1024
1013 1025
1015 1026
1016 1027
1017 1028
1017 1029
1018 1028
1018 1030
1018 1031
1019 1030
1019 1032
1019 1033
1020 1032
1020 1034
1021 1036
1021 1037
1022 1036
1022 1038
1022 1039
1023 1038
1023 1040
1024 1042
1024 1043
1025 1042
1025 1044
1025 1045
1026 1044
1026 1046
1026 1047
1027 1046
1027 1048
1029 1049
1031 1050
1033 1051
1034 1035
1035 1037
1035 1061
1035 1063
1035 1064
1035 1065
1035 1066
1039 1052
1040 1041
1041 1043
1041 1067
1041 1069
1041 1070
1041 1071
1041 1072
1045 1053
1047 1054
1048 1055
1049 1056
1049 1057
1050 1056
1050 1058
1050 1059
1050 1060
1051 1058
1051 1061
1051 1062
1052 1063
1052 1067
1052 1068
1053 1069
1053 1073
1053 1074
1054 1073
1054 1075
1054 1076
1054 1077
1055 1075
1055 1078
1057 1124
1059 1082
1060 1125
1062 1079
1064 1083
1065 1084
1066 1126
1068 1080
1070 1085
1071 1086
1072 1127
1074 1081
1076 1087
1077 1128
1078 1129
1079 1088
1079 1089
1079 1090
1080 1091
1080 1092
1080 1093
1081 1094
1081 1095
1081 1096
1082 1088
1082 1097
1082 1098
1083 1089
1083 1099
1083 1100
1084 1091
1084 1101
1084 1102
1085 1092
1085 1103
1085 1104
1086 1094
1086 1105
1086 1106
1087 1095
1087 1107
1087 1108
1090 1109
1093 1110
1096 1111
1097 1118
1098 1136
1099 1119
1100 1137
1101 1120
1102 1138
1103 1121
1104 1139
1105 1122
1106 1140
1107 1123
1108 1141
1109 1112
1109 1113
1110 1114
1110 1115
1111 1116
1111 1117
1112 1118
1113 1119
1114 1120
1115 1121
1116 1122
1117 1123
1118 1130
1119 1131
1120 1132
1121 1133
1122 1134
1123 1135
1124 1148
1124 1149
1125 1148
1125 1150
1125 1151
1126 1157
1126 1159
1126 1160
1127 1166
1127 1168
1127 1169
1128 1175
1128 1177
1128 1178
1129 1177
1129 1179
1130 1142
1131 1143
1132 1144
1133 1145
1134 1146
1135 1147
1136 1150
1136 1152
1136 1153
1137 1155
1137 1157
1137 1158
1138 1159
1138 1161
1138 1162
1139 1164
1139 1166
1139 1167
1140 1168
1140 1170
1140 1171
1141 1173
1141 1175
1141 1176
1142 1152
1142 1154
1143 1155
1143 1156
1144 1161
1144 1163
1145 1164
1145 1165
1146 1170
1146 1172
1147 1173
1147 1174
1149 1204
1151 1205
1153 1186
1154 1180
1156 1181
1158 1187
1160 1206
1162 1188
1163 1182
1165 1183
1167 1189
1169 1207
1171 1190
1172 1184
1174 1185
1176 1191
1178 1208
1179 1209
1180 1192
1180 1193
1181 1194
1181 1195
1182 1196
1182 1197
1183 1198
1183 1199
1184 1200
1184 1201
1185 1202
1185 1203
1186 1193
1186 1219
1186 1220
1187 1195
1187 1221
1187 1222
1188 1197
1188 1223
1188 1224
1189 1199
1189 1225
1189 1226
1190 1201
1190 1227
1190 1228
1191 1203
1191 1229
1191 1230
1192 1210
1194 1210
1196 1211
1198 1211
1200 1212
1202 1212
1204 1238
1204 1255
1205 1220
1205 1237
1205 1238
1206 1222
1206 1224
1206 1239
1206 1241
1206 1242
1207 1226
1207 1228
1207 1243
1207 1245
1207 1246
1208 1230
1208 1247
1208 1249
1209 1249
1209 1260
1210 1213
1211 1214
1212 1215
1213 1216
1214 1217
1215 1218
1216 1219
1216 1221
1216 1231
1217 1223
1217 1225
1217 1232
1218 1227
1218 1229
1218 1233
1231 1234
1232 1235
1233 1236
1234 1237
1234 1239
1234 1240
1235 1241
1235 1243
1235 1244
1236 1245
1236 1247
1236 1248
1240 1250
1242 1251
1244 1252
1246 1253
1248 1254
1250 1255
1250 1256
1251 1256
1251 1257
1252 1257
1252 1258
1253 1258
1253 1259
1254 1259
1254 1260
1263 1269
1263 1270
1264 1269
1264 1271
1264 1272
1265 1271
1265 1273
1266 1274
1266 1275
1267 1274
1267 1276
1267 1277
1268 1276
1268 1278
1270 1279
1272 1280
1273 1281
1275 1282
1277 1283
1278 1284
1279 1285
1279 1286
1280 1285
1280 1287
1280 1288
1280 1289
1280 1290
1281 1287
1281 1291
1282 1292
1282 1293
1283 1292
1283 1294
1283 1295
1283 1296
1283 1297
1284 1294
1284 1298
1286 1300
1288 1301
1289 1302
1290 1317
1291 1303
1293 1306
1295 1307
1296 1308
1297 1329
1298 1309
1299 1312
1299 1313
1300 1312
1300 1314
1300 1315
1301 1314
1301 1316
1302 1318
1302 1319
1303 1318
1303 1320
1303 1321
1304 1320
1304 1322
1305 1324
1305 1325
1306 1324
1306 1326
1306 1327
1307 1326
1307 1328
1308 1330
1308 1331
1309 1330
1309 1332
1309 1333
1310 1332
1310 1334
1311 1347
1311 1348
1311 1349
1311 1350
1311 1351
1313 1335
1315 1336
1316 1337
1317 1358
1317 1360
1317 1361
1317 1362
1317 1363
1319 1338
1321 1339
1322 1340
1323 1370
1323 1372
1323 1373
1323 1374
1323 1375
1325 1341
1327 1342
1328 1343
1329 1382
1329 1384
1329 1385
1329 1386
1329 1387
1331 1344
1333 1345
1334 1346
1335 1347
1335 1352
1335 1353
1336 1352
1336 1354
1336 1355
1336 1356
1336 1357
1337 1354
1337 1358
1337 1359
1338 1360
1338 1364
1338 1365
1339 1364
1339 1366
1339 1367
1339 1368
1339 1369
1340 1366
1340 1370
1340 1371
1341 1372
1341 1376
1341 1377
1342 1376
1342 1378
1342 1379
1342 1380
1342 1381
1343 1378
1343 1382
1343 1383
1344 1384
1344 1388
1344 1389
1345 1388
1345 1390
1345 1391
1345 1392
1345 1393
1346 1390
1346 1394
1346 1395
1348 1397
1349 1422
1350 4288
1351 4345
1353 1398
1355 1399
1356 1400
1357 1428
1359 1401
1361 1402
1362 1403
1363 1434
1365 1404
1367 1405
1368 1406
1369 1440
1371 1407
1373 1408
1374 1409
1375 1446
1377 1410
1379 1411
1380 1412
1381 1452
1383 1413
1385 1414
1386 1415
1387 1458
1389 1416
1391 1417
1392 1418
1393 1464
1394 1396
1395 1419
1396 1421
1396 1791
1396 1792
1396 1793
1397 1423
1397 1424
1398 1423
1398 1425
1398 1426
1399 1425
1399 1427
1400 1429
1400 1430
1401 1429
1401 1431
1401 1432
1402 1431
1402 1433
1403 1435
1403 1436
1404 1435
1404 1437
1404 1438
1405 1437
1405 1439
1406 1441
1406 1442
1407 1441
1407 1443
1407 1444
1408 1443
1408 1445
1409 1447
1409 1448
1410 1447
1410 1449
1410 1450
1411 1449
1411 1451
1412 1453
1412 1454
1413 1453
1413 1455
1413 1456
1414 1455
1414 1457
1415 1459
1415 1460
1416 1459
1416 1461
1416 1462
1417 1461
1417 1463
1418 1465
1418 1466
1419 1465
1419 1467
1419 1468
1420 1421
1420 1467
1420 1469
1422 1494
1422 1495
1422 1496
1424 1470
1426 1471
1427 1472
1428 1501
1428 1503
1428 1504
1430 1473
1432 1474
1433 1475
1434 1509
1434 1511
1434 1512
1436 1476
1438 1477
1439 1478
1440 1517
1440 1519
1440 1520
1442 1479
1444 1480
1445 1481
1446 1525
1446 1527
1446 1528
1448 1482
1450 1483
1451 1484
1452 1533
1452 1535
1452 1536
1454 1485
1456 1486
1457 1487
1458 1541
1458 1543
1458 1544
1460 1488
1462 1489
1463 1490
1464 1549
1464 1551
1464 1552
1466 1491
1468 1492
1469 1493
1470 1494
1470 1497
1470 1498
1471 1497
1471 1499
1471 1500
1472 1499
1472 1501
1472 1502
1473 1503
1473 1505
1473 1506
1474 1505
1474 1507
1474 1508
1475 1507
1475 1509
1475 1510
1476 1511
1476 1513
1476 1514
1477 1513
1477 1515
1477 1516
1478 1515
1478 1517
1478 1518
1479 1519
1479 1521
1479 1522
1480 1521
1480 1523
1480 1524
1481 1523
1481 1525
1481 1526
1482 1527
1482 1529
1482 1530
1483 1529
1483 1531
1483 1532
1484 1531
1484 1533
1484 1534
1485 1535
1485 1537
1485 1538
1486 1537
1486 1539
1486 1540
1487 1539
1487 1541
1487 1542
1488 1543
1488 1545
1488 1546
1489 1545
1489 1547
1489 1548
1490 1547
1490 1549
1490 1550
1491 1551
1491 1553
1491 1554
1492 1553
1492 1555
1492 1556
1493 1555
1493 1557
1493 1558
1495 1560
1496 4417
1498 1561
1500 1562
1502 1563
1504 1564
1506 1565
1508 1566
1510 1567
1512 1568
1514 1569
1516 1570
1518 1571
1520 1572
1522 1573
1524 1574
1526 1575
1528 1576
1530 1577
1532 1578
1534 1579
1536 1580
1538 1581
1540 1582
1542 1583
1544 1584
1546 1585
1548 1586
1550 1587
1552 1588
1554 1589
1556 1590
1557 1559
1558 1591
1559 1793
1559 1935
1559 1936
1560 1592
1560 1593
1561 1592
1561 1594
1561 1595
1562 1594
1562 1596
1562 1597
1563 1596
1563 1598
1563 1599
1564 1598
1564 1600
1564 1601
1565 1600
1565 1602
1565 1603
1566 1602
1566 1604
1566 1605
1567 1604
1567 1606
1567 1607
1568 1606
1568 1608
1569 1608
1569 1609
1569 1610
1570 1609
1570 1611
1570 1612
1571 1611
1571 1613
1571 1614
1572 1613
1572 1615
1572 1616
1573 1615
1573 1617
1573 1618
1574 1617
1574 1619
1574 1620
1575 1619
1575 1621
1575 1622
1576 1621
1576 1623
1577 1623
1577 1624
1577 1625
1578 1624
1578 1626
1578 1627
1579 1626
1579 1628
1579 1629
1580 1628
1580 1630
1580 1631
1581 1630
1581 1632
1581 1633
1582 1632
1582 1634
1582 1635
1583 1634
1583 1636
1583 1637
1584 1636
1584 1638
1585 1638
1585 1639
1585 1640
1586 1639
1586 1641
1586 1642
1587 1641
1587 1643
1587 1644
1588 1643
1588 1645
1588 1646
1589 1645
1589 1647
1589 1648
1590 1647
1590 1649
1590 1650
1591 1649
1591 1651
1591 1652
1593 4504
1595 1654
1597 1655
1599 1656
1601 1657
1603 1658
1605 1659
1607 1660
1610 1661
1612 1662
1614 1663
1616 1664
1618 1665
1620 1666
1622 1667
1625 1668
1627 1669
1629 1670
1631 1671
1633 1672
1635 1673
1637 1674
1640 1675
1642 1676
1644 1677
1646 1678
1648 1679
1650 1680
1651 1653
1652 1681
1653 1936
1653 2031
1654 1682
1655 1682
1655 1683
1656 1683
1656 1684
1657 1684
1657 1685
1658 1685
1658 1686
1659 1686
1659 1687
1660 1687
1661 1688
1662 1688
1662 1689
1663 1689
1663 1690
1664 1690
1664 1691
1665 1691
1665 1692
1666 1692
1666 1693
1667 1693
1668 1694
1669 1694
1669 1695
1670 1695
1670 1696
1671 1696
1671 1697
1672 1697
1672 1698
1673 1698
1673 1699
1674 1699
1675 1700
1676 1700
1676 1701
1677 1701
1677 1702
1678 1702
1678 1703
1679 1703
1679 1704
1680 1704
1680 1705
1681 1705
1708 1714
1708 1715
1709 1714
1709 1716
1709 1717
1710 1716
1710 1718
1711 1719
1711 1720
1712 1719
1712 1721
1712 1722
1713 1721
1713 1723
1715 1724
1717 1725
1718 1726
1720 1727
1722 1728
1723 1729
1724 1730
1724 1731
1725 1730
1725 1732
1725 1733
1725 1734
1725 1735
1726 1732
1726 1736
1727 1737
1727 1738
1728 1737
1728 1739
1728 1740
1728 1741
1728 1742
1729 1739
1729 1743
1731 1745
1733 1746
1734 1747
1735 1761
1736 1748
1738 1751
1740 1752
1741 1753
1742 1773
1743 1754
1744 1756
1744 1757
1745 1756
1745 1758
1745 1759
1746 1758
1746 1760
1747 1762
1747 1763
1748 1762
1748 1764
1748 1765
1749 1764
1749 1766
1750 1768
1750 1769
1751 1768
1751 1770
1751 1771
1752 1770
1752 1772
1753 1774
1753 1775
1754 1774
1754 1776
1754 1777
1755 1776
1755 1778
1757 1779
1759 1780
1760 1781
1761 1800
1761 1802
1761 1803
1761 1804
1761 1805
1763 1782
1765 1783
1766 1784
1767 1812
1767 1814
1767 1815
1767 1816
1767 1817
1769 1785
1771 1786
1772 1787
1773 1824
1773 1826
1773 1827
1773 1828
1773 1829
1775 1788
1777 1789
1778 1790
1779 1791
1779 1794
1779 1795
1780 1794
1780 1796
1780 1797
1780 1798
1780 1799
1781 1796
1781 1800
1781 1801
1782 1802
1782 1806
1782 1807
1783 1806
1783 1808
1783 1809
1783 1810
1783 1811
1784 1808
1784 1812
1784 1813
1785 1814
1785 1818
1785 1819
1786 1818
1786 1820
1786 1821
1786 1822
1786 1823
1787 1820
1787 1824
1787 1825
1788 1826
1788 1830
1788 1831
1789 1830
1789 1832
1789 1833
1789 1834
1789 1835
1790 1832
1790 1836
1790 1837
1792 1839
1795 1840
1797 1841
1798 1842
1799 1869
1801 1843
1803 1844
1804 1845
1805 1875
1807 1846
1809 1847
1810 1848
1811 1881
1813 1849
1815 1850
1816 1851
1817 1887
1819 1852
1821 1853
1822 1854
1823 1893
1825 1855
1827 1856
1828 1857
1829 1899
1831 1858
1833 1859
1834 1860
1835 1905
1836 1838
1837 1861
1838 1863
1838 2229
1838 2230
1838 2231
1839 1864
1839 1865
1840 1864
1840 1866
1840 1867
1841 1866
1841 1868
1842 1870
1842 1871
1843 1870
1843 1872
1843 1873
1844 1872
1844 1874
1845 1876
1845 1877
1846 1876
1846 1878
1846 1879
1847 1878
1847 1880
1848 1882
1848 1883
1849 1882
1849 1884
1849 1885
1850 1884
1850 1886
1851 1888
1851 1889
1852 1888
1852 1890
1852 1891
1853 1890
1853 1892
1854 1894
1854 1895
1855 1894
1855 1896
1855 1897
1856 1896
1856 1898
1857 1900
1857 1901
1858 1900
1858 1902
1858 1903
1859 1902
1859 1904
1860 1906
1860 1907
1861 1906
1861 1908
1861 1909
1862 1863
1862 1908
1862 1910
1865 1911
1867 1912
1868 1913
1869 1941
1869 1943
1869 1944
1871 1914
1873 1915
1874 1916
1875 1949
1875 1951
1875 1952
1877 1917
1879 1918
1880 1919
1881 1957
1881 1959
1881 1960
1883 1920
1885 1921
1886 1922
1887 1965
1887 1967
1887 1968
1889 1923
1891 1924
1892 1925
1893 1973
1893 1975
1893 1976
1895 1926
1897 1927
1898 1928
1899 1981
1899 1983
1899 1984
1901 1929
1903 1930
1904 1931
1905 1989
1905 1991
1905 1992
1907 1932
1909 1933
1910 1934
1911 1935
1911 1937
1911 1938
1912 1937
1912 1939
1912 1940
1913 1939
1913 1941
1913 1942
1914 1943
1914 1945
1914 1946
1915 1945
1915 1947
1915 1948
1916 1947
1916 1949
1916 1950
1917 1951
1917 1953
1917 1954
1918 1953
1918 1955
1918 1956
1919 1955
1919 1957
1919 1958
1920 1959
1920 1961
1920 1962
1921 1961
1921 1963
1921 1964
1922 1963
1922 1965
1922 1966
1923 1967
1923 1969
1923 1970
1924 1969
1924 1971
1924 1972
1925 1971
1925 1973
1925 1974
1926 1975
1926 1977
1926 1978
1927 1977
1927 1979
1927 1980
1928 1979
1928 1981
1928 1982
1929 1983
1929 1985
1929 1986
1930 1985
1930 1987
1930 1988
1931 1987
1931 1989
1931 1990
1932 1991
1932 1993
1932 1994
1933 1993
1933 1995
1933 1996
1934 1995
1934 1997
1934 1998
1938 2000
1940 2001
1942 2002
1944 2003
1946 2004
1948 2005
1950 2006
1952 2007
1954 2008
1956 2009
1958 2010
1960 2011
1962 2012
1964 2013
1966 2014
1968 2015
1970 2016
1972 2017
1974 2018
1976 2019
1978 2020
1980 2021
1982 2022
1984 2023
1986 2024
1988 2025
1990 2026
1992 2027
1994 2028
1996 2029
1997 1999
1998 2030
1999 2231
1999 2373
1999 2374
2000 2031
2000 2032
2000 2033
2001 2032
2001 2034
2001 2035
2002 2034
2002 2036
2002 2037
2003 2036
2003 2038
2003 2039
2004 2038
2004 2040
2004 2041
2005 2040
2005 2042
2005 2043
2006 2042
2006 2044
2006 2045
2007 2044
2007 2046
2008 2046
2008 2047
2008 2048
2009 2047
2009 2049
2009 2050
2010 2049
2010 2051
2010 2052
2011 2051
2011 2053
2011 2054
2012 2053
2012 2055
2012 2056
2013 2055
2013 2057
2013 2058
2014 2057
2014 2059
2014 2060
2015 2059
2015 2061
2016 2061
2016 2062
2016 2063
2017 2062
2017 2064
2017 2065
2018 2064
2018 2066
2018 2067
2019 2066
2019 2068
2019 2069
2020 2068
2020 2070
2020 2071
2021 2070
2021 2072
2021 2073
2022 2072
2022 2074
2022 2075
2023 2074
2023 2076
2024 2076
2024 2077
2024 2078
2025 2077
2025 2079
2025 2080
2026 2079
2026 2081
2026 2082
2027 2081
2027 2083
2027 2084
2028 2083
2028 2085
2028 2086
2029 2085
2029 2087
2029 2088
2030 2087
2030 2089
2030 2090
2033 2092
2035 2093
2037 2094
2039 2095
2041 2096
2043 2097
2045 2098
2048 2099
2050 2100
2052 2101
2054 2102
2056 2103
2058 2104
2060 2105
2063 2106
2065 2107
2067 2108
2069 2109
2071 2110
2073 2111
2075 2112
2078 2113
2080 2114
2082 2115
2084 2116
2086 2117
2088 2118
2089 2091
2090 2119
2091 2374
2091 2469
2092 2120
2093 2120
2093 2121
2094 2121
2094 2122
2095 2122
2095 2123
2096 2123
2096 2124
2097 2124
2097 2125
2098 2125
2099 2126
2100 2126
2100 2127
2101 2127
2101 2128
2102 2128
2102 2129
2103 2129
2103 2130
2104 2130
2104 2131
2105 2131
2106 2132
2107 2132
2107 2133
2108 2133
2108 2134
2109 2134
2109 2135
2110 2135
2110 2136
2111 2136
2111 2137
2112 2137
2113 2138
2114 2138
2114 2139
2115 2139
2115 2140
2116 2140
2116 2141
2117 2141
2117 2142
2118 2142
2118 2143
2119 2143
2146 2152
2146 2153
2147 2152
2147 2154
2147 2155
2148 2154
2148 2156
2149 2157
2149 2158
2150 2157
2150 2159
2150 2160
2151 2159
2151 2161
2153 2162
2155 2163
2156 2164
2158 2165
2160 2166
2161 2167
2162 2168
2162 2169
2163 2168
2163 2170
2163 2171
2163 2172
2163 2173
2164 2170
2164 2174
2165 2175
2165 2176
2166 2175
2166 2177
2166 2178
2166 2179
2166 2180
2167 2177
2167 2181
2169 2183
2171 2184
2172 2185
2173 2199
2174 2186
2176 2189
2178 2190
2179 2191
2180 2211
2181 2192
2182 2194
2182 2195
2183 2194
2183 2196
2183 2197
2184 2196
2184 2198
2185 2200
2185 2201
2186 2200
2186 2202
2186 2203
2187 2202
2187 2204
2188 2206
2188 2207
2189 2206
2189 2208
2189 2209
2190 2208
2190 2210
2191 2212
2191 2213
2192 2212
2192 2214
2192 2215
2193 2214
2193 2216
2195 2217
2197 2218
2198 2219
2199 2238
2199 2240
2199 2241
2199 2242
2199 2243
2201 2220
2203 2221
2204 2222
2205 2250
2205 2252
2205 2253
2205 2254
2205 2255
2207 2223
2209 2224
2210 2225
2211 2262
2211 2264
2211 2265
2211 2266
2211 2267
2213 2226
2215 2227
2216 2228
2217 2229
2217 2232
2217 2233
2218 2232
2218 2234
2218 2235
2218 2236
2218 2237
2219 2234
2219 2238
2219 2239
2220 2240
2220 2244
2220 2245
2221 2244
2221 2246
2221 2247
2221 2248
2221 2249
2222 2246
2222 2250
2222 2251
2223 2252
2223 2256
2223 2257
2224 2256
2224 2258
2224 2259
2224 2260
2224 2261
2225 2258
2225 2262
2225 2263
2226 2264
2226 2268
2226 2269
2227 2268
2227 2270
2227 2271
2227 2272
2227 2273
2228 2270
2228 2274
2228 2275
2230 2277
2233 2278
2235 2279
2236 2280
2237 2307
2239 2281
2241 2282
2242 2283
2243 2313
2245 2284
2247 2285
2248 2286
2249 2319
2251 2287
2253 2288
2254 2289
2255 2325
2257 2290
2259 2291
2260 2292
2261 2331
2263 2293
2265 2294
2266 2295
2267 2337
2269 2296
2271 2297
2272 2298
2273 2343
2274 2276
2275 2299
2276 2301
2276 2667
2276 2668
2276 2669
2277 2302
2277 2303
2278 2302
2278 2304
2278 2305
2279 2304
2279 2306
2280 2308
2280 2309
2281 2308
2281 2310
2281 2311
2282 2310
2282 2312
2283 2314
2283 2315
2284 2314
2284 2316
2284 2317
2285 2316
2285 2318
2286 2320
2286 2321
2287 2320
2287 2322
2287 2323
2288 2322
2288 2324
2289 2326
2289 2327
2290 2326
2290 2328
2290 2329
2291 2328
2291 2330
2292 2332
2292 2333
2293 2332
2293 2334
2293 2335
2294 2334
2294 2336
2295 2338
2295 2339
2296 2338
2296 2340
2296 2341
2297 2340
2297 2342
2298 2344
2298 2345
2299 2344
2299 2346
2299 2347
2300 2301
2300 2346
2300 2348
2303 2349
2305 2350
2306 2351
2307 2379
2307 2381
2307 2382
2309 2352
2311 2353
2312 2354
2313 2387
2313 2389
2313 2390
2315 2355
2317 2356
2318 2357
2319 2395
2319 2397
2319 2398
2321 2358
2323 2359
2324 2360
2325 2403
2325 2405
2325 2406
2327 2361
2329 2362
2330 2363
2331 2411
2331 2413
2331 2414
2333 2364
2335 2365
2336 2366
2337 2419
2337 2421
2337 2422
2339 2367
2341 2368
2342 2369
2343 2427
2343 2429
2343 2430
2345 2370
2347 2371
2348 2372
2349 2373
2349 2375
2349 2376
2350 2375
2350 2377
2350 2378
2351 2377
2351 2379
2351 2380
2352 2381
2352 2383
2352 2384
2353 2383
2353 2385
2353 2386
2354 2385
2354 2387
2354 2388
2355 2389
2355 2391
2355 2392
2356 2391
2356 2393
2356 2394
2357 2393
2357 2395
2357 2396
2358 2397
2358 2399
2358 2400
2359 2399
2359 2401
2359 2402
2360 2401
2360 2403
2360 2404
2361 2405
2361 2407
2361 2408
2362 2407
2362 2409
2362 2410
2363 2409
2363 2411
2363 2412
2364 2413
2364 2415
2364 2416
2365 2415
2365 2417
2365 2418
2366 2417
2366 2419
2366 2420
2367 2421
2367 2423
2367 2424
2368 2423
2368 2425
2368 2426
2369 2425
2369 2427
2369 2428
2370 2429
2370 2431
2370 2432
2371 2431
2371 2433
2371 2434
2372 2433
2372 2435
2372 2436
2376 2438
2378 2439
2380 2440
2382 2441
2384 2442
2386 2443
2388 2444
2390 2445
2392 2446
2394 2447
2396 2448
2398 2449
2400 2450
2402 2451
2404 2452
2406 2453
2408 2454
2410 2455
2412 2456
2414 2457
2416 2458
2418 2459
2420 2460
2422 2461
2424 2462
2426 2463
2428 2464
2430 2465
2432 2466
2434 2467
2435 2437
2436 2468
2437 2669
2437 2811
2437 2812
2438 2469
2438 2470
2438 2471
2439 2470
2439 2472
2439 2473
2440 2472
2440 2474
2440 2475
2441 2474
2441 2476
2441 2477
2442 2476
2442 2478
2442 2479
2443 2478
2443 2480
2443 2481
2444 2480
2444 2482
2444 2483
2445 2482
2445 2484
2446 2484
2446 2485
2446 2486
2447 2485
2447 2487
2447 2488
2448 2487
2448 2489
2448 2490
2449 2489
2449 2491
2449 2492
2450 2491
2450 2493
2450 2494
2451 2493
2451 2495
2451 2496
2452 2495
2452 2497
2452 2498
2453 2497
2453 2499
2454 2499
2454 2500
2454 2501
2455 2500
2455 2502
2455 2503
2456 2502
2456 2504
2456 2505
2457 2504
2457 2506
2457 2507
2458 2506
2458 2508
2458 2509
2459 2508
2459 2510
2459 2511
2460 2510
2460 2512
2460 2513
2461 2512
2461 2514
2462 2514
2462 2515
2462 2516
2463 2515
2463 2517
2463 2518
2464 2517
2464 2519
2464 2520
2465 2519
2465 2521
2465 2522
2466 2521
2466 2523
2466 2524
2467 2523
2467 2525
2467 2526
2468 2525
2468 2527
2468 2528
2471 2530
2473 2531
2475 2532
2477 2533
2479 2534
2481 2535
2483 2536
2486 2537
2488 2538
2490 2539
2492 2540
2494 2541
2496 2542
2498 2543
2501 2544
2503 2545
2505 2546
2507 2547
2509 2548
2511 2549
2513 2550
2516 2551
2518 2552
2520 2553
2522 2554
2524 2555
2526 2556
2527 2529
2528 2557
2529 2812
2529 2907
2530 2558
2531 2558
2531 2559
2532 2559
2532 2560
2533 2560
2533 2561
2534 2561
2534 2562
2535 2562
2535 2563
2536 2563
2537 2564
2538 2564
2538 2565
2539 2565
2539 2566
2540 2566
2540 2567
2541 2567
2541 2568
2542 2568
2542 2569
2543 2569
2544 2570
2545 2570
2545 2571
2546 2571
2546 2572
2547 2572
2547 2573
2548 2573
2548 2574
2549 2574
2549 2575
2550 2575
2551 2576
2552 2576
2552 2577
2553 2577
2553 2578
2554 2578
2554 2579
2555 2579
2555 2580
2556 2580
2556 2581
2557 2581
2584 2590
2584 2591
2585 2590
2585 2592
2585 2593
2586 2592
2586 2594
2587 2595
2587 2596
2588 2595
2588 2597
2588 2598
2589 2597
2589 2599
2591 2600
2593 2601
2594 2602
2596 2603
2598 2604
2599 2605
2600 2606
2600 2607
2601 2606
2601 2608
2601 2609
2601 2610
2601 2611
2602 2608
2602 2612
2603 2613
2603 2614
2604 2613
2604 2615
2604 2616
2604 2617
2604 2618
2605 2615
2605 2619
2607 2621
2609 2622
2610 2623
2611 2637
2612 2624
2614 2627
2616 2628
2617 2629
2618 2649
2619 2630
2620 2632
2620 2633
2621 2632
2621 2634
2621 2635
2622 2634
2622 2636
2623 2638
2623 2639
2624 2638
2624 2640
2624 2641
2625 2640
2625 2642
2626 2644
2626 2645
2627 2644
2627 2646
2627 2647
2628 2646
2628 2648
2629 2650
2629 2651
2630 2650
2630 2652
2630 2653
2631 2652
2631 2654
2633 2655
2635 2656
2636 2657
2637 2676
2637 2678
2637 2679
2637 2680
2637 2681
2639 2658
2641 2659
2642 2660
2643 2688
2643 2690
2643 2691
2643 2692
2643 2693
2645 2661
2647 2662
2648 2663
2649 2700
2649 2702
2649 2703
2649 2704
2649 2705
2651 2664
2653 2665
2654 2666
2655 2667
2655 2670
2655 2671
2656 2670
2656 2672
2656 2673
2656 2674
2656 2675
2657 2672
2657 2676
2657 2677
2658 2678
2658 2682
2658 2683
2659 2682
2659 2684
2659 2685
2659 2686
2659 2687
2660 2684
2660 2688
2660 2689
2661 2690
2661 2694
2661 2695
2662 2694
2662 2696
2662 2697
2662 2698
2662 2699
2663 2696
2663 2700
2663 2701
2664 2702
2664 2706
2664 2707
2665 2706
2665 2708
2665 2709
2665 2710
2665 2711
2666 2708
2666 2712
2666 2713
2668 2715
2671 2716
2673 2717
2674 2718
2675 2745
2677 2719
2679 2720
2680 2721
2681 2751
2683 2722
2685 2723
2686 2724
2687 2757
2689 2725
2691 2726
2692 2727
2693 2763
2695 2728
2697 2729
2698 2730
2699 2769
2701 2731
2703 2732
2704 2733
2705 2775
2707 2734
2709 2735
2710 2736
2711 2781
2712 2714
2713 2737
2714 2739
2714 3020
2714 3021
2715 2740
2715 2741
2716 2740
2716 2742
2716 2743
2717 2742
2717 2744
2718 2746
2718 2747
2719 2746
2719 2748
2719 2749
2720 2748
2720 2750
2721 2752
2721 2753
2722 2752
2722 2754
2722 2755
2723 2754
2723 2756
2724 2758
2724 2759
2725 2758
2725 2760
2725 2761
2726 2760
2726 2762
2727 2764
2727 2765
2728 2764
2728 2766
2728 2767
2729 2766
2729 2768
2730 2770
2730 2771
2731 2770
2731 2772
2731 2773
2732 2772
2732 2774
2733 2776
2733 2777
2734 2776
2734 2778
2734 2779
2735 2778
2735 2780
2736 2782
2736 2783
2737 2782
2737 2784
2737 2785
2738 2739
2738 2784
2738 2786
2741 2787
2743 2788
2744 2789
2745 2817
2745 2819
2745 2820
2747 2790
2749 2791
2750 2792
2751 2825
2751 2827
2751 2828
2753 2793
2755 2794
2756 2795
2757 2833
2757 2835
2757 2836
2759 2796
2761 2797
2762 2798
2763 2841
2763 2843
2763 2844
2765 2799
2767 2800
2768 2801
2769 2849
2769 2851
2769 2852
2771 2802
2773 2803
2774 2804
2775 2857
2775 2859
2775 2860
2777 2805
2779 2806
2780 2807
2781 2865
2781 2867
2781 2868
2783 2808
2785 2809
2786 2810
2787 2811
2787 2813
2787 2814
2788 2813
2788 2815
2788 2816
2789 2815
2789 2817
2789 2818
2790 2819
2790 2821
2790 2822
2791 2821
2791 2823
2791 2824
2792 2823
2792 2825
2792 2826
2793 2827
2793 2829
2793 2830
2794 2829
2794 2831
2794 2832
2795 2831
2795 2833
2795 2834
2796 2835
2796 2837
2796 2838
2797 2837
2797 2839
2797 2840
2798 2839
2798 2841
2798 2842
2799 2843
2799 2845
2799 2846
2800 2845
2800 2847
2800 2848
2801 2847
2801 2849
2801 2850
2802 2851
2802 2853
2802 2854
2803 2853
2803 2855
2803 2856
2804 2855
2804 2857
2804 2858
2805 2859
2805 2861
2805 2862
2806 2861
2806 2863
2806 2864
2807 2863
2807 2865
2807 2866
2808 2867
2808 2869
2808 2870
2809 2869
2809 2871
2809 2872
2810 2871
2810 2873
2810 2874
2814 2876
2816 2877
2818 2878
2820 2879
2822 2880
2824 2881
2826 2882
2828 2883
2830 2884
2832 2885
2834 2886
2836 2887
2838 2888
2840 2889
2842 2890
2844 2891
2846 2892
2848 2893
2850 2894
2852 2895
2854 2896
2856 2897
2858 2898
2860 2899
2862 2900
2864 2901
2866 2902
2868 2903
2870 2904
2872 2905
2873 2875
2874 2906
2875 3020
2875 3022
2875 3023
2876 2907
2876 2908
2876 2909
2877 2908
2877 2910
2877 2911
2878 2910
2878 2912
2878 2913
2879 2912
2879 2914
2879 2915
2880 2914
2880 2916
2880 2917
2881 2916
2881 2918
2881 2919
2882 2918
2882 2920
2882 2921
2883 2920
2883 2922
2884 2922
2884 2923
2884 2924
2885 2923
2885 2925
2885 2926
2886 2925
2886 2927
2886 2928
2887 2927
2887 2929
2887 2930
2888 2929
2888 2931
2888 2932
2889 2931
2889 2933
2889 2934
2890 2933
2890 2935
2890 2936
2891 2935
2891 2937
2892 2937
2892 2938
2892 2939
2893 2938
2893 2940
2893 2941
2894 2940
2894 2942
2894 2943
2895 2942
2895 2944
2895 2945
2896 2944
2896 2946
2896 2947
2897 2946
2897 2948
2897 2949
2898 2948
2898 2950
2898 2951
2899 2950
2899 2952
2900 2952
2900 2953
2900 2954
2901 2953
2901 2955
2901 2956
2902 2955
2902 2957
2902 2958
2903 2957
2903 2959
2903 2960
2904 2959
2904 2961
2904 2962
2905 2961
2905 2963
2905 2964
2906 2963
2906 2965
2906 2966
2909 2968
2911 2969
2913 2970
2915 2971
2917 2972
2919 2973
2921 2974
2924 2975
2926 2976
2928 2977
2930 2978
2932 2979
2934 2980
2936 2981
2939 2982
2941 2983
2943 2984
2945 2985
2947 2986
2949 2987
2951 2988
2954 2989
2956 2990
2958 2991
2960 2992
2962 2993
2964 2994
2965 2967
2966 2995
2967 3022
2967 3024
2968 2996
2969 2996
2969 2997
2970 2997
2970 2998
2971 2998
2971 2999
2972 2999
2972 3000
2973 3000
2973 3001
2974 3001
2975 3002
2976 3002
2976 3003
2977 3003
2977 3004
2978 3004
2978 3005
2979 3005
2979 3006
2980 3006
2980 3007
2981 3007
2982 3008
2983 3008
2983 3009
2984 3009
2984 3010
2985 3010
2985 3011
2986 3011
2986 3012
2987 3012
2987 3013
2988 3013
2989 3014
2990 3014
2990 3015
2991 3015
2991 3016
2992 3016
2992 3017
2993 3017
2993 3018
2994 3018
2994 3019
2995 3019
3021 3027
3023 3030
3024 3034
3025 3026
3026 3027
3027 3028
3027 3029
3028 3030
3029 3033
3030 3031
3030 3032
3031 3034
3032 3036
3033 3039
3034 3035
3035 3037
3036 3038
3036 3039
3037 3038
3040 3041
3040 4511
3041 3042
3041 3043
3042 4601
3043 4602
3044 3045
3044 4215
3045 3046
3045 3047
3046 3062
3047 4218
3048 3080
3048 3081
3048 3066
3049 3080
3049 3082
3049 3083
3050 3051
3050 4519
3051 3052
3051 3053
3052 4608
3053 4609
3054 3055
3054 3062
3055 3056
3055 3057
3055 3058
3055 3059
3055 3060
3056 4235
3057 4236
3058 4258
3059 4259
3060 4276
3061 3062
3061 3067
3062 3063
3062 3064
3062 3065
3063 3077
3064 4219
3065 4220
3066 3067
3067 3068
3067 3069
3068 4215
3069 4216
3070 3082
3070 3098
3070 3099
3071 3098
3071 3115
3071 3116
3072 3073
3072 4527
3073 3074
3073 3075
3074 4615
3075 4616
3076 3077
3076 4216
3077 3078
3077 3079
3078 3110
3079 4221
3081 3097
3083 3114
3084 3115
3084 3138
3084 3139
3085 3138
3085 3155
3085 3156
3086 3087
3086 4622
3087 3088
3087 3089
3088 4594
3089 5033
3090 3091
3090 4238
3091 3092
3091 3093
3091 3094
3091 3095
3091 3096
3092 4264
3093 3110
3094 4665
3095 4685
3096 4344
3097 3109
3097 3133
3097 3134
3097 3135
3097 3136
3099 3137
3100 3155
3100 3186
3100 3187
3101 3102
3101 4956
3102 3103
3102 3104
3103 5046
3104 5047
3105 3106
3105 4948
3106 3107
3106 3108
3107 5039
3108 5040
3109 3110
3110 3111
3110 3112
3110 3113
3111 4222
3112 3130
3113 4649
3114 3133
3114 3152
3114 3153
3116 3154
3117 3186
3117 3283
3117 3284
3118 3119
3118 4964
3119 3120
3119 3121
3120 5053
3121 5054
3122 3123
3122 3147
3123 3124
3123 3125
3123 3126
3123 3127
3123 3128
3124 4667
3125 4668
3126 4690
3127 4691
3128 4708
3129 3130
3129 4647
3130 3131
3130 3132
3131 3147
3132 4650
3134 3151
3135 4216
3136 4647
3137 3152
3137 3184
3137 3185
3139 3208
3140 3283
3140 3315
3140 3316
3141 3315
3141 3372
3141 3373
3142 3143
3142 5060
3143 3144
3143 3145
3144 5032
3145 5471
3146 3147
3146 3178
3147 3148
3147 3149
3147 3150
3148 3174
3149 4651
3150 4652
3151 3181
3151 3182
3151 3177
3153 3183
3154 3184
3154 3280
3154 3281
3156 3282
3157 3372
3157 3400
3157 3401
3158 3159
3158 5394
3159 3160
3159 3161
3160 5484
3161 5485
3162 3163
3162 5386
3163 3164
3163 3165
3164 5477
3165 5478
3166 3167
3166 4670
3167 3168
3167 3169
3167 3170
3167 3171
3167 3172
3168 4696
3169 3204
3170 5103
3171 5123
3172 4779
3173 3174
3173 4648
3174 3175
3174 3176
3175 3204
3176 4653
3177 3178
3178 3179
3178 3180
3179 4647
3180 4648
3181 3183
3182 3276
3183 3277
3183 3278
3185 3279
3187 3344
3188 3189
3188 5498
3189 3190
3189 3191
3190 5470
3191 5909
3192 3193
3192 5402
3193 3194
3193 3195
3194 5491
3195 5492
3196 3197
3196 3305
3197 3198
3197 3199
3197 3200
3197 3201
3197 3202
3198 5105
3199 5106
3200 5128
3201 5129
3202 5146
3203 3204
3203 3276
3204 3205
3204 3206
3204 3207
3205 4654
3206 3273
3207 5087
3208 3280
3208 3342
3208 3343
3209 3400
3209 3457
3209 3458
3210 3211
3210 3213
3211 3212
3212 3403
3213 3214
3213 3215
3214 3216
3215 3404
3216 3217
3216 3218
3217 3219
3218 3405
3219 3220
3219 3221
3220 3222
3221 3406
3222 3223
3222 3224
3223 3225
3224 3407
3225 3226
3225 3227
3226 3228
3227 3408
3228 3229
3228 3230
3229 3231
3230 3409
3231 3232
3231 3233
3232 3234
3233 3410
3234 3235
3234 3236
3235 3237
3236 3411
3237 3238
3237 3239
3237 3240
3238 3241
3239 3345
3240 3412
3241 3242
3241 3243
3242 3244
3243 3346
3244 3245
3244 3246
3245 3247
3246 3318
3247 3248
3247 3249
3248 3250
3249 3319
3250 3251
3250 3252
3251 3320
3252 3254
3253 3254
3253 5966
3254 3255
3255 5974
3256 3257
3256 5936
3257 3258
3257 3259
3258 5908
3259 5978
3260 3261
3260 5840
3261 3262
3261 3263
3262 5929
3263 5930
3264 3265
3264 5832
3265 3266
3265 3267
3266 5922
3267 5923
3268 3269
3268 5824
3269 3270
3269 3271
3270 5915
3271 5916
3272 3273
3272 5085
3273 3274
3273 3275
3274 3305
3275 5088
3276 3308
3276 3309
3276 3310
3276 3311
3277 3312
3278 3279
3279 3313
3279 3314
3281 3341
3282 3342
3282 3389
3282 3390
3284 3399
3285 3286
3285 3363
3286 3287
3286 3288
3286 3289
3286 3290
3286 3291
3287 5543
3288 5544
3289 5566
3290 5567
3291 5584
3292 3293
3292 5108
3293 3294
3293 3295
3293 3296
3293 3297
3293 3298
3294 5134
3295 3333
3296 5541
3297 5561
3298 5217
3299 3300
3299 5086
3300 3301
3300 3302
3300 3303
3301 3305
3302 3333
3303 5091
3304 3305
3304 3337
3305 3306
3305 3307
3306 5089
3307 5090
3308 3340
3309 3312
3310 4648
3311 5085
3312 3369
3312 3370
3313 3371
3314 3341
3316 3438
3317 3457
3317 3498
3317 3499
3318 3347
3318 3348
3319 3347
3319 3349
3319 3350
3320 3349
3320 3351
3320 3352
3320 3353
3321 3322
3321 5546
3322 3323
3322 3324
3322 3325
3322 3326
3323 5572
3324 3354
3325 5655
3326 5966
3327 3328
3327 5523
3328 3329
3328 3330
3328 3331
3329 3333
3330 3363
3331 5526
3332 3333
3332 3366
3333 3334
3333 3335
3334 5092
3335 5525
3336 3337
3336 3340
3337 3338
3337 3339
3338 5085
3339 5086
3340 3367
3340 3368
3341 3387
3341 3388
3343 3398
3344 3389
3344 3426
3344 3427
3345 3413
3345 3414
3346 3348
3346 3413
3346 3415
3346 3416
3350 3375
3351 3354
3352 3376
3353 5966
3354 3355
3354 3356
3354 3357
3355 3377
3356 3359
3357 5530
3358 3359
3358 5524
3359 3360
3359 3361
3360 3363
3361 5529
3362 3363
3362 3379
3363 3364
3363 3365
3364 5527
3365 5528
3366 3367
3366 3382
3366 3383
3366 3384
3366 3385
3368 3386
3369 3386
3370 3371
3371 3396
3371 3397
3373 3465
3374 3498
3374 3524
3374 3525
3375 3415
3375 3417
3375 3418
3376 3417
3376 3419
3376 3420
3377 3392
3377 3419
3377 3421
3377 3422
3378 3379
3378 3391
3379 3380
3379 3381
3380 5523
3381 5524
3382 3391
3383 3423
3384 5086
3385 5523
3386 3394
3386 3395
3387 3425
3388 3398
3390 3437
3391 3392
3391 3393
3393 3430
3394 3423
3395 3424
3396 3424
3397 3425
3398 3435
3398 3436
3399 3426
3399 3455
3399 3456
3401 3497
3402 3524
3402 3556
3402 3557
3403 3563
3403 3564
3404 3563
3404 3565
3404 3566
3405 3565
3405 3567
3405 3568
3406 3567
3406 3569
3406 3570
3407 3569
3407 3571
3407 3572
3408 3558
3408 3571
3408 3573
3409 3468
3409 3558
3409 3559
3410 3467
3410 3468
3410 3469
3411 3467
3411 3470
3411 3471
3411 3472
3412 3470
3412 3473
3412 3474
3414 3439
3416 3440
3418 3441
3420 3428
3421 3429
3422 5524
3423 3431
3423 3432
3424 3433
3424 3434
3425 3448
3425 3449
3427 3464
3428 3442
3428 3443
3429 3442
3429 3444
3429 3445
3430 3431
3430 3444
3430 3446
3432 3447
3433 3447
3434 3454
3435 3437
3436 3461
3437 3462
3437 3463
3438 3455
3438 3495
3438 3496
3439 3473
3439 3475
3439 3476
3440 3475
3440 3477
3440 3478
3441 3443
3441 3477
3441 3479
3441 3480
3445 3450
3446 3451
3447 3452
3447 3453
3448 3454
3449 3461
3450 3479
3450 3459
3450 3481
3451 3452
3451 3459
3451 3460
3453 3482
3454 3483
3454 3484
3456 3503
3458 3536
3460 3491
3461 3485
3461 3486
3462 3464
3463 3492
3464 3493
3464 3494
3465 3495
3465 3522
3465 3523
3466 3556
3466 3608
3466 3609
3469 3541
3471 3505
3472 3542
3474 3506
3476 3487
3478 3488
3480 3489
3481 3490
3482 3483
3482 3500
3482 3501
3484 3502
3485 3502
3486 3492
3487 3507
3487 3508
3488 3507
3488 3509
3488 3510
3489 3509
3489 3511
3489 3512
3490 3511
3490 3513
3490 3514
3491 3500
3491 3513
3491 3515
3492 3518
3492 3519
3493 3503
3494 3521
3496 3530
3497 3522
3497 3539
3497 3540
3499 3582
3501 3520
3502 3516
3502 3517
3503 3528
3503 3529
3504 3608
3504 3654
3505 3543
3505 3544
3506 3508
3506 3543
3506 3545
3506 3546
3510 3531
3512 3532
3514 3533
3515 3526
3516 3520
3517 3527
3518 3527
3519 3521
3520 3534
3520 3535
3521 3537
3521 3538
3523 3574
3525 3607
3526 3534
3526 3551
3526 3553
3527 3554
3527 3555
3528 3530
3529 3562
3530 3580
3530 3581
3531 3545
3531 3547
3531 3548
3532 3547
3532 3549
3532 3550
3533 3549
3533 3551
3533 3552
3535 3560
3536 3539
3536 3598
3536 3599
3537 3561
3538 3562
3540 3596
3541 3612
3541 3613
3541 3614
3541 3615
3542 3612
3542 3616
3542 3617
3544 3590
3546 3591
3548 3592
3550 3575
3552 3576
3553 3577
3554 3560
3555 3561
3557 3636
3559 3643
3560 3578
3560 3579
3561 3583
3561 3584
3562 3588
3562 3589
3564 3646
3566 3647
3568 3648
3570 3649
3572 3650
3573 3651
3574 3580
3574 3605
3574 3606
3575 3593
3575 3594
3576 3593
3576 3585
3576 3595
3577 3578
3577 3585
3577 3586
3579 3587
3581 3597
3582 3598
3582 3633
3582 3634
3583 3587
3584 3604
3586 3601
3587 3602
3587 3603
3588 3604
3589 3597
3590 3616
3590 3618
3590 3619
3591 3618
3591 3620
3591 3621
3592 3594
3592 3620
3592 3622
3592 3623
3595 3600
3596 3605
3596 3631
3596 3632
3597 3628
3597 3629
3599 3642
3600 3622
3600 3610
3600 3624
3601 3602
3601 3610
3601 3611
3603 3625
3604 3626
3604 3627
3606 3630
3607 3633
3607 3670
3607 3671
3609 3689
3611 3635
3613 3658
3614 3643
3615 3690
3617 3659
3619 3637
3621 3638
3623 3639
3624 3640
3625 3626
3625 3644
3625 3645
3627 3641
3628 3630
3629 3641
3630 3652
3630 3653
3631 3657
3632 3642
3634 3683
3635 3644
3635 3666
3635 3668
3636 3670
3636 3701
3636 3702
3637 3660
3637 3661
3638 3660
3638 3662
3638 3663
3639 3662
3639 3664
3639 3665
3640 3664
3640 3666
3640 3667
3641 3655
3641 3656
3642 3674
3642 3675
3643 3705
3643 3706
3645 3669
3646 3710
3646 3711
3647 3710
3647 3712
3647 3713
3648 3712
3648 3714
3648 3715
3649 3714
3649 3716
3649 3717
3650 3716
3650 3718
3650 3719
3651 3718
3651 3705
3651 3720
3652 3657
3653 3672
3654 3744
3655 3669
3656 3672
3657 3681
3657 3682
3658 3691
3658 3692
3659 3661
3659 3691
3659 3693
3659 3694
3663 3676
3665 3677
3667 3678
3668 3673
3669 3679
3669 3680
3671 3709
3672 3684
3672 3685
3673 3679
3673 3686
3673 3687
3674 3683
3675 3703
3676 3693
3676 3695
3676 3696
3677 3695
3677 3697
3677 3698
3678 3697
3678 3686
3678 3699
3680 3688
3681 3700
3682 3703
3683 3725
3683 3726
3684 3688
3685 3700
3687 3704
3688 3707
3688 3708
3689 3701
3689 3760
3689 3761
3690 3750
3690 3751
3690 3752
3692 3730
3694 3731
3696 3732
3698 3721
3699 3722
3700 3723
3700 3724
3702 3743
3703 3736
3703 3737
3704 3707
3704 3727
3704 3728
3706 3762
3708 3729
3709 3725
3709 3746
3709 3747
3711 3763
3713 3764
3715 3765
3717 3766
3719 3767
3720 3768
3721 3733
3721 3734
3722 3733
3722 3727
3722 3735
3723 3729
3724 3741
3726 3745
3728 3738
3729 3739
3729 3740
3730 3750
3730 3753
3730 3754
3731 3753
3731 3755
3731 3756
3732 3734
3732 3755
3732 3757
3732 3758
3735 3742
3736 3741
3737 3745
3738 3739
3738 3748
3738 3749
3740 3769
3741 3770
3741 3771
3742 3748
3742 3757
3742 3759
3743 3746
3743 3776
3743 3777
3744 3760
3744 3813
3745 3772
3745 3773
3747 3775
3749 3774
3751 3762
3752 3804
3754 3778
3756 3779
3758 3780
3759 3781
3761 3812
3762 3785
3762 3786
3763 3793
3763 3794
3764 3793
3764 3795
3764 3796
3765 3795
3765 3797
3765 3798
3766 3797
3766 3799
3766 3800
3767 3799
3767 3801
3767 3802
3768 3785
3768 3801
3768 3803
3769 3770
3769 3783
3769 3784
3771 3782
3772 3775
3773 3782
3774 3783
3774 3787
3774 3788
3775 3789
3775 3790
3776 3815
3777 3812
3778 3805
3778 3806
3779 3805
3779 3807
3779 3808
3780 3807
3780 3809
3780 3810
3781 3787
3781 3809
3781 3811
3782 3791
3782 3792
3784 3814
3786 3825
3788 3816
3789 3815
3790 3817
3791 3814
3792 3817
3794 3826
3796 3827
3798 3828
3800 3829
3802 3830
3803 3831
3804 3806
3804 3838
3804 3839
3804 3840
3808 3818
3810 3819
3811 3820
3812 3836
3812 3837
3813 3848
3814 3821
3814 3822
3815 3823
3815 3824
3816 3821
3816 3834
3816 3835
3817 3832
3817 3833
3818 3838
3818 3841
3818 3842
3819 3841
3819 3843
3819 3844
3820 3834
3820 3843
3820 3845
3822 3846
3823 3847
3824 3869
3825 3839
3825 3852
3825 3853
3826 3856
3826 3857
3827 3856
3827 3858
3827 3859
3828 3858
3828 3860
3828 3861
3829 3860
3829 3862
3829 3863
3830 3862
3830 3864
3830 3865
3831 3852
3831 3864
3831 3866
3832 3846
3833 3847
3835 3849
3836 3848
3837 3869
3840 3873
3842 3874
3844 3854
3845 3855
3846 3850
3846 3851
3847 3867
3847 3868
3848 3890
3849 3850
3849 3870
3849 3871
3851 3872
3853 3878
3854 3875
3854 3876
3855 3870
3855 3875
3855 3877
3857 3883
3859 3884
3861 3885
3863 3886
3865 3887
3866 3888
3867 3872
3868 3882
3869 3893
3869 3894
3871 3879
3872 3880
3872 3881
3873 3895
3873 3896
3873 3897
3874 3876
3874 3895
3874 3898
3874 3899
3877 3889
3878 3896
3878 3902
3878 3903
3879 3880
3879 3891
3879 3892
3881 3901
3882 3893
3882 3915
3882 3916
3883 3904
3883 3905
3884 3904
3884 3906
3884 3907
3885 3906
3885 3908
3885 3909
3886 3908
3886 3910
3886 3911
3887 3910
3887 3912
3887 3913
3888 3902
3888 3912
3888 3914
3889 3891
3889 3898
3889 3900
3890 3924
3892 3917
3894 3924
3897 3918
3899 3919
3900 3920
3901 3915
3901 3922
3901 3923
3903 3921
3905 3934
3907 3935
3909 3936
3911 3937
3913 3938
3914 3939
3916 3940
3917 3922
3917 3925
3917 3926
3918 3927
3918 3929
3918 3930
3919 3929
3919 3931
3919 3932
3920 3925
3920 3931
3920 3933
3921 3927
3921 3928
3923 3941
3924 3968
3924 3970
3926 3942
3928 3939
3930 3943
3932 3944
3933 3945
3934 3946
3934 3947
3935 3946
3935 3948
3935 3949
3936 3948
3936 3950
3936 3951
3937 3950
3937 3952
3937 3953
3938 3952
3938 3954
3938 3955
3939 3954
3939 3956
3939 3957
3940 3966
3940 3968
3940 3969
3941 3964
3941 3966
3941 3967
3942 3962
3942 3964
3942 3965
3943 3956
3943 3958
3943 3959
3944 3958
3944 3960
3944 3961
3945 3960
3945 3962
3945 3963
3947 3971
3949 3972
3951 3973
3953 3974
3955 3989
3957 3975
3959 3976
3961 3977
3963 3995
3965 3978
3967 3979
3969 3980
3970 3981
3971 3982
3971 3983
3972 3982
3972 3984
3972 3985
3973 3984
3973 3986
3973 3987
3974 3986
3974 3988
3975 3990
3975 3991
3976 3990
3976 3992
3976 3993
3977 3992
3977 3994
3978 3996
3978 3997
3979 3996
3979 3998
3979 3999
3980 3998
3980 4000
3980 4001
3981 4000
3981 4002
3983 4003
3985 4004
3987 4005
3988 3989
3989 3991
3989 4015
3989 4017
3989 4018
3989 4019
3989 4020
3993 4006
3994 3995
3995 3997
3995 4021
3995 4023
3995 4024
3995 4025
3995 4026
3999 4007
4001 4008
4002 4009
4003 4010
4003 4011
4004 4010
4004 4012
4004 4013
4004 4014
4005 4012
4005 4015
4005 4016
4006 4017
4006 4021
4006 4022
4007 4023
4007 4027
4007 4028
4008 4027
4008 4029
4008 4030
4008 4031
4009 4029
4009 4032
4011 4078
4013 4036
4014 4079
4016 4033
4018 4037
4019 4038
4020 4080
4022 4034
4024 4039
4025 4040
4026 4081
4028 4035
4030 4041
4031 4082
4032 4083
4033 4042
4033 4043
4033 4044
4034 4045
4034 4046
4034 4047
4035 4048
4035 4049
4035 4050
4036 4042
4036 4051
4036 4052
4037 4043
4037 4053
4037 4054
4038 4045
4038 4055
4038 4056
4039 4046
4039 4057
4039 4058
4040 4048
4040 4059
4040 4060
4041 4049
4041 4061
4041 4062
4044 4063
4047 4064
4050 4065
4051 4072
4052 4090
4053 4073
4054 4091
4055 4074
4056 4092
4057 4075
4058 4093
4059 4076
4060 4094
4061 4077
4062 4095
4063 4066
4063 4067
4064 4068
4064 4069
4065 4070
4065 4071
4066 4072
4067 4073
4068 4074
4069 4075
4070 4076
4071 4077
4072 4084
4073 4085
4074 4086
4075 4087
4076 4088
4077 4089
4078 4102
4078 4103
4079 4102
4079 4104
4079 4105
4080 4111
4080 4113
4080 4114
4081 4120
4081 4122
4081 4123
4082 4129
4082 4131
4082 4132
4083 4131
4083 4133
4084 4096
4085 4097
4086 4098
4087 4099
4088 4100
4089 4101
4090 4104
4090 4106
4090 4107
4091 4109
4091 4111
4091 4112
4092 4113
4092 4115
4092 4116
4093 4118
4093 4120
4093 4121
4094 4122
4094 4124
4094 4125
4095 4127
4095 4129
4095 4130
4096 4106
4096 4108
4097 4109
4097 4110
4098 4115
4098 4117
4099 4118
4099 4119
4100 4124
4100 4126
4101 4127
4101 4128
4103 4158
4105 4159
4107 4140
4108 4134
4110 4135
4112 4141
4114 4160
4116 4142
4117 4136
4119 4137
4121 4143
4123 4161
4125 4144
4126 4138
4128 4139
4130 4145
4132 4162
4133 4163
4134 4146
4134 4147
4135 4148
4135 4149
4136 4150
4136 4151
4137 4152
4137 4153
4138 4154
4138 4155
4139 4156
4139 4157
4140 4147
4140 4173
4140 4174
4141 4149
4141 4175
4141 4176
4142 4151
4142 4177
4142 4178
4143 4153
4143 4179
4143 4180
4144 4155
4144 4181
4144 4182
4145 4157
4145 4183
4145 4184
4146 4164
4148 4164
4150 4165
4152 4165
4154 4166
4156 4166
4158 4192
4158 4209
4159 4174
4159 4191
4159 4192
4160 4176
4160 4178
4160 4193
4160 4195
4160 4196
4161 4180
4161 4182
4161 4197
4161 4199
4161 4200
4162 4184
4162 4201
4162 4203
4163 4203
4163 4214
4164 4167
4165 4168
4166 4169
4167 4170
4168 4171
4169 4172
4170 4173
4170 4175
4170 4185
4171 4177
4171 4179
4171 4186
4172 4181
4172 4183
4172 4187
4185 4188
4186 4189
4187 4190
4188 4191
4188 4193
4188 4194
4189 4195
4189 4197
4189 4198
4190 4199
4190 4201
4190 4202
4194 4204
4196 4205
4198 4206
4200 4207
4202 4208
4204 4209
4204 4210
4205 4210
4205 4211
4206 4211
4206 4212
4207 4212
4207 4213
4208 4213
4208 4214
4217 4223
4217 4224
4218 4223
4218 4225
4218 4226
4219 4225
4219 4227
4220 4228
4220 4229
4221 4228
4221 4230
4221 4231
4222 4230
4222 4232
4224 4233
4226 4234
4227 4235
4229 4236
4231 4237
4232 4238
4233 4239
4233 4240
4234 4239
4234 4241
4234 4242
4234 4243
4234 4244
4235 4241
4235 4245
4236 4246
4236 4247
4237 4246
4237 4248
4237 4249
4237 4250
4237 4251
4238 4248
4238 4252
4240 4254
4242 4255
4243 4256
4244 4270
4245 4257
4247 4260
4249 4261
4250 4262
4251 4282
4252 4263
4253 4265
4253 4266
4254 4265
4254 4267
4254 4268
4255 4267
4255 4269
4256 4271
4256 4272
4257 4271
4257 4273
4257 4274
4258 4273
4258 4275
4259 4277
4259 4278
4260 4277
4260 4279
4260 4280
4261 4279
4261 4281
4262 4283
4262 4284
4263 4283
4263 4285
4263 4286
4264 4285
4264 4287
4266 4288
4268 4289
4269 4290
4270 4306
4270 4308
4270 4309
4270 4310
4270 4311
4272 4291
4274 4292
4275 4293
4276 4318
4276 4320
4276 4321
4276 4322
4276 4323
4278 4294
4280 4295
4281 4296
4282 4330
4282 4332
4282 4333
4282 4334
4282 4335
4284 4297
4286 4298
4287 4299
4288 4300
4288 4301
4289 4300
4289 4302
4289 4303
4289 4304
4289 4305
4290 4302
4290 4306
4290 4307
4291 4308
4291 4312
4291 4313
4292 4312
4292 4314
4292 4315
4292 4316
4292 4317
4293 4314
4293 4318
4293 4319
4294 4320
4294 4324
4294 4325
4295 4324
4295 4326
4295 4327
4295 4328
4295 4329
4296 4326
4296 4330
4296 4331
4297 4332
4297 4336
4297 4337
4298 4336
4298 4338
4298 4339
4298 4340
4298 4341
4299 4338
4299 4342
4299 4343
4301 4346
4303 4347
4304 4348
4305 4375
4307 4349
4309 4350
4310 4351
4311 4381
4313 4352
4315 4353
4316 4354
4317 4387
4319 4355
4321 4356
4322 4357
4323 4393
4325 4358
4327 4359
4328 4360
4329 4399
4331 4361
4333 4362
4334 4363
4335 4405
4337 4364
4339 4365
4340 4366
4341 4411
4342 4344
4343 4367
4344 4369
4344 4732
4344 4733
4344 4734
4345 4370
4345 4371
4346 4370
4346 4372
4346 4373
4347 4372
4347 4374
4348 4376
4348 4377
4349 4376
4349 4378
4349 4379
4350 4378
4350 4380
4351 4382
4351 4383
4352 4382
4352 4384
4352 4385
4353 4384
4353 4386
4354 4388
4354 4389
4355 4388
4355 4390
4355 4391
4356 4390
4356 4392
4357 4394
4357 4395
4358 4394
4358 4396
4358 4397
4359 4396
4359 4398
4360 4400
4360 4401
4361 4400
4361 4402
4361 4403
4362 4402
4362 4404
4363 4406
4363 4407
4364 4406
4364 4408
4364 4409
4365 4408
4365 4410
4366 4412
4366 4413
4367 4412
4367 4414
4367 4415
4368 4369
4368 4414
4368 4416
4371 4417
4373 4418
4374 4419
4375 4445
4375 4447
4375 4448
4377 4420
4379 4421
4380 4422
4381 4453
4381 4455
4381 4456
4383 4423
4385 4424
4386 4425
4387 4461
4387 4463
4387 4464
4389 4426
4391 4427
4392 4428
4393 4469
4393 4471
4393 4472
4395 4429
4397 4430
4398 4431
4399 4477
4399 4479
4399 4480
4401 4432
4403 4433
4404 4434
4405 4485
4405 4487
4405 4488
4407 4435
4409 4436
4410 4437
4411 4493
4411 4495
4411 4496
4413 4438
4415 4439
4416 4440
4417 4441
4417 4442
4418 4441
4418 4443
4418 4444
4419 4443
4419 4445
4419 4446
4420 4447
4420 4449
4420 4450
4421 4449
4421 4451
4421 4452
4422 4451
4422 4453
4422 4454
4423 4455
4423 4457
4423 4458
4424 4457
4424 4459
4424 4460
4425 4459
4425 4461
4425 4462
4426 4463
4426 4465
4426 4466
4427 4465
4427 4467
4427 4468
4428 4467
4428 4469
4428 4470
4429 4471
4429 4473
4429 4474
4430 4473
4430 4475
4430 4476
4431 4475
4431 4477
4431 4478
4432 4479
4432 4481
4432 4482
4433 4481
4433 4483
4433 4484
4434 4483
4434 4485
4434 4486
4435 4487
4435 4489
4435 4490
4436 4489
4436 4491
4436 4492
4437 4491
4437 4493
4437 4494
4438 4495
4438 4497
4438 4498
4439 4497
4439 4499
4439 4500
4440 4499
4440 4501
4440 4502
4442 4504
4444 4505
4446 4506
4448 4507
4450 4508
4452 4509
4454 4510
4456 4511
4458 4512
4460 4513
4462 4514
4464 4515
4466 4516
4468 4517
4470 4518
4472 4519
4474 4520
4476 4521
4478 4522
4480 4523
4482 4524
4484 4525
4486 4526
4488 4527
4490 4528
4492 4529
4494 4530
4496 4531
4498 4532
4500 4533
4501 4503
4502 4534
4503 4734
4503 4876
4503 4877
4504 4535
4504 4536
4505 4535
4505 4537
4505 4538
4506 4537
4506 4539
4506 4540
4507 4539
4507 4541
4507 4542
4508 4541
4508 4543
4508 4544
4509 4543
4509 4545
4509 4546
4510 4545
4510 4547
4510 4548
4511 4547
4511 4549
4512 4549
4512 4550
4512 4551
4513 4550
4513 4552
4513 4553
4514 4552
4514 4554
4514 4555
4515 4554
4515 4556
4515 4557
4516 4556
4516 4558
4516 4559
4517 4558
4517 4560
4517 4561
4518 4560
4518 4562
4518 4563
4519 4562
4519 4564
4520 4564
4520 4565
4520 4566
4521 4565
4521 4567
4521 4568
4522 4567
4522 4569
4522 4570
4523 4569
4523 4571
4523 4572
4524 4571
4524 4573
4524 4574
4525 4573
4525 4575
4525 4576
4526 4575
4526 4577
4526 4578
4527 4577
4527 4579
4528 4579
4528 4580
4528 4581
4529 4580
4529 4582
4529 4583
4530 4582
4530 4584
4530 4585
4531 4584
4531 4586
4531 4587
4532 4586
4532 4588
4532 4589
4533 4588
4533 4590
4533 4591
4534 4590
4534 4592
4534 4593
4536 4595
4538 4596
4540 4597
4542 4598
4544 4599
4546 4600
4548 4601
4551 4602
4553 4603
4555 4604
4557 4605
4559 4606
4561 4607
4563 4608
4566 4609
4568 4610
4570 4611
4572 4612
4574 4613
4576 4614
4578 4615
4581 4616
4583 4617
4585 4618
4587 4619
4589 4620
4591 4621
4592 4594
4593 4622
4594 4877
4594 4972
4595 4623
4596 4623
4596 4624
4597 4624
4597 4625
4598 4625
4598 4626
4599 4626
4599 4627
4600 4627
4600 4628
4601 4628
4602 4629
4603 4629
4603 4630
4604 4630
4604 4631
4605 4631
4605 4632
4606 4632
4606 4633
4607 4633
4607 4634
4608 4634
4609 4635
4610 4635
4610 4636
4611 4636
4611 4637
4612 4637
4612 4638
4613 4638
4613 4639
4614 4639
4614 4640
4615 4640
4616 4641
4617 4641
4617 4642
4618 4642
4618 4643
4619 4643
4619 4644
4620 4644
4620 4645
4621 4645
4621 4646
4622 4646
4649 4655
4649 4656
4650 4655
4650 4657
4650 4658
4651 4657
4651 4659
4652 4660
4652 4661
4653 4660
4653 4662
4653 4663
4654 4662
4654 4664
4656 4665
4658 4666
4659 4667
4661 4668
4663 4669
4664 4670
4665 4671
4665 4672
4666 4671
4666 4673
4666 4674
4666 4675
4666 4676
4667 4673
4667 4677
4668 4678
4668 4679
4669 4678
4669 4680
4669 4681
4669 4682
4669 4683
4670 4680
4670 4684
4672 4686
4674 4687
4675 4688
4676 4702
4677 4689
4679 4692
4681 4693
4682 4694
4683 4714
4684 4695
4685 4697
4685 4698
4686 4697
4686 4699
4686 4700
4687 4699
4687 4701
4688 4703
4688 4704
4689 4703
4689 4705
4689 4706
4690 4705
4690 4707
4691 4709
4691 4710
4692 4709
4692 4711
4692 4712
4693 4711
4693 4713
4694 4715
4694 4716
4695 4715
4695 4717
4695 4718
4696 4717
4696 4719
4698 4720
4700 4721
4701 4722
4702 4741
4702 4743
4702 4744
4702 4745
4702 4746
4704 4723
4706 4724
4707 4725
4708 4753
4708 4755
4708 4756
4708 4757
4708 4758
4710 4726
4712 4727
4713 4728
4714 4765
4714 4767
4714 4768
4714 4769
4714 4770
4716 4729
4718 4730
4719 4731
4720 4732
4720 4735
4720 4736
4721 4735
4721 4737
4721 4738
4721 4739
4721 4740
4722 4737
4722 4741
4722 4742
4723 4743
4723 4747
4723 4748
4724 4747
4724 4749
4724 4750
4724 4751
4724 4752
4725 4749
4725 4753
4725 4754
4726 4755
4726 4759
4726 4760
4727 4759
4727 4761
4727 4762
4727 4763
4727 4764
4728 4761
4728 4765
4728 4766
4729 4767
4729 4771
4729 4772
4730 4771
4730 4773
4730 4774
4730 4775
4730 4776
4731 4773
4731 4777
4731 4778
4733 4780
4736 4781
4738 4782
4739 4783
4740 4810
4742 4784
4744 4785
4745 4786
4746 4816
4748 4787
4750 4788
4751 4789
4752 4822
4754 4790
4756 4791
4757 4792
4758 4828
4760 4793
4762 4794
4763 4795
4764 4834
4766 4796
4768 4797
4769 4798
4770 4840
4772 4799
4774 4800
4775 4801
4776 4846
4777 4779
4778 4802
4779 4804
4779 5170
4779 5171
4779 5172
4780 4805
4780 4806
4781 4805
4781 4807
4781 4808
4782 4807
4782 4809
4783 4811
4783 4812
4784 4811
4784 4813
4784 4814
4785 4813
4785 4815
4786 4817
4786 4818
4787 4817
4787 4819
4787 4820
4788 4819
4788 4821
4789 4823
4789 4824
4790 4823
4790 4825
4790 4826
4791 4825
4791 4827
4792 4829
4792 4830
4793 4829
4793 4831
4793 4832
4794 4831
4794 4833
4795 4835
4795 4836
4796 4835
4796 4837
4796 4838
4797 4837
4797 4839
4798 4841
4798 4842
4799 4841
4799 4843
4799 4844
4800 4843
4800 4845
4801 4847
4801 4848
4802 4847
4802 4849
4802 4850
4803 4804
4803 4849
4803 4851
4806 4852
4808 4853
4809 4854
4810 4882
4810 4884
4810 4885
4812 4855
4814 4856
4815 4857
4816 4890
4816 4892
4816 4893
4818 4858
4820 4859
4821 4860
4822 4898
4822 4900
4822 4901
4824 4861
4826 4862
4827 4863
4828 4906
4828 4908
4828 4909
4830 4864
4832 4865
4833 4866
4834 4914
4834 4916
4834 4917
4836 4867
4838 4868
4839 4869
4840 4922
4840 4924
4840 4925
4842 4870
4844 4871
4845 4872
4846 4930
4846 4932
4846 4933
4848 4873
4850 4874
4851 4875
4852 4876
4852 4878
4852 4879
4853 4878
4853 4880
4853 4881
4854 4880
4854 4882
4854 4883
4855 4884
4855 4886
4855 4887
4856 4886
4856 4888
4856 4889
4857 4888
4857 4890
4857 4891
4858 4892
4858 4894
4858 4895
4859 4894
4859 4896
4859 4897
4860 4896
4860 4898
4860 4899
4861 4900
4861 4902
4861 4903
4862 4902
4862 4904
4862 4905
4863 4904
4863 4906
4863 4907
4864 4908
4864 4910
4864 4911
4865 4910
4865 4912
4865 4913
4866 4912
4866 4914
4866 4915
4867 4916
4867 4918
4867 4919
4868 4918
4868 4920
4868 4921
4869 4920
4869 4922
4869 4923
4870 4924
4870 4926
4870 4927
4871 4926
4871 4928
4871 4929
4872 4928
4872 4930
4872 4931
4873 4932
4873 4934
4873 4935
4874 4934
4874 4936
4874 4937
4875 4936
4875 4938
4875 4939
4879 4941
4881 4942
4883 4943
4885 4944
4887 4945
4889 4946
4891 4947
4893 4948
4895 4949
4897 4950
4899 4951
4901 4952
4903 4953
4905 4954
4907 4955
4909 4956
4911 4957
4913 4958
4915 4959
4917 4960
4919 4961
4921 4962
4923 4963
4925 4964
4927 4965
4929 4966
4931 4967
4933 4968
4935 4969
4937 4970
4938 4940
4939 4971
4940 5172
4940 5314
4940 5315
4941 4972
4941 4973
4941 4974
4942 4973
4942 4975
4942 4976
4943 4975
4943 4977
4943 4978
4944 4977
4944 4979
4944 4980
4945 4979
4945 4981
4945 4982
4946 4981
4946 4983
4946 4984
4947 4983
4947 4985
4947 4986
4948 4985
4948 4987
4949 4987
4949 4988
4949 4989
4950 4988
4950 4990
4950 4991
4951 4990
4951 4992
4951 4993
4952 4992
4952 4994
4952 4995
4953 4994
4953 4996
4953 4997
4954 4996
4954 4998
4954 4999
4955 4998
4955 5000
4955 5001
4956 5000
4956 5002
4957 5002
4957 5003
4957 5004
4958 5003
4958 5005
4958 5006
4959 5005
4959 5007
4959 5008
4960 5007
4960 5009
4960 5010
4961 5009
4961 5011
4961 5012
4962 5011
4962 5013
4962 5014
4963 5013
4963 5015
4963 5016
4964 5015
4964 5017
4965 5017
4965 5018
4965 5019
4966 5018
4966 5020
4966 5021
4967 5020
4967 5022
4967 5023
4968 5022
4968 5024
4968 5025
4969 5024
4969 5026
4969 5027
4970 5026
4970 5028
4970 5029
4971 5028
4971 5030
4971 5031
4974 5033
4976 5034
4978 5035
4980 5036
4982 5037
4984 5038
4986 5039
4989 5040
4991 5041
4993 5042
4995 5043
4997 5044
4999 5045
5001 5046
5004 5047
5006 5048
5008 5049
5010 5050
5012 5051
5014 5052
5016 5053
5019 5054
5021 5055
5023 5056
5025 5057
5027 5058
5029 5059
5030 5032
5031 5060
5032 5315
5032 5410
5033 5061
5034 5061
5034 5062
5035 5062
5035 5063
5036 5063
5036 5064
5037 5064
5037 5065
5038 5065
5038 5066
5039 5066
5040 5067
5041 5067
5041 5068
5042 5068
5042 5069
5043 5069
5043 5070
5044 5070
5044 5071
5045 5071
5045 5072
5046 5072
5047 5073
5048 5073
5048 5074
5049 5074
5049 5075
5050 5075
5050 5076
5051 5076
5051 5077
5052 5077
5052 5078
5053 5078
5054 5079
5055 5079
5055 5080
5056 5080
5056 5081
5057 5081
5057 5082
5058 5082
5058 5083
5059 5083
5059 5084
5060 5084
5087 5093
5087 5094
5088 5093
5088 5095
5088 5096
5089 5095
5089 5097
5090 5098
5090 5099
5091 5098
5091 5100
5091 5101
5092 5100
5092 5102
5094 5103
5096 5104
5097 5105
5099 5106
5101 5107
5102 5108
5103 5109
5103 5110
5104 5109
5104 5111
5104 5112
5104 5113
5104 5114
5105 5111
5105 5115
5106 5116
5106 5117
5107 5116
5107 5118
5107 5119
5107 5120
5107 5121
5108 5118
5108 5122
5110 5124
5112 5125
5113 5126
5114 5140
5115 5127
5117 5130
5119 5131
5120 5132
5121 5152
5122 5133
5123 5135
5123 5136
5124 5135
5124 5137
5124 5138
5125 5137
5125 5139
5126 5141
5126 5142
5127 5141
5127 5143
5127 5144
5128 5143
5128 5145
5129 5147
5129 5148
5130 5147
5130 5149
5130 5150
5131 5149
5131 5151
5132 5153
5132 5154
5133 5153
5133 5155
5133 5156
5134 5155
5134 5157
5136 5158
5138 5159
5139 5160
5140 5179
5140 5181
5140 5182
5140 5183
5140 5184
5142 5161
5144 5162
5145 5163
5146 5191
5146 5193
5146 5194
5146 5195
5146 5196
5148 5164
5150 5165
5151 5166
5152 5203
5152 5205
5152 5206
5152 5207
5152 5208
5154 5167
5156 5168
5157 5169
5158 5170
5158 5173
5158 5174
5159 5173
5159 5175
5159 5176
5159 5177
5159 5178
5160 5175
5160 5179
5160 5180
5161 5181
5161 5185
5161 5186
5162 5185
5162 5187
5162 5188
5162 5189
5162 5190
5163 5187
5163 5191
5163 5192
5164 5193
5164 5197
5164 5198
5165 5197
5165 5199
5165 5200
5165 5201
5165 5202
5166 5199
5166 5203
5166 5204
5167 5205
5167 5209
5167 5210
5168 5209
5168 5211
5168 5212
5168 5213
5168 5214
5169 5211
5169 5215
5169 5216
5171 5218
5174 5219
5176 5220
5177 5221
5178 5248
5180 5222
5182 5223
5183 5224
5184 5254
5186 5225
5188 5226
5189 5227
5190 5260
5192 5228
5194 5229
5195 5230
5196 5266
5198 5231
5200 5232
5201 5233
5202 5272
5204 5234
5206 5235
5207 5236
5208 5278
5210 5237
5212 5238
5213 5239
5214 5284
5215 5217
5216 5240
5217 5242
5217 5608
5217 5609
5217 5610
5218 5243
5218 5244
5219 5243
5219 5245
5219 5246
5220 5245
5220 5247
5221 5249
5221 5250
5222 5249
5222 5251
5222 5252
5223 5251
5223 5253
5224 5255
5224 5256
5225 5255
5225 5257
5225 5258
5226 5257
5226 5259
5227 5261
5227 5262
5228 5261
5228 5263
5228 5264
5229 5263
5229 5265
5230 5267
5230 5268
5231 5267
5231 5269
5231 5270
5232 5269
5232 5271
5233 5273
5233 5274
5234 5273
5234 5275
5234 5276
5235 5275
5235 5277
5236 5279
5236 5280
5237 5279
5237 5281
5237 5282
5238 5281
5238 5283
5239 5285
5239 5286
5240 5285
5240 5287
5240 5288
5241 5242
5241 5287
5241 5289
5244 5290
5246 5291
5247 5292
5248 5320
5248 5322
5248 5323
5250 5293
5252 5294
5253 5295
5254 5328
5254 5330
5254 5331
5256 5296
5258 5297
5259 5298
5260 5336
5260 5338
5260 5339
5262 5299
5264 5300
5265 5301
5266 5344
5266 5346
5266 5347
5268 5302
5270 5303
5271 5304
5272 5352
5272 5354
5272 5355
5274 5305
5276 5306
5277 5307
5278 5360
5278 5362
5278 5363
5280 5308
5282 5309
5283 5310
5284 5368
5284 5370
5284 5371
5286 5311
5288 5312
5289 5313
5290 5314
5290 5316
5290 5317
5291 5316
5291 5318
5291 5319
5292 5318
5292 5320
5292 5321
5293 5322
5293 5324
5293 5325
5294 5324
5294 5326
5294 5327
5295 5326
5295 5328
5295 5329
5296 5330
5296 5332
5296 5333
5297 5332
5297 5334
5297 5335
5298 5334
5298 5336
5298 5337
5299 5338
5299 5340
5299 5341
5300 5340
5300 5342
5300 5343
5301 5342
5301 5344
5301 5345
5302 5346
5302 5348
5302 5349
5303 5348
5303 5350
5303 5351
5304 5350
5304 5352
5304 5353
5305 5354
5305 5356
5305 5357
5306 5356
5306 5358
5306 5359
5307 5358
5307 5360
5307 5361
5308 5362
5308 5364
5308 5365
5309 5364
5309 5366
5309 5367
5310 5366
5310 5368
5310 5369
5311 5370
5311 5372
5311 5373
5312 5372
5312 5374
5312 5375
5313 5374
5313 5376
5313 5377
5317 5379
5319 5380
5321 5381
5323 5382
5325 5383
5327 5384
5329 5385
5331 5386
5333 5387
5335 5388
5337 5389
5339 5390
5341 5391
5343 5392
5345 5393
5347 5394
5349 5395
5351 5396
5353 5397
5355 5398
5357 5399
5359 5400
5361 5401
5363 5402
5365 5403
5367 5404
5369 5405
5371 5406
5373 5407
5375 5408
5376 5378
5377 5409
5378 5610
5378 5752
5378 5753
5379 5410
5379 5411
5379 5412
5380 5411
5380 5413
5380 5414
5381 5413
5381 5415
5381 5416
5382 5415
5382 5417
5382 5418
5383 5417
5383 5419
5383 5420
5384 5419
5384 5421
5384 5422
5385 5421
5385 5423
5385 5424
5386 5423
5386 5425
5387 5425
5387 5426
5387 5427
5388 5426
5388 5428
5388 5429
5389 5428
5389 5430
5389 5431
5390 5430
5390 5432
5390 5433
5391 5432
5391 5434
5391 5435
5392 5434
5392 5436
5392 5437
5393 5436
5393 5438
5393 5439
5394 5438
5394 5440
5395 5440
5395 5441
5395 5442
5396 5441
5396 5443
5396 5444
5397 5443
5397 5445
5397 5446
5398 5445
5398 5447
5398 5448
5399 5447
5399 5449
5399 5450
5400 5449
5400 5451
5400 5452
5401 5451
5401 5453
5401 5454
5402 5453
5402 5455
5403 5455
5403 5456
5403 5457
5404 5456
5404 5458
5404 5459
5405 5458
5405 5460
5405 5461
5406 5460
5406 5462
5406 5463
5407 5462
5407 5464
5407 5465
5408 5464
5408 5466
5408 5467
5409 5466
5409 5468
5409 5469
5412 5471
5414 5472
5416 5473
5418 5474
5420 5475
5422 5476
5424 5477
5427 5478
5429 5479
5431 5480
5433 5481
5435 5482
5437 5483
5439 5484
5442 5485
5444 5486
5446 5487
5448 5488
5450 5489
5452 5490
5454 5491
5457 5492
5459 5493
5461 5494
5463 5495
5465 5496
5467 5497
5468 5470
5469 5498
5470 5753
5470 5848
5471 5499
5472 5499
5472 5500
5473 5500
5473 5501
5474 5501
5474 5502
5475 5502
5475 5503
5476 5503
5476 5504
5477 5504
5478 5505
5479 5505
5479 5506
5480 5506
5480 5507
5481 5507
5481 5508
5482 5508
5482 5509
5483 5509
5483 5510
5484 5510
5485 5511
5486 5511
5486 5512
5487 5512
5487 5513
5488 5513
5488 5514
5489 5514
5489 5515
5490 5515
5490 5516
5491 5516
5492 5517
5493 5517
5493 5518
5494 5518
5494 5519
5495 5519
5495 5520
5496 5520
5496 5521
5497 5521
5497 5522
5498 5522
5525 5531
5525 5532
5526 5531
5526 5533
5526 5534
5527 5533
5527 5535
5528 5536
5528 5537
5529 5536
5529 5538
5529 5539
5530 5538
5530 5540
5532 5541
5534 5542
5535 5543
5537 5544
5539 5545
5540 5546
5541 5547
5541 5548
5542 5547
5542 5549
5542 5550
5542 5551
5542 5552
5543 5549
5543 5553
5544 5554
5544 5555
5545 5554
5545 5556
5545 5557
5545 5558
5545 5559
5546 5556
5546 5560
5548 5562
5550 5563
5551 5564
5552 5578
5553 5565
5555 5568
5557 5569
5558 5570
5559 5590
5560 5571
5561 5573
5561 5574
5562 5573
5562 5575
5562 5576
5563 5575
5563 5577
5564 5579
5564 5580
5565 5579
5565 5581
5565 5582
5566 5581
5566 5583
5567 5585
5567 5586
5568 5585
5568 5587
5568 5588
5569 5587
5569 5589
5570 5591
5570 5592
5571 5591
5571 5593
5571 5594
5572 5593
5572 5595
5574 5596
5576 5597
5577 5598
5578 5617
5578 5619
5578 5620
5578 5621
5578 5622
5580 5599
5582 5600
5583 5601
5584 5629
5584 5631
5584 5632
5584 5633
5584 5634
5586 5602
5588 5603
5589 5604
5590 5641
5590 5643
5590 5644
5590 5645
5590 5646
5592 5605
5594 5606
5595 5607
5596 5608
5596 5611
5596 5612
5597 5611
5597 5613
5597 5614
5597 5615
5597 5616
5598 5613
5598 5617
5598 5618
5599 5619
5599 5623
5599 5624
5600 5623
5600 5625
5600 5626
5600 5627
5600 5628
5601 5625
5601 5629
5601 5630
5602 5631
5602 5635
5602 5636
5603 5635
5603 5637
5603 5638
5603 5639
5603 5640
5604 5637
5604 5641
5604 5642
5605 5643
5605 5647
5605 5648
5606 5647
5606 5649
5606 5650
5606 5651
5606 5652
5607 5649
5607 5653
5607 5654
5609 5656
5612 5657
5614 5658
5615 5659
5616 5686
5618 5660
5620 5661
5621 5662
5622 5692
5624 5663
5626 5664
5627 5665
5628 5698
5630 5666
5632 5667
5633 5668
5634 5704
5636 5669
5638 5670
5639 5671
5640 5710
5642 5672
5644 5673
5645 5674
5646 5716
5648 5675
5650 5676
5651 5677
5652 5722
5653 5655
5654 5678
5655 5680
5655 5961
5655 5962
5656 5681
5656 5682
5657 5681
5657 5683
5657 5684
5658 5683
5658 5685
5659 5687
5659 5688
5660 5687
5660 5689
5660 5690
5661 5689
5661 5691
5662 5693
5662 5694
5663 5693
5663 5695
5663 5696
5664 5695
5664 5697
5665 5699
5665 5700
5666 5699
5666 5701
5666 5702
5667 5701
5667 5703
5668 5705
5668 5706
5669 5705
5669 5707
5669 5708
5670 5707
5670 5709
5671 5711
5671 5712
5672 5711
5672 5713
5672 5714
5673 5713
5673 5715
5674 5717
5674 5718
5675 5717
5675 5719
5675 5720
5676 5719
5676 5721
5677 5723
5677 5724
5678 5723
5678 5725
5678 5726
5679 5680
5679 5725
5679 5727
5682 5728
5684 5729
5685 5730
5686 5758
5686 5760
5686 5761
5688 5731
5690 5732
5691 5733
5692 5766
5692 5768
5692 5769
5694 5734
5696 5735
5697 5736
5698 5774
5698 5776
5698 5777
5700 5737
5702 5738
5703 5739
5704 5782
5704 5784
5704 5785
5706 5740
5708 5741
5709 5742
5710 5790
5710 5792
5710 5793
5712 5743
5714 5744
5715 5745
5716 5798
5716 5800
5716 5801
5718 5746
5720 5747
5721 5748
5722 5806
5722 5808
5722 5809
5724 5749
5726 5750
5727 5751
5728 5752
5728 5754
5728 5755
5729 5754
5729 5756
5729 5757
5730 5756
5730 5758
5730 5759
5731 5760
5731 5762
5731 5763
5732 5762
5732 5764
5732 5765
5733 5764
5733 5766
5733 5767
5734 5768
5734 5770
5734 5771
5735 5770
5735 5772
5735 5773
5736 5772
5736 5774
5736 5775
5737 5776
5737 5778
5737 5779
5738 5778
5738 5780
5738 5781
5739 5780
5739 5782
5739 5783
5740 5784
5740 5786
5740 5787
5741 5786
5741 5788
5741 5789
5742 5788
5742 5790
5742 5791
5743 5792
5743 5794
5743 5795
5744 5794
5744 5796
5744 5797
5745 5796
5745 5798
5745 5799
5746 5800
5746 5802
5746 5803
5747 5802
5747 5804
5747 5805
5748 5804
5748 5806
5748 5807
5749 5808
5749 5810
5749 5811
5750 5810
5750 5812
5750 5813
5751 5812
5751 5814
5751 5815
5755 5817
5757 5818
5759 5819
5761 5820
5763 5821
5765 5822
5767 5823
5769 5824
5771 5825
5773 5826
5775 5827
5777 5828
5779 5829
5781 5830
5783 5831
5785 5832
5787 5833
5789 5834
5791 5835
5793 5836
5795 5837
5797 5838
5799 5839
5801 5840
5803 5841
5805 5842
5807 5843
5809 5844
5811 5845
5813 5846
5814 5816
5815 5847
5816 5961
5816 5963
5816 5964
5817 5848
5817 5849
5817 5850
5818 5849
5818 5851
5818 5852
5819 5851
5819 5853
5819 5854
5820 5853
5820 5855
5820 5856
5821 5855
5821 5857
5821 5858
5822 5857
5822 5859
5822 5860
5823 5859
5823 5861
5823 5862
5824 5861
5824 5863
5825 5863
5825 5864
5825 5865
5826 5864
5826 5866
5826 5867
5827 5866
5827 5868
5827 5869
5828 5868
5828 5870
5828 5871
5829 5870
5829 5872
5829 5873
5830 5872
5830 5874
5830 5875
5831 5874
5831 5876
5831 5877
5832 5876
5832 5878
5833 5878
5833 5879
5833 5880
5834 5879
5834 5881
5834 5882
5835 5881
5835 5883
5835 5884
5836 5883
5836 5885
5836 5886
5837 5885
5837 5887
5837 5888
5838 5887
5838 5889
5838 5890
5839 5889
5839 5891
5839 5892
5840 5891
5840 5893
5841 5893
5841 5894
5841 5895
5842 5894
5842 5896
5842 5897
5843 5896
5843 5898
5843 5899
5844 5898
5844 5900
5844 5901
5845 5900
5845 5902
5845 5903
5846 5902
5846 5904
5846 5905
5847 5904
5847 5906
5847 5907
5850 5909
5852 5910
5854 5911
5856 5912
5858 5913
5860 5914
5862 5915
5865 5916
5867 5917
5869 5918
5871 5919
5873 5920
5875 5921
5877 5922
5880 5923
5882 5924
5884 5925
5886 5926
5888 5927
5890 5928
5892 5929
5895 5930
5897 5931
5899 5932
5901 5933
5903 5934
5905 5935
5906 5908
5907 5936
5908 5963
5908 5965
5909 5937
5910 5937
5910 5938
5911 5938
5911 5939
5912 5939
5912 5940
5913 5940
5913 5941
5914 5941
5914 5942
5915 5942
5916 5943
5917 5943
5917 5944
5918 5944
5918 5945
5919 5945
5919 5946
5920 5946
5920 5947
5921 5947
5921 5948
5922 5948
5923 5949
5924 5949
5924 5950
5925 5950
5925 5951
5926 5951
5926 5952
5927 5952
5927 5953
5928 5953
5928 5954
5929 5954
5930 5955
5931 5955
5931 5956
5932 5956
5932 5957
5933 5957
5933 5958
5934 5958
5934 5959
5935 5959
5935 5960
5936 5960
5962 5968
5964 5971
5965 5975
5966 5967
5967 5968
5968 5969
5968 5970
5969 5971
5970 5974
5971 5972
5971 5973
5972 5975
5973 5977
5974 5980
5975 5976
5976 5978
5977 5979
5977 5980
5978 5979
