0 1
0 2
0 3
0 4
0 5
0 6
0 7
0 8
0 9
0 10
0 11
0 12
0 13
0 14
0 15
0 16
0 17
0 18
0 19
0 20
0 21
0 22
0 23
0 24
0 25
0 26
0 27
0 28
0 29
0 30
0 31
0 32
0 33
0 34
0 35
0 36
0 37
0 38
0 39
0 40
0 41
0 42
0 43
0 44
0 45
0 46
0 47
0 48
0 49
0 50
0 51
0 52
0 53
0 54
0 55
0 56
0 57
0 58
0 59
0 60
0 61
0 62
0 63
0 64
0 65
0 66
1 67
1 68
1 69
1 70
1 2
1 71
1 72
1 59
1 5
1 6
1 73
1 8
1 9
1 10
1 74
1 12
1 13
1 75
1 14
1 76
1 77
1 78
1 43
1 79
1 80
1 81
1 17
1 82
1 83
1 18
1 84
1 21
1 85
1 86
1 23
1 87
1 88
1 11
1 89
1 90
1 27
1 91
1 92
1 28
1 29
1 30
1 32
1 34
1 35
1 93
1 49
1 94
1 40
1 95
1 96
1 97
1 98
1 48
1 99
1 100
1 101
1 102
1 103
1 60
1 64
1 16
1 37
1 54
1 55
1 104
1 105
1 53
1 58
1 106
1 107
1 61
1 62
1 63
1 39
1 108
1 42
1 109
1 66
2 3
2 76
2 80
2 17
2 21
2 87
2 88
2 27
2 35
2 108
2 53
2 54
2 58
2 109
2 68
2 101
2 70
2 72
2 106
2 107
2 6
2 73
2 71
2 9
2 10
2 74
2 90
2 13
2 75
2 77
2 78
2 43
2 81
2 82
2 103
2 67
2 84
2 85
2 79
2 11
2 89
2 92
2 8
2 30
2 42
2 32
2 102
2 93
2 12
2 94
2 40
2 95
2 96
2 98
2 48
2 49
2 100
2 20
2 69
2 37
2 55
2 104
2 105
2 91
2 64
2 66
3 50
3 41
3 68
3 57
3 11
3 59
3 107
3 6
3 7
3 9
3 10
3 74
3 12
3 13
3 5
3 14
3 110
3 77
3 15
3 80
3 81
3 17
3 82
3 18
3 19
3 20
3 21
3 111
3 85
3 23
3 89
3 24
3 25
3 27
3 28
3 4
3 30
3 31
3 32
3 33
3 34
3 40
3 36
3 37
3 99
3 94
3 35
3 95
3 43
3 44
3 45
3 46
3 47
3 49
3 76
3 108
3 97
3 112
3 52
3 53
3 93
3 55
3 56
3 105
3 51
3 58
3 38
3 61
3 62
3 22
3 39
3 91
3 42
3 65
4 5
4 111
4 23
4 27
4 35
4 41
4 51
4 53
4 56
4 58
4 50
4 62
4 7
4 14
4 43
4 85
4 36
4 94
4 22
4 45
4 12
4 52
4 57
4 18
4 20
4 65
4 15
4 86
4 25
4 26
4 33
4 49
4 39
4 44
4 46
4 31
4 99
4 77
4 19
4 13
4 28
4 34
4 48
4 112
4 16
4 55
4 38
4 60
4 42
5 76
5 86
5 41
5 68
5 57
5 38
5 70
5 65
5 72
5 59
5 107
5 7
5 8
5 9
5 10
5 11
5 12
5 13
5 14
5 105
5 77
5 43
5 79
5 16
5 82
5 83
5 18
5 19
5 20
5 21
5 85
5 23
5 89
5 24
5 87
5 26
5 27
5 92
5 28
5 29
5 30
5 31
5 32
5 33
5 34
5 35
5 36
5 37
5 99
5 94
5 40
5 95
5 25
5 42
5 45
5 46
5 47
5 48
5 49
5 100
5 97
5 112
5 52
5 53
5 54
5 55
5 56
5 110
5 51
5 71
5 58
5 61
5 62
5 63
5 39
5 91
5 64
5 109
5 66
6 76
6 80
6 17
6 83
6 21
6 87
6 88
6 27
6 47
6 108
6 53
6 54
6 62
6 109
6 68
6 98
6 7
6 104
6 75
6 14
6 43
6 103
6 67
6 85
6 79
6 89
6 93
6 94
6 12
6 100
6 105
6 20
6 72
6 59
6 73
6 8
6 9
6 10
6 74
6 78
6 101
6 81
6 102
6 86
6 84
6 25
6 92
6 29
6 30
6 32
6 40
6 37
6 49
6 66
6 95
6 97
6 107
6 70
6 11
6 42
6 77
6 96
6 106
6 69
6 60
6 71
6 63
6 91
6 64
7 76
7 80
7 17
7 83
7 21
7 111
7 23
7 87
7 88
7 27
7 47
7 35
7 41
7 108
7 51
7 53
7 54
7 56
7 58
7 50
7 62
7 109
7 68
7 98
7 14
7 43
7 103
7 85
7 89
7 36
7 93
7 94
7 22
7 45
7 12
7 81
7 105
7 57
7 61
7 86
7 72
7 59
7 9
7 10
7 74
7 15
7 101
7 52
7 82
7 102
7 18
7 20
7 25
7 26
7 29
7 32
7 33
7 40
7 49
7 39
7 66
7 95
7 44
7 46
7 31
7 99
7 97
7 63
7 64
7 42
7 107
7 13
7 77
7 16
7 19
7 28
7 24
7 34
7 38
7 48
7 69
7 60
7 112
7 55
7 11
7 110
8 76
8 80
8 83
8 21
8 87
8 88
8 27
8 47
8 108
8 53
8 58
8 62
8 109
8 68
8 98
8 104
8 75
8 14
8 43
8 103
8 67
8 85
8 79
8 89
8 93
8 94
8 100
8 105
8 61
8 72
8 73
8 70
8 71
8 9
8 10
8 74
8 110
8 77
8 90
8 81
8 86
8 84
8 78
8 92
8 29
8 30
8 34
8 40
8 82
8 99
8 66
8 95
8 25
8 96
8 106
8 46
8 48
8 49
8 101
8 102
8 97
8 112
8 69
8 37
8 91
8 64
9 76
9 80
9 83
9 21
9 23
9 87
9 88
9 27
9 47
9 35
9 41
9 108
9 53
9 54
9 56
9 58
9 62
9 109
9 68
9 98
9 104
9 14
9 43
9 103
9 67
9 85
9 79
9 89
9 36
9 93
9 94
9 22
9 12
9 100
9 52
9 105
9 57
9 61
9 18
9 20
9 65
9 72
9 59
9 10
9 74
9 81
9 82
9 102
9 86
9 25
9 26
9 92
9 29
9 30
9 32
9 33
9 40
9 37
9 49
9 39
9 66
9 95
9 44
9 46
9 31
9 97
9 106
9 63
9 64
9 42
9 107
9 71
9 13
9 77
9 16
9 19
9 28
9 24
9 34
9 38
9 48
9 60
9 112
9 70
9 55
9 11
9 110
10 76
10 80
10 17
10 83
10 21
10 111
10 23
10 87
10 88
10 27
10 47
10 35
10 108
10 53
10 54
10 56
10 58
10 50
10 62
10 109
10 68
10 98
10 104
10 75
10 14
10 43
10 103
10 67
10 85
10 79
10 89
10 36
10 93
10 94
10 45
10 12
10 100
10 52
10 105
10 57
10 61
10 18
10 20
10 65
10 72
10 59
10 74
10 78
10 101
10 81
10 82
10 102
10 86
10 84
10 25
10 26
10 92
10 29
10 30
10 32
10 33
10 40
10 37
10 49
10 39
10 66
10 95
10 44
10 46
10 31
10 99
10 97
10 90
10 42
10 63
10 91
10 64
10 106
10 107
10 71
10 13
10 77
10 16
10 19
10 28
10 24
10 34
10 38
10 48
10 69
10 60
10 112
10 70
10 55
10 11
10 110
11 76
11 80
11 17
11 83
11 21
11 23
11 87
11 27
11 47
11 35
11 41
11 108
11 53
11 54
11 56
11 58
11 62
11 109
11 68
11 98
11 75
11 14
11 43
11 103
11 67
11 85
11 79
11 89
11 93
11 94
11 100
11 52
11 105
11 57
11 61
11 18
11 20
11 65
11 72
11 59
11 73
11 74
11 78
11 101
11 81
11 82
11 102
11 86
11 84
11 25
11 26
11 92
11 29
11 30
11 32
11 33
11 40
11 37
11 49
11 39
11 66
11 95
11 46
11 31
11 99
11 63
11 91
11 64
11 42
11 107
11 71
11 13
11 77
11 16
11 19
11 28
11 106
11 48
11 69
11 112
11 70
11 55
11 110
12 76
12 80
12 17
12 83
12 21
12 23
12 27
12 47
12 35
12 41
12 51
12 53
12 54
12 56
12 58
12 62
12 109
12 68
12 75
12 14
12 43
12 85
12 79
12 89
12 36
12 94
12 22
12 45
12 49
12 52
12 105
12 57
12 61
12 18
12 20
12 65
12 59
12 74
12 78
12 81
12 82
12 102
12 86
12 84
12 25
12 26
12 92
12 29
12 32
12 33
12 37
12 39
12 95
12 44
12 46
12 31
12 99
12 97
12 90
12 106
12 63
12 91
12 64
12 42
12 107
12 71
12 13
12 77
12 16
12 19
12 28
12 24
12 34
12 38
12 96
12 48
12 69
12 60
12 112
12 70
12 55
12 110
13 76
13 80
13 83
13 21
13 111
13 23
13 87
13 27
13 47
13 35
13 41
13 108
13 51
13 53
13 54
13 56
13 58
13 50
13 62
13 109
13 68
13 98
13 14
13 43
13 103
13 89
13 36
13 94
13 22
13 45
13 100
13 52
13 105
13 57
13 61
13 18
13 20
13 65
13 59
13 15
13 82
13 86
13 25
13 26
13 29
13 30
13 32
13 33
13 37
13 49
13 39
13 95
13 44
13 46
13 31
13 99
13 97
13 63
13 64
13 42
13 107
13 71
13 77
13 16
13 19
13 28
13 24
13 34
13 38
13 106
13 48
13 69
13 60
13 70
13 55
13 110
14 76
14 80
14 83
14 21
14 23
14 87
14 88
14 27
14 47
14 35
14 41
14 108
14 51
14 53
14 54
14 56
14 58
14 50
14 62
14 109
14 68
14 98
14 104
14 75
14 43
14 103
14 67
14 79
14 89
14 36
14 93
14 94
14 22
14 45
14 49
14 52
14 105
14 57
14 61
14 18
14 65
14 72
14 59
14 74
14 78
14 81
14 82
14 102
14 86
14 20
14 25
14 26
14 29
14 30
14 32
14 33
14 40
14 37
14 39
14 95
14 44
14 46
14 31
14 99
14 97
14 90
14 63
14 91
14 64
14 106
14 107
14 77
14 16
14 19
14 28
14 24
14 34
14 38
14 48
14 69
14 60
14 112
14 70
14 55
14 110
14 42
15 111
15 23
15 35
15 41
15 51
15 50
15 62
15 36
15 22
15 45
15 52
15 18
15 25
15 44
15 28
15 33
15 34
15 39
15 46
15 31
15 55
15 60
16 76
16 80
16 17
16 83
16 21
16 23
16 87
16 27
16 47
16 35
16 41
16 108
16 51
16 53
16 54
16 56
16 58
16 62
16 68
16 98
16 104
16 43
16 85
16 79
16 89
16 36
16 94
16 45
16 100
16 52
16 57
16 61
16 18
16 20
16 65
16 59
16 74
16 78
16 101
16 81
16 82
16 102
16 86
16 84
16 25
16 26
16 92
16 29
16 30
16 32
16 33
16 40
16 37
16 49
16 39
16 66
16 95
16 46
16 31
16 99
16 97
16 90
16 63
16 91
16 64
16 42
16 107
16 71
16 77
16 19
16 28
16 24
16 34
16 38
16 96
16 48
16 60
16 112
16 70
16 55
16 110
17 76
17 80
17 67
17 41
17 53
17 57
17 20
17 72
17 59
17 71
17 74
17 75
17 103
17 77
17 43
17 79
17 81
17 82
17 83
17 86
17 19
17 84
17 21
17 54
17 85
17 23
17 89
17 87
17 108
17 27
17 28
17 29
17 30
17 32
17 24
17 102
17 35
17 93
17 49
17 94
17 40
17 95
17 25
17 22
17 96
17 106
17 46
17 47
17 48
17 99
17 101
17 69
17 97
17 112
17 37
17 70
17 55
17 105
17 51
17 61
17 62
17 63
17 91
17 64
17 109
17 66
18 83
18 21
18 111
18 23
18 27
18 35
18 41
18 51
18 53
18 54
18 56
18 58
18 50
18 62
18 109
18 68
18 104
18 43
18 36
18 94
18 22
18 45
18 52
18 105
18 57
18 61
18 38
18 65
18 59
18 107
18 110
18 81
18 82
18 19
18 20
18 25
18 44
18 28
18 29
18 32
18 24
18 34
18 99
18 40
18 60
18 46
18 31
18 48
18 49
18 26
18 112
18 55
18 33
18 63
18 39
18 42
19 76
19 80
19 83
19 21
19 23
19 87
19 27
19 47
19 35
19 41
19 108
19 53
19 54
19 56
19 58
19 62
19 109
19 68
19 104
19 75
19 43
19 103
19 89
19 94
19 22
19 100
19 52
19 105
19 57
19 61
19 20
19 65
19 59
19 74
19 81
19 82
19 102
19 86
19 84
19 26
19 92
19 29
19 30
19 32
19 33
19 40
19 37
19 49
19 39
19 66
19 95
19 44
19 46
19 31
19 99
19 97
19 63
19 64
19 42
19 107
19 71
19 77
19 106
19 28
19 24
19 34
19 38
19 96
19 48
19 60
19 112
19 110
20 76
20 83
20 21
20 111
20 23
20 27
20 47
20 35
20 41
20 108
20 51
20 53
20 54
20 56
20 58
20 62
20 68
20 98
20 104
20 75
20 43
20 85
20 89
20 36
20 93
20 94
20 22
20 45
20 52
20 105
20 57
20 61
20 65
20 72
20 59
20 101
20 81
20 82
20 102
20 86
20 25
20 26
20 92
20 29
20 32
20 33
20 40
20 37
20 49
20 39
20 66
20 95
20 46
20 31
20 99
20 97
20 90
20 63
20 91
20 64
20 42
20 107
20 71
20 77
20 28
20 24
20 34
20 38
20 48
20 69
20 60
20 112
20 55
20 110
21 76
21 80
21 83
21 23
21 87
21 88
21 27
21 47
21 35
21 41
21 108
21 51
21 53
21 54
21 56
21 58
21 62
21 109
21 68
21 98
21 104
21 75
21 43
21 103
21 67
21 85
21 79
21 89
21 36
21 93
21 94
21 22
21 45
21 49
21 100
21 52
21 105
21 57
21 61
21 65
21 72
21 59
21 73
21 74
21 78
21 101
21 81
21 82
21 102
21 86
21 84
21 25
21 26
21 92
21 29
21 30
21 32
21 33
21 40
21 37
21 39
21 66
21 95
21 46
21 31
21 99
21 97
21 90
21 42
21 63
21 91
21 64
21 106
21 107
21 77
21 28
21 24
21 34
21 38
21 96
21 48
21 60
21 112
21 70
21 55
21 110
22 76
22 111
22 23
22 87
22 27
22 47
22 35
22 41
22 108
22 51
22 56
22 58
22 50
22 62
22 68
22 43
22 103
22 89
22 36
22 94
22 42
22 86
22 59
22 107
22 74
22 77
22 81
22 82
22 32
22 24
22 26
22 28
22 31
22 33
22 34
22 37
22 38
22 25
22 29
22 44
22 45
22 106
22 46
22 49
22 52
22 55
22 105
22 97
22 60
22 39
22 57
22 64
23 76
23 80
23 83
23 111
23 87
23 27
23 47
23 35
23 41
23 108
23 51
23 53
23 54
23 56
23 58
23 50
23 62
23 109
23 68
23 104
23 43
23 103
23 67
23 85
23 79
23 89
23 36
23 93
23 94
23 45
23 49
23 100
23 52
23 105
23 57
23 61
23 65
23 72
23 59
23 74
23 78
23 101
23 81
23 82
23 86
23 84
23 25
23 26
23 92
23 29
23 30
23 32
23 33
23 40
23 37
23 39
23 66
23 95
23 44
23 46
23 31
23 99
23 97
23 90
23 98
23 63
23 91
23 64
23 106
23 107
23 71
23 77
23 28
23 24
23 34
23 38
23 48
23 69
23 60
23 112
23 70
23 55
23 110
23 42
24 83
24 27
24 47
24 35
24 41
24 51
24 54
24 56
24 58
24 50
24 62
24 98
24 43
24 103
24 89
24 36
24 94
24 45
24 52
24 105
24 57
24 61
24 65
24 59
24 101
24 81
24 82
24 86
24 25
24 26
24 29
24 32
24 33
24 37
24 49
24 39
24 44
24 46
24 31
24 99
24 97
24 63
24 64
24 42
24 107
24 77
24 28
24 38
24 110
24 34
24 48
24 112
24 55
24 60
25 76
25 83
25 111
25 87
25 27
25 47
25 35
25 41
25 108
25 51
25 53
25 54
25 56
25 58
25 50
25 62
25 68
25 98
25 43
25 67
25 89
25 36
25 93
25 94
25 45
25 100
25 52
25 105
25 57
25 61
25 65
25 72
25 59
25 74
25 82
25 26
25 29
25 30
25 32
25 33
25 37
25 49
25 39
25 66
25 95
25 44
25 46
25 31
25 99
25 97
25 63
25 64
25 42
25 107
25 77
25 28
25 34
25 38
25 106
25 48
25 60
25 112
25 55
25 110
26 76
26 80
26 83
26 111
26 87
26 27
26 47
26 35
26 41
26 54
26 56
26 58
26 62
26 68
26 98
26 43
26 103
26 36
26 93
26 45
26 52
26 105
26 57
26 61
26 65
26 59
26 101
26 81
26 82
26 102
26 86
26 42
26 38
26 110
26 77
26 29
26 92
26 34
26 31
26 32
26 33
26 99
26 39
26 46
26 28
26 48
26 49
26 97
26 112
26 37
26 55
26 60
26 107
26 91
26 64
27 76
27 83
27 87
27 88
27 47
27 35
27 41
27 108
27 53
27 54
27 56
27 58
27 62
27 109
27 68
27 104
27 75
27 43
27 103
27 85
27 79
27 89
27 36
27 94
27 100
27 105
27 57
27 61
27 86
27 65
27 59
27 73
27 74
27 78
27 52
27 82
27 102
27 84
27 92
27 29
27 30
27 32
27 33
27 40
27 37
27 49
27 39
27 66
27 95
27 44
27 46
27 31
27 99
27 97
27 63
27 91
27 64
27 42
27 107
27 77
27 28
27 34
27 38
27 96
27 48
27 69
27 112
27 70
27 55
27 110
28 76
28 80
28 83
28 87
28 88
28 47
28 35
28 41
28 108
28 51
28 53
28 54
28 56
28 58
28 50
28 62
28 109
28 68
28 98
28 104
28 43
28 103
28 67
28 79
28 89
28 36
28 94
28 45
28 52
28 57
28 61
28 65
28 72
28 59
28 74
28 82
28 102
28 86
28 92
28 29
28 32
28 33
28 40
28 37
28 49
28 39
28 66
28 95
28 44
28 46
28 31
28 97
28 90
28 63
28 91
28 64
28 42
28 107
28 77
28 34
28 38
28 96
28 106
28 48
28 60
28 112
28 70
28 55
28 110
29 76
29 80
29 83
29 87
29 88
29 47
29 35
29 41
29 108
29 51
29 54
29 56
29 58
29 62
29 98
29 104
29 75
29 43
29 103
29 67
29 79
29 89
29 36
29 94
29 45
29 52
29 105
29 57
29 61
29 65
29 73
29 78
29 81
29 82
29 86
29 84
29 92
29 30
29 40
29 37
29 49
29 39
29 66
29 46
29 31
29 99
29 97
29 63
29 91
29 64
29 42
29 107
29 77
29 34
29 38
29 96
29 48
29 69
29 60
29 112
29 70
29 55
29 110
30 76
30 80
30 83
30 87
30 88
30 47
30 108
30 53
30 54
30 58
30 62
30 109
30 68
30 98
30 104
30 75
30 43
30 103
30 67
30 85
30 79
30 89
30 93
30 94
30 100
30 105
30 57
30 61
30 65
30 72
30 73
30 74
30 78
30 101
30 81
30 82
30 102
30 86
30 84
30 92
30 70
30 90
30 77
30 32
30 33
30 40
30 66
30 95
30 96
30 106
30 48
30 49
30 97
30 69
30 55
30 60
30 91
30 64
30 71
31 83
31 111
31 47
31 35
31 41
31 108
31 51
31 53
31 54
31 56
31 58
31 50
31 62
31 109
31 68
31 98
31 43
31 89
31 36
31 94
31 45
31 52
31 105
31 57
31 61
31 65
31 59
31 82
31 86
31 92
31 32
31 33
31 40
31 37
31 49
31 39
31 95
31 44
31 46
31 38
31 107
31 110
31 77
31 42
31 34
31 97
31 48
31 112
31 55
31 60
31 63
31 64
32 76
32 80
32 83
32 87
32 88
32 47
32 41
32 108
32 53
32 54
32 56
32 58
32 62
32 109
32 98
32 104
32 75
32 103
32 67
32 79
32 89
32 36
32 93
32 94
32 45
32 100
32 105
32 57
32 61
32 65
32 72
32 59
32 74
32 78
32 101
32 81
32 82
32 102
32 86
32 84
32 92
32 33
32 40
32 37
32 49
32 39
32 66
32 95
32 46
32 99
32 97
32 90
32 106
32 63
32 91
32 64
32 42
32 107
32 71
32 77
32 34
32 38
32 96
32 48
32 69
32 60
32 70
32 55
32 110
33 83
33 111
33 47
33 35
33 41
33 51
33 53
33 54
33 56
33 58
33 50
33 62
33 109
33 68
33 36
33 45
33 52
33 105
33 57
33 61
33 59
33 82
33 86
33 95
33 38
33 44
33 110
33 77
33 34
33 37
33 99
33 39
33 66
33 42
33 46
33 48
33 49
33 112
33 55
33 60
33 63
33 107
33 64
34 76
34 80
34 111
34 87
34 47
34 35
34 41
34 108
34 51
34 53
34 54
34 56
34 58
34 50
34 62
34 68
34 104
34 43
34 89
34 36
34 94
34 45
34 100
34 52
34 105
34 57
34 61
34 65
34 59
34 73
34 74
34 81
34 82
34 102
34 86
34 37
34 49
34 39
34 66
34 95
34 44
34 46
34 99
34 97
34 63
34 91
34 64
34 42
34 107
34 77
34 38
34 110
34 48
34 112
34 55
34 60
35 76
35 83
35 111
35 87
35 41
35 108
35 51
35 53
35 54
35 56
35 58
35 50
35 62
35 109
35 68
35 75
35 43
35 67
35 85
35 79
35 89
35 36
35 94
35 45
35 81
35 105
35 57
35 61
35 86
35 65
35 72
35 59
35 74
35 52
35 82
35 102
35 92
35 40
35 37
35 49
35 39
35 66
35 95
35 44
35 46
35 99
35 97
35 63
35 91
35 64
35 42
35 107
35 77
35 38
35 48
35 69
35 60
35 112
35 55
35 110
36 83
36 111
36 87
36 41
36 51
36 53
36 54
36 56
36 58
36 50
36 62
36 68
36 43
36 86
36 38
36 70
36 65
36 59
36 107
36 74
36 77
36 92
36 99
36 39
36 40
36 44
36 45
36 46
36 48
36 49
36 100
36 112
36 52
36 55
36 110
36 57
36 60
36 61
36 94
36 42
36 66
37 76
37 80
37 83
37 87
37 88
37 47
37 108
37 51
37 53
37 54
37 56
37 58
37 62
37 109
37 68
37 98
37 104
37 75
37 43
37 103
37 67
37 85
37 79
37 89
37 93
37 94
37 52
37 105
37 57
37 61
37 65
37 72
37 59
37 73
37 74
37 78
37 101
37 81
37 82
37 102
37 86
37 84
37 92
37 40
37 49
37 66
37 95
37 46
37 99
37 97
37 42
37 63
37 91
37 64
37 106
37 71
37 77
37 38
37 48
37 69
37 60
37 112
37 70
37 55
37 110
38 83
38 111
38 87
38 47
38 41
38 53
38 54
38 56
38 58
38 62
38 104
38 43
38 85
38 89
38 94
38 45
38 52
38 105
38 57
38 61
38 65
38 59
38 82
38 102
38 86
38 92
38 49
38 39
38 66
38 44
38 46
38 99
38 63
38 91
38 64
38 42
38 107
38 77
38 110
38 48
38 60
38 112
38 55
39 83
39 111
39 47
39 41
39 51
39 53
39 54
39 56
39 58
39 50
39 62
39 68
39 75
39 43
39 79
39 89
39 45
39 52
39 57
39 61
39 65
39 59
39 74
39 82
39 102
39 86
39 92
39 49
39 95
39 77
39 44
39 99
39 42
39 46
39 97
39 48
39 112
39 55
39 110
39 60
39 107
39 64
40 76
40 80
40 83
40 87
40 88
40 47
40 108
40 53
40 56
40 62
40 109
40 68
40 98
40 104
40 75
40 43
40 103
40 67
40 85
40 89
40 93
40 94
40 100
40 105
40 61
40 72
40 59
40 73
40 74
40 78
40 101
40 81
40 82
40 102
40 86
40 84
40 92
40 49
40 66
40 95
40 44
40 46
40 99
40 97
40 90
40 63
40 91
40 64
40 106
40 107
40 71
40 77
40 96
40 48
40 69
40 112
40 70
40 110
41 83
41 111
41 87
41 47
41 42
41 86
41 62
41 84
41 65
41 107
41 74
41 52
41 70
41 110
41 77
41 81
41 82
41 85
41 89
41 99
41 95
41 59
41 43
41 44
41 45
41 46
41 48
41 49
41 97
41 112
41 53
41 54
41 55
41 56
41 105
41 51
41 58
41 98
41 60
41 61
41 50
41 63
41 94
41 57
41 64
41 102
42 76
42 80
42 87
42 88
42 47
42 108
42 51
42 53
42 54
42 56
42 58
42 50
42 62
42 109
42 68
42 103
42 79
42 89
42 94
42 45
42 52
42 105
42 57
42 61
42 65
42 72
42 59
42 74
42 81
42 82
42 86
42 92
42 49
42 66
42 44
42 46
42 99
42 97
42 63
42 64
42 106
42 107
42 71
42 77
42 48
42 69
42 60
42 112
42 70
42 55
42 110
43 76
43 80
43 83
43 87
43 88
43 47
43 108
43 53
43 54
43 56
43 58
43 62
43 109
43 68
43 98
43 75
43 103
43 67
43 85
43 79
43 89
43 93
43 94
43 100
43 81
43 105
43 57
43 61
43 65
43 72
43 59
43 74
43 78
43 101
43 52
43 82
43 102
43 86
43 84
43 92
43 49
43 66
43 95
43 46
43 99
43 97
43 63
43 91
43 64
43 106
43 107
43 71
43 96
43 48
43 69
43 112
43 70
43 55
44 111
44 47
44 51
44 53
44 56
44 58
44 50
44 62
44 109
44 104
44 45
44 52
44 65
44 59
44 74
44 49
44 46
44 55
44 60
44 64
45 111
45 47
45 108
45 51
45 53
45 54
45 56
45 58
45 50
45 62
45 98
45 94
45 65
45 81
45 52
45 66
45 46
45 48
45 99
45 55
45 57
45 59
45 60
45 91
46 76
46 83
46 111
46 88
46 47
46 108
46 51
46 53
46 54
46 56
46 58
46 50
46 62
46 109
46 104
46 75
46 103
46 67
46 79
46 89
46 93
46 94
46 52
46 105
46 57
46 61
46 72
46 59
46 74
46 101
46 82
46 86
46 84
46 92
46 49
46 66
46 99
46 97
46 106
46 63
46 91
46 64
46 107
46 71
46 77
46 48
46 60
46 112
46 55
46 110
47 76
47 80
47 83
47 87
47 88
47 108
47 51
47 53
47 54
47 56
47 58
47 62
47 109
47 68
47 104
47 75
47 103
47 85
47 79
47 89
47 93
47 94
47 100
47 105
47 57
47 61
47 65
47 72
47 59
47 74
47 78
47 52
47 82
47 102
47 86
47 92
47 49
47 95
47 97
47 63
47 91
47 64
47 107
47 77
47 48
47 60
47 112
47 70
47 55
47 110
48 76
48 80
48 83
48 88
48 108
48 51
48 53
48 54
48 56
48 58
48 62
48 98
48 104
48 75
48 103
48 67
48 85
48 89
48 93
48 94
48 52
48 105
48 57
48 61
48 65
48 72
48 59
48 74
48 81
48 82
48 102
48 86
48 92
48 49
48 66
48 95
48 99
48 97
48 63
48 91
48 64
48 107
48 71
48 96
48 60
48 112
48 55
48 110
49 76
49 80
49 83
49 87
49 88
49 108
49 51
49 53
49 54
49 56
49 58
49 62
49 109
49 68
49 98
49 104
49 75
49 103
49 85
49 79
49 89
49 93
49 94
49 100
49 105
49 57
49 61
49 65
49 72
49 59
49 73
49 74
49 78
49 101
49 81
49 82
49 102
49 86
49 84
49 92
49 66
49 95
49 99
49 97
49 90
49 63
49 91
49 64
49 106
49 107
49 71
49 77
49 96
49 69
49 112
49 70
49 55
50 111
50 51
50 53
50 56
50 59
50 52
50 55
50 57
50 60
50 61
50 62
51 83
51 111
51 88
51 72
51 107
51 79
51 82
51 94
51 95
51 59
51 99
51 60
51 112
51 52
51 53
51 54
51 55
51 105
51 57
51 61
51 62
51 63
51 64
51 103
52 76
52 111
52 87
52 108
52 53
52 54
52 56
52 58
52 62
52 68
52 104
52 85
52 79
52 94
52 95
52 65
52 72
52 59
52 90
52 77
52 74
52 82
52 97
52 99
52 55
52 110
52 57
52 60
52 61
52 64
53 76
53 80
53 83
53 111
53 87
53 88
53 108
53 54
53 56
53 58
53 62
53 109
53 68
53 75
53 103
53 67
53 85
53 79
53 89
53 93
53 94
53 100
53 105
53 57
53 61
53 65
53 72
53 59
53 73
53 74
53 78
53 101
53 81
53 82
53 102
53 86
53 84
53 92
53 66
53 95
53 99
53 97
53 90
53 98
53 63
53 91
53 64
53 106
53 107
53 71
53 77
53 96
53 69
53 60
53 112
53 70
53 55
53 110
54 76
54 80
54 83
54 87
54 88
54 108
54 56
54 58
54 62
54 109
54 68
54 98
54 75
54 103
54 85
54 79
54 89
54 93
54 94
54 81
54 105
54 61
54 86
54 65
54 59
54 73
54 74
54 101
54 82
54 102
54 66
54 95
54 99
54 97
54 106
54 63
54 64
54 107
54 69
54 60
54 112
54 70
54 55
54 110
55 76
55 80
55 83
55 111
55 56
55 58
55 62
55 68
55 104
55 75
55 103
55 79
55 89
55 93
55 105
55 57
55 61
55 65
55 59
55 74
55 82
55 102
55 86
55 99
55 63
55 64
55 107
55 77
55 96
55 60
55 112
55 70
55 110
56 76
56 80
56 83
56 87
56 88
56 108
56 86
56 95
56 68
56 57
56 65
56 59
56 107
56 71
56 110
56 77
56 82
56 85
56 89
56 99
56 100
56 97
56 112
56 104
56 105
56 60
56 58
56 61
56 62
56 63
56 94
56 91
56 64
56 66
57 80
57 83
57 87
57 58
57 62
57 109
57 68
57 104
57 85
57 89
57 94
57 105
57 86
57 95
57 59
57 107
57 71
57 110
57 77
57 82
57 60
57 92
57 99
57 66
57 102
57 112
57 97
57 61
57 63
57 64
58 80
58 83
58 88
58 108
58 72
58 59
58 107
58 74
58 110
58 77
58 82
58 84
58 85
58 89
58 92
58 99
58 66
58 95
58 106
58 60
58 112
58 105
58 98
58 61
58 62
58 63
58 94
58 64
58 109
58 65
59 76
59 83
59 111
59 87
59 108
59 62
59 68
59 98
59 75
59 85
59 79
59 89
59 93
59 94
59 105
59 61
59 65
59 72
59 86
59 74
59 101
59 81
59 82
59 66
59 95
59 99
59 97
59 90
59 64
59 107
59 71
59 77
59 96
59 60
59 112
59 110
60 111
60 87
60 88
60 62
60 68
60 94
60 100
60 105
60 61
60 65
60 86
60 63
60 107
60 77
60 110
60 112
61 76
61 80
61 83
61 108
61 62
61 109
61 68
61 98
61 104
61 103
61 85
61 79
61 89
61 93
61 94
61 105
61 86
61 65
61 72
61 74
61 78
61 101
61 82
61 84
61 66
61 95
61 99
61 97
61 63
61 91
61 64
61 107
61 77
61 96
61 69
61 112
61 70
61 110
62 80
62 83
62 111
62 87
62 88
62 108
62 109
62 68
62 98
62 104
62 103
62 67
62 85
62 89
62 93
62 94
62 105
62 65
62 72
62 74
62 101
62 81
62 82
62 102
62 86
62 92
62 66
62 95
62 99
62 97
62 90
62 63
62 91
62 64
62 106
62 107
62 71
62 77
62 96
62 69
62 112
62 70
62 110
63 76
63 80
63 83
63 87
63 108
63 109
63 68
63 98
63 104
63 103
63 85
63 79
63 89
63 94
63 100
63 105
63 65
63 72
63 74
63 101
63 81
63 82
63 86
63 66
63 95
63 99
63 97
63 90
63 70
63 110
63 77
63 112
63 106
63 69
63 107
63 91
63 64
64 76
64 80
64 83
64 111
64 87
64 88
64 108
64 109
64 98
64 75
64 103
64 67
64 85
64 79
64 89
64 94
64 100
64 105
64 65
64 72
64 73
64 74
64 78
64 101
64 81
64 82
64 102
64 86
64 84
64 92
64 66
64 95
64 99
64 97
64 91
64 106
64 107
64 71
64 77
64 96
64 69
64 112
64 70
65 76
65 83
65 111
65 87
65 88
65 109
65 68
65 104
65 103
65 79
65 89
65 86
65 72
65 77
65 74
65 81
65 82
65 99
65 66
65 102
65 112
65 110
65 97
65 107
66 76
66 80
66 87
66 88
66 108
66 109
66 68
66 98
66 104
66 75
66 103
66 67
66 85
66 79
66 89
66 93
66 94
66 100
66 105
66 72
66 73
66 74
66 78
66 101
66 81
66 82
66 102
66 86
66 84
66 92
66 95
66 99
66 97
66 90
66 106
66 91
66 71
66 77
66 96
66 69
66 70
66 110
67 76
67 80
67 83
67 87
67 88
67 108
67 109
67 68
67 98
67 104
67 75
67 103
67 70
67 71
67 72
67 73
67 74
67 110
67 77
67 90
67 79
67 81
67 82
67 86
67 84
67 85
67 92
67 102
67 93
67 78
67 94
67 95
67 96
67 106
67 100
67 101
67 97
67 69
67 105
67 91
68 76
68 80
68 83
68 87
68 88
68 108
68 109
68 98
68 75
68 103
68 85
68 79
68 89
68 93
68 94
68 100
68 105
68 73
68 74
68 78
68 101
68 81
68 82
68 102
68 84
68 92
68 95
68 99
68 97
68 90
68 91
68 106
68 107
68 71
68 77
68 96
68 69
68 112
68 70
69 76
69 80
69 83
69 87
69 88
69 108
69 109
69 98
69 104
69 75
69 103
69 85
69 79
69 89
69 94
69 100
69 105
69 72
69 73
69 74
69 78
69 101
69 81
69 82
69 102
69 84
69 92
69 95
69 90
69 91
69 107
69 71
69 77
69 96
69 106
69 70
69 112
70 76
70 80
70 83
70 87
70 88
70 108
70 109
70 98
70 104
70 75
70 103
70 85
70 79
70 89
70 93
70 94
70 100
70 105
70 72
70 73
70 74
70 78
70 101
70 81
70 82
70 102
70 86
70 84
70 92
70 95
70 99
70 97
70 90
70 91
70 107
70 71
70 77
70 96
70 106
70 112
71 76
71 80
71 83
71 87
71 88
71 108
71 109
71 98
71 104
71 75
71 103
71 85
71 79
71 89
71 93
71 94
71 100
71 105
71 72
71 73
71 74
71 78
71 101
71 81
71 82
71 102
71 86
71 84
71 92
71 95
71 99
71 97
71 91
71 107
71 77
71 96
71 106
72 76
72 80
72 83
72 87
72 88
72 108
72 109
72 98
72 104
72 75
72 103
72 85
72 79
72 89
72 93
72 94
72 105
72 84
72 73
72 74
72 110
72 90
72 81
72 86
72 78
72 92
72 102
72 82
72 99
72 95
72 96
72 106
72 101
72 97
72 91
73 76
73 80
73 83
73 87
73 88
73 108
73 109
73 98
73 104
73 75
73 103
73 85
73 79
73 93
73 94
73 100
73 105
73 86
73 90
73 77
73 78
73 81
73 82
73 84
73 92
73 74
73 99
73 95
73 96
73 106
73 101
73 102
73 97
73 112
73 91
74 76
74 80
74 83
74 87
74 88
74 108
74 109
74 98
74 104
74 75
74 103
74 85
74 79
74 89
74 93
74 94
74 100
74 105
74 78
74 81
74 82
74 102
74 86
74 84
74 92
74 95
74 99
74 97
74 90
74 106
74 91
74 107
74 77
74 96
74 110
75 76
75 80
75 83
75 87
75 88
75 108
75 109
75 98
75 104
75 103
75 90
75 101
75 112
75 77
75 78
75 81
75 82
75 86
75 84
75 85
75 79
75 89
75 92
75 102
75 93
75 94
75 95
75 96
75 106
75 99
75 100
75 97
75 105
75 91
76 80
76 83
76 87
76 88
76 108
76 109
76 98
76 104
76 103
76 85
76 79
76 89
76 93
76 94
76 105
76 78
76 101
76 81
76 82
76 102
76 86
76 84
76 92
76 95
76 99
76 97
76 90
76 91
76 106
76 107
76 77
76 96
76 112
76 110
77 80
77 83
77 87
77 88
77 108
77 109
77 98
77 103
77 85
77 79
77 89
77 93
77 94
77 100
77 105
77 78
77 101
77 81
77 82
77 102
77 86
77 84
77 92
77 95
77 99
77 97
77 90
77 91
77 107
77 96
77 106
77 112
77 110
78 80
78 83
78 87
78 88
78 108
78 109
78 98
78 104
78 103
78 85
78 79
78 93
78 100
78 86
78 90
78 84
78 92
78 102
78 99
78 95
78 96
78 106
78 101
78 97
78 91
79 80
79 83
79 87
79 88
79 108
79 109
79 98
79 104
79 103
79 85
79 110
79 90
79 81
79 86
79 84
79 89
79 92
79 102
79 93
79 99
79 94
79 95
79 96
79 106
79 100
79 101
79 105
79 91
80 106
80 110
80 101
80 81
80 82
80 103
80 86
80 85
80 87
80 88
80 98
80 89
80 91
80 92
80 102
80 83
80 93
80 94
80 95
80 96
80 99
80 100
80 97
80 112
80 104
80 105
80 108
80 109
81 83
81 87
81 88
81 108
81 109
81 98
81 104
81 103
81 85
81 89
81 93
81 94
81 100
81 105
81 101
81 95
81 107
81 90
81 86
81 84
81 92
81 82
81 99
81 106
81 97
81 110
81 91
81 96
82 83
82 87
82 88
82 108
82 109
82 104
82 103
82 85
82 89
82 93
82 100
82 105
82 102
82 84
82 92
82 95
82 99
82 97
82 90
82 91
82 106
82 107
82 96
82 112
82 110
83 87
83 88
83 108
83 109
83 98
83 104
83 103
83 85
83 89
83 93
83 94
83 100
83 105
83 86
83 101
83 102
83 84
83 92
83 95
83 99
83 97
83 90
83 91
83 106
83 107
83 96
83 110
84 87
84 88
84 108
84 109
84 98
84 104
84 103
84 85
84 89
84 93
84 94
84 100
84 105
84 101
84 102
84 86
84 95
84 90
84 92
84 96
84 106
84 91
85 87
85 88
85 108
85 109
85 98
85 104
85 103
85 95
85 110
85 112
85 90
85 86
85 89
85 92
85 93
85 94
85 96
85 106
85 100
85 101
85 102
85 97
85 105
85 107
85 91
86 87
86 88
86 108
86 109
86 104
86 103
86 89
86 93
86 94
86 100
86 105
86 101
86 92
86 99
86 97
86 91
86 106
86 107
86 96
86 110
87 88
87 108
87 109
87 98
87 104
87 103
87 89
87 93
87 94
87 100
87 105
87 101
87 102
87 92
87 95
87 99
87 97
87 90
87 91
87 106
87 107
87 96
87 112
87 110
88 106
88 90
88 110
88 98
88 89
88 92
88 102
88 93
88 94
88 95
88 103
88 96
88 99
88 100
88 101
88 108
88 97
88 104
88 105
88 91
88 109
89 108
89 109
89 98
89 103
89 94
89 100
89 105
89 101
89 102
89 92
89 95
89 99
89 97
89 106
89 91
89 107
89 96
89 112
90 108
90 109
90 98
90 104
90 103
90 93
90 94
90 100
90 101
90 102
90 92
90 95
90 99
90 96
90 106
90 91
91 108
91 109
91 98
91 104
91 103
91 93
91 94
91 100
91 105
91 101
91 102
91 92
91 95
91 99
91 97
91 110
91 106
91 112
91 107
91 96
92 108
92 109
92 98
92 104
92 103
92 93
92 94
92 100
92 105
92 101
92 102
92 110
92 99
92 95
92 96
92 106
92 97
92 112
92 107
93 108
93 109
93 98
93 104
93 107
93 110
93 102
93 95
93 96
93 106
93 100
93 101
93 105
94 108
94 109
94 98
94 104
94 103
94 100
94 105
94 101
94 102
94 95
94 99
94 97
94 106
94 107
94 96
94 110
95 108
95 109
95 98
95 104
95 103
95 100
95 105
95 101
95 102
95 99
95 97
95 106
95 107
95 96
95 112
95 110
96 108
96 109
96 98
96 104
96 103
96 100
96 105
96 101
96 102
96 99
96 97
96 106
97 108
97 109
97 104
97 103
97 100
97 105
97 101
97 102
97 99
97 106
97 107
97 112
97 110
98 108
98 109
98 101
98 103
98 107
98 102
98 106
98 99
98 100
98 104
98 105
99 108
99 109
99 100
99 105
99 107
99 106
99 112
99 110
100 108
100 109
100 104
100 103
100 110
100 101
100 102
100 105
100 106
100 107
101 108
101 109
101 104
101 103
101 105
101 107
101 110
101 102
101 106
102 108
102 109
102 104
102 103
102 105
102 110
102 106
102 112
103 108
103 109
103 104
103 110
103 106
103 105
104 108
104 109
104 107
104 110
104 106
104 105
105 108
105 109
105 106
105 107
105 112
105 110
106 108
106 109
106 110
106 112
107 108
107 109
107 110
107 112
108 109
108 110
109 110
110 112
111 112
