0 0
0 1
0 2
0 3
0 4
0 5
0 6
0 7
0 8
1 1
1 9
1 3
1 10
1 5
1 11
1 6
1 7
1 8
1 12
2 13
2 2
2 9
2 19
2 3
2 4
2 5
2 16
2 20
2 7
2 8
2 17
2 18
2 21
3 9
3 3
3 10
3 4
3 5
3 11
3 6
3 7
3 8
4 13
4 14
4 19
4 4
4 5
4 15
4 16
4 20
4 7
4 17
4 18
5 9
5 19
5 23
5 10
5 5
5 11
5 16
5 20
5 24
5 7
5 8
5 18
5 21
6 10
6 6
6 7
6 8
6 12
7 13
7 9
7 7
7 8
7 17
7 18
7 21
8 9
8 22
8 10
8 11
8 8
8 12
8 18
8 21
8 25
9 9
9 22
9 23
9 10
9 11
9 20
9 24
9 12
9 18
9 21
9 25
10 22
10 10
10 11
10 27
11 22
11 23
11 26
11 11
11 27
11 20
11 24
11 28
11 12
11 21
11 25
12 22
12 27
12 12
12 21
12 25
12 29
13 13
13 14
13 15
13 16
13 17
13 18
14 31
14 14
14 19
14 40
14 15
14 16
14 38
14 41
14 17
14 18
14 36
14 39
14 42
15 31
15 37
15 40
15 33
15 15
15 16
15 34
15 38
15 41
15 17
15 36
15 39
16 19
16 40
16 43
16 16
16 20
16 38
16 41
16 44
16 17
16 18
16 39
16 42
17 31
17 19
17 17
17 18
17 36
17 39
17 42
18 19
18 23
18 20
18 18
18 21
18 39
18 42
18 45
19 19
19 23
19 43
19 20
19 41
19 44
19 21
19 39
19 42
19 45
20 23
20 43
20 46
20 20
20 24
20 41
20 44
20 47
20 21
20 42
20 45
21 22
21 23
21 26
21 24
21 21
21 25
21 42
21 45
21 48
22 22
22 26
22 27
22 24
22 28
22 25
22 29
23 23
23 26
23 46
23 24
23 44
23 47
23 25
23 42
23 45
23 48
24 26
24 46
24 50
24 27
24 24
24 28
24 44
24 47
24 51
24 25
24 45
24 48
25 26
25 49
25 27
25 28
25 25
25 29
25 45
25 48
25 52
26 26
26 49
26 50
26 27
26 28
26 47
26 51
26 29
26 45
26 48
26 52
27 49
27 27
27 28
27 54
28 49
28 50
28 53
28 28
28 54
28 47
28 51
28 29
28 48
28 52
29 49
29 54
29 29
29 48
29 52
30 30
30 31
30 32
30 33
30 34
30 35
30 36
31 31
31 37
31 33
31 34
31 38
31 35
31 36
31 39
32 32
32 37
32 55
32 33
32 34
32 56
32 57
32 35
32 36
32 58
32 59
33 37
33 33
33 34
33 38
33 35
33 36
34 37
34 55
34 60
34 34
34 38
34 56
34 57
34 61
34 35
34 36
34 58
34 59
35 37
35 35
35 36
35 58
35 59
36 37
36 40
36 38
36 36
36 39
36 58
36 59
36 62
37 37
37 40
37 60
37 38
37 57
37 61
37 39
37 58
37 59
37 62
38 40
38 60
38 63
38 38
38 41
38 57
38 61
38 64
38 39
38 59
38 62
39 40
39 43
39 41
39 39
39 42
39 59
39 62
39 65
40 40
40 43
40 63
40 41
40 61
40 64
40 42
40 59
40 62
40 65
41 43
41 63
41 66
41 41
41 44
41 61
41 64
41 67
41 42
41 62
41 65
42 43
42 46
42 44
42 42
42 45
42 62
42 65
42 68
43 43
43 46
43 66
43 44
43 64
43 67
43 45
43 62
43 65
43 68
44 46
44 66
44 69
44 44
44 47
44 64
44 67
44 70
44 45
44 65
44 68
45 46
45 50
45 47
45 45
45 48
45 65
45 68
45 71
46 46
46 50
46 69
46 47
46 67
46 70
46 48
46 65
46 68
46 71
47 50
47 69
47 72
47 47
47 51
47 67
47 70
47 73
47 48
47 68
47 71
48 49
48 50
48 53
48 51
48 48
48 52
48 68
48 71
48 74
49 49
49 53
49 54
49 51
49 52
50 50
50 53
50 72
50 51
50 70
50 73
50 52
50 68
50 71
50 74
51 53
51 72
51 75
51 54
51 51
51 70
51 73
51 52
51 71
51 74
52 53
52 54
52 52
52 71
52 74
53 53
53 75
53 54
53 73
53 71
53 74
54 54
55 77
55 55
55 60
55 87
55 56
55 57
55 85
55 88
55 58
55 59
55 83
55 86
55 89
56 77
56 84
56 87
56 79
56 56
56 57
56 81
56 85
56 88
56 58
56 83
56 86
57 60
57 87
57 90
57 57
57 61
57 85
57 88
57 91
57 58
57 59
57 86
57 89
58 77
58 60
58 58
58 59
58 83
58 86
58 89
59 60
59 63
59 61
59 59
59 62
59 86
59 89
59 92
60 60
60 63
60 90
60 61
60 88
60 91
60 62
60 86
60 89
60 92
61 63
61 90
61 93
61 61
61 64
61 88
61 91
61 94
61 62
61 89
61 92
62 63
62 66
62 64
62 62
62 65
62 89
62 92
62 95
63 63
63 66
63 93
63 64
63 91
63 94
63 65
63 89
63 92
63 95
64 66
64 93
64 96
64 64
64 67
64 91
64 94
64 97
64 65
64 92
64 95
65 66
65 69
65 67
65 65
65 68
65 92
65 95
65 98
66 66
66 69
66 96
66 67
66 94
66 97
66 68
66 92
66 95
66 98
67 69
67 96
67 99
67 67
67 70
67 94
67 97
67 100
67 68
67 95
67 98
68 69
68 72
68 70
68 68
68 71
68 95
68 98
68 101
69 69
69 72
69 99
69 70
69 97
69 100
69 71
69 95
69 98
69 101
70 72
70 99
70 102
70 70
70 73
70 97
70 100
70 103
70 71
70 98
70 101
71 72
71 75
71 73
71 71
71 74
71 98
71 101
71 104
72 72
72 75
72 102
72 73
72 100
72 103
72 74
72 98
72 101
72 104
73 75
73 102
73 105
73 73
73 100
73 103
73 106
73 74
73 101
73 104
74 75
74 74
74 101
74 104
75 75
75 105
75 103
75 106
75 101
75 104
76 76
76 77
76 78
76 79
76 80
76 81
76 82
76 83
77 77
77 84
77 79
77 81
77 85
77 82
77 83
77 86
78 107
78 78
78 84
78 112
78 79
78 80
78 81
78 109
78 113
78 82
78 83
78 110
78 111
78 114
79 84
79 79
79 80
79 81
79 85
79 82
79 83
80 107
80 108
80 112
80 80
80 81
80 109
80 113
80 82
80 110
80 111
81 84
81 112
81 115
81 81
81 85
81 109
81 113
81 116
81 82
81 83
81 111
81 114
82 107
82 84
82 82
82 83
82 110
82 111
82 114
83 84
83 87
83 85
83 83
83 86
83 111
83 114
83 117
84 84
84 87
84 115
84 85
84 113
84 116
84 86
84 111
84 114
84 117
85 87
85 115
85 118
85 85
85 88
85 113
85 116
85 119
85 86
85 114
85 117
86 87
86 90
86 88
86 86
86 89
86 114
86 117
86 120
87 87
87 90
87 118
87 88
87 116
87 119
87 89
87 114
87 117
87 120
88 90
88 118
88 121
88 88
88 91
88 116
88 119
88 122
88 89
88 117
88 120
89 90
89 93
89 91
89 89
89 92
89 117
89 120
89 123
90 90
90 93
90 121
90 91
90 119
90 122
90 92
90 117
90 120
90 123
91 93
91 121
91 124
91 91
91 94
91 119
91 122
91 125
91 92
91 120
91 123
92 93
92 96
92 94
92 92
92 95
92 120
92 123
92 126
93 93
93 96
93 124
93 94
93 122
93 125
93 95
93 120
93 123
93 126
94 96
94 124
94 127
94 94
94 97
94 122
94 125
94 128
94 95
94 123
94 126
95 96
95 99
95 97
95 95
95 98
95 123
95 126
95 129
96 96
96 99
96 127
96 97
96 125
96 128
96 98
96 123
96 126
96 129
97 99
97 127
97 130
97 97
97 100
97 125
97 128
97 131
97 98
97 126
97 129
98 99
98 102
98 100
98 98
98 101
98 126
98 129
98 132
99 99
99 102
99 130
99 100
99 128
99 131
99 101
99 126
99 129
99 132
100 102
100 130
100 133
100 100
100 103
100 128
100 131
100 134
100 101
100 129
100 132
101 102
101 105
101 103
101 101
101 104
101 129
101 132
101 135
102 102
102 105
102 133
102 103
102 131
102 134
102 104
102 129
102 132
102 135
103 105
103 133
103 137
103 103
103 106
103 131
103 134
103 138
103 104
103 132
103 135
104 105
104 136
104 106
104 104
104 132
104 135
104 139
105 105
105 136
105 137
105 106
105 134
105 138
105 132
105 135
105 139
106 136
106 137
106 140
106 106
106 134
106 138
106 135
106 139
107 107
107 108
107 109
107 110
107 111
108 108
108 112
108 141
108 109
108 142
108 110
108 111
108 143
108 144
109 112
109 141
109 145
109 109
109 113
109 142
109 146
109 110
109 111
109 143
109 144
110 112
110 110
110 111
110 143
110 144
111 112
111 115
111 113
111 111
111 114
111 143
111 144
111 147
112 112
112 115
112 145
112 113
112 142
112 146
112 114
112 143
112 144
112 147
113 115
113 145
113 148
113 113
113 116
113 142
113 146
113 149
113 114
113 144
113 147
114 115
114 118
114 116
114 114
114 117
114 144
114 147
114 150
115 115
115 118
115 148
115 116
115 146
115 149
115 117
115 144
115 147
115 150
116 118
116 148
116 151
116 116
116 119
116 146
116 149
116 152
116 117
116 147
116 150
117 118
117 121
117 119
117 117
117 120
117 147
117 150
117 153
118 118
118 121
118 151
118 119
118 149
118 152
118 120
118 147
118 150
118 153
119 121
119 151
119 154
119 119
119 122
119 149
119 152
119 155
119 120
119 150
119 153
120 121
120 124
120 122
120 120
120 123
120 150
120 153
120 156
121 121
121 124
121 154
121 122
121 152
121 155
121 123
121 150
121 153
121 156
122 124
122 154
122 157
122 122
122 125
122 152
122 155
122 158
122 123
122 153
122 156
123 124
123 127
123 125
123 123
123 126
123 153
123 156
123 159
124 124
124 127
124 157
124 125
124 155
124 158
124 126
124 153
124 156
124 159
125 127
125 157
125 160
125 125
125 128
125 155
125 158
125 161
125 126
125 156
125 159
126 127
126 130
126 128
126 126
126 129
126 156
126 159
126 162
127 127
127 130
127 160
127 128
127 158
127 161
127 129
127 156
127 159
127 162
128 130
128 160
128 163
128 128
128 131
128 158
128 161
128 164
128 129
128 159
128 162
129 130
129 133
129 131
129 129
129 132
129 159
129 162
129 165
130 130
130 133
130 163
130 131
130 161
130 164
130 132
130 159
130 162
130 165
131 133
131 163
131 166
131 131
131 134
131 161
131 164
131 167
131 132
131 162
131 165
132 133
132 137
132 134
132 132
132 135
132 162
132 165
132 168
133 133
133 137
133 166
133 134
133 164
133 167
133 135
133 162
133 165
133 168
134 137
134 166
134 169
134 134
134 138
134 164
134 167
134 170
134 135
134 165
134 168
135 136
135 137
135 140
135 138
135 135
135 139
135 165
135 168
135 171
136 136
136 140
136 138
136 139
137 137
137 140
137 169
137 138
137 167
137 170
137 139
137 165
137 168
137 171
138 140
138 169
138 172
138 138
138 167
138 170
138 173
138 139
138 168
138 171
139 140
139 139
139 168
139 171
140 140
140 172
140 170
140 173
140 168
140 171
141 141
141 145
141 142
141 143
141 144
141 174
142 145
142 175
142 142
142 146
142 176
142 143
142 144
142 174
143 145
143 143
143 144
143 174
144 145
144 148
144 146
144 144
144 147
144 174
144 177
145 145
145 148
145 175
145 146
145 176
145 147
145 174
145 177
146 148
146 175
146 178
146 146
146 149
146 176
146 179
146 147
146 174
146 177
147 148
147 151
147 149
147 147
147 150
147 174
147 177
147 180
148 148
148 151
148 178
148 149
148 176
148 179
148 150
148 174
148 177
148 180
149 151
149 178
149 181
149 149
149 152
149 176
149 179
149 182
149 150
149 177
149 180
150 151
150 154
150 152
150 150
150 153
150 177
150 180
150 183
151 151
151 154
151 181
151 152
151 179
151 182
151 153
151 177
151 180
151 183
152 154
152 181
152 184
152 152
152 155
152 179
152 182
152 185
152 153
152 180
152 183
153 154
153 157
153 155
153 153
153 156
153 180
153 183
153 186
154 154
154 157
154 184
154 155
154 182
154 185
154 156
154 180
154 183
154 186
155 157
155 184
155 187
155 155
155 158
155 182
155 185
155 188
155 156
155 183
155 186
156 157
156 160
156 158
156 156
156 159
156 183
156 186
156 189
157 157
157 160
157 187
157 158
157 185
157 188
157 159
157 183
157 186
157 189
158 160
158 187
158 190
158 158
158 161
158 185
158 188
158 191
158 159
158 186
158 189
159 160
159 163
159 161
159 159
159 162
159 186
159 189
159 192
160 160
160 163
160 190
160 161
160 188
160 191
160 162
160 186
160 189
160 192
161 163
161 190
161 193
161 161
161 164
161 188
161 191
161 194
161 162
161 189
161 192
162 163
162 166
162 164
162 162
162 165
162 189
162 192
162 195
163 163
163 166
163 193
163 164
163 191
163 194
163 165
163 189
163 192
163 195
164 166
164 193
164 196
164 164
164 167
164 191
164 194
164 197
164 165
164 192
164 195
165 166
165 169
165 167
165 165
165 168
165 192
165 195
165 198
166 166
166 169
166 196
166 167
166 194
166 197
166 168
166 192
166 195
166 198
167 169
167 196
167 199
167 167
167 170
167 194
167 197
167 200
167 168
167 195
167 198
168 169
168 172
168 170
168 168
168 171
168 195
168 198
168 201
169 169
169 172
169 199
169 170
169 197
169 200
169 171
169 195
169 198
169 201
170 172
170 199
170 203
170 170
170 173
170 197
170 200
170 204
170 171
170 198
170 201
171 172
171 202
171 173
171 171
171 198
171 201
171 205
172 172
172 202
172 203
172 173
172 200
172 204
172 198
172 201
172 205
173 202
173 203
173 206
173 173
173 200
173 204
173 201
173 205
174 175
174 178
174 176
174 174
174 177
175 175
175 178
175 176
175 177
176 178
176 176
176 179
176 177
177 178
177 181
177 179
177 177
177 180
177 207
178 178
178 181
178 179
178 180
178 207
179 181
179 208
179 179
179 182
179 209
179 180
179 207
180 181
180 184
180 182
180 180
180 183
180 207
180 210
181 181
181 184
181 208
181 182
181 209
181 183
181 207
181 210
182 184
182 208
182 211
182 182
182 185
182 209
182 212
182 183
182 207
182 210
183 184
183 187
183 185
183 183
183 186
183 207
183 210
183 213
184 184
184 187
184 211
184 185
184 209
184 212
184 186
184 207
184 210
184 213
185 187
185 211
185 214
185 185
185 188
185 209
185 212
185 215
185 186
185 210
185 213
186 187
186 190
186 188
186 186
186 189
186 210
186 213
186 216
187 187
187 190
187 214
187 188
187 212
187 215
187 189
187 210
187 213
187 216
188 190
188 214
188 217
188 188
188 191
188 212
188 215
188 218
188 189
188 213
188 216
189 190
189 193
189 191
189 189
189 192
189 213
189 216
189 219
190 190
190 193
190 217
190 191
190 215
190 218
190 192
190 213
190 216
190 219
191 193
191 217
191 220
191 191
191 194
191 215
191 218
191 221
191 192
191 216
191 219
192 193
192 196
192 194
192 192
192 195
192 216
192 219
192 222
193 193
193 196
193 220
193 194
193 218
193 221
193 195
193 216
193 219
193 222
194 196
194 220
194 223
194 194
194 197
194 218
194 221
194 224
194 195
194 219
194 222
195 196
195 199
195 197
195 195
195 198
195 219
195 222
195 225
196 196
196 199
196 223
196 197
196 221
196 224
196 198
196 219
196 222
196 225
197 199
197 223
197 226
197 197
197 200
197 221
197 224
197 227
197 198
197 222
197 225
198 199
198 203
198 200
198 198
198 201
198 222
198 225
198 228
199 199
199 203
199 226
199 200
199 224
199 227
199 201
199 222
199 225
199 228
200 203
200 226
200 229
200 200
200 204
200 224
200 227
200 230
200 201
200 225
200 228
201 202
201 203
201 206
201 204
201 201
201 205
201 225
201 228
201 231
202 202
202 206
202 204
202 205
203 203
203 206
203 229
203 204
203 227
203 230
203 205
203 225
203 228
203 231
204 206
204 229
204 232
204 204
204 227
204 230
204 233
204 205
204 228
204 231
205 206
205 205
205 228
205 231
206 206
206 232
206 230
206 233
206 228
206 231
207 208
207 211
207 209
207 207
207 210
207 234
208 208
208 211
208 209
208 210
208 234
209 211
209 235
209 209
209 212
209 236
209 210
209 234
210 211
210 214
210 212
210 210
210 213
210 234
210 237
211 211
211 214
211 235
211 212
211 236
211 213
211 234
211 237
212 214
212 235
212 238
212 212
212 215
212 236
212 239
212 213
212 234
212 237
213 214
213 217
213 215
213 213
213 216
213 234
213 237
213 240
214 214
214 217
214 238
214 215
214 236
214 239
214 216
214 234
214 237
214 240
215 217
215 238
215 241
215 215
215 218
215 236
215 239
215 242
215 216
215 237
215 240
216 217
216 220
216 218
216 216
216 219
216 237
216 240
216 243
217 217
217 220
217 241
217 218
217 239
217 242
217 219
217 237
217 240
217 243
218 220
218 241
218 244
218 218
218 221
218 239
218 242
218 245
218 219
218 240
218 243
219 220
219 223
219 221
219 219
219 222
219 240
219 243
219 246
220 220
220 223
220 244
220 221
220 242
220 245
220 222
220 240
220 243
220 246
221 223
221 244
221 247
221 221
221 224
221 242
221 245
221 248
221 222
221 243
221 246
222 223
222 226
222 224
222 222
222 225
222 243
222 246
222 249
223 223
223 226
223 247
223 224
223 245
223 248
223 225
223 243
223 246
223 249
224 226
224 247
224 250
224 224
224 227
224 245
224 248
224 251
224 225
224 246
224 249
225 226
225 229
225 227
225 225
225 228
225 246
225 249
225 252
226 226
226 229
226 250
226 227
226 248
226 251
226 228
226 246
226 249
226 252
227 229
227 250
227 253
227 227
227 230
227 248
227 251
227 254
227 228
227 249
227 252
228 229
228 232
228 230
228 228
228 231
228 249
228 252
228 255
229 229
229 232
229 253
229 230
229 251
229 254
229 231
229 249
229 252
229 255
230 232
230 253
230 257
230 230
230 233
230 251
230 254
230 231
230 252
230 255
231 232
231 256
231 233
231 231
231 252
231 255
232 232
232 256
232 257
232 233
232 254
232 252
232 255
233 257
233 233
233 254
233 255
234 235
234 238
234 236
234 234
234 237
234 260
234 261
235 235
235 238
235 258
235 236
235 259
235 237
235 260
235 261
236 238
236 258
236 262
236 236
236 239
236 259
236 263
236 237
236 260
236 261
237 238
237 241
237 239
237 237
237 240
237 260
237 261
237 264
238 238
238 241
238 262
238 239
238 259
238 263
238 240
238 260
238 261
238 264
239 241
239 262
239 265
239 239
239 242
239 259
239 263
239 266
239 240
239 261
239 264
240 241
240 244
240 242
240 240
240 243
240 261
240 264
240 267
241 241
241 244
241 265
241 242
241 263
241 266
241 243
241 261
241 264
241 267
242 244
242 265
242 268
242 242
242 245
242 263
242 266
242 269
242 243
242 264
242 267
243 244
243 247
243 245
243 243
243 246
243 264
243 267
243 270
244 244
244 247
244 268
244 245
244 266
244 269
244 246
244 264
244 267
244 270
245 247
245 268
245 271
245 245
245 248
245 266
245 269
245 272
245 246
245 267
245 270
246 247
246 250
246 248
246 246
246 249
246 267
246 270
246 273
247 247
247 250
247 271
247 248
247 269
247 272
247 249
247 267
247 270
247 273
248 250
248 271
248 274
248 248
248 251
248 269
248 272
248 275
248 249
248 270
248 273
249 250
249 253
249 251
249 249
249 252
249 270
249 273
249 276
250 250
250 253
250 274
250 251
250 272
250 275
250 252
250 270
250 273
250 276
251 253
251 274
251 277
251 251
251 254
251 272
251 275
251 252
251 273
251 276
252 253
252 257
252 254
252 252
252 255
252 273
252 276
253 253
253 257
253 277
253 254
253 275
253 255
253 273
253 276
254 257
254 277
254 254
254 275
254 255
254 276
255 256
255 257
255 255
255 276
256 256
257 257
257 276
258 258
258 262
258 278
258 259
258 279
258 280
258 260
258 261
258 281
258 282
259 262
259 278
259 283
259 259
259 263
259 279
259 280
259 284
259 260
259 261
259 281
259 282
260 262
260 260
260 261
260 281
260 282
261 262
261 265
261 263
261 261
261 264
261 281
261 282
261 285
262 262
262 265
262 283
262 263
262 280
262 284
262 264
262 281
262 282
262 285
263 265
263 283
263 286
263 263
263 266
263 280
263 284
263 287
263 264
263 282
263 285
264 265
264 268
264 266
264 264
264 267
264 282
264 285
264 288
265 265
265 268
265 286
265 266
265 284
265 287
265 267
265 282
265 285
265 288
266 268
266 286
266 289
266 266
266 269
266 284
266 287
266 290
266 267
266 285
266 288
267 268
267 271
267 269
267 267
267 270
267 285
267 288
267 291
268 268
268 271
268 289
268 269
268 287
268 290
268 270
268 285
268 288
268 291
269 271
269 289
269 292
269 269
269 272
269 287
269 290
269 293
269 270
269 288
269 291
270 271
270 274
270 272
270 270
270 273
270 288
270 291
270 294
271 271
271 274
271 292
271 272
271 290
271 293
271 273
271 288
271 291
271 294
272 274
272 292
272 295
272 272
272 275
272 290
272 293
272 296
272 273
272 291
272 294
273 274
273 277
273 275
273 273
273 276
273 291
273 294
273 297
274 274
274 277
274 295
274 275
274 293
274 296
274 276
274 291
274 294
274 297
275 277
275 295
275 298
275 275
275 293
275 296
275 299
275 276
275 294
275 297
276 277
276 276
276 294
276 297
277 277
277 298
277 296
277 299
277 294
277 297
278 300
278 278
278 283
278 306
278 279
278 280
278 303
278 307
278 281
278 282
278 304
278 305
278 308
279 300
279 301
279 306
279 279
279 280
279 302
279 303
279 307
279 281
279 304
279 305
280 283
280 306
280 309
280 280
280 284
280 303
280 307
280 310
280 281
280 282
280 305
280 308
281 300
281 283
281 281
281 282
281 304
281 305
281 308
282 283
282 286
282 284
282 282
282 285
282 305
282 308
282 311
283 283
283 286
283 309
283 284
283 307
283 310
283 285
283 305
283 308
283 311
284 286
284 309
284 312
284 284
284 287
284 307
284 310
284 313
284 285
284 308
284 311
285 286
285 289
285 287
285 285
285 288
285 308
285 311
285 314
286 286
286 289
286 312
286 287
286 310
286 313
286 288
286 308
286 311
286 314
287 289
287 312
287 315
287 287
287 290
287 310
287 313
287 316
287 288
287 311
287 314
288 289
288 292
288 290
288 288
288 291
288 311
288 314
288 317
289 289
289 292
289 315
289 290
289 313
289 316
289 291
289 311
289 314
289 317
290 292
290 315
290 318
290 290
290 293
290 313
290 316
290 319
290 291
290 314
290 317
291 292
291 295
291 293
291 291
291 294
291 314
291 317
291 320
292 292
292 295
292 318
292 293
292 316
292 319
292 294
292 314
292 317
292 320
293 295
293 318
293 321
293 293
293 296
293 316
293 319
293 322
293 294
293 317
293 320
294 295
294 298
294 296
294 294
294 297
294 317
294 320
294 323
295 295
295 298
295 321
295 296
295 319
295 322
295 297
295 317
295 320
295 323
296 298
296 321
296 325
296 296
296 299
296 319
296 322
296 326
296 297
296 320
296 323
297 298
297 324
297 299
297 297
297 320
297 323
297 327
298 298
298 324
298 325
298 299
298 322
298 326
298 320
298 323
298 327
299 324
299 325
299 328
299 299
299 322
299 326
299 323
299 327
300 300
300 301
300 302
300 303
300 304
300 305
301 329
301 301
301 306
301 334
301 302
301 303
301 331
301 335
301 304
301 305
301 332
301 333
301 336
302 329
302 330
302 334
302 302
302 303
302 331
302 335
302 304
302 332
302 333
303 306
303 334
303 337
303 303
303 307
303 331
303 335
303 304
303 305
303 333
303 336
304 329
304 306
304 304
304 305
304 332
304 333
304 336
305 306
305 309
305 307
305 305
305 308
305 333
305 336
306 306
306 309
306 337
306 307
306 335
306 308
306 333
306 336
307 309
307 337
307 307
307 310
307 335
307 308
307 336
308 309
308 312
308 310
308 308
308 311
308 336
308 338
309 309
309 312
309 310
309 311
309 336
309 338
310 312
310 339
310 310
310 313
310 340
310 311
310 338
311 312
311 315
311 313
311 311
311 314
311 338
311 341
312 312
312 315
312 339
312 313
312 340
312 314
312 338
312 341
313 315
313 339
313 342
313 313
313 316
313 340
313 343
313 314
313 338
313 341
314 315
314 318
314 316
314 314
314 317
314 338
314 341
314 344
315 315
315 318
315 342
315 316
315 340
315 343
315 317
315 338
315 341
315 344
316 318
316 342
316 345
316 316
316 319
316 340
316 343
316 346
316 317
316 341
316 344
317 318
317 321
317 319
317 317
317 320
317 341
317 344
317 347
318 318
318 321
318 345
318 319
318 343
318 346
318 320
318 341
318 344
318 347
319 321
319 345
319 348
319 319
319 322
319 343
319 346
319 349
319 320
319 344
319 347
320 321
320 325
320 322
320 320
320 323
320 344
320 347
320 350
321 321
321 325
321 348
321 322
321 346
321 349
321 323
321 344
321 347
321 350
322 325
322 348
322 351
322 322
322 326
322 346
322 349
322 323
322 347
322 350
323 324
323 325
323 328
323 326
323 323
323 327
323 347
323 350
324 324
324 328
324 326
324 327
325 325
325 328
325 351
325 326
325 349
325 327
325 347
325 350
326 328
326 351
326 326
326 349
326 327
326 350
327 328
327 327
327 350
328 328
328 350
329 329
329 330
329 331
329 332
329 333
330 330
330 334
330 352
330 331
330 353
330 332
330 333
330 354
330 355
331 334
331 352
331 356
331 331
331 335
331 353
331 332
331 333
331 354
331 355
332 334
332 332
332 333
332 354
332 355
333 334
333 337
333 335
333 333
333 336
333 354
333 355
334 334
334 337
334 356
334 335
334 353
334 336
334 354
334 355
335 337
335 356
335 335
335 353
335 336
335 355
336 337
336 336
336 355
337 337
337 355
338 339
338 342
338 340
338 338
338 341
338 357
339 339
339 342
339 340
339 341
339 357
340 342
340 358
340 340
340 343
340 359
340 341
340 357
341 342
341 345
341 343
341 341
341 344
341 357
341 360
342 342
342 345
342 358
342 343
342 359
342 344
342 357
342 360
343 345
343 358
343 361
343 343
343 346
343 359
343 344
343 357
343 360
344 345
344 348
344 346
344 344
344 347
344 357
344 360
345 345
345 348
345 361
345 346
345 359
345 347
345 357
345 360
346 348
346 361
346 346
346 349
346 359
346 347
346 360
347 348
347 351
347 349
347 347
347 350
347 360
348 348
348 351
348 349
348 350
348 360
349 351
349 349
349 350
350 351
350 350
351 351
352 352
352 356
352 353
352 354
352 355
353 356
353 353
353 354
353 355
354 356
354 354
354 355
355 356
355 355
356 356
357 358
357 361
357 359
357 357
357 360
358 358
358 361
358 359
358 360
359 361
359 359
359 360
360 361
360 360
361 361
