0 1
0 2
0 3
0 4
0 0
1 1300
1 2111
1 1
2 910
2 2
3 2187
3 3
4 4
5 6
5 5
6 176
6 1054
6 1318
6 605
6 1701
6 1706
6 1707
6 1708
6 1709
6 1710
6 1711
6 1712
6 6
7 8
7 9
7 10
7 7
8 11
8 880
8 1422
8 1423
8 1424
8 1425
8 1426
8 1427
8 1428
8 1429
8 1430
8 1431
8 1432
8 1433
8 8
9 11
9 880
9 1422
9 1423
9 1424
9 1425
9 2528
9 1426
9 1427
9 1428
9 1429
9 1430
9 1431
9 1432
9 1433
9 9
10 11
10 880
10 1422
10 1423
10 1424
10 1425
10 1426
10 1427
10 1428
10 1429
10 1430
10 1431
10 1432
10 1433
10 10
11 11
12 13
12 12
13 1739
13 813
13 13
14 15
14 16
14 17
14 14
15 66
15 1315
15 2171
15 2508
15 2609
15 2622
15 2623
15 15
16 1315
16 2508
16 2609
16 2622
16 2623
16 16
17 17
18 19
18 18
19 2157
19 2110
19 294
19 296
19 297
19 299
19 1087
19 2719
19 19
20 21
20 22
20 20
21 1222
21 21
22 1619
22 1917
22 1690
22 1436
22 2778
22 1649
22 2700
22 22
23 24
23 25
23 26
23 23
24 1933
24 552
24 2709
24 2710
24 2711
24 2712
24 2713
24 2714
24 24
25 25
26 1530
26 1612
26 1021
26 1696
26 626
26 2097
26 26
27 28
27 29
27 27
28 1936
28 644
28 28
29 1936
29 644
29 29
30 31
30 32
30 33
30 34
30 35
30 30
31 349
31 350
31 351
31 31
32 81
32 32
33 656
33 657
33 33
34 34
35 1702
35 1529
35 35
36 37
36 36
37 37
38 39
38 40
38 41
38 38
39 793
39 794
39 795
39 796
39 797
39 798
39 799
39 800
39 801
39 802
39 803
39 804
39 805
39 39
40 793
40 794
40 795
40 796
40 797
40 798
40 799
40 800
40 801
40 802
40 803
40 804
40 805
40 40
41 639
41 1199
41 793
41 794
41 795
41 796
41 797
41 798
41 799
41 800
41 801
41 2650
41 802
41 2651
41 461
41 803
41 804
41 805
41 41
42 43
42 42
43 572
43 1012
43 1013
43 1014
43 1151
43 1015
43 102
43 988
43 1152
43 1016
43 1017
43 1018
43 1019
43 1020
43 1153
43 1154
43 1155
43 1156
43 1024
43 1157
43 1158
43 43
44 45
44 46
44 47
44 48
44 44
45 585
45 586
45 587
45 45
46 1538
46 1753
46 46
47 750
47 47
48 1350
48 48
49 50
49 49
50 50
51 52
51 51
52 2294
52 2481
52 1512
52 556
52 52
53 54
53 55
53 53
54 1655
54 1872
54 1873
54 1874
54 1875
54 1876
54 1877
54 1878
54 1879
54 1880
54 1881
54 1882
54 1883
54 1884
54 1885
54 1886
54 1887
54 54
55 235
55 1655
55 1872
55 1873
55 1874
55 1875
55 2184
55 2229
55 1876
55 1877
55 1878
55 1879
55 1881
55 1882
55 1883
55 1884
55 1885
55 1886
55 1887
55 55
56 57
56 58
56 59
56 56
57 1610
57 1656
57 1809
57 1907
57 1909
57 1932
57 2065
57 2279
57 2396
57 2491
57 2529
57 2586
57 2646
57 2647
57 2838
57 1174
57 2843
57 2844
57 2845
57 57
58 1656
58 1907
58 1909
58 1932
58 2065
58 2279
58 2395
58 2396
58 2491
58 2529
58 2586
58 2646
58 2647
58 2838
58 635
58 2843
58 2844
58 58
59 1610
59 1656
59 1809
59 1907
59 1909
59 1932
59 2065
59 2279
59 2396
59 2491
59 2529
59 2586
59 2646
59 2647
59 2838
59 1174
59 2843
59 2844
59 2845
59 59
60 61
60 62
60 63
60 60
61 727
61 728
61 729
61 730
61 731
61 61
62 2483
62 62
63 727
63 728
63 1307
63 729
63 730
63 731
63 63
64 65
64 64
65 65
66 67
66 66
67 881
67 932
67 1378
67 669
67 1078
67 1944
67 1541
67 1945
67 1946
67 1947
67 1308
67 1948
67 1348
67 67
68 69
68 70
68 71
68 72
68 73
68 74
68 68
69 1575
69 1133
69 1744
69 1745
69 1746
69 1747
69 69
70 1563
70 1680
70 2119
70 2120
70 70
71 1174
71 71
72 1467
72 1468
72 1810
72 2336
72 769
72 72
73 637
73 1681
73 1177
73 958
73 73
74 513
74 2281
74 357
74 2602
74 74
75 76
75 75
76 292
76 1390
76 1728
76 1643
76 2587
76 1951
76 390
76 2778
76 2856
76 2930
76 2931
76 76
77 78
77 79
77 80
77 77
78 594
78 606
78 607
78 608
78 609
78 2014
78 577
78 610
78 611
78 612
78 613
78 1096
78 78
79 594
79 606
79 607
79 608
79 609
79 2014
79 577
79 610
79 611
79 612
79 613
79 1096
79 79
80 1050
80 80
81 82
81 81
82 162
82 2210
82 1507
82 1508
82 1509
82 1510
82 82
83 84
83 83
84 84
85 86
85 85
86 753
86 2066
86 2397
86 1403
86 127
86 86
87 88
87 89
87 90
87 91
87 87
88 1575
88 1576
88 1577
88 88
89 1611
89 2059
89 2392
89 2393
89 437
89 2165
89 89
90 530
90 2355
90 90
91 91
92 93
92 94
92 95
92 92
93 96
93 1477
93 93
94 96
94 1477
94 1392
94 94
95 96
95 1477
95 2736
95 95
96 96
97 98
97 97
98 365
98 616
98 1190
98 390
98 618
98 1512
98 2835
98 2836
98 98
99 100
99 101
99 102
99 103
99 104
99 105
99 99
100 100
101 1926
101 101
102 897
102 1533
102 192
102 1937
102 1766
102 1938
102 1769
102 1939
102 1940
102 1941
102 102
103 103
104 104
105 1325
105 298
105 105
106 107
106 108
106 106
107 107
108 832
108 833
108 834
108 835
108 836
108 108
109 110
109 109
110 1662
110 1910
110 2006
110 2007
110 1690
110 2008
110 2009
110 2010
110 2011
110 110
111 112
111 113
111 111
112 112
113 113
114 115
114 116
114 114
115 1252
115 1270
115 2849
115 929
115 2850
115 115
116 2849
116 116
117 118
117 119
117 120
117 121
117 122
117 123
117 117
118 254
118 191
118 255
118 256
118 118
119 254
119 191
119 255
119 256
119 119
120 254
120 191
120 255
120 256
120 120
121 254
121 191
121 255
121 256
121 121
122 254
122 191
122 255
122 256
122 122
123 254
123 191
123 255
123 256
123 123
124 125
124 124
125 2630
125 125
126 127
126 128
126 126
127 250
127 754
127 755
127 756
127 757
127 1532
127 2269
127 759
127 1411
127 1915
127 127
128 574
128 1306
128 2348
128 2354
128 1473
128 2314
128 128
129 130
129 129
130 1781
130 2380
130 2381
130 130
131 132
131 133
131 134
131 135
131 136
131 137
131 138
131 139
131 140
131 141
131 142
131 143
131 144
131 145
131 146
131 147
131 148
131 149
131 150
131 151
131 152
131 153
131 154
131 131
132 995
132 907
132 996
132 132
133 995
133 907
133 996
133 133
134 134
135 995
135 907
135 996
135 135
136 2088
136 484
136 2089
136 136
137 995
137 907
137 996
137 137
138 995
138 907
138 996
138 138
139 139
140 543
140 645
140 1451
140 140
141 648
141 1537
141 141
142 1349
142 2471
142 707
142 142
143 143
144 995
144 907
144 996
144 144
145 995
145 907
145 996
145 145
146 146
147 147
148 148
149 995
149 907
149 996
149 149
150 995
150 907
150 996
150 150
151 995
151 907
151 996
151 151
152 995
152 907
152 996
152 152
153 153
154 995
154 907
154 996
154 154
155 156
155 155
156 2521
156 2832
156 2833
156 2834
156 156
157 158
157 159
157 160
157 157
158 1002
158 1488
158 1489
158 1490
158 1491
158 1492
158 2015
158 2016
158 2017
158 2018
158 2019
158 2020
158 2021
158 2022
158 2023
158 2024
158 158
159 1002
159 1488
159 1489
159 1490
159 1491
159 1492
159 162
159 2015
159 2016
159 2017
159 1737
159 2018
159 1582
159 2020
159 2021
159 2022
159 2023
159 2024
159 159
160 1002
160 1488
160 1489
160 1490
160 1491
160 1492
160 1726
160 2015
160 2016
160 2017
160 2786
160 2018
160 2020
160 2021
160 2022
160 2023
160 2024
160 532
160 160
161 162
161 163
161 161
162 1134
162 162
163 826
163 1180
163 163
164 165
164 164
165 1856
165 165
166 167
166 168
166 166
167 1642
167 241
167 2071
167 2072
167 167
168 409
168 1642
168 412
168 241
168 2071
168 2012
168 2072
168 168
169 170
169 171
169 169
170 790
170 170
171 790
171 171
172 173
172 172
173 1564
173 1782
173 2041
173 619
173 173
174 175
174 174
175 1253
175 187
175 175
176 176
177 178
177 177
178 2077
178 2483
178 178
179 180
179 181
179 179
180 391
180 2582
180 2583
180 2740
180 2861
180 180
181 1574
181 1218
181 2643
181 1220
181 181
182 183
182 184
182 185
182 186
182 187
182 182
183 190
183 1264
183 1286
183 1791
183 1254
183 183
184 698
184 1666
184 787
184 184
185 190
185 1264
185 1286
185 1791
185 1254
185 185
186 1264
186 1286
186 1791
186 1254
186 186
187 187
188 189
188 188
189 2312
189 2545
189 2828
189 189
190 191
190 192
190 193
190 190
191 1122
191 1685
191 970
191 971
191 929
191 1711
191 1687
191 2081
191 191
192 193
192 2556
192 192
193 515
193 1579
193 1341
193 2267
193 2394
193 2045
193 193
194 195
194 194
195 997
195 485
195 195
196 197
196 198
196 199
196 200
196 201
196 202
196 203
196 196
197 383
197 669
197 384
197 670
197 671
197 197
198 2064
198 198
199 478
199 479
199 480
199 481
199 199
200 2064
200 200
201 661
201 1160
201 2692
201 201
202 957
202 202
203 1915
203 2580
203 1324
203 217
203 2566
203 203
204 205
204 206
204 207
204 204
205 489
205 205
206 531
206 1840
206 888
206 889
206 376
206 2527
206 206
207 508
207 1813
207 888
207 889
207 2262
207 2453
207 207
208 209
208 210
208 211
208 208
209 278
209 637
209 209
210 1225
210 1405
210 1798
210 2391
210 2412
210 2569
210 2670
210 210
211 211
212 213
212 214
212 215
212 216
212 217
212 218
212 219
212 212
213 980
213 981
213 982
213 213
214 214
215 1243
215 2473
215 1324
215 2474
215 215
216 216
217 217
218 218
219 219
220 221
220 222
220 220
221 505
221 897
221 1209
221 1138
221 2926
221 1455
221 2306
221 221
222 667
222 861
222 987
222 942
222 2501
222 1541
222 2894
222 2834
222 2976
222 2572
222 685
222 222
223 224
223 225
223 226
223 223
224 328
224 405
224 329
224 330
224 331
224 406
224 407
224 408
224 409
224 410
224 411
224 412
224 413
224 414
224 415
224 416
224 417
224 418
224 419
224 420
224 421
224 422
224 423
224 224
225 1620
225 1621
225 1622
225 787
225 225
226 864
226 578
226 226
227 228
227 227
228 1751
228 228
229 230
229 229
230 781
230 782
230 669
230 783
230 784
230 785
230 786
230 787
230 788
230 789
230 230
231 232
231 233
231 234
231 231
232 531
232 532
232 232
233 1310
233 1311
233 233
234 526
234 2608
234 234
235 236
235 237
235 235
236 2142
236 1224
236 236
237 681
237 237
238 239
238 240
238 241
238 238
239 1735
239 697
239 1736
239 239
240 790
240 240
241 2766
241 241
242 243
242 244
242 245
242 246
242 242
243 1147
243 243
244 1208
244 1209
244 1202
244 1210
244 244
245 1201
245 1208
245 1209
245 1202
245 1210
245 1220
245 245
246 601
246 1258
246 246
247 248
247 247
248 458
248 319
248 650
248 248
249 250
249 251
249 252
249 253
249 249
250 250
251 1590
251 1591
251 843
251 251
252 252
253 253
254 841
254 1963
254 254
255 764
255 1284
255 255
256 858
256 256
257 258
257 257
258 1998
258 258
259 260
259 261
259 259
260 962
260 1635
260 485
260 260
261 1497
261 261
262 263
262 264
262 262
263 263
264 264
265 266
265 265
266 1598
266 1629
266 1640
266 2539
266 2567
266 266
267 268
267 269
267 270
267 271
267 267
268 511
268 512
268 268
269 1195
269 1196
269 269
270 270
271 2258
271 271
272 273
272 274
272 275
272 272
273 959
273 491
273 1356
273 2078
273 2155
273 2300
273 1436
273 2535
273 2589
273 2590
273 2591
273 1542
273 2592
273 2593
273 2594
273 273
274 1353
274 1474
274 1943
274 2615
274 1021
274 2630
274 2745
274 2243
274 274
275 1642
275 1899
275 771
275 512
275 2641
275 629
275 997
275 2819
275 2981
275 275
276 277
276 276
277 810
277 2138
277 2174
277 2952
277 277
278 279
278 278
279 1127
279 2637
279 630
279 279
280 281
280 280
281 281
282 283
282 284
282 285
282 286
282 287
282 288
282 282
283 447
283 283
284 1525
284 284
285 2618
285 285
286 447
286 286
287 1436
287 287
288 957
288 288
289 290
289 291
289 289
290 1397
290 1398
290 1399
290 1400
290 589
290 290
291 1397
291 1398
291 1399
291 1400
291 589
291 291
292 293
292 294
292 295
292 296
292 297
292 298
292 299
292 292
293 1169
293 2150
293 2151
293 1767
293 1770
293 293
294 1240
294 294
295 1117
295 2530
295 295
296 1240
296 296
297 1240
297 297
298 637
298 2142
298 469
298 298
299 1240
299 299
300 301
300 302
300 303
300 304
300 305
300 300
301 717
301 1089
301 664
301 301
302 1904
302 2595
302 2596
302 2597
302 2598
302 1247
302 2599
302 302
303 1263
303 303
304 543
304 1677
304 1458
304 988
304 475
304 304
305 717
305 305
306 307
306 308
306 309
306 310
306 306
307 498
307 307
308 1901
308 1905
308 308
309 1901
309 1905
309 309
310 925
310 1804
310 1849
310 2423
310 1625
310 2589
310 2191
310 2851
310 2852
310 2374
310 310
311 312
311 311
312 312
313 314
313 315
313 316
313 317
313 313
314 1744
314 2289
314 314
315 631
315 692
315 1521
315 1217
315 2215
315 315
316 1612
316 1744
316 2289
316 316
317 628
317 960
317 1453
317 1552
317 2123
317 2270
317 2341
317 2547
317 2548
317 2955
317 2635
317 2983
317 2985
317 2986
317 317
318 319
318 320
318 321
318 322
318 318
319 975
319 1699
319 1028
319 1822
319 1823
319 1824
319 1825
319 1826
319 1827
319 1828
319 1829
319 1830
319 1831
319 1832
319 319
320 1475
320 320
321 977
321 979
321 2799
321 321
322 865
322 2288
322 1894
322 2403
322 2264
322 322
323 324
323 325
323 326
323 323
324 2101
324 324
325 2101
325 325
326 2101
326 326
327 328
327 329
327 330
327 331
327 332
327 333
327 334
327 335
327 336
327 337
327 338
327 339
327 327
328 567
328 409
328 568
328 412
328 569
328 570
328 571
328 328
329 567
329 409
329 568
329 412
329 569
329 570
329 571
329 329
330 567
330 409
330 568
330 412
330 569
330 570
330 571
330 330
331 567
331 409
331 568
331 412
331 569
331 570
331 571
331 331
332 1108
332 1109
332 1110
332 332
333 1256
333 1257
333 1258
333 1259
333 1260
333 333
334 368
334 369
334 1724
334 370
334 334
335 2062
335 2502
335 1600
335 335
336 336
337 337
338 338
339 339
340 341
340 342
340 340
341 1418
341 2893
341 341
342 342
343 344
343 345
343 346
343 343
344 1479
344 1480
344 344
345 362
345 364
345 1189
345 1479
345 1480
345 1836
345 682
345 2408
345 2409
345 1381
345 761
345 686
345 345
346 1478
346 1479
346 1480
346 1540
346 1897
346 1952
346 2440
346 2441
346 2442
346 2443
346 2588
346 2625
346 2655
346 2871
346 762
346 2653
346 1660
346 2916
346 346
347 348
347 347
348 476
348 482
348 1410
348 1714
348 2283
348 2284
348 619
348 1786
348 2285
348 1596
348 2286
348 1715
348 1348
348 348
349 1809
349 2140
349 1030
349 771
349 2668
349 2314
349 1249
349 2206
349 349
350 1931
350 350
351 722
351 934
351 1702
351 351
352 353
352 352
353 381
353 1116
353 1304
353 1633
353 1908
353 1377
353 2004
353 1853
353 2058
353 2266
353 2379
353 2578
353 2749
353 2775
353 2808
353 2860
353 2890
353 2891
353 353
354 355
354 356
354 357
354 358
354 354
355 355
356 1190
356 356
357 2028
357 2057
357 2649
357 1741
357 357
358 396
358 1370
358 358
359 360
359 359
360 361
360 651
360 652
360 653
360 654
360 655
360 656
360 657
360 658
360 659
360 660
360 360
361 361
362 363
362 362
363 364
363 1189
363 1836
363 682
363 2408
363 2409
363 1381
363 761
363 686
363 363
364 364
365 365
366 367
366 368
366 369
366 370
366 371
366 372
366 373
366 366
367 1062
367 1214
367 1330
367 2002
367 367
368 2212
368 368
369 462
369 470
369 900
369 2212
369 369
370 2212
370 370
371 846
371 847
371 849
371 850
371 851
371 852
371 853
371 854
371 855
371 856
371 857
371 371
372 1556
372 1557
372 1414
372 1559
372 372
373 1392
373 373
374 375
374 376
374 374
375 377
375 947
375 948
375 375
376 377
376 376
377 377
378 379
378 380
378 378
379 1664
379 379
380 1663
380 1220
380 2077
380 380
381 381
382 383
382 384
382 382
383 495
383 773
383 774
383 775
383 776
383 777
383 681
383 778
383 779
383 780
383 383
384 495
384 773
384 774
384 775
384 776
384 777
384 681
384 778
384 779
384 780
384 384
385 386
385 385
386 2152
386 2739
386 386
387 388
387 387
388 631
388 1243
388 1158
388 2474
388 2946
388 388
389 390
389 389
390 390
391 392
391 393
391 391
392 2054
392 1399
392 2127
392 2797
392 2811
392 2863
392 592
392 2949
392 392
393 2268
393 1123
393 393
394 395
394 394
395 614
395 2259
395 2260
395 395
396 397
396 398
396 399
396 400
396 401
396 402
396 396
397 601
397 397
398 1566
398 1583
398 471
398 907
398 398
399 1566
399 1583
399 471
399 907
399 399
400 1441
400 2449
400 400
401 1441
401 2449
401 401
402 728
402 1307
402 729
402 402
403 404
403 403
404 1009
404 1849
404 464
404 1850
404 1851
404 404
405 615
405 405
406 886
406 406
407 520
407 407
408 615
408 408
409 523
409 1055
409 845
409 846
409 847
409 1464
409 1465
409 848
409 1413
409 849
409 850
409 851
409 852
409 853
409 854
409 855
409 856
409 472
409 1466
409 857
409 409
410 1068
410 1069
410 410
411 411
412 523
412 1055
412 845
412 846
412 847
412 1464
412 1465
412 848
412 1413
412 849
412 850
412 851
412 852
412 853
412 854
412 855
412 856
412 472
412 1466
412 857
412 412
413 413
414 414
415 415
416 416
417 1249
417 1160
417 417
418 1505
418 418
419 419
420 440
420 420
421 2608
421 421
422 422
423 1753
423 423
424 425
424 426
424 427
424 424
425 698
425 699
425 427
425 1891
425 425
426 452
426 1888
426 2089
426 708
426 2840
426 426
427 698
427 699
427 1165
427 1166
427 427
428 429
428 430
428 431
428 428
429 1572
429 1506
429 1573
429 1569
429 1499
429 429
430 430
431 1449
431 1572
431 431
432 433
432 432
433 1967
433 916
433 1968
433 1969
433 433
434 435
434 434
435 751
435 2330
435 2716
435 2717
435 2718
435 435
436 437
436 438
436 436
437 439
437 886
437 1250
437 2003
437 741
437 1302
437 1124
437 437
438 439
438 1250
438 2003
438 2282
438 1894
438 2784
438 2826
438 438
439 439
440 441
440 442
440 443
440 444
440 440
441 1030
441 1309
441 441
442 456
442 961
442 1341
442 1342
442 1343
442 1154
442 1344
442 1345
442 1346
442 731
442 1347
442 1348
442 442
443 443
444 584
444 444
445 446
445 447
445 448
445 449
445 445
446 1304
446 2415
446 2839
446 2533
446 2523
446 2840
446 659
446 446
447 545
447 773
447 987
447 1549
447 2341
447 2445
447 447
448 735
448 669
448 1531
448 2232
448 448
449 449
450 451
450 450
451 451
452 453
452 452
453 1073
453 1391
453 1506
453 585
453 1507
453 1508
453 1509
453 1510
453 453
454 455
454 454
455 739
455 2633
455 455
456 457
456 456
457 470
457 965
457 966
457 967
457 968
457 969
457 970
457 971
457 972
457 973
457 974
457 457
458 459
458 460
458 461
458 458
459 650
459 459
460 650
460 2526
460 964
460 460
461 650
461 2814
461 461
462 462
463 464
463 465
463 466
463 467
463 468
463 469
463 463
464 742
464 648
464 1332
464 1258
464 464
465 1010
465 517
465 1767
465 1770
465 465
466 928
466 466
467 928
467 467
468 468
469 1457
469 1458
469 1860
469 1472
469 2920
469 469
470 471
470 472
470 473
470 470
471 967
471 1913
471 2628
471 2629
471 1914
471 471
472 967
472 1790
472 771
472 1774
472 2786
472 1808
472 2862
472 532
472 472
473 496
473 1236
473 967
473 719
473 1257
473 473
474 475
474 474
475 858
475 1118
475 2227
475 2297
475 2320
475 1340
475 2696
475 1380
475 2495
475 2747
475 475
476 477
476 478
476 479
476 480
476 481
476 476
477 477
478 505
478 1602
478 1388
478 2343
478 2532
478 2702
478 2703
478 1134
478 478
479 505
479 1602
479 1388
479 2343
479 2532
479 2702
479 2703
479 1134
479 479
480 505
480 1602
480 1388
480 2343
480 2532
480 2702
480 2703
480 1134
480 480
481 505
481 1602
481 1388
481 2343
481 2532
481 2702
481 2703
481 1134
481 481
482 483
482 484
482 485
482 486
482 487
482 488
482 482
483 515
483 1074
483 2353
483 483
484 1801
484 1791
484 2602
484 1520
484 484
485 1222
485 1978
485 1944
485 2783
485 485
486 899
486 2600
486 486
487 515
487 2353
487 487
488 1996
488 2241
488 2898
488 488
489 490
489 491
489 492
489 493
489 494
489 489
490 1092
490 1672
490 490
491 529
491 491
492 978
492 492
493 630
493 1683
493 2700
493 493
494 2062
494 494
495 495
496 497
496 496
497 497
498 522
498 2199
498 2200
498 498
499 500
499 499
500 1145
500 1493
500 500
501 502
501 501
502 860
502 502
503 504
503 503
504 2645
504 2917
504 2918
504 2919
504 504
505 505
506 507
506 506
507 645
507 2428
507 2938
507 1045
507 507
508 508
509 510
509 509
510 1664
510 2462
510 510
511 511
512 2555
512 512
513 514
513 513
514 514
515 516
515 517
515 518
515 515
516 1417
516 668
516 516
517 1040
517 1459
517 2315
517 2316
517 1896
517 517
518 1542
518 2507
518 518
519 520
519 519
520 1390
520 1807
520 2040
520 2421
520 2753
520 522
520 2754
520 2755
520 2497
520 520
521 522
521 521
522 522
523 524
523 525
523 526
523 523
524 524
525 1742
525 1743
525 2420
525 525
526 2329
526 2416
526 526
527 528
527 529
527 527
528 882
528 2217
528 2070
528 528
529 1268
529 1674
529 1356
529 1988
529 1173
529 2480
529 786
529 2897
529 529
530 530
531 943
531 944
531 531
532 870
532 2230
532 2787
532 1560
532 532
533 534
533 535
533 533
534 1440
534 624
534 1445
534 1446
534 1447
534 1448
534 534
535 1445
535 2336
535 2813
535 2875
535 535
536 537
536 538
536 536
537 1037
537 1038
537 537
538 1037
538 1038
538 538
539 540
539 539
540 1296
540 1297
540 540
541 542
541 541
542 542
543 544
543 543
544 2028
544 1463
544 1454
544 2652
544 2653
544 544
545 545
546 547
546 546
547 547
548 549
548 548
549 557
549 2121
549 2814
549 737
549 738
549 2943
549 549
550 551
550 552
550 553
550 550
551 1500
551 1198
551 2220
551 2221
551 2222
551 2223
551 2224
551 2119
551 551
552 554
552 1500
552 1546
552 1076
552 1981
552 1163
552 2049
552 2095
552 2109
552 2170
552 2188
552 2189
552 2276
552 2365
552 1937
552 2366
552 1554
552 2367
552 1938
552 1285
552 1082
552 1940
552 2368
552 982
552 744
552 2369
552 2370
552 2371
552 2372
552 1297
552 2373
552 2374
552 2375
552 2376
552 2064
552 552
553 1500
553 2134
553 712
553 1438
553 2604
553 2605
553 553
554 555
554 556
554 554
555 2241
555 2636
555 555
556 2062
556 1218
556 2446
556 2141
556 556
557 558
557 559
557 560
557 557
558 737
558 738
558 558
559 737
559 738
559 1211
559 1212
559 559
560 791
560 1899
560 2057
560 629
560 737
560 2502
560 738
560 2816
560 560
561 562
561 563
561 561
562 1579
562 1620
562 1547
562 1151
562 1855
562 2501
562 1937
562 1938
562 2715
562 1448
562 1940
562 2368
562 562
563 766
563 741
563 563
564 565
564 566
564 564
565 951
565 1135
565 676
565 1136
565 1137
565 1138
565 1139
565 1140
565 1141
565 1142
565 1143
565 1144
565 565
566 584
566 911
566 566
567 1369
567 567
568 1818
568 1819
568 568
569 2096
569 569
570 570
571 571
572 573
572 574
572 575
572 576
572 577
572 578
572 579
572 580
572 572
573 1012
573 1013
573 1014
573 1015
573 1016
573 1017
573 1018
573 1019
573 1020
573 1021
573 1022
573 1023
573 1024
573 1025
573 1026
573 573
574 1012
574 1013
574 1014
574 1015
574 1016
574 1017
574 1018
574 1019
574 1020
574 1133
574 1024
574 1134
574 574
575 1012
575 1013
575 1014
575 1015
575 728
575 1016
575 1017
575 1018
575 1019
575 1020
575 1307
575 729
575 1024
575 1308
575 575
576 1012
576 1013
576 1014
576 1528
576 1587
576 1015
576 1016
576 1017
576 1732
576 1018
576 1019
576 1020
576 1733
576 1024
576 1734
576 576
577 1012
577 1013
577 1014
577 775
577 1015
577 1016
577 1017
577 1018
577 1019
577 1020
577 1024
577 577
578 1012
578 1013
578 1014
578 1716
578 1015
578 1016
578 1017
578 1018
578 1019
578 1020
578 1416
578 1142
578 1024
578 2785
578 578
579 1012
579 1013
579 1014
579 1015
579 1016
579 1017
579 1018
579 1019
579 1020
579 1024
579 579
580 1012
580 1013
580 1014
580 1755
580 1015
580 1016
580 1017
580 1018
580 1019
580 1020
580 2821
580 1024
580 2938
580 580
581 582
581 581
582 770
582 991
582 992
582 1233
582 2108
582 2204
582 2247
582 2338
582 2413
582 2724
582 2725
582 2726
582 2727
582 2728
582 2729
582 582
583 584
583 583
584 1453
584 948
584 584
585 1221
585 2767
585 585
586 2228
586 648
586 2723
586 707
586 2796
586 2928
586 586
587 1506
587 1820
587 2687
587 2478
587 2966
587 587
588 589
588 590
588 588
589 589
590 936
590 635
590 590
591 592
591 591
592 772
592 1070
592 592
593 594
593 595
593 596
593 597
593 598
593 599
593 600
593 601
593 602
593 603
593 593
594 604
594 1041
594 1042
594 606
594 607
594 608
594 1043
594 944
594 610
594 611
594 630
594 1044
594 613
594 1045
594 1046
594 594
595 604
595 1042
595 1846
595 1974
595 1975
595 1052
595 1044
595 1976
595 1977
595 595
596 604
596 1042
596 1441
596 1985
596 1044
596 596
597 604
597 641
597 1042
597 598
597 2098
597 1975
597 1031
597 2099
597 1044
597 1518
597 1032
597 597
598 604
598 1042
598 2309
598 1044
598 603
598 598
599 604
599 1042
599 1044
599 599
600 604
600 1042
600 1266
600 688
600 1044
600 600
601 604
601 1042
601 624
601 1497
601 1044
601 1744
601 601
602 604
602 1042
602 1044
602 602
603 604
603 641
603 1042
603 2098
603 1975
603 1031
603 2099
603 1044
603 1518
603 1032
603 603
604 605
604 606
604 607
604 608
604 609
604 610
604 611
604 612
604 613
604 604
605 1438
605 1044
605 605
606 1041
606 1043
606 944
606 630
606 1044
606 1045
606 1046
606 606
607 1041
607 1043
607 944
607 630
607 1044
607 1045
607 1046
607 607
608 1041
608 1043
608 944
608 630
608 1044
608 1045
608 1046
608 608
609 1041
609 630
609 1046
609 609
610 1041
610 1043
610 944
610 630
610 1044
610 1045
610 1046
610 610
611 1041
611 1043
611 944
611 630
611 1044
611 1046
611 611
612 1041
612 630
612 1046
612 612
613 1041
613 1043
613 944
613 630
613 1044
613 1045
613 1046
613 613
614 614
615 718
615 732
615 837
615 838
615 839
615 840
615 1003
615 1091
615 1321
615 1585
615 1639
615 1868
615 1869
615 1978
615 2417
615 760
615 2467
615 2429
615 2430
615 2431
615 2432
615 2433
615 2434
615 2435
615 2436
615 2437
615 2438
615 615
616 617
616 618
616 619
616 620
616 621
616 616
617 617
618 1784
618 1133
618 1512
618 997
618 2477
618 618
619 1331
619 2688
619 619
620 1738
620 1512
620 1362
620 1507
620 1508
620 1509
620 1510
620 620
621 621
622 623
622 624
622 625
622 626
622 627
622 622
623 2142
623 623
624 624
625 1334
625 1297
625 625
626 626
627 627
628 629
628 630
628 628
629 1900
629 629
630 1328
630 1329
630 1675
630 1676
630 630
631 632
631 633
631 634
631 635
631 631
632 1246
632 1247
632 632
633 1289
633 1290
633 633
634 931
634 2319
634 1289
634 1022
634 634
635 2103
635 2939
635 635
636 637
636 638
636 636
637 735
637 2272
637 2273
637 637
638 2377
638 2351
638 1178
638 638
639 640
639 639
640 1118
640 2307
640 640
641 642
641 643
641 644
641 641
642 642
643 643
644 1983
644 2227
644 2361
644 1495
644 1615
644 644
645 646
645 647
645 648
645 649
645 645
646 1046
646 646
647 1604
647 2304
647 647
648 1584
648 2305
648 2463
648 2514
648 2516
648 2517
648 648
649 1604
649 2304
649 649
650 650
651 651
652 652
653 653
654 654
655 655
656 657
656 656
657 657
658 658
659 1950
659 1400
659 2988
659 659
660 660
661 662
661 663
661 664
661 665
661 666
661 661
662 1050
662 662
663 663
664 664
665 1352
665 665
666 1812
666 666
667 668
667 667
668 1558
668 1600
668 668
669 669
670 1635
670 1063
670 1454
670 1979
670 670
671 671
672 673
672 674
672 675
672 676
672 677
672 678
672 679
672 680
672 681
672 682
672 683
672 684
672 685
672 686
672 672
673 673
674 674
675 675
676 676
677 677
678 678
679 2323
679 679
680 680
681 681
682 682
683 683
684 1302
684 684
685 1727
685 685
686 686
687 688
687 687
688 1889
688 2320
688 2621
688 2650
688 892
688 2536
688 2676
688 2677
688 688
689 690
689 691
689 689
690 1435
690 1441
690 1863
690 2137
690 2226
690 2244
690 2300
690 2495
690 1648
690 930
690 2496
690 2497
690 2498
690 690
691 1188
691 1354
691 1789
691 2924
691 2515
691 2790
691 691
692 693
692 692
693 1263
693 1870
693 1217
693 2213
693 2214
693 2215
693 2216
693 693
694 695
694 694
695 1612
695 695
696 697
696 696
697 1970
697 1256
697 1257
697 1081
697 2888
697 1746
697 1679
697 2805
697 697
698 699
698 700
698 698
699 1165
699 1166
699 699
700 1584
700 1688
700 2308
700 2463
700 1638
700 2513
700 2514
700 1916
700 2515
700 2516
700 2517
700 700
701 702
701 703
701 701
702 709
702 1421
702 702
703 709
703 1421
703 703
704 705
704 706
704 707
704 708
704 704
705 705
706 1685
706 1713
706 2100
706 1011
706 1776
706 706
707 2110
707 707
708 708
709 710
709 711
709 712
709 713
709 714
709 715
709 716
709 709
710 1001
710 710
711 1871
711 711
712 1541
712 1164
712 712
713 1001
713 713
714 714
715 715
716 716
717 717
718 719
718 718
719 732
719 837
719 838
719 839
719 840
719 1003
719 1091
719 1321
719 1585
719 1639
719 1868
719 1869
719 2417
719 2429
719 2430
719 2431
719 2432
719 2433
719 2434
719 2435
719 2436
719 2437
719 2438
719 719
720 721
720 720
721 2255
721 721
722 723
722 724
722 725
722 726
722 722
723 934
723 935
723 723
724 934
724 1702
724 724
725 934
725 725
726 1120
726 934
726 726
727 727
728 1949
728 1950
728 980
728 1951
728 1085
728 728
729 1949
729 1950
729 980
729 1951
729 1085
729 729
730 730
731 731
732 732
733 734
733 735
733 736
733 733
734 734
735 1779
735 1780
735 735
736 1730
736 736
737 737
738 738
739 740
739 741
739 739
740 1527
740 740
741 1354
741 741
742 743
742 744
742 745
742 742
743 1161
743 2358
743 2363
743 743
744 904
744 744
745 2483
745 745
746 747
746 746
747 1404
747 1717
747 2644
747 747
748 749
748 748
749 1458
749 2689
749 2721
749 2722
749 2757
749 2758
749 2759
749 2760
749 2761
749 929
749 2762
749 749
750 751
750 752
750 750
751 1693
751 2183
751 751
752 752
753 754
753 755
753 756
753 757
753 758
753 759
753 760
753 761
753 762
753 763
753 753
754 1402
754 1403
754 754
755 1402
755 1403
755 755
756 1402
756 1403
756 756
757 1402
757 1403
757 757
758 1704
758 1861
758 758
759 1402
759 1403
759 759
760 791
760 760
761 761
762 1657
762 762
763 2731
763 2965
763 1753
763 763
764 765
764 764
765 1284
765 1285
765 765
766 767
766 768
766 769
766 766
767 2025
767 1156
767 2026
767 2027
767 767
768 1621
768 2296
768 2775
768 2478
768 769
768 1548
768 768
769 1793
769 883
769 1999
769 769
770 771
770 770
771 1075
771 771
772 772
773 843
773 773
774 995
774 774
775 1637
775 775
776 1737
776 776
777 866
777 777
778 1137
778 842
778 1140
778 778
779 779
780 780
781 862
781 1742
781 1743
781 1146
781 781
782 782
783 783
784 784
785 1254
785 785
786 786
787 1310
787 787
788 788
789 2779
789 789
790 1188
790 2889
790 1334
790 790
791 792
791 791
792 792
793 793
794 794
795 795
796 796
797 797
798 798
799 799
800 800
801 801
802 802
803 803
804 804
805 805
806 807
806 808
806 809
806 810
806 811
806 806
807 911
807 807
808 1253
808 1254
808 1255
808 808
809 1253
809 1254
809 1255
809 809
810 1012
810 1013
810 1014
810 1016
810 1017
810 1164
810 810
811 1253
811 1254
811 1255
811 811
812 813
812 812
813 1852
813 2979
813 1687
813 902
813 813
814 815
814 816
814 817
814 814
815 1525
815 815
816 816
817 1486
817 817
818 819
818 818
819 1638
819 819
820 821
820 822
820 820
821 2456
821 2043
821 2457
821 1750
821 821
822 2456
822 2457
822 1750
822 822
823 824
823 825
823 823
824 1416
824 2390
824 824
825 2846
825 2898
825 2958
825 2800
825 825
826 827
826 826
827 1325
827 1461
827 1462
827 1463
827 827
828 829
828 828
829 1590
829 1972
829 2042
829 2057
829 1937
829 1913
829 1938
829 2827
829 1940
829 2368
829 2067
829 1914
829 2203
829 829
830 831
830 832
830 833
830 834
830 835
830 836
830 830
831 831
832 1915
832 1916
832 832
833 1915
833 1916
833 833
834 1915
834 1916
834 834
835 1915
835 1916
835 835
836 1915
836 1916
836 836
837 837
838 838
839 839
840 840
841 842
841 841
842 2542
842 1414
842 842
843 1004
843 1214
843 2577
843 2680
843 2768
843 843
844 845
844 846
844 847
844 848
844 849
844 850
844 851
844 852
844 853
844 854
844 855
844 856
844 857
844 844
845 1071
845 1895
845 1072
845 1421
845 1896
845 845
846 1071
846 1895
846 2048
846 1847
846 1472
846 1072
846 1739
846 1421
846 1786
846 1896
846 846
847 1071
847 1895
847 2048
847 1847
847 1472
847 1072
847 1739
847 1421
847 1786
847 1896
847 847
848 1071
848 1895
848 1072
848 1421
848 1896
848 848
849 1071
849 1895
849 2048
849 1847
849 1472
849 1072
849 1739
849 1421
849 1786
849 1896
849 849
850 1071
850 1895
850 2048
850 1847
850 1472
850 1072
850 1739
850 1421
850 1786
850 1896
850 850
851 1071
851 1895
851 2048
851 1847
851 1472
851 1072
851 1739
851 1421
851 1786
851 1896
851 851
852 1071
852 1895
852 2048
852 1847
852 1072
852 1421
852 1896
852 852
853 1071
853 1895
853 2048
853 1847
853 1072
853 1421
853 1896
853 853
854 1071
854 1895
854 2048
854 1847
854 1472
854 1072
854 1739
854 1421
854 1786
854 1896
854 854
855 1071
855 1895
855 2048
855 1847
855 1072
855 1421
855 1896
855 855
856 1071
856 1895
856 2048
856 1847
856 1472
856 1072
856 1739
856 1421
856 1786
856 1896
856 856
857 1071
857 1895
857 2048
857 1847
857 1472
857 1072
857 1739
857 1421
857 1786
857 1896
857 857
858 859
858 860
858 858
859 859
860 1663
860 1754
860 2782
860 860
861 862
861 863
861 864
861 861
862 1551
862 1978
862 1979
862 862
863 863
864 864
865 866
865 867
865 865
866 962
866 2263
866 2264
866 2265
866 866
867 970
867 1153
867 2264
867 1255
867 867
868 869
868 868
869 869
870 870
871 872
871 871
872 2156
872 2855
872 872
873 874
873 875
873 873
874 1434
874 1904
874 2639
874 2640
874 874
875 1434
875 2254
875 1830
875 2640
875 1832
875 875
876 877
876 876
877 2205
877 877
878 879
878 878
879 879
880 880
881 882
881 883
881 881
882 1604
882 882
883 1296
883 2248
883 2250
883 1732
883 2252
883 2566
883 2253
883 883
884 885
884 884
885 2493
885 885
886 887
886 888
886 889
886 890
886 891
886 892
886 893
886 894
886 886
887 1300
887 1301
887 1302
887 1303
887 887
888 2063
888 888
889 2324
889 2325
889 889
890 890
891 891
892 892
893 893
894 894
895 896
895 895
896 2564
896 2565
896 2566
896 896
897 898
897 899
897 900
897 901
897 902
897 897
898 898
899 1167
899 899
900 900
901 901
902 2764
902 902
903 904
903 903
904 2684
904 904
905 906
905 907
905 905
906 906
907 1006
907 2119
907 1745
907 1577
907 1747
907 907
908 909
908 910
908 908
909 910
909 909
910 928
910 2959
910 910
911 1632
911 911
912 913
912 914
912 915
912 916
912 912
913 1501
913 1700
913 2090
913 913
914 1966
914 2090
914 914
915 1690
915 2090
915 915
916 2090
916 916
917 918
917 919
917 920
917 921
917 922
917 923
917 924
917 917
918 2053
918 918
919 919
920 920
921 2053
921 921
922 922
923 2053
923 923
924 924
925 926
925 925
926 2301
926 2746
926 1562
926 2950
926 2951
926 926
927 928
927 929
927 930
927 927
928 988
928 989
928 990
928 928
929 1578
929 2166
929 1309
929 2476
929 2309
929 2923
929 929
930 1578
930 2356
930 930
931 932
931 933
931 931
932 932
933 2087
933 2281
933 2789
933 2790
933 933
934 934
935 935
936 937
936 936
937 2511
937 937
938 939
938 938
939 1443
939 1731
939 2576
939 2335
939 1235
939 939
940 941
940 942
940 940
941 1646
941 1647
941 1648
941 1649
941 1046
941 941
942 942
943 1376
943 1377
943 1297
943 943
944 1799
944 2450
944 2451
944 2452
944 2453
944 2454
944 964
944 944
945 946
945 945
946 946
947 2675
947 947
948 948
949 950
949 949
950 2176
950 2542
950 2573
950 2574
950 2575
950 950
951 951
952 953
952 952
953 1367
953 1634
953 2582
953 2583
953 2861
953 2673
953 1645
953 2911
953 2912
953 953
954 955
954 954
955 2378
955 2404
955 2405
955 2406
955 2407
955 955
956 957
956 958
956 956
957 1539
957 1540
957 1541
957 1542
957 1543
957 1544
957 957
958 1680
958 2334
958 1788
958 2540
958 2307
958 2566
958 2541
958 958
959 959
960 960
961 961
962 963
962 964
962 962
963 2086
963 963
964 964
965 965
966 966
967 967
968 968
969 969
970 970
971 971
972 2864
972 972
973 973
974 974
975 975
976 977
976 978
976 979
976 976
977 1591
977 2304
977 977
978 1860
978 1252
978 2347
978 2422
978 1438
978 2383
978 978
979 1591
979 2304
979 979
980 1181
980 1893
980 1307
980 1778
980 980
981 1200
981 1392
981 981
982 982
983 984
983 985
983 986
983 983
984 984
985 985
986 1325
986 986
987 987
988 1027
988 1001
988 2141
988 988
989 1350
989 989
990 990
991 991
992 992
993 994
993 993
994 1543
994 994
995 1514
995 2128
995 2129
995 1672
995 2130
995 995
996 1439
996 1930
996 2627
996 2128
996 2780
996 2129
996 2781
996 2130
996 2971
996 2972
996 996
997 2531
997 997
998 999
998 1000
998 998
999 1233
999 2053
999 999
1000 1000
1001 1467
1001 1468
1001 1469
1001 1470
1001 1471
1001 1472
1001 1473
1001 1001
1002 1002
1003 1003
1004 1004
1005 1006
1005 1007
1005 1008
1005 1005
1006 1575
1006 1606
1006 1607
1006 1418
1006 1608
1006 1609
1006 1006
1007 2439
1007 2470
1007 1607
1007 1007
1008 2408
1008 1607
1008 1008
1009 1010
1009 1011
1009 1009
1010 1625
1010 1626
1010 1627
1010 1628
1010 1010
1011 2218
1011 1936
1011 1011
1012 1012
1013 1013
1014 1014
1015 1015
1016 1016
1017 1017
1018 1018
1019 1019
1020 1020
1021 1021
1022 1022
1023 1981
1023 2841
1023 1023
1024 1024
1025 1025
1026 1026
1027 1028
1027 1029
1027 1030
1027 1031
1027 1032
1027 1027
1028 1028
1029 1382
1029 2131
1029 2132
1029 2133
1029 1029
1030 2142
1030 1976
1030 1030
1031 2793
1031 1031
1032 2793
1032 1032
1033 1034
1033 1033
1034 1775
1034 1913
1034 1914
1034 2509
1034 2510
1034 2511
1034 2512
1034 1034
1035 1036
1035 1035
1036 1036
1037 1903
1037 1037
1038 1038
1039 1040
1039 1039
1040 1241
1040 1242
1040 1040
1041 1041
1042 1042
1043 1170
1043 2169
1043 2177
1043 2178
1043 2179
1043 1043
1044 1044
1045 2942
1045 1045
1046 1046
1047 1048
1047 1049
1047 1047
1048 1954
1048 2092
1048 2211
1048 2093
1048 2590
1048 2642
1048 1956
1048 2571
1048 2094
1048 2925
1048 1048
1049 1954
1049 2092
1049 2211
1049 1955
1049 2093
1049 2590
1049 2642
1049 1956
1049 2571
1049 1957
1049 2094
1049 1958
1049 2925
1049 1049
1050 1051
1050 1052
1050 1053
1050 1050
1051 1051
1052 1052
1053 1053
1054 1054
1055 1056
1055 1057
1055 1055
1056 1466
1056 1056
1057 1466
1057 1057
1058 1059
1058 1060
1058 1061
1058 1058
1059 1624
1059 1059
1060 1624
1060 1060
1061 1624
1061 1061
1062 1063
1062 1064
1062 1062
1063 1522
1063 2012
1063 2013
1063 1063
1064 2013
1064 1064
1065 1066
1065 1065
1066 2220
1066 1948
1066 1066
1067 1068
1067 1069
1067 1067
1068 1098
1068 1099
1068 1100
1068 1101
1068 1102
1068 1103
1068 1068
1069 1098
1069 1099
1069 1100
1069 1101
1069 1102
1069 1103
1069 1069
1070 1071
1070 1072
1070 1070
1071 1437
1071 2206
1071 2207
1071 1071
1072 1437
1072 2206
1072 2207
1072 1072
1073 1073
1074 1075
1074 1076
1074 1077
1074 1078
1074 1079
1074 1080
1074 1081
1074 1082
1074 1083
1074 1074
1075 1612
1075 1613
1075 1075
1076 1076
1077 1077
1078 1078
1079 1636
1079 1079
1080 1636
1080 1080
1081 2329
1081 1495
1081 1081
1082 1082
1083 1083
1084 1085
1084 1084
1085 1673
1085 1863
1085 2579
1085 1307
1085 2708
1085 2815
1085 1085
1086 1087
1086 1088
1086 1086
1087 1087
1088 1457
1088 1088
1089 1090
1089 1089
1090 1090
1091 1091
1092 1092
1093 1094
1093 1093
1094 1094
1095 1096
1095 1097
1095 1095
1096 1706
1096 2295
1096 2984
1096 1096
1097 2984
1097 1097
1098 1098
1099 1099
1100 1100
1101 1101
1102 1102
1103 1103
1104 1105
1104 1104
1105 2287
1105 2546
1105 2673
1105 2674
1105 2675
1105 1105
1106 1107
1106 1106
1107 1107
1108 1108
1109 1462
1109 2783
1109 1109
1110 1110
1111 1112
1111 1111
1112 1689
1112 1997
1112 1112
1113 1114
1113 1115
1113 1113
1114 1342
1114 1346
1114 2318
1114 1114
1115 1115
1116 1116
1117 1117
1118 1119
1118 1118
1119 1119
1120 1121
1120 1120
1121 1121
1122 1123
1122 1124
1122 1125
1122 1122
1123 1123
1124 1711
1124 2900
1124 2173
1124 1124
1125 1203
1125 1206
1125 1207
1125 2317
1125 1412
1125 1125
1126 1127
1126 1126
1127 1638
1127 1127
1128 1129
1128 1130
1128 1128
1129 1129
1130 1130
1131 1132
1131 1131
1132 1545
1132 2122
1132 2600
1132 2831
1132 2881
1132 1132
1133 1415
1133 1784
1133 2329
1133 1746
1133 1133
1134 2554
1134 1134
1135 1215
1135 1442
1135 1135
1136 1136
1137 1137
1138 2110
1138 1138
1139 1139
1140 1140
1141 1141
1142 1416
1142 1142
1143 1143
1144 1616
1144 1144
1145 1146
1145 1145
1146 1146
1147 2272
1147 2292
1147 2293
1147 1147
1148 1149
1148 1150
1148 1148
1149 1191
1149 1149
1150 1150
1151 1151
1152 1152
1153 1153
1154 1154
1155 2104
1155 1155
1156 1579
1156 1394
1156 1395
1156 1156
1157 1328
1157 1675
1157 1997
1157 1676
1157 1157
1158 1748
1158 2159
1158 1158
1159 1160
1159 1159
1160 1630
1160 2810
1160 2858
1160 2935
1160 1308
1160 1160
1161 1162
1161 1163
1161 1164
1161 1161
1162 1456
1162 1570
1162 1232
1162 1759
1162 1760
1162 1761
1162 1162
1163 1456
1163 1357
1163 1232
1163 2032
1163 2033
1163 1759
1163 2034
1163 2035
1163 2036
1163 2037
1163 2038
1163 1760
1163 1761
1163 2039
1163 1163
1164 1450
1164 1452
1164 1927
1164 2268
1164 2659
1164 2666
1164 2667
1164 1164
1165 1165
1166 1166
1167 2180
1167 2181
1167 1167
1168 1169
1168 1168
1169 2352
1169 1169
1170 1171
1170 1170
1171 1274
1171 1275
1171 1276
1171 1729
1171 1277
1171 1282
1171 1171
1172 1173
1172 1174
1172 1175
1172 1176
1172 1177
1172 1178
1172 1172
1173 1270
1173 1173
1174 1174
1175 2154
1175 1175
1176 2077
1176 1176
1177 1177
1178 1178
1179 1180
1179 1179
1180 1960
1180 2587
1180 1622
1180 2956
1180 2957
1180 1180
1181 1182
1181 1183
1181 1184
1181 1185
1181 1186
1181 1187
1181 1181
1182 1778
1182 1182
1183 1183
1184 1184
1185 1497
1185 1475
1185 2632
1185 1185
1186 1586
1186 1186
1187 1328
1187 1675
1187 1676
1187 1187
1188 1188
1189 1189
1190 1191
1190 1192
1190 1190
1191 1191
1192 2584
1192 2477
1192 2858
1192 1192
1193 1194
1193 1193
1194 2001
1194 1194
1195 1774
1195 1195
1196 1774
1196 1196
1197 1198
1197 1197
1198 2000
1198 1198
1199 1200
1199 1201
1199 1202
1199 1199
1200 1314
1200 1682
1200 1683
1200 1684
1200 1200
1201 1201
1202 1202
1203 1204
1203 1205
1203 1203
1204 1206
1204 1207
1204 2458
1204 1204
1205 1206
1205 1207
1205 2734
1205 2309
1205 1205
1206 1206
1207 1207
1208 1297
1208 1208
1209 1209
1210 1663
1210 1210
1211 1653
1211 1211
1212 1586
1212 1212
1213 1214
1213 1213
1214 1843
1214 1214
1215 1216
1215 1217
1215 1218
1215 1219
1215 1220
1215 1221
1215 1215
1216 1216
1217 1217
1218 2163
1218 2190
1218 2191
1218 2192
1218 1218
1219 2116
1219 1219
1220 1220
1221 1221
1222 1222
1223 1224
1223 1223
1224 2268
1224 2735
1224 1345
1224 2786
1224 2536
1224 1224
1225 1226
1225 1225
1226 2056
1226 2694
1226 2701
1226 2273
1226 1226
1227 1228
1227 1227
1228 1266
1228 1267
1228 1228
1229 1230
1229 1229
1230 1971
1230 1230
1231 1232
1231 1231
1232 1232
1233 1234
1233 1235
1233 1233
1234 2741
1234 2742
1234 1548
1234 2743
1234 2744
1234 1234
1235 1437
1235 2060
1235 2716
1235 1235
1236 1236
1237 1238
1237 1237
1238 1238
1239 1240
1239 1239
1240 1326
1240 1327
1240 1989
1240 2800
1240 1240
1241 1241
1242 1487
1242 1242
1243 1244
1243 1245
1243 1243
1244 1538
1244 1618
1244 2660
1244 2306
1244 2474
1244 1244
1245 2748
1245 2474
1245 1245
1246 1616
1246 2097
1246 1246
1247 1323
1247 2493
1247 2692
1247 2675
1247 1247
1248 1249
1248 1248
1249 2895
1249 1249
1250 1250
1251 1252
1251 1251
1252 2208
1252 2209
1252 1252
1253 1253
1254 1459
1254 1836
1254 2275
1254 1254
1255 2106
1255 2107
1255 1255
1256 1435
1256 2203
1256 1256
1257 1274
1257 1275
1257 1276
1257 1729
1257 1277
1257 2504
1257 2427
1257 1282
1257 2801
1257 1257
1258 1457
1258 2365
1258 2824
1258 2500
1258 2830
1258 2206
1258 1258
1259 1259
1260 2427
1260 1260
1261 1262
1261 1261
1262 2271
1262 2319
1262 2444
1262 2898
1262 1946
1262 1262
1263 1263
1264 1265
1264 1264
1265 2818
1265 1265
1266 1351
1266 1415
1266 1266
1267 1586
1267 1505
1267 1267
1268 1268
1269 1270
1269 1271
1269 1269
1270 1346
1270 2809
1270 1270
1271 1271
1272 1273
1272 1274
1272 1275
1272 1276
1272 1277
1272 1278
1272 1279
1272 1280
1272 1281
1272 1282
1272 1283
1272 1272
1273 1401
1273 1273
1274 1592
1274 1274
1275 1593
1275 1592
1275 1275
1276 1593
1276 1592
1276 1276
1277 1593
1277 1592
1277 1277
1278 1858
1278 1278
1279 1279
1280 1376
1280 2478
1280 1280
1281 2783
1281 1281
1282 1593
1282 1592
1282 1282
1283 2114
1283 2307
1283 1283
1284 1284
1285 1933
1285 2709
1285 2710
1285 2711
1285 2712
1285 2713
1285 2714
1285 1285
1286 1286
1287 1288
1287 1287
1288 1288
1289 1289
1290 2389
1290 2794
1290 1290
1291 1292
1291 1291
1292 1386
1292 1408
1292 2317
1292 2333
1292 2342
1292 2315
1292 1292
1293 1294
1293 1295
1293 1293
1294 1597
1294 1294
1295 1519
1295 1295
1296 1570
1296 1331
1296 1571
1296 1296
1297 2974
1297 1297
1298 1299
1298 1298
1299 1299
1300 1410
1300 1411
1300 1412
1300 1413
1300 1414
1300 1300
1301 1711
1301 1301
1302 1808
1302 2524
1302 1302
1303 1303
1304 1305
1304 1304
1305 1305
1306 1306
1307 1950
1307 1951
1307 1307
1308 2257
1308 1308
1309 2531
1309 1309
1310 2055
1310 1672
1310 1310
1311 1311
1312 1313
1312 1312
1313 2225
1313 1313
1314 1314
1315 1315
1316 1317
1316 1316
1317 2585
1317 1317
1318 1318
1319 1320
1319 1319
1320 1320
1321 1321
1322 1323
1322 1324
1322 1322
1323 1803
1323 2661
1323 2168
1323 1323
1324 1324
1325 1325
1326 1326
1327 1327
1328 1329
1328 1330
1328 1331
1328 1332
1328 1328
1329 1675
1329 1676
1329 1329
1330 1675
1330 1892
1330 1676
1330 1330
1331 1619
1331 1675
1331 1690
1331 2349
1331 1676
1331 1569
1331 1348
1331 1331
1332 1337
1332 1675
1332 2807
1332 1332
1333 1334
1333 1333
1334 1898
1334 2302
1334 2567
1334 2149
1334 2011
1334 1442
1334 1334
1335 1336
1335 1335
1336 2589
1336 2699
1336 1336
1337 1338
1337 1337
1338 1338
1339 1340
1339 1339
1340 2241
1340 1340
1341 1341
1342 1982
1342 1342
1343 1343
1344 1344
1345 1345
1346 1346
1347 1347
1348 2019
1348 1348
1349 1350
1349 1349
1350 1918
1350 2332
1350 2488
1350 2489
1350 2490
1350 1350
1351 1352
1351 1351
1352 1994
1352 1995
1352 1352
1353 1353
1354 1354
1355 1356
1355 1357
1355 1358
1355 1359
1355 1360
1355 1361
1355 1362
1355 1363
1355 1364
1355 1355
1356 1356
1357 1357
1358 1529
1358 1358
1359 1529
1359 1359
1360 1543
1360 2563
1360 1360
1361 1361
1362 1362
1363 1543
1363 2563
1363 1363
1364 1364
1365 1366
1365 1365
1366 1366
1367 1368
1367 1367
1368 1369
1368 1368
1369 1369
1370 1370
1371 1372
1371 1373
1371 1371
1372 1372
1373 2195
1373 1373
1374 1375
1374 1374
1375 1375
1376 1816
1376 1376
1377 1936
1377 1377
1378 1378
1379 1380
1379 1381
1379 1379
1380 2660
1380 1380
1381 1381
1382 1382
1383 1384
1383 1385
1383 1383
1384 1571
1384 1384
1385 2504
1385 2585
1385 2648
1385 1385
1386 1386
1387 1388
1387 1389
1387 1387
1388 1595
1388 1902
1388 1388
1389 2634
1389 2933
1389 2934
1389 1389
1390 1390
1391 1392
1391 1391
1392 1911
1392 2468
1392 2469
1392 1749
1392 1392
1393 1394
1393 1395
1393 1396
1393 1393
1394 1603
1394 1394
1395 1603
1395 1395
1396 2185
1396 2257
1396 2901
1396 2803
1396 1396
1397 1397
1398 2194
1398 1398
1399 1566
1399 1399
1400 2248
1400 2250
1400 1732
1400 2252
1400 2253
1400 1400
1401 1401
1402 1402
1403 2617
1403 1403
1404 1404
1405 1405
1406 1407
1406 1406
1407 1407
1408 1409
1408 1408
1409 1409
1410 1410
1411 1411
1412 2493
1412 2538
1412 1412
1413 2113
1413 1560
1413 1413
1414 1414
1415 1416
1415 1417
1415 1418
1415 1415
1416 1594
1416 2028
1416 1845
1416 1416
1417 1417
1418 1602
1418 1865
1418 2685
1418 1926
1418 1745
1418 1746
1418 1747
1418 1418
1419 1420
1419 1421
1419 1419
1420 1420
1421 2057
1421 2398
1421 1556
1421 1557
1421 2873
1421 2874
1421 2875
1421 1559
1421 1421
1422 1422
1423 1423
1424 1424
1425 1425
1426 1426
1427 1427
1428 1428
1429 1429
1430 1430
1431 1431
1432 1432
1433 1433
1434 1434
1435 1436
1435 1435
1436 1725
1436 2525
1436 1436
1437 1437
1438 1438
1439 1439
1440 1441
1440 1440
1441 1797
1441 1441
1442 1442
1443 1444
1443 1443
1444 1731
1444 1451
1444 2896
1444 1444
1445 1445
1446 1446
1447 2151
1447 2730
1447 1447
1448 1448
1449 1449
1450 1451
1450 1450
1451 1452
1451 1661
1451 1758
1451 1762
1451 1763
1451 1764
1451 1765
1451 1766
1451 1767
1451 1768
1451 1769
1451 1770
1451 1771
1451 1772
1451 1773
1451 1451
1452 1452
1453 1454
1453 1455
1453 1453
1454 1705
1454 1454
1455 2282
1455 1455
1456 1456
1457 1458
1457 1457
1458 1787
1458 1788
1458 1458
1459 1460
1459 1459
1460 2568
1460 2812
1460 1460
1461 1668
1461 1461
1462 1705
1462 1817
1462 2044
1462 2045
1462 1462
1463 2073
1463 2074
1463 1658
1463 1463
1464 1464
1465 1465
1466 1466
1467 1567
1467 1568
1467 1569
1467 1467
1468 1567
1468 1568
1468 1569
1468 1468
1469 1654
1469 1469
1470 1470
1471 1471
1472 1901
1472 1472
1473 1473
1474 1475
1474 1476
1474 1474
1475 1825
1475 2564
1475 2409
1475 1475
1476 2820
1476 2967
1476 2141
1476 1476
1477 1477
1478 1478
1479 1479
1480 1480
1481 1482
1481 1483
1481 1484
1481 1481
1482 1482
1483 2964
1483 1483
1484 1484
1485 1486
1485 1487
1485 1485
1486 1943
1486 2046
1486 2047
1486 1658
1486 1486
1487 2255
1487 2256
1487 1487
1488 1488
1489 1489
1490 1490
1491 1491
1492 1492
1493 1493
1494 1495
1494 1494
1495 2557
1495 2558
1495 1495
1496 1497
1496 1496
1497 1497
1498 1499
1498 1498
1499 2163
1499 2246
1499 1499
1500 1500
1501 1501
1502 1503
1502 1504
1502 1505
1502 1502
1503 1680
1503 1503
1504 1680
1504 1504
1505 1680
1505 1670
1505 1671
1505 2507
1505 1806
1505 1505
1506 1752
1506 1753
1506 1506
1507 1859
1507 2125
1507 1746
1507 1507
1508 1859
1508 2125
1508 1746
1508 1508
1509 1859
1509 2125
1509 1746
1509 1509
1510 1859
1510 2125
1510 1746
1510 1510
1511 1512
1511 1513
1511 1511
1512 2663
1512 2664
1512 2665
1512 1512
1513 2664
1513 1513
1514 1515
1514 1516
1514 1514
1515 1515
1516 1973
1516 2102
1516 1969
1516 2605
1516 1516
1517 1518
1517 1517
1518 2062
1518 1752
1518 2769
1518 1518
1519 1520
1519 1519
1520 1520
1521 1521
1522 1523
1522 1524
1522 1522
1523 1523
1524 1524
1525 1525
1526 1527
1526 1528
1526 1529
1526 1526
1527 1561
1527 1562
1527 1527
1528 1643
1528 1644
1528 1528
1529 1857
1529 2119
1529 2718
1529 2362
1529 1529
1530 1531
1530 1530
1531 1934
1531 2063
1531 2686
1531 1531
1532 1532
1533 1533
1534 1535
1534 1536
1534 1537
1534 1534
1535 2521
1535 2522
1535 2523
1535 1535
1536 1799
1536 1816
1536 1536
1537 2822
1537 2887
1537 1537
1538 1538
1539 1539
1540 1540
1541 1541
1542 1542
1543 1543
1544 1544
1545 1545
1546 1547
1546 1548
1546 1546
1547 1800
1547 1547
1548 1621
1548 2296
1548 1548
1549 1550
1549 1549
1550 1550
1551 1551
1552 1552
1553 1554
1553 1553
1554 1933
1554 2709
1554 2710
1554 2711
1554 2712
1554 2713
1554 2714
1554 1554
1555 1556
1555 1557
1555 1558
1555 1559
1555 1560
1555 1555
1556 1647
1556 1913
1556 1914
1556 1556
1557 1647
1557 1913
1557 1914
1557 1557
1558 2464
1558 1558
1559 1647
1559 1913
1559 1914
1559 1559
1560 2114
1560 1560
1561 1561
1562 1997
1562 2007
1562 1926
1562 1562
1563 1563
1564 1565
1564 1564
1565 1580
1565 1565
1566 1566
1567 1567
1568 1568
1569 2857
1569 2929
1569 2940
1569 1569
1570 1570
1571 1833
1571 1862
1571 1864
1571 1986
1571 2245
1571 2681
1571 2682
1571 1571
1572 1572
1573 1573
1574 1574
1575 1783
1575 1784
1575 1745
1575 1747
1575 1575
1576 1963
1576 2402
1576 1576
1577 1577
1578 1578
1579 1580
1579 1581
1579 1582
1579 1579
1580 1580
1581 1920
1581 1581
1582 1582
1583 1583
1584 1584
1585 1585
1586 1587
1586 1588
1586 1589
1586 1586
1587 1587
1588 1588
1589 1589
1590 1802
1590 1590
1591 2028
1591 1591
1592 1729
1592 1592
1593 1593
1594 1594
1595 1596
1595 1595
1596 2506
1596 1725
1596 1596
1597 1597
1598 1598
1599 1600
1599 1601
1599 1599
1600 2589
1600 2500
1600 1600
1601 2377
1601 1601
1602 1602
1603 1603
1604 1605
1604 1604
1605 1605
1606 1606
1607 1607
1608 1608
1609 1609
1610 1610
1611 1611
1612 1641
1612 1612
1613 1613
1614 1615
1614 1616
1614 1614
1615 1618
1615 2518
1615 1615
1616 2306
1616 1806
1616 1616
1617 1618
1617 1617
1618 1618
1619 1619
1620 1620
1621 2296
1621 1621
1622 1622
1623 1624
1623 1623
1624 1840
1624 1624
1625 2272
1625 1625
1626 2248
1626 2326
1626 2250
1626 1732
1626 2618
1626 2344
1626 2252
1626 2253
1626 1626
1627 1627
1628 1628
1629 1629
1630 1630
1631 1632
1631 1631
1632 2309
1632 2613
1632 1632
1633 1633
1634 1635
1634 1636
1634 1634
1635 1645
1635 1635
1636 1645
1636 1636
1637 1637
1638 1697
1638 1777
1638 2570
1638 1638
1639 1639
1640 1640
1641 2050
1641 2751
1641 1641
1642 1642
1643 2086
1643 1643
1644 2870
1644 1684
1644 1644
1645 1645
1646 2620
1646 1646
1647 1647
1648 1648
1649 1649
1650 1651
1650 1652
1650 1653
1650 1650
1651 1651
1652 1838
1652 1652
1653 1813
1653 1665
1653 2814
1653 2932
1653 1653
1654 1702
1654 1654
1655 1655
1656 1656
1657 1658
1657 1659
1657 1660
1657 1657
1658 1658
1659 1659
1660 1660
1661 1661
1662 1662
1663 1664
1663 1665
1663 1666
1663 1667
1663 1663
1664 1943
1664 1845
1664 1667
1664 1664
1665 2305
1665 1845
1665 1851
1665 1665
1666 2347
1666 2502
1666 1666
1667 1845
1667 2756
1667 1667
1668 1668
1669 1670
1669 1671
1669 1669
1670 1795
1670 1981
1670 2239
1670 2240
1670 1670
1671 1795
1671 1981
1671 2239
1671 2240
1671 1671
1672 1672
1673 1673
1674 1674
1675 1675
1676 1676
1677 1678
1677 1679
1677 1677
1678 2202
1678 2203
1678 1679
1678 1678
1679 2125
1679 2203
1679 1679
1680 1681
1680 1680
1681 1788
1681 2540
1681 2541
1681 1681
1682 1683
1682 2219
1682 1682
1683 2609
1683 2219
1683 1683
1684 2854
1684 1684
1685 1686
1685 1687
1685 1685
1686 1975
1686 2534
1686 1686
1687 1687
1688 1688
1689 1690
1689 1691
1689 1692
1689 1689
1690 2086
1690 1690
1691 1691
1692 2118
1692 1692
1693 1694
1693 1693
1694 2183
1694 1694
1695 1696
1695 1695
1696 1858
1696 1696
1697 1698
1697 1697
1698 1777
1698 1698
1699 1700
1699 1699
1700 2410
1700 2411
1700 1700
1701 1701
1702 2465
1702 2740
1702 2879
1702 2764
1702 1702
1703 1704
1703 1703
1704 1853
1704 1854
1704 1704
1705 1705
1706 1934
1706 1935
1706 1706
1707 1707
1708 1708
1709 1709
1710 1710
1711 2720
1711 2610
1711 2968
1711 1711
1712 1712
1713 1714
1713 1715
1713 1713
1714 1714
1715 1715
1716 1716
1717 1718
1717 1719
1717 1720
1717 1721
1717 1722
1717 1717
1718 1718
1719 2057
1719 2148
1719 2149
1719 1719
1720 1720
1721 1721
1722 1722
1723 1724
1723 1725
1723 1723
1724 1783
1724 1724
1725 2537
1725 2669
1725 1725
1726 1727
1726 1726
1727 2048
1727 2802
1727 2803
1727 1727
1728 1728
1729 1729
1730 1730
1731 1731
1732 2249
1732 1732
1733 1733
1734 1734
1735 1735
1736 1736
1737 1737
1738 1739
1738 1740
1738 1741
1738 1738
1739 1993
1739 2311
1739 2337
1739 1739
1740 1834
1740 1740
1741 2299
1741 1741
1742 2549
1742 2550
1742 2551
1742 1743
1742 2552
1742 2553
1742 1742
1743 2549
1743 2550
1743 2551
1743 2552
1743 2553
1743 1743
1744 1942
1744 2494
1744 2876
1744 2877
1744 2878
1744 1744
1745 2493
1745 1745
1746 2477
1746 1746
1747 1747
1748 1749
1748 1750
1748 1748
1749 2410
1749 1749
1750 2752
1750 1750
1751 1751
1752 2571
1752 2572
1752 1752
1753 2788
1753 1753
1754 1754
1755 1755
1756 1757
1756 1756
1757 2078
1757 1854
1757 1757
1758 1758
1759 1759
1760 1760
1761 1761
1762 1929
1762 1762
1763 1763
1764 1764
1765 1765
1766 2114
1766 1766
1767 2352
1767 1767
1768 2114
1768 1768
1769 2114
1769 1769
1770 1770
1771 2885
1771 1771
1772 1772
1773 2114
1773 1773
1774 1774
1775 1776
1775 1775
1776 1994
1776 2970
1776 1776
1777 1777
1778 1778
1779 1779
1780 2382
1780 1780
1781 1781
1782 1782
1783 1783
1784 1784
1785 1786
1785 1785
1786 2254
1786 2503
1786 2683
1786 2693
1786 2905
1786 2906
1786 2907
1786 2908
1786 1786
1787 1787
1788 1788
1789 1789
1790 1791
1790 1792
1790 1793
1790 1794
1790 1790
1791 2235
1791 2236
1791 2237
1791 2238
1791 1791
1792 1792
1793 1793
1794 1800
1794 2614
1794 1794
1795 1796
1795 1795
1796 2195
1796 2658
1796 2851
1796 2914
1796 2905
1796 2975
1796 2978
1796 2027
1796 1796
1797 1797
1798 1798
1799 1799
1800 1848
1800 2707
1800 1800
1801 1801
1802 1802
1803 1803
1804 1804
1805 1806
1805 1805
1806 1861
1806 1806
1807 1808
1807 1807
1808 1808
1809 1809
1810 1810
1811 1812
1811 1811
1812 2083
1812 1812
1813 1814
1813 1815
1813 1813
1814 2104
1814 1814
1815 2104
1815 1815
1816 2062
1816 1816
1817 1817
1818 1818
1819 2197
1819 1819
1820 1821
1820 1820
1821 2400
1821 2401
1821 1821
1822 1822
1823 1823
1824 1824
1825 2234
1825 1825
1826 1826
1827 2234
1827 1827
1828 1828
1829 1829
1830 2269
1830 1830
1831 1831
1832 1832
1833 1834
1833 1835
1833 1833
1834 1862
1834 1864
1834 2245
1834 2681
1834 2682
1834 2763
1834 2764
1834 1834
1835 1862
1835 1864
1835 2245
1835 2681
1835 2682
1835 1835
1836 1836
1837 1838
1837 1839
1837 1837
1838 2182
1838 2716
1838 2795
1838 1968
1838 2915
1838 1838
1839 2472
1839 2853
1839 2141
1839 1839
1840 1840
1841 1842
1841 1841
1842 1842
1843 1960
1843 2269
1843 1843
1844 1845
1844 1844
1845 1845
1846 1847
1846 1846
1847 2487
1847 1847
1848 1848
1849 2139
1849 1849
1850 1850
1851 1851
1852 1852
1853 1853
1854 2104
1854 1854
1855 1855
1856 1856
1857 1858
1857 1859
1857 1857
1858 2326
1858 1965
1858 2362
1858 1858
1859 2362
1859 1859
1860 1860
1861 2982
1861 1861
1862 1862
1863 1863
1864 1864
1865 1865
1866 1867
1866 1866
1867 1867
1868 1868
1869 1869
1870 1870
1871 2676
1871 1871
1872 1872
1873 1873
1874 1874
1875 1875
1876 1876
1877 1877
1878 1878
1879 1879
1880 2562
1880 1880
1881 1881
1882 1882
1883 1883
1884 1884
1885 1885
1886 1886
1887 1887
1888 1888
1889 1890
1889 1889
1890 1919
1890 2465
1890 2273
1890 1890
1891 1891
1892 1892
1893 1894
1893 1893
1894 1894
1895 1895
1896 1896
1897 1897
1898 1898
1899 1900
1899 1899
1900 1900
1901 1901
1902 1902
1903 1978
1903 1903
1904 1905
1904 1906
1904 1904
1905 2110
1905 1905
1906 1906
1907 1907
1908 1908
1909 1909
1910 1911
1910 1910
1911 1911
1912 1913
1912 1914
1912 1912
1913 2772
1913 2773
1913 1913
1914 2772
1914 2773
1914 1914
1915 1915
1916 1916
1917 1917
1918 1918
1919 1919
1920 1920
1921 1922
1921 1923
1921 1921
1922 1922
1923 1923
1924 1925
1924 1924
1925 2460
1925 2313
1925 2927
1925 2960
1925 1925
1926 1995
1926 1926
1927 1928
1927 1927
1928 1928
1929 1929
1930 1930
1931 1931
1932 1932
1933 1933
1934 1934
1935 2151
1935 2801
1935 1935
1936 1995
1936 2772
1936 1936
1937 1937
1938 1938
1939 1939
1940 1940
1941 1941
1942 1942
1943 1980
1943 1943
1944 1944
1945 2841
1945 1945
1946 2230
1946 1946
1947 1947
1948 1948
1949 1949
1950 1950
1951 2616
1951 1951
1952 1952
1953 1954
1953 1955
1953 1956
1953 1957
1953 1958
1953 1953
1954 1954
1955 1955
1956 2091
1956 1956
1957 1957
1958 1958
1959 1960
1959 1959
1960 1960
1961 1962
1961 1961
1962 2040
1962 2068
1962 2364
1962 1962
1963 1963
1964 1965
1964 1966
1964 1964
1965 1965
1966 2806
1966 1966
1967 1967
1968 2084
1968 1968
1969 2703
1969 1969
1970 1970
1971 1971
1972 1972
1973 1973
1974 1974
1975 1975
1976 1976
1977 1977
1978 1978
1979 2980
1979 1979
1980 1980
1981 1981
1982 1982
1983 1984
1983 1983
1984 1984
1985 2477
1985 1985
1986 1987
1986 1986
1987 1987
1988 1988
1989 1990
1989 1989
1990 1990
1991 1992
1991 1991
1992 1992
1993 1993
1994 1994
1995 2180
1995 2181
1995 1995
1996 1996
1997 1998
1997 1999
1997 1997
1998 1998
1999 2162
1999 1999
2000 2221
2000 2222
2000 2223
2000 2224
2000 2000
2001 2001
2002 2002
2003 2003
2004 2005
2004 2004
2005 2084
2005 2005
2006 2006
2007 2082
2007 2007
2008 2008
2009 2009
2010 2010
2011 2011
2012 2012
2013 2013
2014 2014
2015 2015
2016 2016
2017 2017
2018 2018
2019 2019
2020 2020
2021 2021
2022 2022
2023 2023
2024 2024
2025 2025
2026 2026
2027 2027
2028 2029
2028 2028
2029 2029
2030 2031
2030 2030
2031 2031
2032 2032
2033 2033
2034 2034
2035 2035
2036 2036
2037 2037
2038 2038
2039 2039
2040 2040
2041 2041
2042 2043
2042 2042
2043 2536
2043 2043
2044 2044
2045 2783
2045 2045
2046 2046
2047 2047
2048 2048
2049 2049
2050 2050
2051 2052
2051 2051
2052 2052
2053 2750
2053 2053
2054 2054
2055 2055
2056 2056
2057 2057
2058 2058
2059 2059
2060 2061
2060 2060
2061 2061
2062 2063
2062 2062
2063 2199
2063 2200
2063 2063
2064 2064
2065 2065
2066 2067
2066 2066
2067 2067
2068 2068
2069 2070
2069 2069
2070 2070
2071 2071
2072 2072
2073 2073
2074 2074
2075 2076
2075 2075
2076 2305
2076 2076
2077 2822
2077 2077
2078 2078
2079 2080
2079 2081
2079 2079
2080 2611
2080 2080
2081 2461
2081 2611
2081 2987
2081 2081
2082 2082
2083 2083
2084 2085
2084 2084
2085 2085
2086 2313
2086 2314
2086 2198
2086 2086
2087 2087
2088 2088
2089 2089
2090 2090
2091 2092
2091 2093
2091 2094
2091 2091
2092 2092
2093 2093
2094 2094
2095 2095
2096 2096
2097 2464
2097 2097
2098 2098
2099 2099
2100 2100
2101 2356
2101 2101
2102 2102
2103 2103
2104 2104
2105 2106
2105 2107
2105 2105
2106 2274
2106 2624
2106 2676
2106 2358
2106 2818
2106 2106
2107 2274
2107 2624
2107 2676
2107 2358
2107 2818
2107 2107
2108 2108
2109 2109
2110 2175
2110 2110
2111 2112
2111 2111
2112 2112
2113 2114
2113 2113
2114 2617
2114 2114
2115 2116
2115 2115
2116 2910
2116 2116
2117 2118
2117 2117
2118 2118
2119 2119
2120 2120
2121 2121
2122 2122
2123 2123
2124 2125
2124 2124
2125 2203
2125 2125
2126 2127
2126 2126
2127 2127
2128 2128
2129 2129
2130 2130
2131 2131
2132 2132
2133 2133
2134 2134
2135 2136
2135 2135
2136 2136
2137 2137
2138 2138
2139 2201
2139 2524
2139 2139
2140 2140
2141 2141
2142 2383
2142 2384
2142 2142
2143 2144
2143 2145
2143 2143
2144 2349
2144 2750
2144 2144
2145 2145
2146 2147
2146 2146
2147 2147
2148 2148
2149 2774
2149 2149
2150 2352
2150 2150
2151 2246
2151 2352
2151 2151
2152 2153
2152 2152
2153 2203
2153 2153
2154 2154
2155 2156
2155 2155
2156 2156
2157 2158
2157 2157
2158 2158
2159 2159
2160 2161
2160 2160
2161 2737
2161 2738
2161 2161
2162 2162
2163 2163
2164 2165
2164 2164
2165 2165
2166 2166
2167 2168
2167 2167
2168 2168
2169 2169
2170 2170
2171 2172
2171 2173
2171 2171
2172 2172
2173 2858
2173 2173
2174 2174
2175 2175
2176 2176
2177 2177
2178 2178
2179 2179
2180 2389
2180 2414
2180 2180
2181 2389
2181 2414
2181 2181
2182 2182
2183 2183
2184 2184
2185 2185
2186 2187
2186 2186
2187 2187
2188 2188
2189 2189
2190 2190
2191 2191
2192 2192
2193 2194
2193 2193
2194 2973
2194 2194
2195 2195
2196 2197
2196 2198
2196 2196
2197 2227
2197 2361
2197 2197
2198 2198
2199 2641
2199 2686
2199 2837
2199 2868
2199 2199
2200 2641
2200 2686
2200 2837
2200 2868
2200 2200
2201 2201
2202 2202
2203 2203
2204 2204
2205 2205
2206 2206
2207 2207
2208 2208
2209 2209
2210 2210
2211 2211
2212 2212
2213 2213
2214 2305
2214 2214
2215 2215
2216 2216
2217 2562
2217 2217
2218 2218
2219 2219
2220 2220
2221 2221
2222 2222
2223 2223
2224 2224
2225 2225
2226 2226
2227 2227
2228 2228
2229 2229
2230 2231
2230 2232
2230 2233
2230 2230
2231 2459
2231 2231
2232 2232
2233 2233
2234 2388
2234 2234
2235 2235
2236 2752
2236 2236
2237 2237
2238 2238
2239 2239
2240 2240
2241 2242
2241 2243
2241 2241
2242 2242
2243 2243
2244 2244
2245 2245
2246 2246
2247 2247
2248 2249
2248 2248
2249 2250
2249 2251
2249 2252
2249 2253
2249 2249
2250 2250
2251 2251
2252 2252
2253 2253
2254 2254
2255 2255
2256 2256
2257 2257
2258 2258
2259 2528
2259 2259
2260 2260
2261 2262
2261 2261
2262 2262
2263 2263
2264 2264
2265 2265
2266 2266
2267 2267
2268 2268
2269 2269
2270 2270
2271 2271
2272 2272
2273 2273
2274 2274
2275 2275
2276 2276
2277 2278
2277 2277
2278 2656
2278 2278
2279 2279
2280 2281
2280 2280
2281 2281
2282 2282
2283 2283
2284 2284
2285 2285
2286 2286
2287 2287
2288 2288
2289 2606
2289 2823
2289 2674
2289 2289
2290 2291
2290 2290
2291 2291
2292 2292
2293 2293
2294 2294
2295 2295
2296 2296
2297 2298
2297 2297
2298 2695
2298 2884
2298 2298
2299 2299
2300 2300
2301 2301
2302 2302
2303 2304
2303 2303
2304 2304
2305 2306
2305 2305
2306 2723
2306 2306
2307 2307
2308 2309
2308 2310
2308 2308
2309 2473
2309 2847
2309 2848
2309 2309
2310 2310
2311 2311
2312 2312
2313 2313
2314 2314
2315 2638
2315 2315
2316 2316
2317 2317
2318 2318
2319 2319
2320 2321
2320 2320
2321 2321
2322 2323
2322 2322
2323 2601
2323 2602
2323 2603
2323 2323
2324 2324
2325 2325
2326 2327
2326 2328
2326 2326
2327 2327
2328 2328
2329 2329
2330 2330
2331 2332
2331 2331
2332 2455
2332 2332
2333 2333
2334 2335
2334 2334
2335 2335
2336 2427
2336 2428
2336 2336
2337 2337
2338 2338
2339 2340
2339 2339
2340 2466
2340 2340
2341 2341
2342 2342
2343 2344
2343 2343
2344 2344
2345 2346
2345 2345
2346 2364
2346 2346
2347 2347
2348 2348
2349 2364
2349 2349
2350 2351
2350 2350
2351 2351
2352 2352
2353 2353
2354 2354
2355 2355
2356 2357
2356 2358
2356 2356
2357 2357
2358 2358
2359 2360
2359 2359
2360 2360
2361 2361
2362 2362
2363 2363
2364 2364
2365 2365
2366 2418
2366 2419
2366 2631
2366 2366
2367 2367
2368 2368
2369 2369
2370 2370
2371 2535
2371 2585
2371 2913
2371 2371
2372 2372
2373 2373
2374 2374
2375 2375
2376 2423
2376 2376
2377 2377
2378 2378
2379 2379
2380 2380
2381 2381
2382 2382
2383 2705
2383 2383
2384 2384
2385 2386
2385 2387
2385 2385
2386 2386
2387 2387
2388 2388
2389 2389
2390 2390
2391 2391
2392 2392
2393 2393
2394 2394
2395 2395
2396 2396
2397 2397
2398 2399
2398 2398
2399 2399
2400 2400
2401 2401
2402 2403
2402 2402
2403 2662
2403 2403
2404 2404
2405 2405
2406 2406
2407 2626
2407 2799
2407 2407
2408 2408
2409 2886
2409 2409
2410 2880
2410 2410
2411 2411
2412 2412
2413 2413
2414 2414
2415 2415
2416 2416
2417 2417
2418 2418
2419 2419
2420 2420
2421 2421
2422 2422
2423 2423
2424 2425
2424 2426
2424 2424
2425 2765
2425 2425
2426 2765
2426 2426
2427 2657
2427 2427
2428 2428
2429 2429
2430 2430
2431 2431
2432 2432
2433 2433
2434 2434
2435 2435
2436 2436
2437 2437
2438 2438
2439 2439
2440 2440
2441 2441
2442 2442
2443 2443
2444 2444
2445 2445
2446 2446
2447 2448
2447 2447
2448 2448
2449 2805
2449 2449
2450 2450
2451 2451
2452 2452
2453 2453
2454 2872
2454 2454
2455 2455
2456 2456
2457 2457
2458 2458
2459 2561
2459 2635
2459 2459
2460 2460
2461 2461
2462 2462
2463 2463
2464 2464
2465 2465
2466 2466
2467 2467
2468 2468
2469 2469
2470 2470
2471 2471
2472 2472
2473 2473
2474 2474
2475 2476
2475 2477
2475 2478
2475 2479
2475 2475
2476 2476
2477 2477
2478 2478
2479 2479
2480 2480
2481 2482
2481 2481
2482 2482
2483 2483
2484 2485
2484 2484
2485 2485
2486 2487
2486 2486
2487 2487
2488 2672
2488 2488
2489 2672
2489 2489
2490 2941
2490 2848
2490 2792
2490 2490
2491 2491
2492 2493
2492 2492
2493 2493
2494 2494
2495 2495
2496 2496
2497 2497
2498 2498
2499 2500
2499 2499
2500 2500
2501 2501
2502 2899
2502 2502
2503 2503
2504 2505
2504 2504
2505 2505
2506 2506
2507 2507
2508 2508
2509 2509
2510 2510
2511 2511
2512 2512
2513 2513
2514 2514
2515 2515
2516 2516
2517 2517
2518 2518
2519 2520
2519 2519
2520 2520
2521 2521
2522 2522
2523 2523
2524 2524
2525 2654
2525 2525
2526 2526
2527 2527
2528 2667
2528 2804
2528 2528
2529 2529
2530 2530
2531 2531
2532 2533
2532 2532
2533 2533
2534 2534
2535 2535
2536 2536
2537 2537
2538 2538
2539 2539
2540 2540
2541 2541
2542 2542
2543 2544
2543 2543
2544 2936
2544 2544
2545 2545
2546 2546
2547 2547
2548 2548
2549 2549
2550 2550
2551 2551
2552 2552
2553 2553
2554 2554
2555 2555
2556 2556
2557 2557
2558 2558
2559 2560
2559 2559
2560 2655
2560 2560
2561 2561
2562 2562
2563 2909
2563 2563
2564 2581
2564 2564
2565 2565
2566 2566
2567 2567
2568 2568
2569 2569
2570 2570
2571 2571
2572 2572
2573 2573
2574 2574
2575 2575
2576 2576
2577 2577
2578 2578
2579 2579
2580 2580
2581 2581
2582 2582
2583 2583
2584 2584
2585 2585
2586 2586
2587 2587
2588 2588
2589 2589
2590 2590
2591 2591
2592 2592
2593 2593
2594 2594
2595 2595
2596 2850
2596 2596
2597 2597
2598 2977
2598 2598
2599 2599
2600 2600
2601 2601
2602 2602
2603 2953
2603 2744
2603 2603
2604 2604
2605 2605
2606 2606
2607 2608
2607 2607
2608 2829
2608 2608
2609 2610
2609 2609
2610 2732
2610 2610
2611 2611
2612 2613
2612 2614
2612 2612
2613 2613
2614 2614
2615 2615
2616 2770
2616 2616
2617 2617
2618 2619
2618 2618
2619 2671
2619 2619
2620 2620
2621 2621
2622 2622
2623 2623
2624 2624
2625 2625
2626 2626
2627 2627
2628 2628
2629 2629
2630 2630
2631 2631
2632 2632
2633 2633
2634 2634
2635 2900
2635 2635
2636 2636
2637 2637
2638 2638
2639 2639
2640 2640
2641 2641
2642 2642
2643 2643
2644 2644
2645 2645
2646 2646
2647 2647
2648 2648
2649 2649
2650 2700
2650 2650
2651 2651
2652 2652
2653 2653
2654 2654
2655 2655
2656 2706
2656 2922
2656 2656
2657 2657
2658 2658
2659 2659
2660 2660
2661 2661
2662 2662
2663 2663
2664 2954
2664 2664
2665 2665
2666 2666
2667 2667
2668 2668
2669 2669
2670 2670
2671 2671
2672 2892
2672 2672
2673 2673
2674 2896
2674 2674
2675 2675
2676 2676
2677 2677
2678 2679
2678 2678
2679 2733
2679 2842
2679 2679
2680 2680
2681 2681
2682 2682
2683 2683
2684 2684
2685 2685
2686 2686
2687 2687
2688 2688
2689 2689
2690 2691
2690 2690
2691 2691
2692 2692
2693 2693
2694 2694
2695 2695
2696 2696
2697 2698
2697 2697
2698 2776
2698 2777
2698 2698
2699 2699
2700 2700
2701 2701
2702 2825
2702 2702
2703 2703
2704 2705
2704 2704
2705 2705
2706 2706
2707 2707
2708 2708
2709 2709
2710 2710
2711 2711
2712 2712
2713 2713
2714 2714
2715 2715
2716 2716
2717 2717
2718 2718
2719 2719
2720 2720
2721 2721
2722 2722
2723 2723
2724 2724
2725 2725
2726 2726
2727 2727
2728 2728
2729 2729
2730 2730
2731 2731
2732 2732
2733 2733
2734 2734
2735 2735
2736 2736
2737 2737
2738 2738
2739 2739
2740 2740
2741 2741
2742 2742
2743 2743
2744 2744
2745 2745
2746 2746
2747 2747
2748 2748
2749 2749
2750 2883
2750 2750
2751 2751
2752 2752
2753 2753
2754 2754
2755 2755
2756 2756
2757 2757
2758 2758
2759 2759
2760 2760
2761 2761
2762 2762
2763 2763
2764 2764
2765 2765
2766 2766
2767 2767
2768 2768
2769 2769
2770 2771
2770 2770
2771 2869
2771 2805
2771 2771
2772 2772
2773 2773
2774 2881
2774 2774
2775 2775
2776 2776
2777 2812
2777 2777
2778 2778
2779 2779
2780 2780
2781 2781
2782 2782
2783 2783
2784 2784
2785 2785
2786 2787
2786 2786
2787 2787
2788 2788
2789 2789
2790 2790
2791 2792
2791 2791
2792 2792
2793 2793
2794 2794
2795 2795
2796 2796
2797 2797
2798 2799
2798 2798
2799 2799
2800 2800
2801 2801
2802 2817
2802 2802
2803 2803
2804 2804
2805 2805
2806 2806
2807 2807
2808 2808
2809 2809
2810 2810
2811 2811
2812 2812
2813 2813
2814 2814
2815 2815
2816 2816
2817 2817
2818 2818
2819 2819
2820 2820
2821 2821
2822 2822
2823 2823
2824 2824
2825 2825
2826 2826
2827 2827
2828 2828
2829 2829
2830 2830
2831 2831
2832 2832
2833 2833
2834 2834
2835 2836
2835 2835
2836 2836
2837 2837
2838 2838
2839 2839
2840 2840
2841 2841
2842 2842
2843 2843
2844 2844
2845 2845
2846 2846
2847 2847
2848 2848
2849 2849
2850 2850
2851 2851
2852 2852
2853 2853
2854 2854
2855 2855
2856 2856
2857 2857
2858 2859
2858 2858
2859 2902
2859 2859
2860 2860
2861 2861
2862 2862
2863 2863
2864 2864
2865 2866
2865 2865
2866 2866
2867 2868
2867 2867
2868 2868
2869 2869
2870 2870
2871 2871
2872 2872
2873 2873
2874 2874
2875 2875
2876 2876
2877 2877
2878 2878
2879 2879
2880 2880
2881 2881
2882 2883
2882 2882
2883 2921
2883 2883
2884 2884
2885 2895
2885 2885
2886 2886
2887 2887
2888 2888
2889 2889
2890 2890
2891 2891
2892 2892
2893 2893
2894 2894
2895 2895
2896 2896
2897 2897
2898 2898
2899 2899
2900 2900
2901 2901
2902 2902
2903 2904
2903 2903
2904 2904
2905 2905
2906 2906
2907 2907
2908 2908
2909 2909
2910 2910
2911 2911
2912 2912
2913 2913
2914 2914
2915 2915
2916 2916
2917 2917
2918 2918
2919 2919
2920 2920
2921 2921
2922 2922
2923 2923
2924 2924
2925 2925
2926 2926
2927 2927
2928 2928
2929 2929
2930 2930
2931 2931
2932 2932
2933 2933
2934 2934
2935 2935
2936 2936
2937 2938
2937 2937
2938 2938
2939 2939
2940 2940
2941 2941
2942 2942
2943 2943
2944 2945
2944 2944
2945 2945
2946 2946
2947 2948
2947 2947
2948 2961
2948 2948
2949 2949
2950 2950
2951 2951
2952 2952
2953 2953
2954 2954
2955 2955
2956 2956
2957 2957
2958 2958
2959 2959
2960 2960
2961 2961
2962 2963
2962 2962
2963 2963
2964 2964
2965 2965
2966 2966
2967 2969
2967 2967
2968 2968
2969 2969
2970 2970
2971 2971
2972 2972
2973 2973
2974 2974
2975 2975
2976 2976
2977 2977
2978 2978
2979 2979
2980 2980
2981 2981
2982 2982
2983 2983
2984 2984
2985 2985
2986 2986
2987 2987
2988 2988
