0 1
0 2
0 3
0 4
0 5
0 6
0 7
0 8
0 9
0 10
0 11
0 12
0 13
0 14
0 15
0 16
0 17
0 18
0 19
0 20
0 21
0 22
0 23
0 24
0 25
0 26
0 27
0 28
0 29
0 30
0 31
0 32
0 33
0 34
0 35
0 36
0 37
0 38
0 39
0 40
0 41
0 42
0 43
0 44
0 45
0 46
0 47
0 48
0 49
0 50
0 51
0 52
0 53
0 54
0 55
0 56
0 57
0 58
0 59
0 60
0 61
0 0
1 4
1 5
1 62
1 6
1 63
1 64
1 14
1 15
1 65
1 16
1 17
1 18
1 66
1 19
1 21
1 24
1 25
1 26
1 67
1 28
1 68
1 30
1 31
1 32
1 33
1 35
1 36
1 69
1 39
1 40
1 41
1 70
1 45
1 46
1 71
1 72
1 47
1 73
1 48
1 50
1 51
1 74
1 75
1 52
1 76
1 53
1 77
1 78
1 79
1 54
1 80
1 55
1 56
1 81
1 59
1 82
1 83
1 84
1 1
2 64
2 16
2 17
2 66
2 21
2 24
2 28
2 30
2 31
2 32
2 40
2 45
2 73
2 75
2 52
2 54
2 56
2 84
2 85
2 9
2 96
2 10
2 11
2 20
2 98
2 42
2 43
2 49
2 60
2 61
2 2
3 25
3 30
3 33
3 47
3 74
3 76
3 77
3 56
3 61
3 87
3 13
3 88
3 99
3 57
3 3
4 85
4 5
4 6
4 7
4 8
4 86
4 9
4 64
4 10
4 11
4 87
4 12
4 15
4 88
4 65
4 16
4 17
4 18
4 19
4 20
4 21
4 22
4 23
4 24
4 25
4 26
4 28
4 29
4 31
4 34
4 35
4 36
4 37
4 69
4 38
4 89
4 39
4 40
4 42
4 44
4 45
4 72
4 47
4 73
4 49
4 50
4 51
4 74
4 52
4 90
4 91
4 53
4 77
4 92
4 54
4 55
4 56
4 60
4 61
4 84
4 4
5 85
5 93
5 94
5 62
5 95
5 6
5 7
5 8
5 9
5 64
5 96
5 15
5 65
5 16
5 97
5 17
5 18
5 66
5 19
5 20
5 21
5 22
5 23
5 24
5 25
5 26
5 98
5 68
5 30
5 31
5 35
5 99
5 37
5 69
5 38
5 40
5 41
5 70
5 42
5 44
5 45
5 46
5 72
5 47
5 100
5 48
5 49
5 50
5 51
5 74
5 75
5 52
5 76
5 92
5 79
5 54
5 80
5 56
5 81
5 57
5 58
5 59
5 60
5 84
5 5
6 85
6 93
6 94
6 101
6 9
6 11
6 87
6 15
6 16
6 102
6 17
6 18
6 66
6 19
6 21
6 23
6 103
6 24
6 25
6 26
6 27
6 67
6 28
6 68
6 30
6 32
6 33
6 35
6 99
6 104
6 69
6 38
6 89
6 39
6 40
6 41
6 42
6 105
6 44
6 45
6 46
6 72
6 47
6 48
6 49
6 50
6 51
6 74
6 75
6 52
6 76
6 53
6 79
6 54
6 80
6 55
6 56
6 81
6 57
6 58
6 59
6 60
6 82
6 106
6 84
6 6
7 64
7 16
7 18
7 19
7 21
7 24
7 67
7 28
7 31
7 32
7 36
7 40
7 70
7 72
7 50
7 51
7 74
7 75
7 56
7 59
7 84
7 60
7 93
7 94
7 95
7 87
7 23
7 34
7 99
7 38
7 89
7 105
7 7
8 14
8 16
8 17
8 21
8 24
8 33
8 72
8 47
8 73
8 74
8 53
8 54
8 83
8 11
8 20
8 42
8 49
8 61
8 13
8 102
8 27
8 37
8 57
8 58
8 8
9 64
9 18
9 19
9 21
9 24
9 25
9 26
9 28
9 68
9 30
9 32
9 33
9 36
9 41
9 72
9 47
9 48
9 74
9 75
9 52
9 54
9 55
9 56
9 59
9 93
9 86
9 101
9 22
9 23
9 34
9 99
9 42
9 43
9 49
9 106
9 9
10 63
10 16
10 17
10 21
10 24
10 30
10 35
10 69
10 40
10 45
10 53
10 54
10 87
10 103
10 104
10 60
10 106
10 10
11 64
11 14
11 15
11 65
11 16
11 19
11 25
11 28
11 31
11 35
11 36
11 69
11 41
11 70
11 72
11 80
11 56
11 59
11 84
11 93
11 12
11 97
11 29
11 34
11 99
11 89
11 42
11 108
11 92
11 61
11 11
12 63
12 15
12 17
12 18
12 19
12 21
12 26
12 30
12 32
12 69
12 70
12 50
12 51
12 80
12 59
12 84
12 98
12 43
12 86
12 87
12 22
12 29
12 89
12 44
12 57
12 12
13 14
13 16
13 17
13 18
13 25
13 26
13 30
13 33
13 35
13 41
13 46
13 72
13 51
13 74
13 52
13 53
13 79
13 81
13 59
13 82
13 83
13 88
13 29
13 34
13 89
13 44
13 13
14 62
14 64
14 94
14 95
14 101
14 88
14 65
14 16
14 17
14 21
14 22
14 23
14 103
14 24
14 26
14 98
14 27
14 28
14 29
14 30
14 31
14 32
14 33
14 34
14 36
14 37
14 104
14 40
14 41
14 108
14 44
14 46
14 72
14 48
14 51
14 74
14 52
14 90
14 91
14 77
14 79
14 80
14 56
14 81
14 59
14 60
14 61
14 82
14 83
14 84
14 14
15 64
15 93
15 94
15 95
15 101
15 16
15 18
15 19
15 21
15 23
15 24
15 28
15 29
15 31
15 32
15 34
15 35
15 99
15 69
15 38
15 41
15 71
15 49
15 75
15 52
15 53
15 77
15 79
15 56
15 81
15 57
15 58
15 59
15 82
15 15
16 63
16 64
16 65
16 85
16 93
16 94
16 95
16 96
16 87
16 88
16 97
16 17
16 18
16 66
16 19
16 20
16 21
16 22
16 23
16 103
16 24
16 25
16 26
16 98
16 67
16 28
16 68
16 29
16 30
16 31
16 32
16 33
16 34
16 35
16 99
16 36
16 37
16 104
16 69
16 38
16 89
16 39
16 40
16 41
16 42
16 43
16 105
16 108
16 44
16 45
16 111
16 46
16 112
16 71
16 72
16 47
16 100
16 73
16 48
16 110
16 50
16 51
16 74
16 75
16 52
16 90
16 91
16 76
16 53
16 77
16 78
16 54
16 80
16 55
16 109
16 56
16 81
16 57
16 59
16 60
16 61
16 82
16 83
16 106
16 84
16 16
17 62
17 63
17 64
17 65
17 85
17 95
17 96
17 87
17 97
17 18
17 66
17 19
17 20
17 21
17 22
17 23
17 24
17 26
17 27
17 67
17 28
17 68
17 29
17 30
17 32
17 33
17 34
17 35
17 99
17 36
17 37
17 104
17 69
17 89
17 39
17 40
17 41
17 70
17 42
17 43
17 108
17 44
17 45
17 46
17 112
17 72
17 47
17 73
17 110
17 51
17 74
17 75
17 52
17 76
17 53
17 77
17 54
17 80
17 55
17 56
17 81
17 57
17 59
17 107
17 61
17 106
17 84
17 17
18 63
18 64
18 93
18 94
18 95
18 86
18 101
18 88
18 97
18 19
18 21
18 23
18 24
18 25
18 26
18 98
18 27
18 28
18 68
18 29
18 30
18 31
18 34
18 35
18 36
18 37
18 69
18 38
18 39
18 40
18 41
18 70
18 42
18 45
18 112
18 72
18 47
18 73
18 48
18 50
18 51
18 74
18 75
18 52
18 91
18 76
18 53
18 79
18 54
18 80
18 56
18 81
18 57
18 58
18 59
18 83
18 84
18 18
19 64
19 65
19 66
19 94
19 96
19 87
19 88
19 21
19 23
19 103
19 24
19 26
19 28
19 29
19 30
19 34
19 35
19 37
19 69
19 89
19 39
19 40
19 41
19 70
19 42
19 43
19 108
19 44
19 48
19 49
19 74
19 75
19 76
19 53
19 77
19 92
19 80
19 55
19 109
19 56
19 59
19 60
19 61
19 83
19 106
19 84
19 19
20 64
20 65
20 21
20 24
20 26
20 28
20 32
20 35
20 40
20 71
20 74
20 75
20 79
20 54
20 56
20 84
20 97
20 22
20 23
20 98
20 99
20 112
20 49
20 109
20 57
20 60
20 61
20 20
21 63
21 65
21 66
21 85
21 93
21 94
21 95
21 96
21 87
21 88
21 97
21 102
21 23
21 103
21 24
21 25
21 26
21 98
21 67
21 28
21 68
21 29
21 30
21 31
21 32
21 33
21 34
21 35
21 99
21 36
21 37
21 104
21 38
21 40
21 41
21 70
21 42
21 44
21 45
21 46
21 47
21 100
21 73
21 48
21 50
21 74
21 75
21 52
21 76
21 53
21 77
21 78
21 92
21 79
21 54
21 80
21 109
21 56
21 57
21 58
21 59
21 60
21 106
21 84
21 21
22 63
22 65
22 24
22 26
22 68
22 41
22 47
22 73
22 48
22 74
22 52
22 53
22 81
22 93
22 95
22 86
22 99
22 90
22 91
22 92
22 57
22 58
22 22
23 62
23 65
23 24
23 26
23 28
23 30
23 32
23 33
23 35
23 36
23 39
23 40
23 41
23 46
23 47
23 50
23 51
23 75
23 52
23 53
23 77
23 79
23 55
23 56
23 81
23 59
23 84
23 42
23 43
23 49
23 60
23 95
23 87
23 97
23 34
23 99
23 37
23 89
23 108
23 44
23 92
23 57
23 23
24 66
24 85
24 93
24 94
24 95
24 96
24 87
24 88
24 102
24 25
24 26
24 98
24 67
24 28
24 68
24 30
24 31
24 32
24 33
24 34
24 35
24 99
24 36
24 37
24 69
24 89
24 40
24 41
24 42
24 43
24 44
24 45
24 112
24 71
24 47
24 48
24 49
24 110
24 50
24 51
24 74
24 75
24 52
24 90
24 76
24 53
24 77
24 78
24 92
24 79
24 54
24 80
24 109
24 56
24 57
24 58
24 59
24 60
24 82
24 83
24 106
24 84
24 24
25 64
25 94
25 86
25 87
25 88
25 26
25 98
25 27
25 68
25 30
25 32
25 33
25 35
25 36
25 38
25 40
25 41
25 44
25 46
25 72
25 47
25 48
25 49
25 50
25 51
25 74
25 75
25 52
25 76
25 53
25 92
25 79
25 54
25 80
25 55
25 109
25 56
25 81
25 57
25 59
25 60
25 83
25 84
25 25
26 63
26 65
26 93
26 95
26 86
26 97
26 28
26 35
26 99
26 36
26 37
26 38
26 89
26 39
26 41
26 70
26 42
26 46
26 112
26 47
26 73
26 49
26 50
26 51
26 74
26 91
26 53
26 77
26 54
26 80
26 55
26 56
26 81
26 58
26 59
26 61
26 83
26 106
26 84
26 26
27 28
27 30
27 33
27 70
27 46
27 72
27 51
27 74
27 52
27 77
27 79
27 83
27 84
27 88
27 38
27 107
27 27
28 64
28 65
28 67
28 85
28 94
28 95
28 87
28 88
28 98
28 68
28 29
28 30
28 31
28 32
28 34
28 35
28 36
28 37
28 69
28 38
28 39
28 40
28 41
28 70
28 108
28 44
28 45
28 46
28 72
28 47
28 49
28 50
28 51
28 75
28 52
28 90
28 76
28 53
28 77
28 79
28 54
28 80
28 55
28 109
28 56
28 81
28 57
28 58
28 59
28 60
28 61
28 106
28 84
28 28
29 62
29 63
29 65
29 66
29 30
29 32
29 36
29 40
29 41
29 47
29 73
29 74
29 75
29 53
29 80
29 56
29 81
29 59
29 93
29 94
29 86
29 87
29 88
29 34
29 99
29 37
29 104
29 89
29 108
29 44
29 92
29 57
29 29
30 62
30 67
30 93
30 95
30 87
30 88
30 98
30 31
30 33
30 37
30 104
30 69
30 89
30 39
30 41
30 44
30 45
30 112
30 72
30 47
30 100
30 49
30 50
30 51
30 74
30 75
30 52
30 77
30 78
30 92
30 79
30 54
30 80
30 55
30 56
30 57
30 59
30 106
30 84
30 30
31 63
31 64
31 93
31 95
31 86
31 101
31 102
31 98
31 32
31 99
31 36
31 38
31 40
31 42
31 45
31 46
31 47
31 110
31 75
31 52
31 90
31 76
31 77
31 56
31 81
31 58
31 60
31 61
31 82
31 31
32 62
32 64
32 67
32 94
32 86
32 34
32 99
32 36
32 38
32 40
32 42
32 43
32 45
32 46
32 112
32 71
32 100
32 73
32 49
32 110
32 74
32 75
32 52
32 90
32 54
32 56
32 81
32 57
32 82
32 106
32 84
32 32
33 62
33 64
33 88
33 37
33 89
33 40
33 42
33 44
33 72
33 47
33 73
33 49
33 51
33 74
33 53
33 92
33 79
33 56
33 57
33 59
33 107
33 60
33 83
33 33
34 63
34 65
34 40
34 47
34 48
34 75
34 53
34 77
34 55
34 56
34 81
34 59
34 84
34 42
34 60
34 95
34 87
34 88
34 99
34 37
34 38
34 89
34 92
34 106
34 34
35 64
35 68
35 93
35 87
35 103
35 98
35 69
35 38
35 39
35 40
35 70
35 42
35 44
35 47
35 100
35 49
35 74
35 52
35 53
35 77
35 79
35 54
35 55
35 56
35 59
35 82
35 84
35 35
36 63
36 64
36 65
36 85
36 93
36 95
36 86
36 102
36 99
36 37
36 44
36 46
36 72
36 73
36 53
36 79
36 80
36 56
36 59
36 36
37 47
37 50
37 75
37 52
37 79
37 54
37 80
37 56
37 81
37 59
37 82
37 85
37 98
37 93
37 87
37 88
37 38
37 109
37 57
37 58
37 106
37 37
38 62
38 63
38 68
38 40
38 45
38 46
38 72
38 47
38 73
38 48
38 50
38 52
38 53
38 77
38 80
38 56
38 81
38 59
38 82
38 84
38 60
38 93
38 87
38 97
38 108
38 57
38 38
39 64
39 68
39 87
39 89
39 44
39 72
39 49
39 51
39 75
39 77
39 80
39 55
39 56
39 59
39 39
40 64
40 95
40 86
40 96
40 87
40 103
40 98
40 99
40 104
40 41
40 43
40 108
40 45
40 72
40 48
40 49
40 51
40 74
40 75
40 52
40 53
40 80
40 55
40 56
40 57
40 58
40 59
40 60
40 61
40 106
40 84
40 40
41 63
41 64
41 66
41 67
41 93
41 94
41 86
41 101
41 87
41 99
41 70
41 42
41 44
41 112
41 72
41 100
41 73
41 49
41 110
41 51
41 74
41 53
41 78
41 55
41 56
41 81
41 57
41 59
41 61
41 82
41 41
42 63
42 64
42 65
42 68
42 69
42 46
42 73
42 74
42 76
42 77
42 55
42 56
42 84
42 98
42 93
42 95
42 86
42 99
42 104
42 105
42 108
42 112
42 91
42 60
42 42
43 45
43 93
43 57
43 58
43 60
43 106
43 43
44 62
44 64
44 66
44 68
44 72
44 47
44 50
44 51
44 53
44 78
44 80
44 55
44 56
44 81
44 59
44 83
44 98
44 60
44 61
44 95
44 88
44 89
44 107
44 44
45 68
45 96
45 87
45 47
45 75
45 52
45 79
45 56
45 60
45 61
45 106
45 45
46 68
46 93
46 98
46 99
46 73
46 51
46 52
46 90
46 53
46 80
46 55
46 56
46 57
46 58
46 59
46 60
46 82
46 106
46 46
47 69
47 99
47 112
47 73
47 48
47 50
47 74
47 52
47 90
47 78
47 92
47 54
47 56
47 57
47 58
47 107
47 47
48 62
48 63
48 65
48 68
48 93
48 87
48 108
48 49
48 50
48 75
48 52
48 53
48 57
48 106
48 84
48 48
49 64
49 65
49 67
49 69
49 50
49 75
49 52
49 53
49 77
49 54
49 80
49 55
49 56
49 59
49 84
49 85
49 93
49 86
49 87
49 99
49 89
49 92
49 57
49 49
50 62
50 66
50 69
50 70
50 95
50 87
50 88
50 103
50 98
50 104
50 105
50 108
50 74
50 75
50 52
50 53
50 77
50 56
50 57
50 59
50 107
50 60
50 106
50 50
51 62
51 68
51 71
51 93
51 88
51 103
51 98
51 89
51 112
51 74
51 52
51 78
51 92
51 79
51 56
51 81
51 106
51 51
52 67
52 68
52 69
52 74
52 93
52 101
52 102
52 112
52 91
52 76
52 53
52 77
52 79
52 54
52 55
52 56
52 57
52 58
52 59
52 107
52 60
52 82
52 52
53 62
53 63
53 64
53 65
53 68
53 69
53 70
53 72
53 73
53 74
53 85
53 86
53 101
53 87
53 88
53 98
53 99
53 108
53 100
53 90
53 91
53 77
53 80
53 55
53 56
53 57
53 60
53 82
53 84
53 53
54 62
54 68
54 69
54 75
54 76
54 77
54 86
54 103
54 89
54 108
54 100
54 92
54 56
54 60
54 54
55 63
55 66
55 67
55 72
55 77
55 93
55 95
55 87
55 97
55 108
55 91
55 58
55 59
55 61
55 84
55 55
56 62
56 63
56 65
56 68
56 69
56 70
56 74
56 75
56 76
56 77
56 79
56 80
56 93
56 94
56 86
56 101
56 87
56 88
56 97
56 102
56 103
56 99
56 104
56 89
56 110
56 91
56 92
56 57
56 58
56 59
56 60
56 61
56 106
56 84
56 56
57 63
57 65
57 67
57 68
57 70
57 73
57 74
57 75
57 80
57 81
57 59
57 84
57 98
57 60
57 93
57 94
57 95
57 101
57 99
57 92
57 107
57 57
58 77
58 84
58 93
58 101
58 102
58 110
58 109
58 58
59 62
59 64
59 68
59 69
59 71
59 72
59 73
59 74
59 75
59 80
59 81
59 93
59 87
59 88
59 98
59 104
59 89
59 108
59 100
59 110
59 92
59 109
59 60
59 83
59 106
59 84
59 59
60 62
60 63
60 64
60 66
60 68
60 73
60 74
60 75
60 79
60 84
60 96
60 86
60 87
60 103
60 108
60 90
60 107
60 106
60 60
61 80
61 93
61 95
61 97
61 103
61 61
62 68
62 89
62 73
62 62
63 86
63 66
63 103
63 68
63 104
63 69
63 91
63 80
63 107
63 63
64 93
64 88
64 102
64 68
64 99
64 69
64 70
64 108
64 72
64 74
64 79
64 109
64 84
64 64
65 94
65 95
65 86
65 87
65 99
65 70
65 110
65 75
65 80
65 84
65 65
66 72
66 78
66 66
67 93
67 94
67 86
67 88
67 98
67 99
67 105
67 75
67 76
67 77
67 78
67 79
67 84
67 67
68 87
68 103
68 98
68 100
68 73
68 110
68 74
68 75
68 91
68 79
68 80
68 81
68 82
68 84
68 68
69 97
69 108
69 71
69 73
69 74
69 90
69 79
69 84
69 69
70 85
70 93
70 94
70 75
70 76
70 77
70 79
70 84
70 70
71 93
71 104
71 76
71 82
71 71
72 98
72 99
72 104
72 74
72 76
72 77
72 79
72 83
72 72
73 90
73 92
73 80
73 73
74 93
74 94
74 86
74 88
74 103
74 98
74 89
74 92
74 79
74 81
74 107
74 83
74 84
74 74
75 95
75 87
75 99
75 100
75 76
75 77
75 83
75 106
75 84
75 75
76 85
76 93
76 77
76 84
76 76
77 94
77 95
77 101
77 88
77 98
77 89
77 90
77 91
77 80
77 107
77 77
78 100
78 78
79 95
79 86
79 101
79 102
79 92
79 80
79 81
79 83
79 106
79 84
79 79
80 93
80 95
80 86
80 101
80 87
80 98
80 99
80 104
80 108
80 100
80 90
80 92
80 106
80 84
80 80
81 93
81 95
81 86
81 101
81 108
81 90
81 106
81 84
81 81
82 100
82 91
82 92
82 83
82 82
83 93
83 87
83 112
83 106
83 83
84 85
84 93
84 94
84 86
84 101
84 87
84 97
84 102
84 98
84 99
84 92
84 109
84 84
85 93
85 86
85 97
85 99
85 92
85 85
86 98
86 93
86 95
86 103
86 99
86 90
86 91
86 86
87 99
87 103
87 105
87 108
87 87
88 99
88 92
88 94
88 89
88 107
88 106
88 88
89 92
89 89
90 99
90 90
91 108
91 101
91 91
92 93
92 104
92 105
92 108
92 92
93 105
93 108
93 112
93 93
94 98
94 99
94 102
94 94
95 98
95 97
95 110
95 106
95 95
96 106
96 96
97 97
98 104
98 105
98 98
99 101
99 104
99 100
99 99
100 100
101 110
101 101
102 102
103 105
103 104
103 103
104 108
104 104
105 105
106 110
106 106
107 107
108 108
109 109
110 110
111 111
112 112
