0 0
0 1521
0 1525
1 1
1 1522
1 1526
2 2
2 1523
2 1527
3 3
3 1524
3 1528
4 4
4 1525
4 1526
4 1527
4 1528
5 5
5 1525
6 6
6 1526
7 7
7 1527
8 8
8 1528
9 9
9 1529
9 1530
9 1531
9 1532
9 1541
10 10
10 1533
10 1534
10 1535
10 1536
10 1542
11 11
11 1537
11 1538
11 1539
11 1540
11 1543
12 12
12 1525
12 1529
12 1533
12 1537
13 13
13 1526
13 1530
13 1534
13 1538
14 14
14 1527
14 1531
14 1535
14 1539
15 15
15 1528
15 1532
15 1536
15 1540
16 16
16 1544
16 1545
16 1546
16 1547
16 1556
17 17
17 1548
17 1549
17 1550
17 1551
17 1557
18 18
18 1552
18 1553
18 1554
18 1555
18 1558
19 19
19 1525
19 1544
19 1548
19 1552
20 20
20 1526
20 1545
20 1549
20 1553
21 21
21 1527
21 1546
21 1550
21 1554
22 22
22 1528
22 1547
22 1551
22 1555
23 23
23 1559
23 1560
23 1561
23 1562
23 1571
24 24
24 1563
24 1564
24 1565
24 1566
24 1572
25 25
25 1567
25 1568
25 1569
25 1570
25 1573
26 26
26 1525
26 1559
26 1563
26 1567
27 27
27 1526
27 1560
27 1564
27 1568
28 28
28 1527
28 1561
28 1565
28 1569
29 29
29 1528
29 1562
29 1566
29 1570
30 30
30 1574
30 1575
30 1576
30 1577
30 1586
31 31
31 1578
31 1579
31 1580
31 1581
31 1587
32 32
32 1582
32 1583
32 1584
32 1585
32 1588
33 33
33 1525
33 1574
33 1578
33 1582
34 34
34 1526
34 1575
34 1579
34 1583
35 35
35 1527
35 1576
35 1580
35 1584
36 36
36 1528
36 1577
36 1581
36 1585
37 37
37 1589
37 1590
37 1591
37 1592
37 1601
38 38
38 1593
38 1594
38 1595
38 1596
38 1602
39 39
39 1597
39 1598
39 1599
39 1600
39 1603
40 40
40 1525
40 1589
40 1593
40 1597
41 41
41 1526
41 1590
41 1594
41 1598
42 42
42 1527
42 1591
42 1595
42 1599
43 43
43 1528
43 1592
43 1596
43 1600
44 44
44 1604
44 1605
44 1606
44 1607
44 1616
45 45
45 1608
45 1609
45 1610
45 1611
45 1617
46 46
46 1612
46 1613
46 1614
46 1615
46 1618
47 47
47 1525
47 1604
47 1608
47 1612
48 48
48 1526
48 1605
48 1609
48 1613
49 49
49 1527
49 1606
49 1610
49 1614
50 50
50 1528
50 1607
50 1611
50 1615
51 51
51 1619
51 1620
51 1621
51 1622
51 1631
52 52
52 1623
52 1624
52 1625
52 1626
52 1632
53 53
53 1627
53 1628
53 1629
53 1630
53 1633
54 54
54 1525
54 1619
54 1623
54 1627
55 55
55 1526
55 1620
55 1624
55 1628
56 56
56 1527
56 1621
56 1625
56 1629
57 57
57 1528
57 1622
57 1626
57 1630
58 58
58 1634
58 1635
58 1636
58 1637
58 1646
59 59
59 1638
59 1639
59 1640
59 1641
59 1647
60 60
60 1642
60 1643
60 1644
60 1645
60 1648
61 61
61 1525
61 1634
61 1638
61 1642
62 62
62 1526
62 1635
62 1639
62 1643
63 63
63 1527
63 1636
63 1640
63 1644
64 64
64 1528
64 1637
64 1641
64 1645
65 65
65 1649
65 1650
65 1651
65 1652
65 1661
66 66
66 1653
66 1654
66 1655
66 1656
66 1662
67 67
67 1657
67 1658
67 1659
67 1660
67 1663
68 68
68 1525
68 1649
68 1653
68 1657
69 69
69 1526
69 1650
69 1654
69 1658
70 70
70 1527
70 1651
70 1655
70 1659
71 71
71 1528
71 1652
71 1656
71 1660
72 72
72 1664
72 1665
72 1666
72 1667
72 1676
73 73
73 1668
73 1669
73 1670
73 1671
73 1677
74 74
74 1672
74 1673
74 1674
74 1675
74 1678
75 75
75 1525
75 1664
75 1668
75 1672
76 76
76 1526
76 1665
76 1669
76 1673
77 77
77 1527
77 1666
77 1670
77 1674
78 78
78 1528
78 1667
78 1671
78 1675
79 79
79 1679
79 1680
79 1681
79 1682
79 1691
80 80
80 1683
80 1684
80 1685
80 1686
80 1692
81 81
81 1687
81 1688
81 1689
81 1690
81 1693
82 82
82 1525
82 1679
82 1683
82 1687
83 83
83 1526
83 1680
83 1684
83 1688
84 84
84 1527
84 1681
84 1685
84 1689
85 85
85 1528
85 1682
85 1686
85 1690
86 86
86 1694
86 1695
86 1696
86 1697
86 1706
87 87
87 1698
87 1699
87 1700
87 1701
87 1707
88 88
88 1702
88 1703
88 1704
88 1705
88 1708
89 89
89 1525
89 1694
89 1698
89 1702
90 90
90 1526
90 1695
90 1699
90 1703
91 91
91 1527
91 1696
91 1700
91 1704
92 92
92 1528
92 1697
92 1701
92 1705
93 93
93 1709
93 1710
93 1711
93 1712
93 1721
94 94
94 1713
94 1714
94 1715
94 1716
94 1722
95 95
95 1717
95 1718
95 1719
95 1720
95 1723
96 96
96 1525
96 1709
96 1713
96 1717
97 97
97 1526
97 1710
97 1714
97 1718
98 98
98 1527
98 1711
98 1715
98 1719
99 99
99 1528
99 1712
99 1716
99 1720
100 100
100 1724
100 1725
100 1726
100 1727
100 1736
101 101
101 1728
101 1729
101 1730
101 1731
101 1737
102 102
102 1732
102 1733
102 1734
102 1735
102 1738
103 103
103 1525
103 1724
103 1728
103 1732
104 104
104 1526
104 1725
104 1729
104 1733
105 105
105 1527
105 1726
105 1730
105 1734
106 106
106 1528
106 1727
106 1731
106 1735
107 107
107 1739
107 1740
107 1741
107 1742
107 1751
108 108
108 1743
108 1744
108 1745
108 1746
108 1752
109 109
109 1747
109 1748
109 1749
109 1750
109 1753
110 110
110 1525
110 1739
110 1743
110 1747
111 111
111 1526
111 1740
111 1744
111 1748
112 112
112 1527
112 1741
112 1745
112 1749
113 113
113 1528
113 1742
113 1746
113 1750
114 114
114 1754
114 1755
114 1756
114 1757
114 1766
115 115
115 1758
115 1759
115 1760
115 1761
115 1767
116 116
116 1762
116 1763
116 1764
116 1765
116 1768
117 117
117 1525
117 1754
117 1758
117 1762
118 118
118 1526
118 1755
118 1759
118 1763
119 119
119 1527
119 1756
119 1760
119 1764
120 120
120 1528
120 1757
120 1761
120 1765
121 121
121 1769
121 1770
121 1771
121 1772
121 1781
122 122
122 1773
122 1774
122 1775
122 1776
122 1782
123 123
123 1777
123 1778
123 1779
123 1780
123 1783
124 124
124 1525
124 1769
124 1773
124 1777
125 125
125 1526
125 1770
125 1774
125 1778
126 126
126 1527
126 1771
126 1775
126 1779
127 127
127 1528
127 1772
127 1776
127 1780
128 128
128 1784
128 1785
128 1786
128 1787
128 1796
129 129
129 1788
129 1789
129 1790
129 1791
129 1797
130 130
130 1792
130 1793
130 1794
130 1795
130 1798
131 131
131 1525
131 1784
131 1788
131 1792
132 132
132 1526
132 1785
132 1789
132 1793
133 133
133 1527
133 1786
133 1790
133 1794
134 134
134 1528
134 1787
134 1791
134 1795
135 135
135 1799
135 1800
135 1801
135 1802
135 1811
136 136
136 1803
136 1804
136 1805
136 1806
136 1812
137 137
137 1807
137 1808
137 1809
137 1810
137 1813
138 138
138 1525
138 1799
138 1803
138 1807
139 139
139 1526
139 1800
139 1804
139 1808
140 140
140 1527
140 1801
140 1805
140 1809
141 141
141 1528
141 1802
141 1806
141 1810
142 142
142 1814
142 1815
142 1816
142 1817
142 1826
143 143
143 1818
143 1819
143 1820
143 1821
143 1827
144 144
144 1822
144 1823
144 1824
144 1825
144 1828
145 145
145 1525
145 1814
145 1818
145 1822
146 146
146 1526
146 1815
146 1819
146 1823
147 147
147 1527
147 1816
147 1820
147 1824
148 148
148 1528
148 1817
148 1821
148 1825
149 149
149 1829
149 1830
149 1831
149 1832
149 1841
150 150
150 1833
150 1834
150 1835
150 1836
150 1842
151 151
151 1837
151 1838
151 1839
151 1840
151 1843
152 152
152 1525
152 1829
152 1833
152 1837
153 153
153 1526
153 1830
153 1834
153 1838
154 154
154 1527
154 1831
154 1835
154 1839
155 155
155 1528
155 1832
155 1836
155 1840
156 156
156 1844
156 1845
156 1846
156 1847
156 1856
157 157
157 1848
157 1849
157 1850
157 1851
157 1857
158 158
158 1852
158 1853
158 1854
158 1855
158 1858
159 159
159 1525
159 1844
159 1848
159 1852
160 160
160 1526
160 1845
160 1849
160 1853
161 161
161 1527
161 1846
161 1850
161 1854
162 162
162 1528
162 1847
162 1851
162 1855
163 163
163 1859
163 1860
163 1861
163 1862
163 1871
164 164
164 1863
164 1864
164 1865
164 1866
164 1872
165 165
165 1867
165 1868
165 1869
165 1870
165 1873
166 166
166 1525
166 1859
166 1863
166 1867
167 167
167 1526
167 1860
167 1864
167 1868
168 168
168 1527
168 1861
168 1865
168 1869
169 169
169 1528
169 1862
169 1866
169 1870
170 170
170 1874
170 1875
170 1876
170 1877
170 1886
171 171
171 1878
171 1879
171 1880
171 1881
171 1887
172 172
172 1882
172 1883
172 1884
172 1885
172 1888
173 173
173 1525
173 1874
173 1878
173 1882
174 174
174 1526
174 1875
174 1879
174 1883
175 175
175 1527
175 1876
175 1880
175 1884
176 176
176 1528
176 1877
176 1881
176 1885
177 177
177 1889
177 1890
177 1891
177 1892
177 1901
178 178
178 1893
178 1894
178 1895
178 1896
178 1902
179 179
179 1897
179 1898
179 1899
179 1900
179 1903
180 180
180 1525
180 1889
180 1893
180 1897
181 181
181 1526
181 1890
181 1894
181 1898
182 182
182 1527
182 1891
182 1895
182 1899
183 183
183 1528
183 1892
183 1896
183 1900
184 184
184 1904
184 1905
184 1906
184 1907
184 1916
185 185
185 1908
185 1909
185 1910
185 1911
185 1917
186 186
186 1912
186 1913
186 1914
186 1915
186 1918
187 187
187 1525
187 1904
187 1908
187 1912
188 188
188 1526
188 1905
188 1909
188 1913
189 189
189 1527
189 1906
189 1910
189 1914
190 190
190 1528
190 1907
190 1911
190 1915
191 191
191 1919
191 1920
191 1921
191 1922
191 1931
192 192
192 1923
192 1924
192 1925
192 1926
192 1932
193 193
193 1927
193 1928
193 1929
193 1930
193 1933
194 194
194 1525
194 1919
194 1923
194 1927
195 195
195 1526
195 1920
195 1924
195 1928
196 196
196 1527
196 1921
196 1925
196 1929
197 197
197 1528
197 1922
197 1926
197 1930
198 198
198 1934
198 1935
198 1936
198 1937
198 1946
199 199
199 1938
199 1939
199 1940
199 1941
199 1947
200 200
200 1942
200 1943
200 1944
200 1945
200 1948
201 201
201 1525
201 1934
201 1938
201 1942
202 202
202 1526
202 1935
202 1939
202 1943
203 203
203 1527
203 1936
203 1940
203 1944
204 204
204 1528
204 1937
204 1941
204 1945
205 205
205 1949
205 1950
205 1951
205 1952
205 1961
206 206
206 1953
206 1954
206 1955
206 1956
206 1962
207 207
207 1957
207 1958
207 1959
207 1960
207 1963
208 208
208 1525
208 1949
208 1953
208 1957
209 209
209 1526
209 1950
209 1954
209 1958
210 210
210 1527
210 1951
210 1955
210 1959
211 211
211 1528
211 1952
211 1956
211 1960
212 212
212 1964
212 1965
212 1966
212 1967
212 1976
213 213
213 1968
213 1969
213 1970
213 1971
213 1977
214 214
214 1972
214 1973
214 1974
214 1975
214 1978
215 215
215 1525
215 1964
215 1968
215 1972
216 216
216 1526
216 1965
216 1969
216 1973
217 217
217 1527
217 1966
217 1970
217 1974
218 218
218 1528
218 1967
218 1971
218 1975
219 219
219 1979
219 1980
219 1981
219 1982
219 1991
220 220
220 1983
220 1984
220 1985
220 1986
220 1992
221 221
221 1987
221 1988
221 1989
221 1990
221 1993
222 222
222 1525
222 1979
222 1983
222 1987
223 223
223 1526
223 1980
223 1984
223 1988
224 224
224 1527
224 1981
224 1985
224 1989
225 225
225 1528
225 1982
225 1986
225 1990
226 226
226 1994
226 1995
226 1996
226 1997
226 2006
227 227
227 1998
227 1999
227 2000
227 2001
227 2007
228 228
228 2002
228 2003
228 2004
228 2005
228 2008
229 229
229 1525
229 1994
229 1998
229 2002
230 230
230 1526
230 1995
230 1999
230 2003
231 231
231 1527
231 1996
231 2000
231 2004
232 232
232 1528
232 1997
232 2001
232 2005
233 233
233 2009
233 2010
233 2011
233 2012
233 2021
234 234
234 2013
234 2014
234 2015
234 2016
234 2022
235 235
235 2017
235 2018
235 2019
235 2020
235 2023
236 236
236 1525
236 2009
236 2013
236 2017
237 237
237 1526
237 2010
237 2014
237 2018
238 238
238 1527
238 2011
238 2015
238 2019
239 239
239 1528
239 2012
239 2016
239 2020
240 240
240 2024
240 2025
240 2026
240 2027
240 2036
241 241
241 2028
241 2029
241 2030
241 2031
241 2037
242 242
242 2032
242 2033
242 2034
242 2035
242 2038
243 243
243 1525
243 2024
243 2028
243 2032
244 244
244 1526
244 2025
244 2029
244 2033
245 245
245 1527
245 2026
245 2030
245 2034
246 246
246 1528
246 2027
246 2031
246 2035
247 247
247 2039
247 2040
247 2041
247 2042
247 2051
248 248
248 2043
248 2044
248 2045
248 2046
248 2052
249 249
249 2047
249 2048
249 2049
249 2050
249 2053
250 250
250 1525
250 2039
250 2043
250 2047
251 251
251 1526
251 2040
251 2044
251 2048
252 252
252 1527
252 2041
252 2045
252 2049
253 253
253 1528
253 2042
253 2046
253 2050
254 254
254 2054
254 2055
254 2056
254 2057
254 2066
255 255
255 2058
255 2059
255 2060
255 2061
255 2067
256 256
256 2062
256 2063
256 2064
256 2065
256 2068
257 257
257 1525
257 2054
257 2058
257 2062
258 258
258 1526
258 2055
258 2059
258 2063
259 259
259 1527
259 2056
259 2060
259 2064
260 260
260 1528
260 2057
260 2061
260 2065
261 261
261 2069
261 2070
261 2071
261 2072
261 2081
262 262
262 2073
262 2074
262 2075
262 2076
262 2082
263 263
263 2077
263 2078
263 2079
263 2080
263 2083
264 264
264 1525
264 2069
264 2073
264 2077
265 265
265 1526
265 2070
265 2074
265 2078
266 266
266 1527
266 2071
266 2075
266 2079
267 267
267 1528
267 2072
267 2076
267 2080
268 268
268 2084
268 2085
268 2086
268 2087
268 2096
269 269
269 2088
269 2089
269 2090
269 2091
269 2097
270 270
270 2092
270 2093
270 2094
270 2095
270 2098
271 271
271 1525
271 2084
271 2088
271 2092
272 272
272 1526
272 2085
272 2089
272 2093
273 273
273 1527
273 2086
273 2090
273 2094
274 274
274 1528
274 2087
274 2091
274 2095
275 275
275 2099
275 2100
275 2101
275 2102
275 2111
276 276
276 2103
276 2104
276 2105
276 2106
276 2112
277 277
277 2107
277 2108
277 2109
277 2110
277 2113
278 278
278 1525
278 2099
278 2103
278 2107
279 279
279 1526
279 2100
279 2104
279 2108
280 280
280 1527
280 2101
280 2105
280 2109
281 281
281 1528
281 2102
281 2106
281 2110
282 282
282 2114
282 2115
282 2116
282 2117
282 2126
283 283
283 2118
283 2119
283 2120
283 2121
283 2127
284 284
284 2122
284 2123
284 2124
284 2125
284 2128
285 285
285 1525
285 2114
285 2118
285 2122
286 286
286 1526
286 2115
286 2119
286 2123
287 287
287 1527
287 2116
287 2120
287 2124
288 288
288 1528
288 2117
288 2121
288 2125
289 289
289 2129
289 2130
289 2131
289 2132
289 2141
290 290
290 2133
290 2134
290 2135
290 2136
290 2142
291 291
291 2137
291 2138
291 2139
291 2140
291 2143
292 292
292 1525
292 2129
292 2133
292 2137
293 293
293 1526
293 2130
293 2134
293 2138
294 294
294 1527
294 2131
294 2135
294 2139
295 295
295 1528
295 2132
295 2136
295 2140
296 296
296 2144
296 2145
296 2146
296 2147
296 2156
297 297
297 2148
297 2149
297 2150
297 2151
297 2157
298 298
298 2152
298 2153
298 2154
298 2155
298 2158
299 299
299 1525
299 2144
299 2148
299 2152
300 300
300 1526
300 2145
300 2149
300 2153
301 301
301 1527
301 2146
301 2150
301 2154
302 302
302 1528
302 2147
302 2151
302 2155
303 303
303 2159
303 2160
303 2161
303 2162
303 2171
304 304
304 2163
304 2164
304 2165
304 2166
304 2172
305 305
305 2167
305 2168
305 2169
305 2170
305 2173
306 306
306 1525
306 2159
306 2163
306 2167
307 307
307 1526
307 2160
307 2164
307 2168
308 308
308 1527
308 2161
308 2165
308 2169
309 309
309 1528
309 2162
309 2166
309 2170
310 310
310 2174
310 2175
310 2176
310 2177
310 2186
311 311
311 2178
311 2179
311 2180
311 2181
311 2187
312 312
312 2182
312 2183
312 2184
312 2185
312 2188
313 313
313 1525
313 2174
313 2178
313 2182
314 314
314 1526
314 2175
314 2179
314 2183
315 315
315 1527
315 2176
315 2180
315 2184
316 316
316 1528
316 2177
316 2181
316 2185
317 317
317 2189
317 2190
317 2191
317 2192
317 2201
318 318
318 2193
318 2194
318 2195
318 2196
318 2202
319 319
319 2197
319 2198
319 2199
319 2200
319 2203
320 320
320 1525
320 2189
320 2193
320 2197
321 321
321 1526
321 2190
321 2194
321 2198
322 322
322 1527
322 2191
322 2195
322 2199
323 323
323 1528
323 2192
323 2196
323 2200
324 324
324 2204
324 2205
324 2206
324 2207
324 2216
325 325
325 2208
325 2209
325 2210
325 2211
325 2217
326 326
326 2212
326 2213
326 2214
326 2215
326 2218
327 327
327 1525
327 2204
327 2208
327 2212
328 328
328 1526
328 2205
328 2209
328 2213
329 329
329 1527
329 2206
329 2210
329 2214
330 330
330 1528
330 2207
330 2211
330 2215
331 331
331 2219
331 2220
331 2221
331 2222
331 2231
332 332
332 2223
332 2224
332 2225
332 2226
332 2232
333 333
333 2227
333 2228
333 2229
333 2230
333 2233
334 334
334 1525
334 2219
334 2223
334 2227
335 335
335 1526
335 2220
335 2224
335 2228
336 336
336 1527
336 2221
336 2225
336 2229
337 337
337 1528
337 2222
337 2226
337 2230
338 338
338 2234
338 2235
338 2236
338 2237
338 2246
339 339
339 2238
339 2239
339 2240
339 2241
339 2247
340 340
340 2242
340 2243
340 2244
340 2245
340 2248
341 341
341 1525
341 2234
341 2238
341 2242
342 342
342 1526
342 2235
342 2239
342 2243
343 343
343 1527
343 2236
343 2240
343 2244
344 344
344 1528
344 2237
344 2241
344 2245
345 345
345 2249
345 2250
345 2251
345 2252
345 2261
346 346
346 2253
346 2254
346 2255
346 2256
346 2262
347 347
347 2257
347 2258
347 2259
347 2260
347 2263
348 348
348 1525
348 2249
348 2253
348 2257
349 349
349 1526
349 2250
349 2254
349 2258
350 350
350 1527
350 2251
350 2255
350 2259
351 351
351 1528
351 2252
351 2256
351 2260
352 352
352 2264
352 2265
352 2266
352 2267
352 2276
353 353
353 2268
353 2269
353 2270
353 2271
353 2277
354 354
354 2272
354 2273
354 2274
354 2275
354 2278
355 355
355 1525
355 2264
355 2268
355 2272
356 356
356 1526
356 2265
356 2269
356 2273
357 357
357 1527
357 2266
357 2270
357 2274
358 358
358 1528
358 2267
358 2271
358 2275
359 359
359 2279
359 2280
359 2281
359 2282
359 2291
360 360
360 2283
360 2284
360 2285
360 2286
360 2292
361 361
361 2287
361 2288
361 2289
361 2290
361 2293
362 362
362 1525
362 2279
362 2283
362 2287
363 363
363 1526
363 2280
363 2284
363 2288
364 364
364 1527
364 2281
364 2285
364 2289
365 365
365 1528
365 2282
365 2286
365 2290
366 366
366 2294
366 2295
366 2296
366 2297
366 2306
367 367
367 2298
367 2299
367 2300
367 2301
367 2307
368 368
368 2302
368 2303
368 2304
368 2305
368 2308
369 369
369 1525
369 2294
369 2298
369 2302
370 370
370 1526
370 2295
370 2299
370 2303
371 371
371 1527
371 2296
371 2300
371 2304
372 372
372 1528
372 2297
372 2301
372 2305
373 373
373 2309
373 2310
373 2311
373 2312
373 2321
374 374
374 2313
374 2314
374 2315
374 2316
374 2322
375 375
375 2317
375 2318
375 2319
375 2320
375 2323
376 376
376 1525
376 2309
376 2313
376 2317
377 377
377 1526
377 2310
377 2314
377 2318
378 378
378 1527
378 2311
378 2315
378 2319
379 379
379 1528
379 2312
379 2316
379 2320
380 380
380 2324
380 2325
380 2326
380 2327
380 2336
381 381
381 2328
381 2329
381 2330
381 2331
381 2337
382 382
382 2332
382 2333
382 2334
382 2335
382 2338
383 383
383 1525
383 2324
383 2328
383 2332
384 384
384 1526
384 2325
384 2329
384 2333
385 385
385 1527
385 2326
385 2330
385 2334
386 386
386 1528
386 2327
386 2331
386 2335
387 387
387 2339
387 2340
387 2341
387 2342
387 2351
388 388
388 2343
388 2344
388 2345
388 2346
388 2352
389 389
389 2347
389 2348
389 2349
389 2350
389 2353
390 390
390 1525
390 2339
390 2343
390 2347
391 391
391 1526
391 2340
391 2344
391 2348
392 392
392 1527
392 2341
392 2345
392 2349
393 393
393 1528
393 2342
393 2346
393 2350
394 394
394 2354
394 2355
394 2356
394 2357
394 2366
395 395
395 2358
395 2359
395 2360
395 2361
395 2367
396 396
396 2362
396 2363
396 2364
396 2365
396 2368
397 397
397 1525
397 2354
397 2358
397 2362
398 398
398 1526
398 2355
398 2359
398 2363
399 399
399 1527
399 2356
399 2360
399 2364
400 400
400 1528
400 2357
400 2361
400 2365
401 401
401 2369
401 2370
401 2371
401 2372
401 2381
402 402
402 2373
402 2374
402 2375
402 2376
402 2382
403 403
403 2377
403 2378
403 2379
403 2380
403 2383
404 404
404 1525
404 2369
404 2373
404 2377
405 405
405 1526
405 2370
405 2374
405 2378
406 406
406 1527
406 2371
406 2375
406 2379
407 407
407 1528
407 2372
407 2376
407 2380
408 408
408 2384
408 2385
408 2386
408 2387
408 2396
409 409
409 2388
409 2389
409 2390
409 2391
409 2397
410 410
410 2392
410 2393
410 2394
410 2395
410 2398
411 411
411 1525
411 2384
411 2388
411 2392
412 412
412 1526
412 2385
412 2389
412 2393
413 413
413 1527
413 2386
413 2390
413 2394
414 414
414 1528
414 2387
414 2391
414 2395
415 415
415 2399
415 2400
415 2401
415 2402
415 2411
416 416
416 2403
416 2404
416 2405
416 2406
416 2412
417 417
417 2407
417 2408
417 2409
417 2410
417 2413
418 418
418 1525
418 2399
418 2403
418 2407
419 419
419 1526
419 2400
419 2404
419 2408
420 420
420 1527
420 2401
420 2405
420 2409
421 421
421 1528
421 2402
421 2406
421 2410
422 422
422 2414
422 2415
422 2416
422 2417
422 2426
423 423
423 2418
423 2419
423 2420
423 2421
423 2427
424 424
424 2422
424 2423
424 2424
424 2425
424 2428
425 425
425 1525
425 2414
425 2418
425 2422
426 426
426 1526
426 2415
426 2419
426 2423
427 427
427 1527
427 2416
427 2420
427 2424
428 428
428 1528
428 2417
428 2421
428 2425
429 429
429 2429
429 2430
429 2431
429 2432
429 2441
430 430
430 2433
430 2434
430 2435
430 2436
430 2442
431 431
431 2437
431 2438
431 2439
431 2440
431 2443
432 432
432 1525
432 2429
432 2433
432 2437
433 433
433 1526
433 2430
433 2434
433 2438
434 434
434 1527
434 2431
434 2435
434 2439
435 435
435 1528
435 2432
435 2436
435 2440
436 436
436 2444
436 2445
436 2446
436 2447
436 2456
437 437
437 2448
437 2449
437 2450
437 2451
437 2457
438 438
438 2452
438 2453
438 2454
438 2455
438 2458
439 439
439 1525
439 2444
439 2448
439 2452
440 440
440 1526
440 2445
440 2449
440 2453
441 441
441 1527
441 2446
441 2450
441 2454
442 442
442 1528
442 2447
442 2451
442 2455
443 443
443 2459
443 2460
443 2461
443 2462
443 2471
444 444
444 2463
444 2464
444 2465
444 2466
444 2472
445 445
445 2467
445 2468
445 2469
445 2470
445 2473
446 446
446 1525
446 2459
446 2463
446 2467
447 447
447 1526
447 2460
447 2464
447 2468
448 448
448 1527
448 2461
448 2465
448 2469
449 449
449 1528
449 2462
449 2466
449 2470
450 450
450 2474
450 2475
450 2476
450 2477
450 2486
451 451
451 2478
451 2479
451 2480
451 2481
451 2487
452 452
452 2482
452 2483
452 2484
452 2485
452 2488
453 453
453 1525
453 2474
453 2478
453 2482
454 454
454 1526
454 2475
454 2479
454 2483
455 455
455 1527
455 2476
455 2480
455 2484
456 456
456 1528
456 2477
456 2481
456 2485
457 457
457 2489
457 2490
457 2491
457 2492
457 2501
458 458
458 2493
458 2494
458 2495
458 2496
458 2502
459 459
459 2497
459 2498
459 2499
459 2500
459 2503
460 460
460 1525
460 2489
460 2493
460 2497
461 461
461 1526
461 2490
461 2494
461 2498
462 462
462 1527
462 2491
462 2495
462 2499
463 463
463 1528
463 2492
463 2496
463 2500
464 464
464 2504
464 2505
464 2506
464 2507
464 2516
465 465
465 2508
465 2509
465 2510
465 2511
465 2517
466 466
466 2512
466 2513
466 2514
466 2515
466 2518
467 467
467 1525
467 2504
467 2508
467 2512
468 468
468 1526
468 2505
468 2509
468 2513
469 469
469 1527
469 2506
469 2510
469 2514
470 470
470 1528
470 2507
470 2511
470 2515
471 471
471 2519
471 2520
471 2521
471 2522
471 2531
472 472
472 2523
472 2524
472 2525
472 2526
472 2532
473 473
473 2527
473 2528
473 2529
473 2530
473 2533
474 474
474 1525
474 2519
474 2523
474 2527
475 475
475 1526
475 2520
475 2524
475 2528
476 476
476 1527
476 2521
476 2525
476 2529
477 477
477 1528
477 2522
477 2526
477 2530
478 478
478 2534
478 2535
478 2536
478 2537
478 2546
479 479
479 2538
479 2539
479 2540
479 2541
479 2547
480 480
480 2542
480 2543
480 2544
480 2545
480 2548
481 481
481 1525
481 2534
481 2538
481 2542
482 482
482 1526
482 2535
482 2539
482 2543
483 483
483 1527
483 2536
483 2540
483 2544
484 484
484 1528
484 2537
484 2541
484 2545
485 485
485 2549
485 2550
485 2551
485 2552
485 2561
486 486
486 2553
486 2554
486 2555
486 2556
486 2562
487 487
487 2557
487 2558
487 2559
487 2560
487 2563
488 488
488 1525
488 2549
488 2553
488 2557
489 489
489 1526
489 2550
489 2554
489 2558
490 490
490 1527
490 2551
490 2555
490 2559
491 491
491 1528
491 2552
491 2556
491 2560
492 492
492 2564
492 2565
492 2566
492 2567
492 2576
493 493
493 2568
493 2569
493 2570
493 2571
493 2577
494 494
494 2572
494 2573
494 2574
494 2575
494 2578
495 495
495 1525
495 2564
495 2568
495 2572
496 496
496 1526
496 2565
496 2569
496 2573
497 497
497 1527
497 2566
497 2570
497 2574
498 498
498 1528
498 2567
498 2571
498 2575
499 499
499 2579
499 2580
499 2581
499 2582
499 2591
500 500
500 2583
500 2584
500 2585
500 2586
500 2592
501 501
501 2587
501 2588
501 2589
501 2590
501 2593
502 502
502 1525
502 2579
502 2583
502 2587
503 503
503 1526
503 2580
503 2584
503 2588
504 504
504 1527
504 2581
504 2585
504 2589
505 505
505 1528
505 2582
505 2586
505 2590
506 506
506 2594
506 2595
506 2596
506 2597
506 2606
507 507
507 2598
507 2599
507 2600
507 2601
507 2607
508 508
508 2602
508 2603
508 2604
508 2605
508 2608
509 509
509 1525
509 2594
509 2598
509 2602
510 510
510 1526
510 2595
510 2599
510 2603
511 511
511 1527
511 2596
511 2600
511 2604
512 512
512 1528
512 2597
512 2601
512 2605
513 513
513 2609
513 2610
513 2611
513 2612
513 2621
514 514
514 2613
514 2614
514 2615
514 2616
514 2622
515 515
515 2617
515 2618
515 2619
515 2620
515 2623
516 516
516 1525
516 2609
516 2613
516 2617
517 517
517 1526
517 2610
517 2614
517 2618
518 518
518 1527
518 2611
518 2615
518 2619
519 519
519 1528
519 2612
519 2616
519 2620
520 520
520 2624
520 2625
520 2626
520 2627
520 2636
521 521
521 2628
521 2629
521 2630
521 2631
521 2637
522 522
522 2632
522 2633
522 2634
522 2635
522 2638
523 523
523 1525
523 2624
523 2628
523 2632
524 524
524 1526
524 2625
524 2629
524 2633
525 525
525 1527
525 2626
525 2630
525 2634
526 526
526 1528
526 2627
526 2631
526 2635
527 527
527 2639
527 2640
527 2641
527 2642
527 2651
528 528
528 2643
528 2644
528 2645
528 2646
528 2652
529 529
529 2647
529 2648
529 2649
529 2650
529 2653
530 530
530 1525
530 2639
530 2643
530 2647
531 531
531 1526
531 2640
531 2644
531 2648
532 532
532 1527
532 2641
532 2645
532 2649
533 533
533 1528
533 2642
533 2646
533 2650
534 534
534 2654
534 2655
534 2656
534 2657
534 2666
535 535
535 2658
535 2659
535 2660
535 2661
535 2667
536 536
536 2662
536 2663
536 2664
536 2665
536 2668
537 537
537 1525
537 2654
537 2658
537 2662
538 538
538 1526
538 2655
538 2659
538 2663
539 539
539 1527
539 2656
539 2660
539 2664
540 540
540 1528
540 2657
540 2661
540 2665
541 541
541 2669
541 2670
541 2671
541 2672
541 2681
542 542
542 2673
542 2674
542 2675
542 2676
542 2682
543 543
543 2677
543 2678
543 2679
543 2680
543 2683
544 544
544 1525
544 2669
544 2673
544 2677
545 545
545 1526
545 2670
545 2674
545 2678
546 546
546 1527
546 2671
546 2675
546 2679
547 547
547 1528
547 2672
547 2676
547 2680
548 548
548 2684
548 2685
548 2686
548 2687
548 2696
549 549
549 2688
549 2689
549 2690
549 2691
549 2697
550 550
550 2692
550 2693
550 2694
550 2695
550 2698
551 551
551 1525
551 2684
551 2688
551 2692
552 552
552 1526
552 2685
552 2689
552 2693
553 553
553 1527
553 2686
553 2690
553 2694
554 554
554 1528
554 2687
554 2691
554 2695
555 555
555 2699
555 2700
555 2701
555 2702
555 2711
556 556
556 2703
556 2704
556 2705
556 2706
556 2712
557 557
557 2707
557 2708
557 2709
557 2710
557 2713
558 558
558 1525
558 2699
558 2703
558 2707
559 559
559 1526
559 2700
559 2704
559 2708
560 560
560 1527
560 2701
560 2705
560 2709
561 561
561 1528
561 2702
561 2706
561 2710
562 562
562 2714
562 2715
562 2716
562 2717
562 2726
563 563
563 2718
563 2719
563 2720
563 2721
563 2727
564 564
564 2722
564 2723
564 2724
564 2725
564 2728
565 565
565 1525
565 2714
565 2718
565 2722
566 566
566 1526
566 2715
566 2719
566 2723
567 567
567 1527
567 2716
567 2720
567 2724
568 568
568 1528
568 2717
568 2721
568 2725
569 569
569 2729
569 2730
569 2731
569 2732
569 2741
570 570
570 2733
570 2734
570 2735
570 2736
570 2742
571 571
571 2737
571 2738
571 2739
571 2740
571 2743
572 572
572 1525
572 2729
572 2733
572 2737
573 573
573 1526
573 2730
573 2734
573 2738
574 574
574 1527
574 2731
574 2735
574 2739
575 575
575 1528
575 2732
575 2736
575 2740
576 576
576 2744
576 2745
576 2746
576 2747
576 2756
577 577
577 2748
577 2749
577 2750
577 2751
577 2757
578 578
578 2752
578 2753
578 2754
578 2755
578 2758
579 579
579 1525
579 2744
579 2748
579 2752
580 580
580 1526
580 2745
580 2749
580 2753
581 581
581 1527
581 2746
581 2750
581 2754
582 582
582 1528
582 2747
582 2751
582 2755
583 583
583 2759
583 2760
583 2761
583 2762
583 2771
584 584
584 2763
584 2764
584 2765
584 2766
584 2772
585 585
585 2767
585 2768
585 2769
585 2770
585 2773
586 586
586 1525
586 2759
586 2763
586 2767
587 587
587 1526
587 2760
587 2764
587 2768
588 588
588 1527
588 2761
588 2765
588 2769
589 589
589 1528
589 2762
589 2766
589 2770
590 590
590 2774
590 2775
590 2776
590 2777
590 2786
591 591
591 2778
591 2779
591 2780
591 2781
591 2787
592 592
592 2782
592 2783
592 2784
592 2785
592 2788
593 593
593 1525
593 2774
593 2778
593 2782
594 594
594 1526
594 2775
594 2779
594 2783
595 595
595 1527
595 2776
595 2780
595 2784
596 596
596 1528
596 2777
596 2781
596 2785
597 597
597 2789
597 2790
597 2791
597 2792
597 2801
598 598
598 2793
598 2794
598 2795
598 2796
598 2802
599 599
599 2797
599 2798
599 2799
599 2800
599 2803
600 600
600 1525
600 2789
600 2793
600 2797
601 601
601 1526
601 2790
601 2794
601 2798
602 602
602 1527
602 2791
602 2795
602 2799
603 603
603 1528
603 2792
603 2796
603 2800
604 604
604 2804
604 2805
604 2806
604 2807
604 2816
605 605
605 2808
605 2809
605 2810
605 2811
605 2817
606 606
606 2812
606 2813
606 2814
606 2815
606 2818
607 607
607 1525
607 2804
607 2808
607 2812
608 608
608 1526
608 2805
608 2809
608 2813
609 609
609 1527
609 2806
609 2810
609 2814
610 610
610 1528
610 2807
610 2811
610 2815
611 611
611 2819
611 2820
611 2821
611 2822
611 2831
612 612
612 2823
612 2824
612 2825
612 2826
612 2832
613 613
613 2827
613 2828
613 2829
613 2830
613 2833
614 614
614 1525
614 2819
614 2823
614 2827
615 615
615 1526
615 2820
615 2824
615 2828
616 616
616 1527
616 2821
616 2825
616 2829
617 617
617 1528
617 2822
617 2826
617 2830
618 618
618 2834
618 2835
618 2836
618 2837
618 2846
619 619
619 2838
619 2839
619 2840
619 2841
619 2847
620 620
620 2842
620 2843
620 2844
620 2845
620 2848
621 621
621 1525
621 2834
621 2838
621 2842
622 622
622 1526
622 2835
622 2839
622 2843
623 623
623 1527
623 2836
623 2840
623 2844
624 624
624 1528
624 2837
624 2841
624 2845
625 625
625 2849
625 2850
625 2851
625 2852
625 2861
626 626
626 2853
626 2854
626 2855
626 2856
626 2862
627 627
627 2857
627 2858
627 2859
627 2860
627 2863
628 628
628 1525
628 2849
628 2853
628 2857
629 629
629 1526
629 2850
629 2854
629 2858
630 630
630 1527
630 2851
630 2855
630 2859
631 631
631 1528
631 2852
631 2856
631 2860
632 632
632 2864
632 2865
632 2866
632 2867
632 2876
633 633
633 2868
633 2869
633 2870
633 2871
633 2877
634 634
634 2872
634 2873
634 2874
634 2875
634 2878
635 635
635 1525
635 2864
635 2868
635 2872
636 636
636 1526
636 2865
636 2869
636 2873
637 637
637 1527
637 2866
637 2870
637 2874
638 638
638 1528
638 2867
638 2871
638 2875
639 639
639 2879
639 2880
639 2881
639 2882
639 2891
640 640
640 2883
640 2884
640 2885
640 2886
640 2892
641 641
641 2887
641 2888
641 2889
641 2890
641 2893
642 642
642 1525
642 2879
642 2883
642 2887
643 643
643 1526
643 2880
643 2884
643 2888
644 644
644 1527
644 2881
644 2885
644 2889
645 645
645 1528
645 2882
645 2886
645 2890
646 646
646 2894
646 2895
646 2896
646 2897
646 2906
647 647
647 2898
647 2899
647 2900
647 2901
647 2907
648 648
648 2902
648 2903
648 2904
648 2905
648 2908
649 649
649 1525
649 2894
649 2898
649 2902
650 650
650 1526
650 2895
650 2899
650 2903
651 651
651 1527
651 2896
651 2900
651 2904
652 652
652 1528
652 2897
652 2901
652 2905
653 653
653 2909
653 2910
653 2911
653 2912
653 2921
654 654
654 2913
654 2914
654 2915
654 2916
654 2922
655 655
655 2917
655 2918
655 2919
655 2920
655 2923
656 656
656 1525
656 2909
656 2913
656 2917
657 657
657 1526
657 2910
657 2914
657 2918
658 658
658 1527
658 2911
658 2915
658 2919
659 659
659 1528
659 2912
659 2916
659 2920
660 660
660 2924
660 2925
660 2926
660 2927
660 2936
661 661
661 2928
661 2929
661 2930
661 2931
661 2937
662 662
662 2932
662 2933
662 2934
662 2935
662 2938
663 663
663 1525
663 2924
663 2928
663 2932
664 664
664 1526
664 2925
664 2929
664 2933
665 665
665 1527
665 2926
665 2930
665 2934
666 666
666 1528
666 2927
666 2931
666 2935
667 667
667 2939
667 2940
667 2941
667 2942
667 2951
668 668
668 2943
668 2944
668 2945
668 2946
668 2952
669 669
669 2947
669 2948
669 2949
669 2950
669 2953
670 670
670 1525
670 2939
670 2943
670 2947
671 671
671 1526
671 2940
671 2944
671 2948
672 672
672 1527
672 2941
672 2945
672 2949
673 673
673 1528
673 2942
673 2946
673 2950
674 674
674 2954
674 2955
674 2956
674 2957
674 2966
675 675
675 2958
675 2959
675 2960
675 2961
675 2967
676 676
676 2962
676 2963
676 2964
676 2965
676 2968
677 677
677 1525
677 2954
677 2958
677 2962
678 678
678 1526
678 2955
678 2959
678 2963
679 679
679 1527
679 2956
679 2960
679 2964
680 680
680 1528
680 2957
680 2961
680 2965
681 681
681 2969
681 2970
681 2971
681 2972
681 2981
682 682
682 2973
682 2974
682 2975
682 2976
682 2982
683 683
683 2977
683 2978
683 2979
683 2980
683 2983
684 684
684 1525
684 2969
684 2973
684 2977
685 685
685 1526
685 2970
685 2974
685 2978
686 686
686 1527
686 2971
686 2975
686 2979
687 687
687 1528
687 2972
687 2976
687 2980
688 688
688 2984
688 2985
688 2986
688 2987
688 2996
689 689
689 2988
689 2989
689 2990
689 2991
689 2997
690 690
690 2992
690 2993
690 2994
690 2995
690 2998
691 691
691 1525
691 2984
691 2988
691 2992
692 692
692 1526
692 2985
692 2989
692 2993
693 693
693 1527
693 2986
693 2990
693 2994
694 694
694 1528
694 2987
694 2991
694 2995
695 695
695 2999
695 3000
695 3001
695 3002
695 3011
696 696
696 3003
696 3004
696 3005
696 3006
696 3012
697 697
697 3007
697 3008
697 3009
697 3010
697 3013
698 698
698 1525
698 2999
698 3003
698 3007
699 699
699 1526
699 3000
699 3004
699 3008
700 700
700 1527
700 3001
700 3005
700 3009
701 701
701 1528
701 3002
701 3006
701 3010
702 702
702 3014
702 3015
702 3016
702 3017
702 3026
703 703
703 3018
703 3019
703 3020
703 3021
703 3027
704 704
704 3022
704 3023
704 3024
704 3025
704 3028
705 705
705 1525
705 3014
705 3018
705 3022
706 706
706 1526
706 3015
706 3019
706 3023
707 707
707 1527
707 3016
707 3020
707 3024
708 708
708 1528
708 3017
708 3021
708 3025
709 709
709 3029
709 3030
709 3031
709 3032
709 3041
710 710
710 3033
710 3034
710 3035
710 3036
710 3042
711 711
711 3037
711 3038
711 3039
711 3040
711 3043
712 712
712 1525
712 3029
712 3033
712 3037
713 713
713 1526
713 3030
713 3034
713 3038
714 714
714 1527
714 3031
714 3035
714 3039
715 715
715 1528
715 3032
715 3036
715 3040
716 716
716 3044
716 3045
716 3046
716 3047
716 3056
717 717
717 3048
717 3049
717 3050
717 3051
717 3057
718 718
718 3052
718 3053
718 3054
718 3055
718 3058
719 719
719 1525
719 3044
719 3048
719 3052
720 720
720 1526
720 3045
720 3049
720 3053
721 721
721 1527
721 3046
721 3050
721 3054
722 722
722 1528
722 3047
722 3051
722 3055
723 723
723 3059
723 3060
723 3061
723 3062
723 3071
724 724
724 3063
724 3064
724 3065
724 3066
724 3072
725 725
725 3067
725 3068
725 3069
725 3070
725 3073
726 726
726 1525
726 3059
726 3063
726 3067
727 727
727 1526
727 3060
727 3064
727 3068
728 728
728 1527
728 3061
728 3065
728 3069
729 729
729 1528
729 3062
729 3066
729 3070
730 730
730 3074
730 3075
730 3076
730 3077
730 3086
731 731
731 3078
731 3079
731 3080
731 3081
731 3087
732 732
732 3082
732 3083
732 3084
732 3085
732 3088
733 733
733 1525
733 3074
733 3078
733 3082
734 734
734 1526
734 3075
734 3079
734 3083
735 735
735 1527
735 3076
735 3080
735 3084
736 736
736 1528
736 3077
736 3081
736 3085
737 737
737 3089
737 3090
737 3091
737 3092
737 3101
738 738
738 3093
738 3094
738 3095
738 3096
738 3102
739 739
739 3097
739 3098
739 3099
739 3100
739 3103
740 740
740 1525
740 3089
740 3093
740 3097
741 741
741 1526
741 3090
741 3094
741 3098
742 742
742 1527
742 3091
742 3095
742 3099
743 743
743 1528
743 3092
743 3096
743 3100
744 744
744 3104
744 3105
744 3106
744 3107
744 3116
745 745
745 3108
745 3109
745 3110
745 3111
745 3117
746 746
746 3112
746 3113
746 3114
746 3115
746 3118
747 747
747 1525
747 3104
747 3108
747 3112
748 748
748 1526
748 3105
748 3109
748 3113
749 749
749 1527
749 3106
749 3110
749 3114
750 750
750 1528
750 3107
750 3111
750 3115
751 751
751 3119
751 3120
751 3121
751 3122
751 3131
752 752
752 3123
752 3124
752 3125
752 3126
752 3132
753 753
753 3127
753 3128
753 3129
753 3130
753 3133
754 754
754 1525
754 3119
754 3123
754 3127
755 755
755 1526
755 3120
755 3124
755 3128
756 756
756 1527
756 3121
756 3125
756 3129
757 757
757 1528
757 3122
757 3126
757 3130
758 758
758 3134
758 3135
758 3136
758 3137
758 3146
759 759
759 3138
759 3139
759 3140
759 3141
759 3147
760 760
760 3142
760 3143
760 3144
760 3145
760 3148
761 761
761 1525
761 3134
761 3138
761 3142
762 762
762 1526
762 3135
762 3139
762 3143
763 763
763 1527
763 3136
763 3140
763 3144
764 764
764 1528
764 3137
764 3141
764 3145
765 765
765 3149
765 3150
765 3151
765 3152
765 3161
766 766
766 3153
766 3154
766 3155
766 3156
766 3162
767 767
767 3157
767 3158
767 3159
767 3160
767 3163
768 768
768 1525
768 3149
768 3153
768 3157
769 769
769 1526
769 3150
769 3154
769 3158
770 770
770 1527
770 3151
770 3155
770 3159
771 771
771 1528
771 3152
771 3156
771 3160
772 772
772 3164
772 3165
772 3166
772 3167
772 3176
773 773
773 3168
773 3169
773 3170
773 3171
773 3177
774 774
774 3172
774 3173
774 3174
774 3175
774 3178
775 775
775 1525
775 3164
775 3168
775 3172
776 776
776 1526
776 3165
776 3169
776 3173
777 777
777 1527
777 3166
777 3170
777 3174
778 778
778 1528
778 3167
778 3171
778 3175
779 779
779 3179
779 3180
779 3181
779 3182
779 3191
780 780
780 3183
780 3184
780 3185
780 3186
780 3192
781 781
781 3187
781 3188
781 3189
781 3190
781 3193
782 782
782 1525
782 3179
782 3183
782 3187
783 783
783 1526
783 3180
783 3184
783 3188
784 784
784 1527
784 3181
784 3185
784 3189
785 785
785 1528
785 3182
785 3186
785 3190
786 786
786 3194
786 3195
786 3196
786 3197
786 3206
787 787
787 3198
787 3199
787 3200
787 3201
787 3207
788 788
788 3202
788 3203
788 3204
788 3205
788 3208
789 789
789 1525
789 3194
789 3198
789 3202
790 790
790 1526
790 3195
790 3199
790 3203
791 791
791 1527
791 3196
791 3200
791 3204
792 792
792 1528
792 3197
792 3201
792 3205
793 793
793 3209
793 3210
793 3211
793 3212
793 3221
794 794
794 3213
794 3214
794 3215
794 3216
794 3222
795 795
795 3217
795 3218
795 3219
795 3220
795 3223
796 796
796 1525
796 3209
796 3213
796 3217
797 797
797 1526
797 3210
797 3214
797 3218
798 798
798 1527
798 3211
798 3215
798 3219
799 799
799 1528
799 3212
799 3216
799 3220
800 800
800 3224
800 3225
800 3226
800 3227
800 3236
801 801
801 3228
801 3229
801 3230
801 3231
801 3237
802 802
802 3232
802 3233
802 3234
802 3235
802 3238
803 803
803 1525
803 3224
803 3228
803 3232
804 804
804 1526
804 3225
804 3229
804 3233
805 805
805 1527
805 3226
805 3230
805 3234
806 806
806 1528
806 3227
806 3231
806 3235
807 807
807 3239
807 3240
807 3241
807 3242
807 3251
808 808
808 3243
808 3244
808 3245
808 3246
808 3252
809 809
809 3247
809 3248
809 3249
809 3250
809 3253
810 810
810 1525
810 3239
810 3243
810 3247
811 811
811 1526
811 3240
811 3244
811 3248
812 812
812 1527
812 3241
812 3245
812 3249
813 813
813 1528
813 3242
813 3246
813 3250
814 814
814 3254
814 3255
814 3256
814 3257
814 3266
815 815
815 3258
815 3259
815 3260
815 3261
815 3267
816 816
816 3262
816 3263
816 3264
816 3265
816 3268
817 817
817 1525
817 3254
817 3258
817 3262
818 818
818 1526
818 3255
818 3259
818 3263
819 819
819 1527
819 3256
819 3260
819 3264
820 820
820 1528
820 3257
820 3261
820 3265
821 821
821 3269
821 3270
821 3271
821 3272
821 3281
822 822
822 3273
822 3274
822 3275
822 3276
822 3282
823 823
823 3277
823 3278
823 3279
823 3280
823 3283
824 824
824 1525
824 3269
824 3273
824 3277
825 825
825 1526
825 3270
825 3274
825 3278
826 826
826 1527
826 3271
826 3275
826 3279
827 827
827 1528
827 3272
827 3276
827 3280
828 828
828 3284
828 3285
828 3286
828 3287
828 3296
829 829
829 3288
829 3289
829 3290
829 3291
829 3297
830 830
830 3292
830 3293
830 3294
830 3295
830 3298
831 831
831 1525
831 3284
831 3288
831 3292
832 832
832 1526
832 3285
832 3289
832 3293
833 833
833 1527
833 3286
833 3290
833 3294
834 834
834 1528
834 3287
834 3291
834 3295
835 835
835 3299
835 3300
835 3301
835 3302
835 3311
836 836
836 3303
836 3304
836 3305
836 3306
836 3312
837 837
837 3307
837 3308
837 3309
837 3310
837 3313
838 838
838 1525
838 3299
838 3303
838 3307
839 839
839 1526
839 3300
839 3304
839 3308
840 840
840 1527
840 3301
840 3305
840 3309
841 841
841 1528
841 3302
841 3306
841 3310
842 842
842 3314
842 3315
842 3316
842 3317
842 3326
843 843
843 3318
843 3319
843 3320
843 3321
843 3327
844 844
844 3322
844 3323
844 3324
844 3325
844 3328
845 845
845 1525
845 3314
845 3318
845 3322
846 846
846 1526
846 3315
846 3319
846 3323
847 847
847 1527
847 3316
847 3320
847 3324
848 848
848 1528
848 3317
848 3321
848 3325
849 849
849 3329
849 3330
849 3331
849 3332
849 3341
850 850
850 3333
850 3334
850 3335
850 3336
850 3342
851 851
851 3337
851 3338
851 3339
851 3340
851 3343
852 852
852 1525
852 3329
852 3333
852 3337
853 853
853 1526
853 3330
853 3334
853 3338
854 854
854 1527
854 3331
854 3335
854 3339
855 855
855 1528
855 3332
855 3336
855 3340
856 856
856 3344
856 3345
856 3346
856 3347
856 3356
857 857
857 3348
857 3349
857 3350
857 3351
857 3357
858 858
858 3352
858 3353
858 3354
858 3355
858 3358
859 859
859 1525
859 3344
859 3348
859 3352
860 860
860 1526
860 3345
860 3349
860 3353
861 861
861 1527
861 3346
861 3350
861 3354
862 862
862 1528
862 3347
862 3351
862 3355
863 863
863 3359
863 3360
863 3361
863 3362
863 3371
864 864
864 3363
864 3364
864 3365
864 3366
864 3372
865 865
865 3367
865 3368
865 3369
865 3370
865 3373
866 866
866 1525
866 3359
866 3363
866 3367
867 867
867 1526
867 3360
867 3364
867 3368
868 868
868 1527
868 3361
868 3365
868 3369
869 869
869 1528
869 3362
869 3366
869 3370
870 870
870 3374
870 3375
870 3376
870 3377
870 3386
871 871
871 3378
871 3379
871 3380
871 3381
871 3387
872 872
872 3382
872 3383
872 3384
872 3385
872 3388
873 873
873 1525
873 3374
873 3378
873 3382
874 874
874 1526
874 3375
874 3379
874 3383
875 875
875 1527
875 3376
875 3380
875 3384
876 876
876 1528
876 3377
876 3381
876 3385
877 877
877 3389
877 3390
877 3391
877 3392
877 3401
878 878
878 3393
878 3394
878 3395
878 3396
878 3402
879 879
879 3397
879 3398
879 3399
879 3400
879 3403
880 880
880 1525
880 3389
880 3393
880 3397
881 881
881 1526
881 3390
881 3394
881 3398
882 882
882 1527
882 3391
882 3395
882 3399
883 883
883 1528
883 3392
883 3396
883 3400
884 884
884 3404
884 3405
884 3406
884 3407
884 3416
885 885
885 3408
885 3409
885 3410
885 3411
885 3417
886 886
886 3412
886 3413
886 3414
886 3415
886 3418
887 887
887 1525
887 3404
887 3408
887 3412
888 888
888 1526
888 3405
888 3409
888 3413
889 889
889 1527
889 3406
889 3410
889 3414
890 890
890 1528
890 3407
890 3411
890 3415
891 891
891 3419
891 3420
891 3421
891 3422
891 3431
892 892
892 3423
892 3424
892 3425
892 3426
892 3432
893 893
893 3427
893 3428
893 3429
893 3430
893 3433
894 894
894 1525
894 3419
894 3423
894 3427
895 895
895 1526
895 3420
895 3424
895 3428
896 896
896 1527
896 3421
896 3425
896 3429
897 897
897 1528
897 3422
897 3426
897 3430
898 898
898 3434
898 3435
898 3436
898 3437
898 3446
899 899
899 3438
899 3439
899 3440
899 3441
899 3447
900 900
900 3442
900 3443
900 3444
900 3445
900 3448
901 901
901 1525
901 3434
901 3438
901 3442
902 902
902 1526
902 3435
902 3439
902 3443
903 903
903 1527
903 3436
903 3440
903 3444
904 904
904 1528
904 3437
904 3441
904 3445
905 905
905 3449
905 3450
905 3451
905 3452
905 3461
906 906
906 3453
906 3454
906 3455
906 3456
906 3462
907 907
907 3457
907 3458
907 3459
907 3460
907 3463
908 908
908 1525
908 3449
908 3453
908 3457
909 909
909 1526
909 3450
909 3454
909 3458
910 910
910 1527
910 3451
910 3455
910 3459
911 911
911 1528
911 3452
911 3456
911 3460
912 912
912 3464
912 3465
912 3466
912 3467
912 3476
913 913
913 3468
913 3469
913 3470
913 3471
913 3477
914 914
914 3472
914 3473
914 3474
914 3475
914 3478
915 915
915 1525
915 3464
915 3468
915 3472
916 916
916 1526
916 3465
916 3469
916 3473
917 917
917 1527
917 3466
917 3470
917 3474
918 918
918 1528
918 3467
918 3471
918 3475
919 919
919 3479
919 3480
919 3481
919 3482
919 3491
920 920
920 3483
920 3484
920 3485
920 3486
920 3492
921 921
921 3487
921 3488
921 3489
921 3490
921 3493
922 922
922 1525
922 3479
922 3483
922 3487
923 923
923 1526
923 3480
923 3484
923 3488
924 924
924 1527
924 3481
924 3485
924 3489
925 925
925 1528
925 3482
925 3486
925 3490
926 926
926 3494
926 3495
926 3496
926 3497
926 3506
927 927
927 3498
927 3499
927 3500
927 3501
927 3507
928 928
928 3502
928 3503
928 3504
928 3505
928 3508
929 929
929 1525
929 3494
929 3498
929 3502
930 930
930 1526
930 3495
930 3499
930 3503
931 931
931 1527
931 3496
931 3500
931 3504
932 932
932 1528
932 3497
932 3501
932 3505
933 933
933 3509
933 3510
933 3511
933 3512
933 3521
934 934
934 3513
934 3514
934 3515
934 3516
934 3522
935 935
935 3517
935 3518
935 3519
935 3520
935 3523
936 936
936 1525
936 3509
936 3513
936 3517
937 937
937 1526
937 3510
937 3514
937 3518
938 938
938 1527
938 3511
938 3515
938 3519
939 939
939 1528
939 3512
939 3516
939 3520
940 940
940 3524
940 3525
940 3526
940 3527
940 3536
941 941
941 3528
941 3529
941 3530
941 3531
941 3537
942 942
942 3532
942 3533
942 3534
942 3535
942 3538
943 943
943 1525
943 3524
943 3528
943 3532
944 944
944 1526
944 3525
944 3529
944 3533
945 945
945 1527
945 3526
945 3530
945 3534
946 946
946 1528
946 3527
946 3531
946 3535
947 947
947 3539
947 3540
947 3541
947 3542
947 3551
948 948
948 3543
948 3544
948 3545
948 3546
948 3552
949 949
949 3547
949 3548
949 3549
949 3550
949 3553
950 950
950 1525
950 3539
950 3543
950 3547
951 951
951 1526
951 3540
951 3544
951 3548
952 952
952 1527
952 3541
952 3545
952 3549
953 953
953 1528
953 3542
953 3546
953 3550
954 954
954 3554
954 3555
954 3556
954 3557
954 3566
955 955
955 3558
955 3559
955 3560
955 3561
955 3567
956 956
956 3562
956 3563
956 3564
956 3565
956 3568
957 957
957 1525
957 3554
957 3558
957 3562
958 958
958 1526
958 3555
958 3559
958 3563
959 959
959 1527
959 3556
959 3560
959 3564
960 960
960 1528
960 3557
960 3561
960 3565
961 961
961 3569
961 3570
961 3571
961 3572
961 3581
962 962
962 3573
962 3574
962 3575
962 3576
962 3582
963 963
963 3577
963 3578
963 3579
963 3580
963 3583
964 964
964 1525
964 3569
964 3573
964 3577
965 965
965 1526
965 3570
965 3574
965 3578
966 966
966 1527
966 3571
966 3575
966 3579
967 967
967 1528
967 3572
967 3576
967 3580
968 968
968 3584
968 3585
968 3586
968 3587
968 3596
969 969
969 3588
969 3589
969 3590
969 3591
969 3597
970 970
970 3592
970 3593
970 3594
970 3595
970 3598
971 971
971 1525
971 3584
971 3588
971 3592
972 972
972 1526
972 3585
972 3589
972 3593
973 973
973 1527
973 3586
973 3590
973 3594
974 974
974 1528
974 3587
974 3591
974 3595
975 975
975 3599
975 3600
975 3601
975 3602
975 3611
976 976
976 3603
976 3604
976 3605
976 3606
976 3612
977 977
977 3607
977 3608
977 3609
977 3610
977 3613
978 978
978 1525
978 3599
978 3603
978 3607
979 979
979 1526
979 3600
979 3604
979 3608
980 980
980 1527
980 3601
980 3605
980 3609
981 981
981 1528
981 3602
981 3606
981 3610
982 982
982 3614
982 3615
982 3616
982 3617
982 3626
983 983
983 3618
983 3619
983 3620
983 3621
983 3627
984 984
984 3622
984 3623
984 3624
984 3625
984 3628
985 985
985 1525
985 3614
985 3618
985 3622
986 986
986 1526
986 3615
986 3619
986 3623
987 987
987 1527
987 3616
987 3620
987 3624
988 988
988 1528
988 3617
988 3621
988 3625
989 989
989 3629
989 3630
989 3631
989 3632
989 3641
990 990
990 3633
990 3634
990 3635
990 3636
990 3642
991 991
991 3637
991 3638
991 3639
991 3640
991 3643
992 992
992 1525
992 3629
992 3633
992 3637
993 993
993 1526
993 3630
993 3634
993 3638
994 994
994 1527
994 3631
994 3635
994 3639
995 995
995 1528
995 3632
995 3636
995 3640
996 996
996 3644
996 3645
996 3646
996 3647
996 3656
997 997
997 3648
997 3649
997 3650
997 3651
997 3657
998 998
998 3652
998 3653
998 3654
998 3655
998 3658
999 999
999 1525
999 3644
999 3648
999 3652
1000 1000
1000 1526
1000 3645
1000 3649
1000 3653
1001 1001
1001 1527
1001 3646
1001 3650
1001 3654
1002 1002
1002 1528
1002 3647
1002 3651
1002 3655
1003 1003
1003 3659
1003 3660
1003 3661
1003 3662
1003 3671
1004 1004
1004 3663
1004 3664
1004 3665
1004 3666
1004 3672
1005 1005
1005 3667
1005 3668
1005 3669
1005 3670
1005 3673
1006 1006
1006 1525
1006 3659
1006 3663
1006 3667
1007 1007
1007 1526
1007 3660
1007 3664
1007 3668
1008 1008
1008 1527
1008 3661
1008 3665
1008 3669
1009 1009
1009 1528
1009 3662
1009 3666
1009 3670
1010 1010
1010 3674
1010 3675
1010 3676
1010 3677
1010 3686
1011 1011
1011 3678
1011 3679
1011 3680
1011 3681
1011 3687
1012 1012
1012 3682
1012 3683
1012 3684
1012 3685
1012 3688
1013 1013
1013 1525
1013 3674
1013 3678
1013 3682
1014 1014
1014 1526
1014 3675
1014 3679
1014 3683
1015 1015
1015 1527
1015 3676
1015 3680
1015 3684
1016 1016
1016 1528
1016 3677
1016 3681
1016 3685
1017 1017
1017 3689
1017 3690
1017 3691
1017 3692
1017 3701
1018 1018
1018 3693
1018 3694
1018 3695
1018 3696
1018 3702
1019 1019
1019 3697
1019 3698
1019 3699
1019 3700
1019 3703
1020 1020
1020 1525
1020 3689
1020 3693
1020 3697
1021 1021
1021 1526
1021 3690
1021 3694
1021 3698
1022 1022
1022 1527
1022 3691
1022 3695
1022 3699
1023 1023
1023 1528
1023 3692
1023 3696
1023 3700
1024 1024
1024 3704
1024 3705
1024 3706
1024 3707
1024 3716
1025 1025
1025 3708
1025 3709
1025 3710
1025 3711
1025 3717
1026 1026
1026 3712
1026 3713
1026 3714
1026 3715
1026 3718
1027 1027
1027 1525
1027 3704
1027 3708
1027 3712
1028 1028
1028 1526
1028 3705
1028 3709
1028 3713
1029 1029
1029 1527
1029 3706
1029 3710
1029 3714
1030 1030
1030 1528
1030 3707
1030 3711
1030 3715
1031 1031
1031 3719
1031 3720
1031 3721
1031 3722
1031 3731
1032 1032
1032 3723
1032 3724
1032 3725
1032 3726
1032 3732
1033 1033
1033 3727
1033 3728
1033 3729
1033 3730
1033 3733
1034 1034
1034 1525
1034 3719
1034 3723
1034 3727
1035 1035
1035 1526
1035 3720
1035 3724
1035 3728
1036 1036
1036 1527
1036 3721
1036 3725
1036 3729
1037 1037
1037 1528
1037 3722
1037 3726
1037 3730
1038 1038
1038 3734
1038 3735
1038 3736
1038 3737
1038 3746
1039 1039
1039 3738
1039 3739
1039 3740
1039 3741
1039 3747
1040 1040
1040 3742
1040 3743
1040 3744
1040 3745
1040 3748
1041 1041
1041 1525
1041 3734
1041 3738
1041 3742
1042 1042
1042 1526
1042 3735
1042 3739
1042 3743
1043 1043
1043 1527
1043 3736
1043 3740
1043 3744
1044 1044
1044 1528
1044 3737
1044 3741
1044 3745
1045 1045
1045 3749
1045 3750
1045 3751
1045 3752
1045 3761
1046 1046
1046 3753
1046 3754
1046 3755
1046 3756
1046 3762
1047 1047
1047 3757
1047 3758
1047 3759
1047 3760
1047 3763
1048 1048
1048 1525
1048 3749
1048 3753
1048 3757
1049 1049
1049 1526
1049 3750
1049 3754
1049 3758
1050 1050
1050 1527
1050 3751
1050 3755
1050 3759
1051 1051
1051 1528
1051 3752
1051 3756
1051 3760
1052 1052
1052 3764
1052 3765
1052 3766
1052 3767
1052 3776
1053 1053
1053 3768
1053 3769
1053 3770
1053 3771
1053 3777
1054 1054
1054 3772
1054 3773
1054 3774
1054 3775
1054 3778
1055 1055
1055 1525
1055 3764
1055 3768
1055 3772
1056 1056
1056 1526
1056 3765
1056 3769
1056 3773
1057 1057
1057 1527
1057 3766
1057 3770
1057 3774
1058 1058
1058 1528
1058 3767
1058 3771
1058 3775
1059 1059
1059 3779
1059 3780
1059 3781
1059 3782
1059 3791
1060 1060
1060 3783
1060 3784
1060 3785
1060 3786
1060 3792
1061 1061
1061 3787
1061 3788
1061 3789
1061 3790
1061 3793
1062 1062
1062 1525
1062 3779
1062 3783
1062 3787
1063 1063
1063 1526
1063 3780
1063 3784
1063 3788
1064 1064
1064 1527
1064 3781
1064 3785
1064 3789
1065 1065
1065 1528
1065 3782
1065 3786
1065 3790
1066 1066
1066 3794
1066 3795
1066 3796
1066 3797
1066 3806
1067 1067
1067 3798
1067 3799
1067 3800
1067 3801
1067 3807
1068 1068
1068 3802
1068 3803
1068 3804
1068 3805
1068 3808
1069 1069
1069 1525
1069 3794
1069 3798
1069 3802
1070 1070
1070 1526
1070 3795
1070 3799
1070 3803
1071 1071
1071 1527
1071 3796
1071 3800
1071 3804
1072 1072
1072 1528
1072 3797
1072 3801
1072 3805
1073 1073
1073 3809
1073 3810
1073 3811
1073 3812
1073 3821
1074 1074
1074 3813
1074 3814
1074 3815
1074 3816
1074 3822
1075 1075
1075 3817
1075 3818
1075 3819
1075 3820
1075 3823
1076 1076
1076 1525
1076 3809
1076 3813
1076 3817
1077 1077
1077 1526
1077 3810
1077 3814
1077 3818
1078 1078
1078 1527
1078 3811
1078 3815
1078 3819
1079 1079
1079 1528
1079 3812
1079 3816
1079 3820
1080 1080
1080 3824
1080 3825
1080 3826
1080 3827
1080 3836
1081 1081
1081 3828
1081 3829
1081 3830
1081 3831
1081 3837
1082 1082
1082 3832
1082 3833
1082 3834
1082 3835
1082 3838
1083 1083
1083 1525
1083 3824
1083 3828
1083 3832
1084 1084
1084 1526
1084 3825
1084 3829
1084 3833
1085 1085
1085 1527
1085 3826
1085 3830
1085 3834
1086 1086
1086 1528
1086 3827
1086 3831
1086 3835
1087 1087
1087 3839
1087 3840
1087 3841
1087 3842
1087 3851
1088 1088
1088 3843
1088 3844
1088 3845
1088 3846
1088 3852
1089 1089
1089 3847
1089 3848
1089 3849
1089 3850
1089 3853
1090 1090
1090 1525
1090 3839
1090 3843
1090 3847
1091 1091
1091 1526
1091 3840
1091 3844
1091 3848
1092 1092
1092 1527
1092 3841
1092 3845
1092 3849
1093 1093
1093 1528
1093 3842
1093 3846
1093 3850
1094 1094
1094 3854
1094 3855
1094 3856
1094 3857
1094 3866
1095 1095
1095 3858
1095 3859
1095 3860
1095 3861
1095 3867
1096 1096
1096 3862
1096 3863
1096 3864
1096 3865
1096 3868
1097 1097
1097 1525
1097 3854
1097 3858
1097 3862
1098 1098
1098 1526
1098 3855
1098 3859
1098 3863
1099 1099
1099 1527
1099 3856
1099 3860
1099 3864
1100 1100
1100 1528
1100 3857
1100 3861
1100 3865
1101 1101
1101 3869
1101 3870
1101 3871
1101 3872
1101 3881
1102 1102
1102 3873
1102 3874
1102 3875
1102 3876
1102 3882
1103 1103
1103 3877
1103 3878
1103 3879
1103 3880
1103 3883
1104 1104
1104 1525
1104 3869
1104 3873
1104 3877
1105 1105
1105 1526
1105 3870
1105 3874
1105 3878
1106 1106
1106 1527
1106 3871
1106 3875
1106 3879
1107 1107
1107 1528
1107 3872
1107 3876
1107 3880
1108 1108
1108 3884
1108 3885
1108 3886
1108 3887
1108 3896
1109 1109
1109 3888
1109 3889
1109 3890
1109 3891
1109 3897
1110 1110
1110 3892
1110 3893
1110 3894
1110 3895
1110 3898
1111 1111
1111 1525
1111 3884
1111 3888
1111 3892
1112 1112
1112 1526
1112 3885
1112 3889
1112 3893
1113 1113
1113 1527
1113 3886
1113 3890
1113 3894
1114 1114
1114 1528
1114 3887
1114 3891
1114 3895
1115 1115
1115 3899
1115 3900
1115 3901
1115 3902
1115 3911
1116 1116
1116 3903
1116 3904
1116 3905
1116 3906
1116 3912
1117 1117
1117 3907
1117 3908
1117 3909
1117 3910
1117 3913
1118 1118
1118 1525
1118 3899
1118 3903
1118 3907
1119 1119
1119 1526
1119 3900
1119 3904
1119 3908
1120 1120
1120 1527
1120 3901
1120 3905
1120 3909
1121 1121
1121 1528
1121 3902
1121 3906
1121 3910
1122 1122
1122 3914
1122 3915
1122 3916
1122 3917
1122 3926
1123 1123
1123 3918
1123 3919
1123 3920
1123 3921
1123 3927
1124 1124
1124 3922
1124 3923
1124 3924
1124 3925
1124 3928
1125 1125
1125 1525
1125 3914
1125 3918
1125 3922
1126 1126
1126 1526
1126 3915
1126 3919
1126 3923
1127 1127
1127 1527
1127 3916
1127 3920
1127 3924
1128 1128
1128 1528
1128 3917
1128 3921
1128 3925
1129 1129
1129 3929
1129 3930
1129 3931
1129 3932
1129 3941
1130 1130
1130 3933
1130 3934
1130 3935
1130 3936
1130 3942
1131 1131
1131 3937
1131 3938
1131 3939
1131 3940
1131 3943
1132 1132
1132 1525
1132 3929
1132 3933
1132 3937
1133 1133
1133 1526
1133 3930
1133 3934
1133 3938
1134 1134
1134 1527
1134 3931
1134 3935
1134 3939
1135 1135
1135 1528
1135 3932
1135 3936
1135 3940
1136 1136
1136 3944
1136 3945
1136 3946
1136 3947
1136 3956
1137 1137
1137 3948
1137 3949
1137 3950
1137 3951
1137 3957
1138 1138
1138 3952
1138 3953
1138 3954
1138 3955
1138 3958
1139 1139
1139 1525
1139 3944
1139 3948
1139 3952
1140 1140
1140 1526
1140 3945
1140 3949
1140 3953
1141 1141
1141 1527
1141 3946
1141 3950
1141 3954
1142 1142
1142 1528
1142 3947
1142 3951
1142 3955
1143 1143
1143 3959
1143 3960
1143 3961
1143 3962
1143 3971
1144 1144
1144 3963
1144 3964
1144 3965
1144 3966
1144 3972
1145 1145
1145 3967
1145 3968
1145 3969
1145 3970
1145 3973
1146 1146
1146 1525
1146 3959
1146 3963
1146 3967
1147 1147
1147 1526
1147 3960
1147 3964
1147 3968
1148 1148
1148 1527
1148 3961
1148 3965
1148 3969
1149 1149
1149 1528
1149 3962
1149 3966
1149 3970
1150 1150
1150 3974
1150 3975
1150 3976
1150 3977
1150 3986
1151 1151
1151 3978
1151 3979
1151 3980
1151 3981
1151 3987
1152 1152
1152 3982
1152 3983
1152 3984
1152 3985
1152 3988
1153 1153
1153 1525
1153 3974
1153 3978
1153 3982
1154 1154
1154 1526
1154 3975
1154 3979
1154 3983
1155 1155
1155 1527
1155 3976
1155 3980
1155 3984
1156 1156
1156 1528
1156 3977
1156 3981
1156 3985
1157 1157
1157 3989
1157 3990
1157 3991
1157 3992
1157 4001
1158 1158
1158 3993
1158 3994
1158 3995
1158 3996
1158 4002
1159 1159
1159 3997
1159 3998
1159 3999
1159 4000
1159 4003
1160 1160
1160 1525
1160 3989
1160 3993
1160 3997
1161 1161
1161 1526
1161 3990
1161 3994
1161 3998
1162 1162
1162 1527
1162 3991
1162 3995
1162 3999
1163 1163
1163 1528
1163 3992
1163 3996
1163 4000
1164 1164
1164 4004
1164 4005
1164 4006
1164 4007
1164 4016
1165 1165
1165 4008
1165 4009
1165 4010
1165 4011
1165 4017
1166 1166
1166 4012
1166 4013
1166 4014
1166 4015
1166 4018
1167 1167
1167 1525
1167 4004
1167 4008
1167 4012
1168 1168
1168 1526
1168 4005
1168 4009
1168 4013
1169 1169
1169 1527
1169 4006
1169 4010
1169 4014
1170 1170
1170 1528
1170 4007
1170 4011
1170 4015
1171 1171
1171 4019
1171 4020
1171 4021
1171 4022
1171 4031
1172 1172
1172 4023
1172 4024
1172 4025
1172 4026
1172 4032
1173 1173
1173 4027
1173 4028
1173 4029
1173 4030
1173 4033
1174 1174
1174 1525
1174 4019
1174 4023
1174 4027
1175 1175
1175 1526
1175 4020
1175 4024
1175 4028
1176 1176
1176 1527
1176 4021
1176 4025
1176 4029
1177 1177
1177 1528
1177 4022
1177 4026
1177 4030
1178 1178
1178 4034
1178 4035
1178 4036
1178 4037
1178 4046
1179 1179
1179 4038
1179 4039
1179 4040
1179 4041
1179 4047
1180 1180
1180 4042
1180 4043
1180 4044
1180 4045
1180 4048
1181 1181
1181 1525
1181 4034
1181 4038
1181 4042
1182 1182
1182 1526
1182 4035
1182 4039
1182 4043
1183 1183
1183 1527
1183 4036
1183 4040
1183 4044
1184 1184
1184 1528
1184 4037
1184 4041
1184 4045
1185 1185
1185 4049
1185 4050
1185 4051
1185 4052
1185 4061
1186 1186
1186 4053
1186 4054
1186 4055
1186 4056
1186 4062
1187 1187
1187 4057
1187 4058
1187 4059
1187 4060
1187 4063
1188 1188
1188 1525
1188 4049
1188 4053
1188 4057
1189 1189
1189 1526
1189 4050
1189 4054
1189 4058
1190 1190
1190 1527
1190 4051
1190 4055
1190 4059
1191 1191
1191 1528
1191 4052
1191 4056
1191 4060
1192 1192
1192 4064
1192 4065
1192 4066
1192 4067
1192 4076
1193 1193
1193 4068
1193 4069
1193 4070
1193 4071
1193 4077
1194 1194
1194 4072
1194 4073
1194 4074
1194 4075
1194 4078
1195 1195
1195 1525
1195 4064
1195 4068
1195 4072
1196 1196
1196 1526
1196 4065
1196 4069
1196 4073
1197 1197
1197 1527
1197 4066
1197 4070
1197 4074
1198 1198
1198 1528
1198 4067
1198 4071
1198 4075
1199 1199
1199 4079
1199 4080
1199 4081
1199 4082
1199 4091
1200 1200
1200 4083
1200 4084
1200 4085
1200 4086
1200 4092
1201 1201
1201 4087
1201 4088
1201 4089
1201 4090
1201 4093
1202 1202
1202 1525
1202 4079
1202 4083
1202 4087
1203 1203
1203 1526
1203 4080
1203 4084
1203 4088
1204 1204
1204 1527
1204 4081
1204 4085
1204 4089
1205 1205
1205 1528
1205 4082
1205 4086
1205 4090
1206 1206
1206 4094
1206 4095
1206 4096
1206 4097
1206 4106
1207 1207
1207 4098
1207 4099
1207 4100
1207 4101
1207 4107
1208 1208
1208 4102
1208 4103
1208 4104
1208 4105
1208 4108
1209 1209
1209 1525
1209 4094
1209 4098
1209 4102
1210 1210
1210 1526
1210 4095
1210 4099
1210 4103
1211 1211
1211 1527
1211 4096
1211 4100
1211 4104
1212 1212
1212 1528
1212 4097
1212 4101
1212 4105
1213 1213
1213 4109
1213 4110
1213 4111
1213 4112
1213 4121
1214 1214
1214 4113
1214 4114
1214 4115
1214 4116
1214 4122
1215 1215
1215 4117
1215 4118
1215 4119
1215 4120
1215 4123
1216 1216
1216 1525
1216 4109
1216 4113
1216 4117
1217 1217
1217 1526
1217 4110
1217 4114
1217 4118
1218 1218
1218 1527
1218 4111
1218 4115
1218 4119
1219 1219
1219 1528
1219 4112
1219 4116
1219 4120
1220 1220
1220 4124
1220 4125
1220 4126
1220 4127
1220 4136
1221 1221
1221 4128
1221 4129
1221 4130
1221 4131
1221 4137
1222 1222
1222 4132
1222 4133
1222 4134
1222 4135
1222 4138
1223 1223
1223 1525
1223 4124
1223 4128
1223 4132
1224 1224
1224 1526
1224 4125
1224 4129
1224 4133
1225 1225
1225 1527
1225 4126
1225 4130
1225 4134
1226 1226
1226 1528
1226 4127
1226 4131
1226 4135
1227 1227
1227 4139
1227 4140
1227 4141
1227 4142
1227 4151
1228 1228
1228 4143
1228 4144
1228 4145
1228 4146
1228 4152
1229 1229
1229 4147
1229 4148
1229 4149
1229 4150
1229 4153
1230 1230
1230 1525
1230 4139
1230 4143
1230 4147
1231 1231
1231 1526
1231 4140
1231 4144
1231 4148
1232 1232
1232 1527
1232 4141
1232 4145
1232 4149
1233 1233
1233 1528
1233 4142
1233 4146
1233 4150
1234 1234
1234 4154
1234 4155
1234 4156
1234 4157
1234 4166
1235 1235
1235 4158
1235 4159
1235 4160
1235 4161
1235 4167
1236 1236
1236 4162
1236 4163
1236 4164
1236 4165
1236 4168
1237 1237
1237 1525
1237 4154
1237 4158
1237 4162
1238 1238
1238 1526
1238 4155
1238 4159
1238 4163
1239 1239
1239 1527
1239 4156
1239 4160
1239 4164
1240 1240
1240 1528
1240 4157
1240 4161
1240 4165
1241 1241
1241 4169
1241 4170
1241 4171
1241 4172
1241 4181
1242 1242
1242 4173
1242 4174
1242 4175
1242 4176
1242 4182
1243 1243
1243 4177
1243 4178
1243 4179
1243 4180
1243 4183
1244 1244
1244 1525
1244 4169
1244 4173
1244 4177
1245 1245
1245 1526
1245 4170
1245 4174
1245 4178
1246 1246
1246 1527
1246 4171
1246 4175
1246 4179
1247 1247
1247 1528
1247 4172
1247 4176
1247 4180
1248 1248
1248 4184
1248 4185
1248 4186
1248 4187
1248 4196
1249 1249
1249 4188
1249 4189
1249 4190
1249 4191
1249 4197
1250 1250
1250 4192
1250 4193
1250 4194
1250 4195
1250 4198
1251 1251
1251 1525
1251 4184
1251 4188
1251 4192
1252 1252
1252 1526
1252 4185
1252 4189
1252 4193
1253 1253
1253 1527
1253 4186
1253 4190
1253 4194
1254 1254
1254 1528
1254 4187
1254 4191
1254 4195
1255 1255
1255 4199
1255 4200
1255 4201
1255 4202
1255 4211
1256 1256
1256 4203
1256 4204
1256 4205
1256 4206
1256 4212
1257 1257
1257 4207
1257 4208
1257 4209
1257 4210
1257 4213
1258 1258
1258 1525
1258 4199
1258 4203
1258 4207
1259 1259
1259 1526
1259 4200
1259 4204
1259 4208
1260 1260
1260 1527
1260 4201
1260 4205
1260 4209
1261 1261
1261 1528
1261 4202
1261 4206
1261 4210
1262 1262
1262 4214
1262 4215
1262 4216
1262 4217
1262 4226
1263 1263
1263 4218
1263 4219
1263 4220
1263 4221
1263 4227
1264 1264
1264 4222
1264 4223
1264 4224
1264 4225
1264 4228
1265 1265
1265 1525
1265 4214
1265 4218
1265 4222
1266 1266
1266 1526
1266 4215
1266 4219
1266 4223
1267 1267
1267 1527
1267 4216
1267 4220
1267 4224
1268 1268
1268 1528
1268 4217
1268 4221
1268 4225
1269 1269
1269 4229
1269 4230
1269 4231
1269 4232
1269 4241
1270 1270
1270 4233
1270 4234
1270 4235
1270 4236
1270 4242
1271 1271
1271 4237
1271 4238
1271 4239
1271 4240
1271 4243
1272 1272
1272 1525
1272 4229
1272 4233
1272 4237
1273 1273
1273 1526
1273 4230
1273 4234
1273 4238
1274 1274
1274 1527
1274 4231
1274 4235
1274 4239
1275 1275
1275 1528
1275 4232
1275 4236
1275 4240
1276 1276
1276 4244
1276 4245
1276 4246
1276 4247
1276 4256
1277 1277
1277 4248
1277 4249
1277 4250
1277 4251
1277 4257
1278 1278
1278 4252
1278 4253
1278 4254
1278 4255
1278 4258
1279 1279
1279 1525
1279 4244
1279 4248
1279 4252
1280 1280
1280 1526
1280 4245
1280 4249
1280 4253
1281 1281
1281 1527
1281 4246
1281 4250
1281 4254
1282 1282
1282 1528
1282 4247
1282 4251
1282 4255
1283 1283
1283 4259
1283 4260
1283 4261
1283 4262
1283 4271
1284 1284
1284 4263
1284 4264
1284 4265
1284 4266
1284 4272
1285 1285
1285 4267
1285 4268
1285 4269
1285 4270
1285 4273
1286 1286
1286 1525
1286 4259
1286 4263
1286 4267
1287 1287
1287 1526
1287 4260
1287 4264
1287 4268
1288 1288
1288 1527
1288 4261
1288 4265
1288 4269
1289 1289
1289 1528
1289 4262
1289 4266
1289 4270
1290 1290
1290 4274
1290 4275
1290 4276
1290 4277
1290 4286
1291 1291
1291 4278
1291 4279
1291 4280
1291 4281
1291 4287
1292 1292
1292 4282
1292 4283
1292 4284
1292 4285
1292 4288
1293 1293
1293 1525
1293 4274
1293 4278
1293 4282
1294 1294
1294 1526
1294 4275
1294 4279
1294 4283
1295 1295
1295 1527
1295 4276
1295 4280
1295 4284
1296 1296
1296 1528
1296 4277
1296 4281
1296 4285
1297 1297
1297 4289
1297 4290
1297 4291
1297 4292
1297 4301
1298 1298
1298 4293
1298 4294
1298 4295
1298 4296
1298 4302
1299 1299
1299 4297
1299 4298
1299 4299
1299 4300
1299 4303
1300 1300
1300 1525
1300 4289
1300 4293
1300 4297
1301 1301
1301 1526
1301 4290
1301 4294
1301 4298
1302 1302
1302 1527
1302 4291
1302 4295
1302 4299
1303 1303
1303 1528
1303 4292
1303 4296
1303 4300
1304 1304
1304 4304
1304 4305
1304 4306
1304 4307
1304 4316
1305 1305
1305 4308
1305 4309
1305 4310
1305 4311
1305 4317
1306 1306
1306 4312
1306 4313
1306 4314
1306 4315
1306 4318
1307 1307
1307 1525
1307 4304
1307 4308
1307 4312
1308 1308
1308 1526
1308 4305
1308 4309
1308 4313
1309 1309
1309 1527
1309 4306
1309 4310
1309 4314
1310 1310
1310 1528
1310 4307
1310 4311
1310 4315
1311 1311
1311 4319
1311 4320
1311 4321
1311 4322
1311 4331
1312 1312
1312 4323
1312 4324
1312 4325
1312 4326
1312 4332
1313 1313
1313 4327
1313 4328
1313 4329
1313 4330
1313 4333
1314 1314
1314 1525
1314 4319
1314 4323
1314 4327
1315 1315
1315 1526
1315 4320
1315 4324
1315 4328
1316 1316
1316 1527
1316 4321
1316 4325
1316 4329
1317 1317
1317 1528
1317 4322
1317 4326
1317 4330
1318 1318
1318 4334
1318 4335
1318 4336
1318 4337
1318 4346
1319 1319
1319 4338
1319 4339
1319 4340
1319 4341
1319 4347
1320 1320
1320 4342
1320 4343
1320 4344
1320 4345
1320 4348
1321 1321
1321 1525
1321 4334
1321 4338
1321 4342
1322 1322
1322 1526
1322 4335
1322 4339
1322 4343
1323 1323
1323 1527
1323 4336
1323 4340
1323 4344
1324 1324
1324 1528
1324 4337
1324 4341
1324 4345
1325 1325
1325 4349
1325 4350
1325 4351
1325 4352
1325 4361
1326 1326
1326 4353
1326 4354
1326 4355
1326 4356
1326 4362
1327 1327
1327 4357
1327 4358
1327 4359
1327 4360
1327 4363
1328 1328
1328 1525
1328 4349
1328 4353
1328 4357
1329 1329
1329 1526
1329 4350
1329 4354
1329 4358
1330 1330
1330 1527
1330 4351
1330 4355
1330 4359
1331 1331
1331 1528
1331 4352
1331 4356
1331 4360
1332 1332
1332 4364
1332 4365
1332 4366
1332 4367
1332 4376
1333 1333
1333 4368
1333 4369
1333 4370
1333 4371
1333 4377
1334 1334
1334 4372
1334 4373
1334 4374
1334 4375
1334 4378
1335 1335
1335 1525
1335 4364
1335 4368
1335 4372
1336 1336
1336 1526
1336 4365
1336 4369
1336 4373
1337 1337
1337 1527
1337 4366
1337 4370
1337 4374
1338 1338
1338 1528
1338 4367
1338 4371
1338 4375
1339 1339
1339 4379
1339 4380
1339 4381
1339 4382
1339 4391
1340 1340
1340 4383
1340 4384
1340 4385
1340 4386
1340 4392
1341 1341
1341 4387
1341 4388
1341 4389
1341 4390
1341 4393
1342 1342
1342 1525
1342 4379
1342 4383
1342 4387
1343 1343
1343 1526
1343 4380
1343 4384
1343 4388
1344 1344
1344 1527
1344 4381
1344 4385
1344 4389
1345 1345
1345 1528
1345 4382
1345 4386
1345 4390
1346 1346
1346 4394
1346 4395
1346 4396
1346 4397
1346 4406
1347 1347
1347 4398
1347 4399
1347 4400
1347 4401
1347 4407
1348 1348
1348 4402
1348 4403
1348 4404
1348 4405
1348 4408
1349 1349
1349 1525
1349 4394
1349 4398
1349 4402
1350 1350
1350 1526
1350 4395
1350 4399
1350 4403
1351 1351
1351 1527
1351 4396
1351 4400
1351 4404
1352 1352
1352 1528
1352 4397
1352 4401
1352 4405
1353 1353
1353 4409
1353 4410
1353 4411
1353 4412
1353 4421
1354 1354
1354 4413
1354 4414
1354 4415
1354 4416
1354 4422
1355 1355
1355 4417
1355 4418
1355 4419
1355 4420
1355 4423
1356 1356
1356 1525
1356 4409
1356 4413
1356 4417
1357 1357
1357 1526
1357 4410
1357 4414
1357 4418
1358 1358
1358 1527
1358 4411
1358 4415
1358 4419
1359 1359
1359 1528
1359 4412
1359 4416
1359 4420
1360 1360
1360 4424
1360 4425
1360 4426
1360 4427
1360 4436
1361 1361
1361 4428
1361 4429
1361 4430
1361 4431
1361 4437
1362 1362
1362 4432
1362 4433
1362 4434
1362 4435
1362 4438
1363 1363
1363 1525
1363 4424
1363 4428
1363 4432
1364 1364
1364 1526
1364 4425
1364 4429
1364 4433
1365 1365
1365 1527
1365 4426
1365 4430
1365 4434
1366 1366
1366 1528
1366 4427
1366 4431
1366 4435
1367 1367
1367 4439
1367 4440
1367 4441
1367 4442
1367 4451
1368 1368
1368 4443
1368 4444
1368 4445
1368 4446
1368 4452
1369 1369
1369 4447
1369 4448
1369 4449
1369 4450
1369 4453
1370 1370
1370 1525
1370 4439
1370 4443
1370 4447
1371 1371
1371 1526
1371 4440
1371 4444
1371 4448
1372 1372
1372 1527
1372 4441
1372 4445
1372 4449
1373 1373
1373 1528
1373 4442
1373 4446
1373 4450
1374 1374
1374 4454
1374 4455
1374 4456
1374 4457
1374 4466
1375 1375
1375 4458
1375 4459
1375 4460
1375 4461
1375 4467
1376 1376
1376 4462
1376 4463
1376 4464
1376 4465
1376 4468
1377 1377
1377 1525
1377 4454
1377 4458
1377 4462
1378 1378
1378 1526
1378 4455
1378 4459
1378 4463
1379 1379
1379 1527
1379 4456
1379 4460
1379 4464
1380 1380
1380 1528
1380 4457
1380 4461
1380 4465
1381 1381
1381 4469
1381 4470
1381 4471
1381 4472
1381 4481
1382 1382
1382 4473
1382 4474
1382 4475
1382 4476
1382 4482
1383 1383
1383 4477
1383 4478
1383 4479
1383 4480
1383 4483
1384 1384
1384 1525
1384 4469
1384 4473
1384 4477
1385 1385
1385 1526
1385 4470
1385 4474
1385 4478
1386 1386
1386 1527
1386 4471
1386 4475
1386 4479
1387 1387
1387 1528
1387 4472
1387 4476
1387 4480
1388 1388
1388 4484
1388 4485
1388 4486
1388 4487
1388 4496
1389 1389
1389 4488
1389 4489
1389 4490
1389 4491
1389 4497
1390 1390
1390 4492
1390 4493
1390 4494
1390 4495
1390 4498
1391 1391
1391 1525
1391 4484
1391 4488
1391 4492
1392 1392
1392 1526
1392 4485
1392 4489
1392 4493
1393 1393
1393 1527
1393 4486
1393 4490
1393 4494
1394 1394
1394 1528
1394 4487
1394 4491
1394 4495
1395 1395
1395 4499
1395 4500
1395 4501
1395 4502
1395 4511
1396 1396
1396 4503
1396 4504
1396 4505
1396 4506
1396 4512
1397 1397
1397 4507
1397 4508
1397 4509
1397 4510
1397 4513
1398 1398
1398 1525
1398 4499
1398 4503
1398 4507
1399 1399
1399 1526
1399 4500
1399 4504
1399 4508
1400 1400
1400 1527
1400 4501
1400 4505
1400 4509
1401 1401
1401 1528
1401 4502
1401 4506
1401 4510
1402 1402
1402 4514
1402 4515
1402 4516
1402 4517
1402 4526
1403 1403
1403 4518
1403 4519
1403 4520
1403 4521
1403 4527
1404 1404
1404 4522
1404 4523
1404 4524
1404 4525
1404 4528
1405 1405
1405 1525
1405 4514
1405 4518
1405 4522
1406 1406
1406 1526
1406 4515
1406 4519
1406 4523
1407 1407
1407 1527
1407 4516
1407 4520
1407 4524
1408 1408
1408 1528
1408 4517
1408 4521
1408 4525
1409 1409
1409 4529
1409 4530
1409 4531
1409 4532
1409 4541
1410 1410
1410 4533
1410 4534
1410 4535
1410 4536
1410 4542
1411 1411
1411 4537
1411 4538
1411 4539
1411 4540
1411 4543
1412 1412
1412 1525
1412 4529
1412 4533
1412 4537
1413 1413
1413 1526
1413 4530
1413 4534
1413 4538
1414 1414
1414 1527
1414 4531
1414 4535
1414 4539
1415 1415
1415 1528
1415 4532
1415 4536
1415 4540
1416 1416
1416 4544
1416 4545
1416 4546
1416 4547
1416 4556
1417 1417
1417 4548
1417 4549
1417 4550
1417 4551
1417 4557
1418 1418
1418 4552
1418 4553
1418 4554
1418 4555
1418 4558
1419 1419
1419 1525
1419 4544
1419 4548
1419 4552
1420 1420
1420 1526
1420 4545
1420 4549
1420 4553
1421 1421
1421 1527
1421 4546
1421 4550
1421 4554
1422 1422
1422 1528
1422 4547
1422 4551
1422 4555
1423 1423
1423 4559
1423 4560
1423 4561
1423 4562
1423 4571
1424 1424
1424 4563
1424 4564
1424 4565
1424 4566
1424 4572
1425 1425
1425 4567
1425 4568
1425 4569
1425 4570
1425 4573
1426 1426
1426 1525
1426 4559
1426 4563
1426 4567
1427 1427
1427 1526
1427 4560
1427 4564
1427 4568
1428 1428
1428 1527
1428 4561
1428 4565
1428 4569
1429 1429
1429 1528
1429 4562
1429 4566
1429 4570
1430 1430
1430 4574
1430 4575
1430 4576
1430 4577
1430 4586
1431 1431
1431 4578
1431 4579
1431 4580
1431 4581
1431 4587
1432 1432
1432 4582
1432 4583
1432 4584
1432 4585
1432 4588
1433 1433
1433 1525
1433 4574
1433 4578
1433 4582
1434 1434
1434 1526
1434 4575
1434 4579
1434 4583
1435 1435
1435 1527
1435 4576
1435 4580
1435 4584
1436 1436
1436 1528
1436 4577
1436 4581
1436 4585
1437 1437
1437 4589
1437 4590
1437 4591
1437 4592
1437 4601
1438 1438
1438 4593
1438 4594
1438 4595
1438 4596
1438 4602
1439 1439
1439 4597
1439 4598
1439 4599
1439 4600
1439 4603
1440 1440
1440 1525
1440 4589
1440 4593
1440 4597
1441 1441
1441 1526
1441 4590
1441 4594
1441 4598
1442 1442
1442 1527
1442 4591
1442 4595
1442 4599
1443 1443
1443 1528
1443 4592
1443 4596
1443 4600
1444 1444
1444 4604
1444 4605
1444 4606
1444 4607
1444 4616
1445 1445
1445 4608
1445 4609
1445 4610
1445 4611
1445 4617
1446 1446
1446 4612
1446 4613
1446 4614
1446 4615
1446 4618
1447 1447
1447 1525
1447 4604
1447 4608
1447 4612
1448 1448
1448 1526
1448 4605
1448 4609
1448 4613
1449 1449
1449 1527
1449 4606
1449 4610
1449 4614
1450 1450
1450 1528
1450 4607
1450 4611
1450 4615
1451 1451
1451 4619
1451 4620
1451 4621
1451 4622
1451 4631
1452 1452
1452 4623
1452 4624
1452 4625
1452 4626
1452 4632
1453 1453
1453 4627
1453 4628
1453 4629
1453 4630
1453 4633
1454 1454
1454 1525
1454 4619
1454 4623
1454 4627
1455 1455
1455 1526
1455 4620
1455 4624
1455 4628
1456 1456
1456 1527
1456 4621
1456 4625
1456 4629
1457 1457
1457 1528
1457 4622
1457 4626
1457 4630
1458 1458
1458 4634
1458 4635
1458 4636
1458 4637
1458 4646
1459 1459
1459 4638
1459 4639
1459 4640
1459 4641
1459 4647
1460 1460
1460 4642
1460 4643
1460 4644
1460 4645
1460 4648
1461 1461
1461 1525
1461 4634
1461 4638
1461 4642
1462 1462
1462 1526
1462 4635
1462 4639
1462 4643
1463 1463
1463 1527
1463 4636
1463 4640
1463 4644
1464 1464
1464 1528
1464 4637
1464 4641
1464 4645
1465 1465
1465 4649
1465 4650
1465 4651
1465 4652
1465 4661
1466 1466
1466 4653
1466 4654
1466 4655
1466 4656
1466 4662
1467 1467
1467 4657
1467 4658
1467 4659
1467 4660
1467 4663
1468 1468
1468 1525
1468 4649
1468 4653
1468 4657
1469 1469
1469 1526
1469 4650
1469 4654
1469 4658
1470 1470
1470 1527
1470 4651
1470 4655
1470 4659
1471 1471
1471 1528
1471 4652
1471 4656
1471 4660
1472 1472
1472 4664
1472 4665
1472 4666
1472 4667
1472 4676
1473 1473
1473 4668
1473 4669
1473 4670
1473 4671
1473 4677
1474 1474
1474 4672
1474 4673
1474 4674
1474 4675
1474 4678
1475 1475
1475 1525
1475 4664
1475 4668
1475 4672
1476 1476
1476 1526
1476 4665
1476 4669
1476 4673
1477 1477
1477 1527
1477 4666
1477 4670
1477 4674
1478 1478
1478 1528
1478 4667
1478 4671
1478 4675
1479 1479
1479 4679
1479 4680
1479 4681
1479 4682
1479 4691
1480 1480
1480 4683
1480 4684
1480 4685
1480 4686
1480 4692
1481 1481
1481 4687
1481 4688
1481 4689
1481 4690
1481 4693
1482 1482
1482 1525
1482 4679
1482 4683
1482 4687
1483 1483
1483 1526
1483 4680
1483 4684
1483 4688
1484 1484
1484 1527
1484 4681
1484 4685
1484 4689
1485 1485
1485 1528
1485 4682
1485 4686
1485 4690
1486 1486
1486 4694
1486 4695
1486 4696
1486 4697
1486 4706
1487 1487
1487 4698
1487 4699
1487 4700
1487 4701
1487 4707
1488 1488
1488 4702
1488 4703
1488 4704
1488 4705
1488 4708
1489 1489
1489 1525
1489 4694
1489 4698
1489 4702
1490 1490
1490 1526
1490 4695
1490 4699
1490 4703
1491 1491
1491 1527
1491 4696
1491 4700
1491 4704
1492 1492
1492 1528
1492 4697
1492 4701
1492 4705
1493 1493
1493 4709
1493 4710
1493 4711
1493 4712
1493 4721
1494 1494
1494 4713
1494 4714
1494 4715
1494 4716
1494 4722
1495 1495
1495 4717
1495 4718
1495 4719
1495 4720
1495 4723
1496 1496
1496 1525
1496 4709
1496 4713
1496 4717
1497 1497
1497 1526
1497 4710
1497 4714
1497 4718
1498 1498
1498 1527
1498 4711
1498 4715
1498 4719
1499 1499
1499 1528
1499 4712
1499 4716
1499 4720
1500 1500
1500 4724
1500 4725
1500 4726
1500 4727
1500 4736
1501 1501
1501 4728
1501 4729
1501 4730
1501 4731
1501 4737
1502 1502
1502 4732
1502 4733
1502 4734
1502 4735
1502 4738
1503 1503
1503 1525
1503 4724
1503 4728
1503 4732
1504 1504
1504 1526
1504 4725
1504 4729
1504 4733
1505 1505
1505 1527
1505 4726
1505 4730
1505 4734
1506 1506
1506 1528
1506 4727
1506 4731
1506 4735
1507 1507
1507 4739
1507 4740
1507 4741
1507 4742
1507 4751
1508 1508
1508 4743
1508 4744
1508 4745
1508 4746
1508 4752
1509 1509
1509 4747
1509 4748
1509 4749
1509 4750
1509 4753
1510 1510
1510 1525
1510 4739
1510 4743
1510 4747
1511 1511
1511 1526
1511 4740
1511 4744
1511 4748
1512 1512
1512 1527
1512 4741
1512 4745
1512 4749
1513 1513
1513 1528
1513 4742
1513 4746
1513 4750
1514 1514
1514 4754
1514 4755
1514 4756
1514 4757
1514 4766
1515 1515
1515 4758
1515 4759
1515 4760
1515 4761
1515 4767
1516 1516
1516 4762
1516 4763
1516 4764
1516 4765
1516 4768
1517 1517
1517 1525
1517 4754
1517 4758
1517 4762
1518 1518
1518 1526
1518 4755
1518 4759
1518 4763
1519 1519
1519 1527
1519 4756
1519 4760
1519 4764
1520 1520
1520 1528
1520 4757
1520 4761
1520 4765
