0 1
0 46
0 32
0 47
0 35
0 61
0 52
0 62
0 48
0 63
0 64
0 65
0 66
0 10
0 67
0 68
0 69
0 70
0 50
0 71
0 72
0 73
0 74
0 75
0 31
0 76
0 77
0 51
0 40
0 78
1 2
2 21
2 46
2 54
2 20
2 9
2 48
2 10
2 55
2 56
2 13
2 31
2 15
2 92
2 124
2 16
2 116
3 4
3 17
3 5
3 6
3 18
3 9
3 11
3 12
3 13
3 14
3 15
3 16
4 5
4 6
4 7
4 8
4 9
4 10
4 11
4 12
4 13
4 14
4 15
4 16
5 17
5 79
5 6
5 7
5 18
5 8
5 9
5 10
5 19
5 12
5 13
5 14
5 15
5 16
6 17
6 79
6 7
6 18
6 8
6 9
6 19
6 11
6 12
6 13
6 14
6 60
6 15
6 16
7 17
7 79
7 9
7 10
7 13
7 14
7 16
8 17
8 79
8 19
8 12
8 13
8 14
8 15
8 16
9 17
9 79
9 20
9 18
9 10
9 55
9 11
9 12
9 13
9 15
9 92
9 16
10 79
10 20
10 63
10 68
10 69
10 13
10 36
10 106
10 44
10 107
10 74
10 77
10 15
10 16
11 79
11 18
11 90
11 55
11 12
11 57
11 112
11 89
11 100
11 15
11 16
12 79
12 18
12 27
12 13
12 14
12 112
12 100
12 15
12 16
13 17
13 79
13 18
13 19
13 14
13 16
14 17
14 19
14 16
15 17
15 54
15 79
15 18
15 41
15 29
15 57
15 36
15 16
16 17
16 18
16 19
17 19
18 89
20 21
20 54
20 81
20 55
20 29
20 56
20 44
20 31
20 82
20 83
20 84
22 23
22 24
22 27
22 28
22 41
22 42
22 30
22 36
22 37
22 43
22 44
22 45
23 24
23 25
23 26
23 27
23 28
23 29
23 30
23 31
24 26
24 52
24 27
24 28
24 42
24 30
24 37
24 31
24 45
25 54
25 26
25 27
25 55
25 29
25 57
25 31
25 60
25 51
26 54
26 27
26 41
26 29
26 36
26 44
26 31
26 45
27 28
27 41
27 42
27 30
27 98
27 106
27 31
27 115
27 53
27 45
28 52
28 41
28 42
28 30
28 37
28 45
29 54
29 55
29 49
29 57
29 36
29 31
29 110
29 116
30 52
30 41
30 42
30 73
30 115
30 45
31 47
31 97
31 48
31 66
31 91
31 111
31 55
31 105
31 49
31 42
31 119
31 70
31 56
31 36
31 71
31 98
31 43
31 80
31 44
31 73
31 126
31 74
31 121
31 60
31 82
31 109
31 112
31 99
31 51
31 89
31 100
31 45
31 110
32 33
32 34
32 52
32 48
32 36
32 40
32 53
33 34
33 35
33 36
33 37
34 52
34 48
34 36
34 37
35 61
35 63
35 68
35 69
35 51
35 40
36 52
36 48
36 42
36 119
36 37
36 117
36 114
36 125
36 53
37 52
37 41
37 42
37 103
37 73
37 126
37 115
37 53
37 45
38 39
38 41
38 122
38 127
38 135
38 117
38 73
38 114
38 40
39 40
40 46
40 47
40 52
40 69
40 50
40 43
40 73
40 107
40 102
40 75
40 140
40 142
41 117
41 118
41 45
42 52
42 48
42 106
42 73
42 51
42 53
43 91
43 44
43 82
43 112
44 86
44 81
44 66
44 56
44 72
44 60
44 82
44 128
44 88
44 51
44 78
44 110
46 47
46 48
46 49
46 50
46 51
47 50
47 80
48 52
48 62
48 64
48 102
48 76
48 53
49 97
49 66
49 55
49 119
49 120
49 98
49 112
49 99
49 89
49 100
49 110
50 63
50 68
50 123
51 65
51 66
51 80
51 73
51 121
51 140
51 110
52 64
52 66
52 67
52 93
52 53
52 94
53 103
53 77
53 115
54 55
54 56
54 57
55 97
55 56
55 60
55 112
55 89
55 110
55 116
56 111
56 89
56 100
56 92
56 116
57 89
57 100
57 116
58 59
58 129
58 132
58 83
58 133
58 118
58 134
58 92
58 94
60 97
60 112
60 99
60 100
61 67
61 69
62 63
62 68
62 69
62 101
63 64
63 65
63 68
63 69
64 69
65 103
65 69
65 75
65 76
65 77
66 97
66 105
66 70
66 98
66 106
66 73
66 107
66 102
66 74
66 93
66 108
66 109
66 110
67 69
68 69
68 75
68 76
69 75
69 76
69 77
70 73
70 74
70 77
71 97
71 101
71 102
71 76
72 98
72 73
72 76
72 128
72 88
73 113
73 119
73 122
73 135
73 102
73 74
73 121
73 114
73 108
73 109
73 112
73 110
74 98
74 106
74 107
74 93
74 108
74 112
75 80
75 107
75 140
75 77
76 102
76 141
76 88
77 119
77 123
77 117
77 121
77 125
78 138
80 106
81 90
82 86
82 87
82 141
83 138
83 133
83 118
84 92
85 86
85 95
85 88
86 87
86 88
87 128
88 95
88 141
89 90
89 97
89 112
89 99
89 100
89 116
90 91
91 98
92 133
92 124
93 108
93 109
94 130
94 129
94 136
94 131
94 133
94 118
94 134
95 96
96 104
97 98
97 99
97 100
98 107
98 102
98 108
98 110
99 111
99 112
99 116
100 112
102 113
102 137
102 108
102 109
106 123
106 107
106 108
107 108
107 140
108 137
109 119
109 121
110 112
110 116
111 112
112 116
113 114
117 121
118 130
118 129
118 139
118 131
118 133
119 121
121 123
121 125
128 141
129 130
129 132
129 133
130 131
140 142
