0 0
0 1
0 2
0 3
0 4
0 5
1 1
1 6
1 7
1 2
1 5
1 8
2 7
2 2
2 13
2 274
2 3
3 274
3 3
3 277
3 503
3 4
4 503
4 4
4 506
4 732
4 5
5 732
5 5
5 735
5 8
6 6
6 7
6 9
6 10
6 8
6 11
7 7
7 10
7 12
7 13
8 735
8 8
8 961
8 11
9 9
9 10
9 14
9 15
9 11
9 16
10 10
10 12
10 15
10 17
11 961
11 11
11 963
11 16
12 12
12 17
12 18
12 13
12 19
13 13
13 274
13 19
13 275
14 14
14 15
14 20
14 21
14 16
14 22
15 15
15 17
15 21
15 23
16 963
16 16
16 966
16 22
17 17
17 18
17 23
17 24
18 18
18 24
18 25
18 19
18 26
19 19
19 275
19 26
19 278
20 20
20 21
20 27
20 28
20 22
20 29
21 21
21 23
21 28
21 30
22 966
22 22
22 970
22 29
23 23
23 24
23 30
23 31
24 24
24 25
24 31
24 32
25 25
25 32
25 33
25 26
25 34
26 26
26 278
26 34
26 282
27 27
27 28
27 35
27 36
27 29
27 37
28 28
28 30
28 36
28 38
29 970
29 29
29 975
29 37
30 30
30 31
30 38
30 39
31 31
31 32
31 39
31 40
32 32
32 33
32 40
32 41
33 33
33 41
33 42
33 34
33 43
34 34
34 282
34 43
34 287
35 35
35 36
35 44
35 45
35 37
35 46
36 36
36 38
36 45
36 47
37 975
37 37
37 981
37 46
38 38
38 39
38 47
38 48
39 39
39 40
39 48
39 49
40 40
40 41
40 49
40 50
41 41
41 42
41 50
41 51
42 42
42 51
42 52
42 43
42 53
43 43
43 287
43 53
43 293
44 44
44 45
44 54
44 55
44 46
44 56
45 45
45 47
45 55
45 57
46 981
46 46
46 988
46 56
47 47
47 48
47 57
47 58
48 48
48 49
48 58
48 59
49 49
49 50
49 59
49 60
50 50
50 51
50 60
50 61
51 51
51 52
51 61
51 62
52 52
52 62
52 63
52 53
52 64
53 53
53 293
53 64
53 300
54 54
54 55
54 65
54 66
54 56
54 67
55 55
55 57
55 66
55 68
56 988
56 56
56 996
56 67
57 57
57 58
57 68
57 69
58 58
58 59
58 69
58 70
59 59
59 60
59 70
59 71
60 60
60 61
60 71
60 72
61 61
61 62
61 72
61 73
62 62
62 63
62 73
62 74
63 63
63 74
63 75
63 64
63 76
64 64
64 300
64 76
64 308
65 65
65 66
65 77
65 78
65 67
65 79
66 66
66 68
66 78
66 80
67 996
67 67
67 1005
67 79
68 68
68 69
68 80
68 81
69 69
69 70
69 81
69 82
70 70
70 71
70 82
70 83
71 71
71 72
71 83
71 84
72 72
72 73
72 84
72 85
73 73
73 74
73 85
73 86
74 74
74 75
74 86
74 87
75 75
75 87
75 88
75 76
75 89
76 76
76 308
76 89
76 317
77 77
77 78
77 90
77 91
77 79
77 92
78 78
78 80
78 91
78 93
79 1005
79 79
79 1015
79 92
80 80
80 81
80 93
80 94
81 81
81 82
81 94
81 95
82 82
82 83
82 95
82 96
83 83
83 84
83 96
83 97
84 84
84 85
84 97
84 98
85 85
85 86
85 98
85 99
86 86
86 87
86 99
86 100
87 87
87 88
87 100
87 101
88 88
88 101
88 102
88 89
88 103
89 89
89 317
89 103
89 327
90 90
90 91
90 104
90 105
90 92
90 106
91 91
91 93
91 105
91 107
92 1015
92 92
92 1026
92 106
93 93
93 94
93 107
93 108
94 94
94 95
94 108
94 109
95 95
95 96
95 109
95 110
96 96
96 97
96 110
96 111
97 97
97 98
97 111
97 112
98 98
98 99
98 112
98 113
99 99
99 100
99 113
99 114
100 100
100 101
100 114
100 115
101 101
101 102
101 115
101 116
102 102
102 116
102 117
102 103
102 118
103 103
103 327
103 118
103 338
104 104
104 105
104 119
104 120
104 106
104 121
105 105
105 107
105 120
105 122
106 1026
106 106
106 1038
106 121
107 107
107 108
107 122
107 123
108 108
108 109
108 123
108 124
109 109
109 110
109 124
109 125
110 110
110 111
110 125
110 126
111 111
111 112
111 126
111 127
112 112
112 113
112 127
112 128
113 113
113 114
113 128
113 129
114 114
114 115
114 129
114 130
115 115
115 116
115 130
115 131
116 116
116 117
116 131
116 132
117 117
117 132
117 133
117 118
117 134
118 118
118 338
118 134
118 350
119 119
119 120
119 135
119 136
119 121
119 137
120 120
120 122
120 136
120 138
121 1038
121 121
121 1051
121 137
122 122
122 123
122 138
122 139
123 123
123 124
123 139
123 140
124 124
124 125
124 140
124 141
125 125
125 126
125 141
125 142
126 126
126 127
126 142
126 143
127 127
127 128
127 143
127 144
128 128
128 129
128 144
128 145
129 129
129 130
129 145
129 146
130 130
130 131
130 146
130 147
131 131
131 132
131 147
131 148
132 132
132 133
132 148
132 149
133 133
133 149
133 150
133 134
133 151
134 134
134 350
134 151
134 363
135 135
135 136
135 152
135 153
135 137
135 154
136 136
136 138
136 153
136 155
137 1051
137 137
137 1065
137 154
138 138
138 139
138 155
138 156
139 139
139 140
139 156
139 157
140 140
140 141
140 157
140 158
141 141
141 142
141 158
141 159
142 142
142 143
142 159
142 160
143 143
143 144
143 160
143 161
144 144
144 145
144 161
144 162
145 145
145 146
145 162
145 163
146 146
146 147
146 163
146 164
147 147
147 148
147 164
147 165
148 148
148 149
148 165
148 166
149 149
149 150
149 166
149 167
150 150
150 167
150 168
150 151
150 169
151 151
151 363
151 169
151 377
152 152
152 153
152 170
152 171
152 154
152 172
153 153
153 155
153 171
153 173
154 1065
154 154
154 1080
154 172
155 155
155 156
155 173
155 174
156 156
156 157
156 174
156 175
157 157
157 158
157 175
157 176
158 158
158 159
158 176
158 177
159 159
159 160
159 177
159 178
160 160
160 161
160 178
160 179
161 161
161 162
161 179
161 180
162 162
162 163
162 180
162 181
163 163
163 164
163 181
163 182
164 164
164 165
164 182
164 183
165 165
165 166
165 183
165 184
166 166
166 167
166 184
166 185
167 167
167 168
167 185
167 186
168 168
168 186
168 187
168 169
168 188
169 169
169 377
169 188
169 392
170 170
170 171
170 189
170 190
170 172
170 191
171 171
171 173
171 190
171 192
172 1080
172 172
172 1096
172 191
173 173
173 174
173 192
173 193
174 174
174 175
174 193
174 194
175 175
175 176
175 194
175 195
176 176
176 177
176 195
176 196
177 177
177 178
177 196
177 197
178 178
178 179
178 197
178 198
179 179
179 180
179 198
179 199
180 180
180 181
180 199
180 200
181 181
181 182
181 200
181 201
182 182
182 183
182 201
182 202
183 183
183 184
183 202
183 203
184 184
184 185
184 203
184 204
185 185
185 186
185 204
185 205
186 186
186 187
186 205
186 206
187 187
187 206
187 207
187 188
187 208
188 188
188 392
188 208
188 408
189 189
189 190
189 209
189 210
189 191
189 211
190 190
190 192
190 210
190 212
191 1096
191 191
191 1113
191 211
192 192
192 193
192 212
192 213
193 193
193 194
193 213
193 214
194 194
194 195
194 214
194 215
195 195
195 196
195 215
195 216
196 196
196 197
196 216
196 217
197 197
197 198
197 217
197 218
198 198
198 199
198 218
198 219
199 199
199 200
199 219
199 220
200 200
200 201
200 220
200 221
201 201
201 202
201 221
201 222
202 202
202 203
202 222
202 223
203 203
203 204
203 223
203 224
204 204
204 205
204 224
204 225
205 205
205 206
205 225
205 226
206 206
206 207
206 226
206 227
207 207
207 227
207 228
207 208
207 229
208 208
208 408
208 229
208 425
209 209
209 210
209 230
209 231
209 211
209 232
210 210
210 212
210 231
210 233
211 1113
211 211
211 1131
211 232
212 212
212 213
212 233
212 234
213 213
213 214
213 234
213 235
214 214
214 215
214 235
214 236
215 215
215 216
215 236
215 237
216 216
216 217
216 237
216 238
217 217
217 218
217 238
217 239
218 218
218 219
218 239
218 240
219 219
219 220
219 240
219 241
220 220
220 221
220 241
220 242
221 221
221 222
221 242
221 243
222 222
222 223
222 243
222 244
223 223
223 224
223 244
223 245
224 224
224 225
224 245
224 246
225 225
225 226
225 246
225 247
226 226
226 227
226 247
226 248
227 227
227 228
227 248
227 249
228 228
228 249
228 250
228 229
228 251
229 229
229 425
229 251
229 443
230 230
230 231
230 232
230 252
230 253
231 231
231 233
231 252
231 254
232 1131
232 232
232 1150
232 253
233 233
233 234
233 254
233 255
234 234
234 235
234 255
234 256
235 235
235 236
235 256
235 257
236 236
236 237
236 257
236 258
237 237
237 238
237 258
237 259
238 238
238 239
238 259
238 260
239 239
239 240
239 260
239 261
240 240
240 241
240 261
240 262
241 241
241 242
241 262
241 263
242 242
242 243
242 263
242 264
243 243
243 244
243 264
243 265
244 244
244 245
244 265
244 266
245 245
245 246
245 266
245 267
246 246
246 247
246 267
246 268
247 247
247 248
247 268
247 269
248 248
248 249
248 269
248 270
249 249
249 250
249 270
249 271
250 250
250 251
250 272
250 271
250 273
251 251
251 443
251 272
251 462
252 252
252 254
252 1151
252 253
252 1152
253 1150
253 253
253 1756
253 1152
254 254
254 255
254 1151
254 1153
255 255
255 256
255 1153
255 1154
256 256
256 257
256 1154
256 1155
257 257
257 258
257 1155
257 1156
258 258
258 259
258 1156
258 1157
259 259
259 260
259 1157
259 1158
260 260
260 261
260 1158
260 1159
261 261
261 262
261 1159
261 1160
262 262
262 263
262 1160
262 1161
263 263
263 264
263 1161
263 1162
264 264
264 265
264 1162
264 1163
265 265
265 266
265 1163
265 1164
266 266
266 267
266 1164
266 1165
267 267
267 268
267 1165
267 1166
268 268
268 269
268 1166
268 1167
269 269
269 270
269 1167
269 1168
270 270
270 271
270 1168
270 1169
271 271
271 1169
271 273
271 1170
272 272
272 462
272 482
272 273
273 482
273 273
273 1170
273 1299
274 274
274 275
274 276
274 277
275 275
275 276
275 278
275 279
276 276
276 279
276 280
276 277
276 281
277 277
277 503
277 281
277 504
278 278
278 279
278 282
278 283
279 279
279 280
279 283
279 284
280 280
280 284
280 285
280 281
280 286
281 281
281 504
281 286
281 507
282 282
282 283
282 287
282 288
283 283
283 284
283 288
283 289
284 284
284 285
284 289
284 290
285 285
285 290
285 291
285 286
285 292
286 286
286 507
286 292
286 511
287 287
287 288
287 293
287 294
288 288
288 289
288 294
288 295
289 289
289 290
289 295
289 296
290 290
290 291
290 296
290 297
291 291
291 297
291 298
291 292
291 299
292 292
292 511
292 299
292 516
293 293
293 294
293 300
293 301
294 294
294 295
294 301
294 302
295 295
295 296
295 302
295 303
296 296
296 297
296 303
296 304
297 297
297 298
297 304
297 305
298 298
298 305
298 306
298 299
298 307
299 299
299 516
299 307
299 522
300 300
300 301
300 308
300 309
301 301
301 302
301 309
301 310
302 302
302 303
302 310
302 311
303 303
303 304
303 311
303 312
304 304
304 305
304 312
304 313
305 305
305 306
305 313
305 314
306 306
306 314
306 315
306 307
306 316
307 307
307 522
307 316
307 529
308 308
308 309
308 317
308 318
309 309
309 310
309 318
309 319
310 310
310 311
310 319
310 320
311 311
311 312
311 320
311 321
312 312
312 313
312 321
312 322
313 313
313 314
313 322
313 323
314 314
314 315
314 323
314 324
315 315
315 324
315 325
315 316
315 326
316 316
316 529
316 326
316 537
317 317
317 318
317 327
317 328
318 318
318 319
318 328
318 329
319 319
319 320
319 329
319 330
320 320
320 321
320 330
320 331
321 321
321 322
321 331
321 332
322 322
322 323
322 332
322 333
323 323
323 324
323 333
323 334
324 324
324 325
324 334
324 335
325 325
325 335
325 336
325 326
325 337
326 326
326 537
326 337
326 546
327 327
327 328
327 338
327 339
328 328
328 329
328 339
328 340
329 329
329 330
329 340
329 341
330 330
330 331
330 341
330 342
331 331
331 332
331 342
331 343
332 332
332 333
332 343
332 344
333 333
333 334
333 344
333 345
334 334
334 335
334 345
334 346
335 335
335 336
335 346
335 347
336 336
336 347
336 348
336 337
336 349
337 337
337 546
337 349
337 556
338 338
338 339
338 350
338 351
339 339
339 340
339 351
339 352
340 340
340 341
340 352
340 353
341 341
341 342
341 353
341 354
342 342
342 343
342 354
342 355
343 343
343 344
343 355
343 356
344 344
344 345
344 356
344 357
345 345
345 346
345 357
345 358
346 346
346 347
346 358
346 359
347 347
347 348
347 359
347 360
348 348
348 360
348 361
348 349
348 362
349 349
349 556
349 362
349 567
350 350
350 351
350 363
350 364
351 351
351 352
351 364
351 365
352 352
352 353
352 365
352 366
353 353
353 354
353 366
353 367
354 354
354 355
354 367
354 368
355 355
355 356
355 368
355 369
356 356
356 357
356 369
356 370
357 357
357 358
357 370
357 371
358 358
358 359
358 371
358 372
359 359
359 360
359 372
359 373
360 360
360 361
360 373
360 374
361 361
361 374
361 375
361 362
361 376
362 362
362 567
362 376
362 579
363 363
363 364
363 377
363 378
364 364
364 365
364 378
364 379
365 365
365 366
365 379
365 380
366 366
366 367
366 380
366 381
367 367
367 368
367 381
367 382
368 368
368 369
368 382
368 383
369 369
369 370
369 383
369 384
370 370
370 371
370 384
370 385
371 371
371 372
371 385
371 386
372 372
372 373
372 386
372 387
373 373
373 374
373 387
373 388
374 374
374 375
374 388
374 389
375 375
375 389
375 390
375 376
375 391
376 376
376 579
376 391
376 592
377 377
377 378
377 392
377 393
378 378
378 379
378 393
378 394
379 379
379 380
379 394
379 395
380 380
380 381
380 395
380 396
381 381
381 382
381 396
381 397
382 382
382 383
382 397
382 398
383 383
383 384
383 398
383 399
384 384
384 385
384 399
384 400
385 385
385 386
385 400
385 401
386 386
386 387
386 401
386 402
387 387
387 388
387 402
387 403
388 388
388 389
388 403
388 404
389 389
389 390
389 404
389 405
390 390
390 405
390 406
390 391
390 407
391 391
391 592
391 407
391 606
392 392
392 393
392 408
392 409
393 393
393 394
393 409
393 410
394 394
394 395
394 410
394 411
395 395
395 396
395 411
395 412
396 396
396 397
396 412
396 413
397 397
397 398
397 413
397 414
398 398
398 399
398 414
398 415
399 399
399 400
399 415
399 416
400 400
400 401
400 416
400 417
401 401
401 402
401 417
401 418
402 402
402 403
402 418
402 419
403 403
403 404
403 419
403 420
404 404
404 405
404 420
404 421
405 405
405 406
405 421
405 422
406 406
406 422
406 423
406 407
406 424
407 407
407 606
407 424
407 621
408 408
408 409
408 425
408 426
409 409
409 410
409 426
409 427
410 410
410 411
410 427
410 428
411 411
411 412
411 428
411 429
412 412
412 413
412 429
412 430
413 413
413 414
413 430
413 431
414 414
414 415
414 431
414 432
415 415
415 416
415 432
415 433
416 416
416 417
416 433
416 434
417 417
417 418
417 434
417 435
418 418
418 419
418 435
418 436
419 419
419 420
419 436
419 437
420 420
420 421
420 437
420 438
421 421
421 422
421 438
421 439
422 422
422 423
422 439
422 440
423 423
423 440
423 441
423 424
423 442
424 424
424 621
424 442
424 637
425 425
425 426
425 443
425 444
426 426
426 427
426 444
426 445
427 427
427 428
427 445
427 446
428 428
428 429
428 446
428 447
429 429
429 430
429 447
429 448
430 430
430 431
430 448
430 449
431 431
431 432
431 449
431 450
432 432
432 433
432 450
432 451
433 433
433 434
433 451
433 452
434 434
434 435
434 452
434 453
435 435
435 436
435 453
435 454
436 436
436 437
436 454
436 455
437 437
437 438
437 455
437 456
438 438
438 439
438 456
438 457
439 439
439 440
439 457
439 458
440 440
440 441
440 458
440 459
441 441
441 459
441 460
441 442
441 461
442 442
442 637
442 461
442 654
443 443
443 444
443 462
443 463
444 444
444 445
444 463
444 464
445 445
445 446
445 464
445 465
446 446
446 447
446 465
446 466
447 447
447 448
447 466
447 467
448 448
448 449
448 467
448 468
449 449
449 450
449 468
449 469
450 450
450 451
450 469
450 470
451 451
451 452
451 470
451 471
452 452
452 453
452 471
452 472
453 453
453 454
453 472
453 473
454 454
454 455
454 473
454 474
455 455
455 456
455 474
455 475
456 456
456 457
456 475
456 476
457 457
457 458
457 476
457 477
458 458
458 459
458 477
458 478
459 459
459 460
459 478
459 479
460 460
460 479
460 480
460 461
460 481
461 461
461 654
461 481
461 672
462 462
462 463
462 482
462 483
463 463
463 464
463 483
463 484
464 464
464 465
464 484
464 485
465 465
465 466
465 485
465 486
466 466
466 467
466 486
466 487
467 467
467 468
467 487
467 488
468 468
468 469
468 488
468 489
469 469
469 470
469 489
469 490
470 470
470 471
470 490
470 491
471 471
471 472
471 491
471 492
472 472
472 473
472 492
472 493
473 473
473 474
473 493
473 494
474 474
474 475
474 494
474 495
475 475
475 476
475 495
475 496
476 476
476 477
476 496
476 497
477 477
477 478
477 497
477 498
478 478
478 479
478 498
478 499
479 479
479 480
479 499
479 500
480 480
480 481
480 501
480 500
480 502
481 481
481 672
481 501
481 691
482 482
482 483
482 1298
482 1299
483 483
483 484
483 1298
483 1300
484 484
484 485
484 1300
484 1301
485 485
485 486
485 1301
485 1302
486 486
486 487
486 1302
486 1303
487 487
487 488
487 1303
487 1304
488 488
488 489
488 1304
488 1305
489 489
489 490
489 1305
489 1306
490 490
490 491
490 1306
490 1307
491 491
491 492
491 1307
491 1308
492 492
492 493
492 1308
492 1309
493 493
493 494
493 1309
493 1310
494 494
494 495
494 1310
494 1311
495 495
495 496
495 1311
495 1312
496 496
496 497
496 1312
496 1313
497 497
497 498
497 1313
497 1314
498 498
498 499
498 1314
498 1315
499 499
499 500
499 1315
499 1316
500 500
500 1316
500 502
500 1317
501 501
501 691
501 711
501 502
502 711
502 502
502 1317
502 1447
503 503
503 504
503 505
503 506
504 504
504 505
504 507
504 508
505 505
505 508
505 509
505 506
505 510
506 506
506 732
506 510
506 733
507 507
507 508
507 511
507 512
508 508
508 509
508 512
508 513
509 509
509 513
509 514
509 510
509 515
510 510
510 733
510 515
510 736
511 511
511 512
511 516
511 517
512 512
512 513
512 517
512 518
513 513
513 514
513 518
513 519
514 514
514 519
514 520
514 515
514 521
515 515
515 736
515 521
515 740
516 516
516 517
516 522
516 523
517 517
517 518
517 523
517 524
518 518
518 519
518 524
518 525
519 519
519 520
519 525
519 526
520 520
520 526
520 527
520 521
520 528
521 521
521 740
521 528
521 745
522 522
522 523
522 529
522 530
523 523
523 524
523 530
523 531
524 524
524 525
524 531
524 532
525 525
525 526
525 532
525 533
526 526
526 527
526 533
526 534
527 527
527 534
527 535
527 528
527 536
528 528
528 745
528 536
528 751
529 529
529 530
529 537
529 538
530 530
530 531
530 538
530 539
531 531
531 532
531 539
531 540
532 532
532 533
532 540
532 541
533 533
533 534
533 541
533 542
534 534
534 535
534 542
534 543
535 535
535 543
535 544
535 536
535 545
536 536
536 751
536 545
536 758
537 537
537 538
537 546
537 547
538 538
538 539
538 547
538 548
539 539
539 540
539 548
539 549
540 540
540 541
540 549
540 550
541 541
541 542
541 550
541 551
542 542
542 543
542 551
542 552
543 543
543 544
543 552
543 553
544 544
544 553
544 554
544 545
544 555
545 545
545 758
545 555
545 766
546 546
546 547
546 556
546 557
547 547
547 548
547 557
547 558
548 548
548 549
548 558
548 559
549 549
549 550
549 559
549 560
550 550
550 551
550 560
550 561
551 551
551 552
551 561
551 562
552 552
552 553
552 562
552 563
553 553
553 554
553 563
553 564
554 554
554 564
554 565
554 555
554 566
555 555
555 766
555 566
555 775
556 556
556 557
556 567
556 568
557 557
557 558
557 568
557 569
558 558
558 559
558 569
558 570
559 559
559 560
559 570
559 571
560 560
560 561
560 571
560 572
561 561
561 562
561 572
561 573
562 562
562 563
562 573
562 574
563 563
563 564
563 574
563 575
564 564
564 565
564 575
564 576
565 565
565 576
565 577
565 566
565 578
566 566
566 775
566 578
566 785
567 567
567 568
567 579
567 580
568 568
568 569
568 580
568 581
569 569
569 570
569 581
569 582
570 570
570 571
570 582
570 583
571 571
571 572
571 583
571 584
572 572
572 573
572 584
572 585
573 573
573 574
573 585
573 586
574 574
574 575
574 586
574 587
575 575
575 576
575 587
575 588
576 576
576 577
576 588
576 589
577 577
577 589
577 590
577 578
577 591
578 578
578 785
578 591
578 796
579 579
579 580
579 592
579 593
580 580
580 581
580 593
580 594
581 581
581 582
581 594
581 595
582 582
582 583
582 595
582 596
583 583
583 584
583 596
583 597
584 584
584 585
584 597
584 598
585 585
585 586
585 598
585 599
586 586
586 587
586 599
586 600
587 587
587 588
587 600
587 601
588 588
588 589
588 601
588 602
589 589
589 590
589 602
589 603
590 590
590 603
590 604
590 591
590 605
591 591
591 796
591 605
591 808
592 592
592 593
592 606
592 607
593 593
593 594
593 607
593 608
594 594
594 595
594 608
594 609
595 595
595 596
595 609
595 610
596 596
596 597
596 610
596 611
597 597
597 598
597 611
597 612
598 598
598 599
598 612
598 613
599 599
599 600
599 613
599 614
600 600
600 601
600 614
600 615
601 601
601 602
601 615
601 616
602 602
602 603
602 616
602 617
603 603
603 604
603 617
603 618
604 604
604 618
604 619
604 605
604 620
605 605
605 808
605 620
605 821
606 606
606 607
606 621
606 622
607 607
607 608
607 622
607 623
608 608
608 609
608 623
608 624
609 609
609 610
609 624
609 625
610 610
610 611
610 625
610 626
611 611
611 612
611 626
611 627
612 612
612 613
612 627
612 628
613 613
613 614
613 628
613 629
614 614
614 615
614 629
614 630
615 615
615 616
615 630
615 631
616 616
616 617
616 631
616 632
617 617
617 618
617 632
617 633
618 618
618 619
618 633
618 634
619 619
619 634
619 635
619 620
619 636
620 620
620 821
620 636
620 835
621 621
621 622
621 637
621 638
622 622
622 623
622 638
622 639
623 623
623 624
623 639
623 640
624 624
624 625
624 640
624 641
625 625
625 626
625 641
625 642
626 626
626 627
626 642
626 643
627 627
627 628
627 643
627 644
628 628
628 629
628 644
628 645
629 629
629 630
629 645
629 646
630 630
630 631
630 646
630 647
631 631
631 632
631 647
631 648
632 632
632 633
632 648
632 649
633 633
633 634
633 649
633 650
634 634
634 635
634 650
634 651
635 635
635 651
635 652
635 636
635 653
636 636
636 835
636 653
636 850
637 637
637 638
637 654
637 655
638 638
638 639
638 655
638 656
639 639
639 640
639 656
639 657
640 640
640 641
640 657
640 658
641 641
641 642
641 658
641 659
642 642
642 643
642 659
642 660
643 643
643 644
643 660
643 661
644 644
644 645
644 661
644 662
645 645
645 646
645 662
645 663
646 646
646 647
646 663
646 664
647 647
647 648
647 664
647 665
648 648
648 649
648 665
648 666
649 649
649 650
649 666
649 667
650 650
650 651
650 667
650 668
651 651
651 652
651 668
651 669
652 652
652 669
652 670
652 653
652 671
653 653
653 850
653 671
653 866
654 654
654 655
654 672
654 673
655 655
655 656
655 673
655 674
656 656
656 657
656 674
656 675
657 657
657 658
657 675
657 676
658 658
658 659
658 676
658 677
659 659
659 660
659 677
659 678
660 660
660 661
660 678
660 679
661 661
661 662
661 679
661 680
662 662
662 663
662 680
662 681
663 663
663 664
663 681
663 682
664 664
664 665
664 682
664 683
665 665
665 666
665 683
665 684
666 666
666 667
666 684
666 685
667 667
667 668
667 685
667 686
668 668
668 669
668 686
668 687
669 669
669 670
669 687
669 688
670 670
670 688
670 689
670 671
670 690
671 671
671 866
671 690
671 883
672 672
672 673
672 691
672 692
673 673
673 674
673 692
673 693
674 674
674 675
674 693
674 694
675 675
675 676
675 694
675 695
676 676
676 677
676 695
676 696
677 677
677 678
677 696
677 697
678 678
678 679
678 697
678 698
679 679
679 680
679 698
679 699
680 680
680 681
680 699
680 700
681 681
681 682
681 700
681 701
682 682
682 683
682 701
682 702
683 683
683 684
683 702
683 703
684 684
684 685
684 703
684 704
685 685
685 686
685 704
685 705
686 686
686 687
686 705
686 706
687 687
687 688
687 706
687 707
688 688
688 689
688 707
688 708
689 689
689 708
689 709
689 690
689 710
690 690
690 883
690 710
690 901
691 691
691 692
691 711
691 712
692 692
692 693
692 712
692 713
693 693
693 694
693 713
693 714
694 694
694 695
694 714
694 715
695 695
695 696
695 715
695 716
696 696
696 697
696 716
696 717
697 697
697 698
697 717
697 718
698 698
698 699
698 718
698 719
699 699
699 700
699 719
699 720
700 700
700 701
700 720
700 721
701 701
701 702
701 721
701 722
702 702
702 703
702 722
702 723
703 703
703 704
703 723
703 724
704 704
704 705
704 724
704 725
705 705
705 706
705 725
705 726
706 706
706 707
706 726
706 727
707 707
707 708
707 727
707 728
708 708
708 709
708 728
708 729
709 709
709 710
709 730
709 729
709 731
710 710
710 901
710 730
710 920
711 711
711 712
711 1446
711 1447
712 712
712 713
712 1446
712 1448
713 713
713 714
713 1448
713 1449
714 714
714 715
714 1449
714 1450
715 715
715 716
715 1450
715 1451
716 716
716 717
716 1451
716 1452
717 717
717 718
717 1452
717 1453
718 718
718 719
718 1453
718 1454
719 719
719 720
719 1454
719 1455
720 720
720 721
720 1455
720 1456
721 721
721 722
721 1456
721 1457
722 722
722 723
722 1457
722 1458
723 723
723 724
723 1458
723 1459
724 724
724 725
724 1459
724 1460
725 725
725 726
725 1460
725 1461
726 726
726 727
726 1461
726 1462
727 727
727 728
727 1462
727 1463
728 728
728 729
728 1463
728 1464
729 729
729 1464
729 731
729 1465
730 730
730 920
730 940
730 731
731 940
731 731
731 1465
731 1593
732 732
732 733
732 734
732 735
733 733
733 734
733 736
733 737
734 734
734 737
734 738
734 735
734 739
735 735
735 739
735 961
736 736
736 737
736 740
736 741
737 737
737 738
737 741
737 742
738 738
738 742
738 743
738 739
738 744
739 739
739 961
739 744
739 962
740 740
740 741
740 745
740 746
741 741
741 742
741 746
741 747
742 742
742 743
742 747
742 748
743 743
743 748
743 749
743 744
743 750
744 744
744 962
744 750
744 964
745 745
745 746
745 751
745 752
746 746
746 747
746 752
746 753
747 747
747 748
747 753
747 754
748 748
748 749
748 754
748 755
749 749
749 755
749 756
749 750
749 757
750 750
750 964
750 757
750 967
751 751
751 752
751 758
751 759
752 752
752 753
752 759
752 760
753 753
753 754
753 760
753 761
754 754
754 755
754 761
754 762
755 755
755 756
755 762
755 763
756 756
756 763
756 764
756 757
756 765
757 757
757 967
757 765
757 971
758 758
758 759
758 766
758 767
759 759
759 760
759 767
759 768
760 760
760 761
760 768
760 769
761 761
761 762
761 769
761 770
762 762
762 763
762 770
762 771
763 763
763 764
763 771
763 772
764 764
764 772
764 773
764 765
764 774
765 765
765 971
765 774
765 976
766 766
766 767
766 775
766 776
767 767
767 768
767 776
767 777
768 768
768 769
768 777
768 778
769 769
769 770
769 778
769 779
770 770
770 771
770 779
770 780
771 771
771 772
771 780
771 781
772 772
772 773
772 781
772 782
773 773
773 782
773 783
773 774
773 784
774 774
774 976
774 784
774 982
775 775
775 776
775 785
775 786
776 776
776 777
776 786
776 787
777 777
777 778
777 787
777 788
778 778
778 779
778 788
778 789
779 779
779 780
779 789
779 790
780 780
780 781
780 790
780 791
781 781
781 782
781 791
781 792
782 782
782 783
782 792
782 793
783 783
783 793
783 794
783 784
783 795
784 784
784 982
784 795
784 989
785 785
785 786
785 796
785 797
786 786
786 787
786 797
786 798
787 787
787 788
787 798
787 799
788 788
788 789
788 799
788 800
789 789
789 790
789 800
789 801
790 790
790 791
790 801
790 802
791 791
791 792
791 802
791 803
792 792
792 793
792 803
792 804
793 793
793 794
793 804
793 805
794 794
794 805
794 806
794 795
794 807
795 795
795 989
795 807
795 997
796 796
796 797
796 808
796 809
797 797
797 798
797 809
797 810
798 798
798 799
798 810
798 811
799 799
799 800
799 811
799 812
800 800
800 801
800 812
800 813
801 801
801 802
801 813
801 814
802 802
802 803
802 814
802 815
803 803
803 804
803 815
803 816
804 804
804 805
804 816
804 817
805 805
805 806
805 817
805 818
806 806
806 818
806 819
806 807
806 820
807 807
807 997
807 820
807 1006
808 808
808 809
808 821
808 822
809 809
809 810
809 822
809 823
810 810
810 811
810 823
810 824
811 811
811 812
811 824
811 825
812 812
812 813
812 825
812 826
813 813
813 814
813 826
813 827
814 814
814 815
814 827
814 828
815 815
815 816
815 828
815 829
816 816
816 817
816 829
816 830
817 817
817 818
817 830
817 831
818 818
818 819
818 831
818 832
819 819
819 832
819 833
819 820
819 834
820 820
820 1006
820 834
820 1016
821 821
821 822
821 835
821 836
822 822
822 823
822 836
822 837
823 823
823 824
823 837
823 838
824 824
824 825
824 838
824 839
825 825
825 826
825 839
825 840
826 826
826 827
826 840
826 841
827 827
827 828
827 841
827 842
828 828
828 829
828 842
828 843
829 829
829 830
829 843
829 844
830 830
830 831
830 844
830 845
831 831
831 832
831 845
831 846
832 832
832 833
832 846
832 847
833 833
833 847
833 848
833 834
833 849
834 834
834 1016
834 849
834 1027
835 835
835 836
835 850
835 851
836 836
836 837
836 851
836 852
837 837
837 838
837 852
837 853
838 838
838 839
838 853
838 854
839 839
839 840
839 854
839 855
840 840
840 841
840 855
840 856
841 841
841 842
841 856
841 857
842 842
842 843
842 857
842 858
843 843
843 844
843 858
843 859
844 844
844 845
844 859
844 860
845 845
845 846
845 860
845 861
846 846
846 847
846 861
846 862
847 847
847 848
847 862
847 863
848 848
848 863
848 864
848 849
848 865
849 849
849 1027
849 865
849 1039
850 850
850 851
850 866
850 867
851 851
851 852
851 867
851 868
852 852
852 853
852 868
852 869
853 853
853 854
853 869
853 870
854 854
854 855
854 870
854 871
855 855
855 856
855 871
855 872
856 856
856 857
856 872
856 873
857 857
857 858
857 873
857 874
858 858
858 859
858 874
858 875
859 859
859 860
859 875
859 876
860 860
860 861
860 876
860 877
861 861
861 862
861 877
861 878
862 862
862 863
862 878
862 879
863 863
863 864
863 879
863 880
864 864
864 880
864 881
864 865
864 882
865 865
865 1039
865 882
865 1052
866 866
866 867
866 883
866 884
867 867
867 868
867 884
867 885
868 868
868 869
868 885
868 886
869 869
869 870
869 886
869 887
870 870
870 871
870 887
870 888
871 871
871 872
871 888
871 889
872 872
872 873
872 889
872 890
873 873
873 874
873 890
873 891
874 874
874 875
874 891
874 892
875 875
875 876
875 892
875 893
876 876
876 877
876 893
876 894
877 877
877 878
877 894
877 895
878 878
878 879
878 895
878 896
879 879
879 880
879 896
879 897
880 880
880 881
880 897
880 898
881 881
881 898
881 899
881 882
881 900
882 882
882 1052
882 900
882 1066
883 883
883 884
883 901
883 902
884 884
884 885
884 902
884 903
885 885
885 886
885 903
885 904
886 886
886 887
886 904
886 905
887 887
887 888
887 905
887 906
888 888
888 889
888 906
888 907
889 889
889 890
889 907
889 908
890 890
890 891
890 908
890 909
891 891
891 892
891 909
891 910
892 892
892 893
892 910
892 911
893 893
893 894
893 911
893 912
894 894
894 895
894 912
894 913
895 895
895 896
895 913
895 914
896 896
896 897
896 914
896 915
897 897
897 898
897 915
897 916
898 898
898 899
898 916
898 917
899 899
899 917
899 918
899 900
899 919
900 900
900 1066
900 919
900 1081
901 901
901 902
901 920
901 921
902 902
902 903
902 921
902 922
903 903
903 904
903 922
903 923
904 904
904 905
904 923
904 924
905 905
905 906
905 924
905 925
906 906
906 907
906 925
906 926
907 907
907 908
907 926
907 927
908 908
908 909
908 927
908 928
909 909
909 910
909 928
909 929
910 910
910 911
910 929
910 930
911 911
911 912
911 930
911 931
912 912
912 913
912 931
912 932
913 913
913 914
913 932
913 933
914 914
914 915
914 933
914 934
915 915
915 916
915 934
915 935
916 916
916 917
916 935
916 936
917 917
917 918
917 936
917 937
918 918
918 937
918 938
918 919
918 939
919 919
919 1081
919 939
919 1097
920 920
920 921
920 940
920 941
921 921
921 922
921 941
921 942
922 922
922 923
922 942
922 943
923 923
923 924
923 943
923 944
924 924
924 925
924 944
924 945
925 925
925 926
925 945
925 946
926 926
926 927
926 946
926 947
927 927
927 928
927 947
927 948
928 928
928 929
928 948
928 949
929 929
929 930
929 949
929 950
930 930
930 931
930 950
930 951
931 931
931 932
931 951
931 952
932 932
932 933
932 952
932 953
933 933
933 934
933 953
933 954
934 934
934 935
934 954
934 955
935 935
935 936
935 955
935 956
936 936
936 937
936 956
936 957
937 937
937 938
937 957
937 958
938 938
938 939
938 959
938 958
938 960
939 939
939 1097
939 959
939 1114
940 940
940 941
940 1592
940 1593
941 941
941 942
941 1592
941 1594
942 942
942 943
942 1594
942 1595
943 943
943 944
943 1595
943 1596
944 944
944 945
944 1596
944 1597
945 945
945 946
945 1597
945 1598
946 946
946 947
946 1598
946 1599
947 947
947 948
947 1599
947 1600
948 948
948 949
948 1600
948 1601
949 949
949 950
949 1601
949 1602
950 950
950 951
950 1602
950 1603
951 951
951 952
951 1603
951 1604
952 952
952 953
952 1604
952 1605
953 953
953 954
953 1605
953 1606
954 954
954 955
954 1606
954 1607
955 955
955 956
955 1607
955 1608
956 956
956 957
956 1608
956 1609
957 957
957 958
957 1609
957 1610
958 958
958 1610
958 960
958 1611
959 959
959 1114
959 1132
959 960
960 1132
960 960
960 1611
960 1738
961 961
961 962
961 963
962 962
962 963
962 964
962 965
963 963
963 965
963 966
964 964
964 965
964 967
964 968
965 965
965 966
965 968
965 969
966 966
966 969
966 970
967 967
967 968
967 971
967 972
968 968
968 969
968 972
968 973
969 969
969 970
969 973
969 974
970 970
970 974
970 975
971 971
971 972
971 976
971 977
972 972
972 973
972 977
972 978
973 973
973 974
973 978
973 979
974 974
974 975
974 979
974 980
975 975
975 980
975 981
976 976
976 977
976 982
976 983
977 977
977 978
977 983
977 984
978 978
978 979
978 984
978 985
979 979
979 980
979 985
979 986
980 980
980 981
980 986
980 987
981 981
981 987
981 988
982 982
982 983
982 989
982 990
983 983
983 984
983 990
983 991
984 984
984 985
984 991
984 992
985 985
985 986
985 992
985 993
986 986
986 987
986 993
986 994
987 987
987 988
987 994
987 995
988 988
988 995
988 996
989 989
989 990
989 997
989 998
990 990
990 991
990 998
990 999
991 991
991 992
991 999
991 1000
992 992
992 993
992 1000
992 1001
993 993
993 994
993 1001
993 1002
994 994
994 995
994 1002
994 1003
995 995
995 996
995 1003
995 1004
996 996
996 1004
996 1005
997 997
997 998
997 1006
997 1007
998 998
998 999
998 1007
998 1008
999 999
999 1000
999 1008
999 1009
1000 1000
1000 1001
1000 1009
1000 1010
1001 1001
1001 1002
1001 1010
1001 1011
1002 1002
1002 1003
1002 1011
1002 1012
1003 1003
1003 1004
1003 1012
1003 1013
1004 1004
1004 1005
1004 1013
1004 1014
1005 1005
1005 1014
1005 1015
1006 1006
1006 1007
1006 1016
1006 1017
1007 1007
1007 1008
1007 1017
1007 1018
1008 1008
1008 1009
1008 1018
1008 1019
1009 1009
1009 1010
1009 1019
1009 1020
1010 1010
1010 1011
1010 1020
1010 1021
1011 1011
1011 1012
1011 1021
1011 1022
1012 1012
1012 1013
1012 1022
1012 1023
1013 1013
1013 1014
1013 1023
1013 1024
1014 1014
1014 1015
1014 1024
1014 1025
1015 1015
1015 1025
1015 1026
1016 1016
1016 1017
1016 1027
1016 1028
1017 1017
1017 1018
1017 1028
1017 1029
1018 1018
1018 1019
1018 1029
1018 1030
1019 1019
1019 1020
1019 1030
1019 1031
1020 1020
1020 1021
1020 1031
1020 1032
1021 1021
1021 1022
1021 1032
1021 1033
1022 1022
1022 1023
1022 1033
1022 1034
1023 1023
1023 1024
1023 1034
1023 1035
1024 1024
1024 1025
1024 1035
1024 1036
1025 1025
1025 1026
1025 1036
1025 1037
1026 1026
1026 1037
1026 1038
1027 1027
1027 1028
1027 1039
1027 1040
1028 1028
1028 1029
1028 1040
1028 1041
1029 1029
1029 1030
1029 1041
1029 1042
1030 1030
1030 1031
1030 1042
1030 1043
1031 1031
1031 1032
1031 1043
1031 1044
1032 1032
1032 1033
1032 1044
1032 1045
1033 1033
1033 1034
1033 1045
1033 1046
1034 1034
1034 1035
1034 1046
1034 1047
1035 1035
1035 1036
1035 1047
1035 1048
1036 1036
1036 1037
1036 1048
1036 1049
1037 1037
1037 1038
1037 1049
1037 1050
1038 1038
1038 1050
1038 1051
1039 1039
1039 1040
1039 1052
1039 1053
1040 1040
1040 1041
1040 1053
1040 1054
1041 1041
1041 1042
1041 1054
1041 1055
1042 1042
1042 1043
1042 1055
1042 1056
1043 1043
1043 1044
1043 1056
1043 1057
1044 1044
1044 1045
1044 1057
1044 1058
1045 1045
1045 1046
1045 1058
1045 1059
1046 1046
1046 1047
1046 1059
1046 1060
1047 1047
1047 1048
1047 1060
1047 1061
1048 1048
1048 1049
1048 1061
1048 1062
1049 1049
1049 1050
1049 1062
1049 1063
1050 1050
1050 1051
1050 1063
1050 1064
1051 1051
1051 1064
1051 1065
1052 1052
1052 1053
1052 1066
1052 1067
1053 1053
1053 1054
1053 1067
1053 1068
1054 1054
1054 1055
1054 1068
1054 1069
1055 1055
1055 1056
1055 1069
1055 1070
1056 1056
1056 1057
1056 1070
1056 1071
1057 1057
1057 1058
1057 1071
1057 1072
1058 1058
1058 1059
1058 1072
1058 1073
1059 1059
1059 1060
1059 1073
1059 1074
1060 1060
1060 1061
1060 1074
1060 1075
1061 1061
1061 1062
1061 1075
1061 1076
1062 1062
1062 1063
1062 1076
1062 1077
1063 1063
1063 1064
1063 1077
1063 1078
1064 1064
1064 1065
1064 1078
1064 1079
1065 1065
1065 1079
1065 1080
1066 1066
1066 1067
1066 1081
1066 1082
1067 1067
1067 1068
1067 1082
1067 1083
1068 1068
1068 1069
1068 1083
1068 1084
1069 1069
1069 1070
1069 1084
1069 1085
1070 1070
1070 1071
1070 1085
1070 1086
1071 1071
1071 1072
1071 1086
1071 1087
1072 1072
1072 1073
1072 1087
1072 1088
1073 1073
1073 1074
1073 1088
1073 1089
1074 1074
1074 1075
1074 1089
1074 1090
1075 1075
1075 1076
1075 1090
1075 1091
1076 1076
1076 1077
1076 1091
1076 1092
1077 1077
1077 1078
1077 1092
1077 1093
1078 1078
1078 1079
1078 1093
1078 1094
1079 1079
1079 1080
1079 1094
1079 1095
1080 1080
1080 1095
1080 1096
1081 1081
1081 1082
1081 1097
1081 1098
1082 1082
1082 1083
1082 1098
1082 1099
1083 1083
1083 1084
1083 1099
1083 1100
1084 1084
1084 1085
1084 1100
1084 1101
1085 1085
1085 1086
1085 1101
1085 1102
1086 1086
1086 1087
1086 1102
1086 1103
1087 1087
1087 1088
1087 1103
1087 1104
1088 1088
1088 1089
1088 1104
1088 1105
1089 1089
1089 1090
1089 1105
1089 1106
1090 1090
1090 1091
1090 1106
1090 1107
1091 1091
1091 1092
1091 1107
1091 1108
1092 1092
1092 1093
1092 1108
1092 1109
1093 1093
1093 1094
1093 1109
1093 1110
1094 1094
1094 1095
1094 1110
1094 1111
1095 1095
1095 1096
1095 1111
1095 1112
1096 1096
1096 1112
1096 1113
1097 1097
1097 1098
1097 1114
1097 1115
1098 1098
1098 1099
1098 1115
1098 1116
1099 1099
1099 1100
1099 1116
1099 1117
1100 1100
1100 1101
1100 1117
1100 1118
1101 1101
1101 1102
1101 1118
1101 1119
1102 1102
1102 1103
1102 1119
1102 1120
1103 1103
1103 1104
1103 1120
1103 1121
1104 1104
1104 1105
1104 1121
1104 1122
1105 1105
1105 1106
1105 1122
1105 1123
1106 1106
1106 1107
1106 1123
1106 1124
1107 1107
1107 1108
1107 1124
1107 1125
1108 1108
1108 1109
1108 1125
1108 1126
1109 1109
1109 1110
1109 1126
1109 1127
1110 1110
1110 1111
1110 1127
1110 1128
1111 1111
1111 1112
1111 1128
1111 1129
1112 1112
1112 1113
1112 1129
1112 1130
1113 1113
1113 1130
1113 1131
1114 1114
1114 1115
1114 1132
1114 1133
1115 1115
1115 1116
1115 1133
1115 1134
1116 1116
1116 1117
1116 1134
1116 1135
1117 1117
1117 1118
1117 1135
1117 1136
1118 1118
1118 1119
1118 1136
1118 1137
1119 1119
1119 1120
1119 1137
1119 1138
1120 1120
1120 1121
1120 1138
1120 1139
1121 1121
1121 1122
1121 1139
1121 1140
1122 1122
1122 1123
1122 1140
1122 1141
1123 1123
1123 1124
1123 1141
1123 1142
1124 1124
1124 1125
1124 1142
1124 1143
1125 1125
1125 1126
1125 1143
1125 1144
1126 1126
1126 1127
1126 1144
1126 1145
1127 1127
1127 1128
1127 1145
1127 1146
1128 1128
1128 1129
1128 1146
1128 1147
1129 1129
1129 1130
1129 1147
1129 1148
1130 1130
1130 1131
1130 1148
1130 1149
1131 1131
1131 1149
1131 1150
1132 1132
1132 1133
1132 1737
1132 1738
1133 1133
1133 1134
1133 1737
1133 1739
1134 1134
1134 1135
1134 1739
1134 1740
1135 1135
1135 1136
1135 1740
1135 1741
1136 1136
1136 1137
1136 1741
1136 1742
1137 1137
1137 1138
1137 1742
1137 1743
1138 1138
1138 1139
1138 1743
1138 1744
1139 1139
1139 1140
1139 1744
1139 1745
1140 1140
1140 1141
1140 1745
1140 1746
1141 1141
1141 1142
1141 1746
1141 1747
1142 1142
1142 1143
1142 1747
1142 1748
1143 1143
1143 1144
1143 1748
1143 1749
1144 1144
1144 1145
1144 1749
1144 1750
1145 1145
1145 1146
1145 1750
1145 1751
1146 1146
1146 1147
1146 1751
1146 1752
1147 1147
1147 1148
1147 1752
1147 1753
1148 1148
1148 1149
1148 1753
1148 1754
1149 1149
1149 1150
1149 1754
1149 1755
1150 1150
1150 1755
1150 1756
1151 1151
1151 1153
1151 1171
1151 1152
1151 1172
1152 1756
1152 1152
1152 2033
1152 1172
1153 1153
1153 1154
1153 1171
1153 1173
1154 1154
1154 1155
1154 1173
1154 1174
1155 1155
1155 1156
1155 1174
1155 1175
1156 1156
1156 1157
1156 1175
1156 1176
1157 1157
1157 1158
1157 1176
1157 1177
1158 1158
1158 1159
1158 1177
1158 1178
1159 1159
1159 1160
1159 1178
1159 1179
1160 1160
1160 1161
1160 1179
1160 1180
1161 1161
1161 1162
1161 1180
1161 1181
1162 1162
1162 1163
1162 1181
1162 1182
1163 1163
1163 1164
1163 1182
1163 1183
1164 1164
1164 1165
1164 1183
1164 1184
1165 1165
1165 1166
1165 1184
1165 1185
1166 1166
1166 1167
1166 1185
1166 1186
1167 1167
1167 1168
1167 1186
1167 1187
1168 1168
1168 1169
1168 1187
1168 1188
1169 1169
1169 1188
1169 1170
1169 1189
1170 1170
1170 1299
1170 1189
1170 1884
1171 1171
1171 1173
1171 1190
1171 1172
1171 1191
1172 2033
1172 1172
1172 2035
1172 1191
1173 1173
1173 1174
1173 1190
1173 1192
1174 1174
1174 1175
1174 1192
1174 1193
1175 1175
1175 1176
1175 1193
1175 1194
1176 1176
1176 1177
1176 1194
1176 1195
1177 1177
1177 1178
1177 1195
1177 1196
1178 1178
1178 1179
1178 1196
1178 1197
1179 1179
1179 1180
1179 1197
1179 1198
1180 1180
1180 1181
1180 1198
1180 1199
1181 1181
1181 1182
1181 1199
1181 1200
1182 1182
1182 1183
1182 1200
1182 1201
1183 1183
1183 1184
1183 1201
1183 1202
1184 1184
1184 1185
1184 1202
1184 1203
1185 1185
1185 1186
1185 1203
1185 1204
1186 1186
1186 1187
1186 1204
1186 1205
1187 1187
1187 1188
1187 1205
1187 1206
1188 1188
1188 1206
1188 1189
1188 1207
1189 1189
1189 1884
1189 1207
1189 1885
1190 1190
1190 1192
1190 1208
1190 1191
1190 1209
1191 2035
1191 1191
1191 2038
1191 1209
1192 1192
1192 1193
1192 1208
1192 1210
1193 1193
1193 1194
1193 1210
1193 1211
1194 1194
1194 1195
1194 1211
1194 1212
1195 1195
1195 1196
1195 1212
1195 1213
1196 1196
1196 1197
1196 1213
1196 1214
1197 1197
1197 1198
1197 1214
1197 1215
1198 1198
1198 1199
1198 1215
1198 1216
1199 1199
1199 1200
1199 1216
1199 1217
1200 1200
1200 1201
1200 1217
1200 1218
1201 1201
1201 1202
1201 1218
1201 1219
1202 1202
1202 1203
1202 1219
1202 1220
1203 1203
1203 1204
1203 1220
1203 1221
1204 1204
1204 1205
1204 1221
1204 1222
1205 1205
1205 1206
1205 1222
1205 1223
1206 1206
1206 1223
1206 1207
1206 1224
1207 1207
1207 1885
1207 1224
1207 1887
1208 1208
1208 1210
1208 1225
1208 1209
1208 1226
1209 2038
1209 1209
1209 2042
1209 1226
1210 1210
1210 1211
1210 1225
1210 1227
1211 1211
1211 1212
1211 1227
1211 1228
1212 1212
1212 1213
1212 1228
1212 1229
1213 1213
1213 1214
1213 1229
1213 1230
1214 1214
1214 1215
1214 1230
1214 1231
1215 1215
1215 1216
1215 1231
1215 1232
1216 1216
1216 1217
1216 1232
1216 1233
1217 1217
1217 1218
1217 1233
1217 1234
1218 1218
1218 1219
1218 1234
1218 1235
1219 1219
1219 1220
1219 1235
1219 1236
1220 1220
1220 1221
1220 1236
1220 1237
1221 1221
1221 1222
1221 1237
1221 1238
1222 1222
1222 1223
1222 1238
1222 1239
1223 1223
1223 1239
1223 1224
1223 1240
1224 1224
1224 1887
1224 1240
1224 1890
1225 1225
1225 1227
1225 1241
1225 1226
1225 1242
1226 2042
1226 1226
1226 2047
1226 1242
1227 1227
1227 1228
1227 1241
1227 1243
1228 1228
1228 1229
1228 1243
1228 1244
1229 1229
1229 1230
1229 1244
1229 1245
1230 1230
1230 1231
1230 1245
1230 1246
1231 1231
1231 1232
1231 1246
1231 1247
1232 1232
1232 1233
1232 1247
1232 1248
1233 1233
1233 1234
1233 1248
1233 1249
1234 1234
1234 1235
1234 1249
1234 1250
1235 1235
1235 1236
1235 1250
1235 1251
1236 1236
1236 1237
1236 1251
1236 1252
1237 1237
1237 1238
1237 1252
1237 1253
1238 1238
1238 1239
1238 1253
1238 1254
1239 1239
1239 1254
1239 1240
1239 1255
1240 1240
1240 1890
1240 1255
1240 1894
1241 1241
1241 1243
1241 1256
1241 1242
1241 1257
1242 2047
1242 1242
1242 2053
1242 1257
1243 1243
1243 1244
1243 1256
1243 1258
1244 1244
1244 1245
1244 1258
1244 1259
1245 1245
1245 1246
1245 1259
1245 1260
1246 1246
1246 1247
1246 1260
1246 1261
1247 1247
1247 1248
1247 1261
1247 1262
1248 1248
1248 1249
1248 1262
1248 1263
1249 1249
1249 1250
1249 1263
1249 1264
1250 1250
1250 1251
1250 1264
1250 1265
1251 1251
1251 1252
1251 1265
1251 1266
1252 1252
1252 1253
1252 1266
1252 1267
1253 1253
1253 1254
1253 1267
1253 1268
1254 1254
1254 1268
1254 1255
1254 1269
1255 1255
1255 1894
1255 1269
1255 1899
1256 1256
1256 1258
1256 1270
1256 1257
1256 1271
1257 2053
1257 1257
1257 2060
1257 1271
1258 1258
1258 1259
1258 1270
1258 1272
1259 1259
1259 1260
1259 1272
1259 1273
1260 1260
1260 1261
1260 1273
1260 1274
1261 1261
1261 1262
1261 1274
1261 1275
1262 1262
1262 1263
1262 1275
1262 1276
1263 1263
1263 1264
1263 1276
1263 1277
1264 1264
1264 1265
1264 1277
1264 1278
1265 1265
1265 1266
1265 1278
1265 1279
1266 1266
1266 1267
1266 1279
1266 1280
1267 1267
1267 1268
1267 1280
1267 1281
1268 1268
1268 1281
1268 1269
1268 1282
1269 1269
1269 1899
1269 1282
1269 1905
1270 1270
1270 1272
1270 1283
1270 1271
1270 1284
1271 2060
1271 1271
1271 2068
1271 1284
1272 1272
1272 1273
1272 1283
1272 1285
1273 1273
1273 1274
1273 1285
1273 1286
1274 1274
1274 1275
1274 1286
1274 1287
1275 1275
1275 1276
1275 1287
1275 1288
1276 1276
1276 1277
1276 1288
1276 1289
1277 1277
1277 1278
1277 1289
1277 1290
1278 1278
1278 1279
1278 1290
1278 1291
1279 1279
1279 1280
1279 1291
1279 1292
1280 1280
1280 1281
1280 1292
1280 1293
1281 1281
1281 1293
1281 1282
1281 1294
1282 1282
1282 1905
1282 1294
1282 1912
1283 1283
1283 1285
1283 1284
1283 1295
1284 2068
1284 1284
1284 1295
1285 1285
1285 1286
1285 1295
1286 1286
1286 1287
1286 1295
1287 1287
1287 1288
1287 1295
1288 1288
1288 1289
1288 1295
1289 1289
1289 1290
1289 1295
1290 1290
1290 1291
1290 1295
1291 1291
1291 1292
1291 1296
1291 1297
1291 1295
1292 1292
1292 1293
1292 1296
1293 1293
1293 1294
1293 1296
1294 1294
1294 1912
1294 1296
1295 2065
1295 2066
1295 2067
1295 2068
1295 1296
1295 1297
1295 1295
1295 2091
1295 2123
1295 2124
1296 1430
1296 1912
1296 1913
1296 1914
1296 1915
1296 1916
1296 1917
1296 1918
1296 1919
1296 1431
1296 1443
1296 1444
1296 2079
1296 1296
1296 1297
1297 1444
1297 2079
1297 2081
1297 1297
1297 2086
1297 2091
1298 1298
1298 1300
1298 1318
1298 1299
1298 1319
1299 1299
1299 1884
1299 1319
1300 1300
1300 1301
1300 1318
1300 1320
1301 1301
1301 1302
1301 1320
1301 1321
1302 1302
1302 1303
1302 1321
1302 1322
1303 1303
1303 1304
1303 1322
1303 1323
1304 1304
1304 1305
1304 1323
1304 1324
1305 1305
1305 1306
1305 1324
1305 1325
1306 1306
1306 1307
1306 1325
1306 1326
1307 1307
1307 1308
1307 1326
1307 1327
1308 1308
1308 1309
1308 1327
1308 1328
1309 1309
1309 1310
1309 1328
1309 1329
1310 1310
1310 1311
1310 1329
1310 1330
1311 1311
1311 1312
1311 1330
1311 1331
1312 1312
1312 1313
1312 1331
1312 1332
1313 1313
1313 1314
1313 1332
1313 1333
1314 1314
1314 1315
1314 1333
1314 1334
1315 1315
1315 1316
1315 1334
1315 1335
1316 1316
1316 1335
1316 1317
1316 1336
1317 1317
1317 1447
1317 1336
1317 1920
1318 1318
1318 1320
1318 1337
1318 1319
1318 1338
1319 1884
1319 1319
1319 1886
1319 1338
1320 1320
1320 1321
1320 1337
1320 1339
1321 1321
1321 1322
1321 1339
1321 1340
1322 1322
1322 1323
1322 1340
1322 1341
1323 1323
1323 1324
1323 1341
1323 1342
1324 1324
1324 1325
1324 1342
1324 1343
1325 1325
1325 1326
1325 1343
1325 1344
1326 1326
1326 1327
1326 1344
1326 1345
1327 1327
1327 1328
1327 1345
1327 1346
1328 1328
1328 1329
1328 1346
1328 1347
1329 1329
1329 1330
1329 1347
1329 1348
1330 1330
1330 1331
1330 1348
1330 1349
1331 1331
1331 1332
1331 1349
1331 1350
1332 1332
1332 1333
1332 1350
1332 1351
1333 1333
1333 1334
1333 1351
1333 1352
1334 1334
1334 1335
1334 1352
1334 1353
1335 1335
1335 1353
1335 1336
1335 1354
1336 1336
1336 1920
1336 1354
1336 1921
1337 1337
1337 1339
1337 1355
1337 1338
1337 1356
1338 1886
1338 1338
1338 1889
1338 1356
1339 1339
1339 1340
1339 1355
1339 1357
1340 1340
1340 1341
1340 1357
1340 1358
1341 1341
1341 1342
1341 1358
1341 1359
1342 1342
1342 1343
1342 1359
1342 1360
1343 1343
1343 1344
1343 1360
1343 1361
1344 1344
1344 1345
1344 1361
1344 1362
1345 1345
1345 1346
1345 1362
1345 1363
1346 1346
1346 1347
1346 1363
1346 1364
1347 1347
1347 1348
1347 1364
1347 1365
1348 1348
1348 1349
1348 1365
1348 1366
1349 1349
1349 1350
1349 1366
1349 1367
1350 1350
1350 1351
1350 1367
1350 1368
1351 1351
1351 1352
1351 1368
1351 1369
1352 1352
1352 1353
1352 1369
1352 1370
1353 1353
1353 1370
1353 1354
1353 1371
1354 1354
1354 1921
1354 1371
1354 1923
1355 1355
1355 1357
1355 1372
1355 1356
1355 1373
1356 1889
1356 1356
1356 1893
1356 1373
1357 1357
1357 1358
1357 1372
1357 1374
1358 1358
1358 1359
1358 1374
1358 1375
1359 1359
1359 1360
1359 1375
1359 1376
1360 1360
1360 1361
1360 1376
1360 1377
1361 1361
1361 1362
1361 1377
1361 1378
1362 1362
1362 1363
1362 1378
1362 1379
1363 1363
1363 1364
1363 1379
1363 1380
1364 1364
1364 1365
1364 1380
1364 1381
1365 1365
1365 1366
1365 1381
1365 1382
1366 1366
1366 1367
1366 1382
1366 1383
1367 1367
1367 1368
1367 1383
1367 1384
1368 1368
1368 1369
1368 1384
1368 1385
1369 1369
1369 1370
1369 1385
1369 1386
1370 1370
1370 1386
1370 1371
1370 1387
1371 1371
1371 1923
1371 1387
1371 1926
1372 1372
1372 1374
1372 1388
1372 1373
1372 1389
1373 1893
1373 1373
1373 1898
1373 1389
1374 1374
1374 1375
1374 1388
1374 1390
1375 1375
1375 1376
1375 1390
1375 1391
1376 1376
1376 1377
1376 1391
1376 1392
1377 1377
1377 1378
1377 1392
1377 1393
1378 1378
1378 1379
1378 1393
1378 1394
1379 1379
1379 1380
1379 1394
1379 1395
1380 1380
1380 1381
1380 1395
1380 1396
1381 1381
1381 1382
1381 1396
1381 1397
1382 1382
1382 1383
1382 1397
1382 1398
1383 1383
1383 1384
1383 1398
1383 1399
1384 1384
1384 1385
1384 1399
1384 1400
1385 1385
1385 1386
1385 1400
1385 1401
1386 1386
1386 1401
1386 1387
1386 1402
1387 1387
1387 1926
1387 1402
1387 1930
1388 1388
1388 1390
1388 1403
1388 1389
1388 1404
1389 1898
1389 1389
1389 1904
1389 1404
1390 1390
1390 1391
1390 1403
1390 1405
1391 1391
1391 1392
1391 1405
1391 1406
1392 1392
1392 1393
1392 1406
1392 1407
1393 1393
1393 1394
1393 1407
1393 1408
1394 1394
1394 1395
1394 1408
1394 1409
1395 1395
1395 1396
1395 1409
1395 1410
1396 1396
1396 1397
1396 1410
1396 1411
1397 1397
1397 1398
1397 1411
1397 1412
1398 1398
1398 1399
1398 1412
1398 1413
1399 1399
1399 1400
1399 1413
1399 1414
1400 1400
1400 1401
1400 1414
1400 1415
1401 1401
1401 1415
1401 1402
1401 1416
1402 1402
1402 1930
1402 1416
1402 1935
1403 1403
1403 1405
1403 1417
1403 1404
1403 1418
1404 1904
1404 1404
1404 1911
1404 1418
1405 1405
1405 1406
1405 1417
1405 1419
1406 1406
1406 1407
1406 1419
1406 1420
1407 1407
1407 1408
1407 1420
1407 1421
1408 1408
1408 1409
1408 1421
1408 1422
1409 1409
1409 1410
1409 1422
1409 1423
1410 1410
1410 1411
1410 1423
1410 1424
1411 1411
1411 1412
1411 1424
1411 1425
1412 1412
1412 1413
1412 1425
1412 1426
1413 1413
1413 1414
1413 1426
1413 1427
1414 1414
1414 1415
1414 1427
1414 1428
1415 1415
1415 1428
1415 1416
1415 1429
1416 1416
1416 1935
1416 1429
1416 1941
1417 1417
1417 1419
1417 1430
1417 1418
1417 1431
1418 1911
1418 1418
1418 1919
1418 1431
1419 1419
1419 1420
1419 1430
1419 1432
1420 1420
1420 1421
1420 1432
1420 1433
1421 1421
1421 1422
1421 1433
1421 1434
1422 1422
1422 1423
1422 1434
1422 1435
1423 1423
1423 1424
1423 1435
1423 1436
1424 1424
1424 1425
1424 1436
1424 1437
1425 1425
1425 1426
1425 1437
1425 1438
1426 1426
1426 1427
1426 1438
1426 1439
1427 1427
1427 1428
1427 1439
1427 1440
1428 1428
1428 1440
1428 1429
1428 1441
1429 1429
1429 1941
1429 1441
1429 1948
1430 1430
1430 1432
1430 1431
1430 1442
1430 1443
1430 1444
1430 1445
1431 1919
1431 1431
1432 1432
1432 1433
1432 1445
1433 1433
1433 1434
1433 1445
1434 1434
1434 1435
1434 1445
1435 1435
1435 1436
1435 1445
1436 1436
1436 1437
1436 1445
1437 1437
1437 1438
1437 1445
1438 1438
1438 1439
1438 1445
1439 1439
1439 1440
1439 1445
1440 1440
1440 1441
1440 1445
1441 1441
1441 1948
1441 1445
1442 2073
1442 2075
1442 2076
1442 2074
1442 1442
1442 1443
1442 1956
1442 1445
1443 2075
1443 2076
1443 2077
1443 1443
1443 1444
1443 1445
1444 2076
1444 2077
1444 2078
1444 1444
1444 2079
1445 1948
1445 1949
1445 1950
1445 2074
1445 1956
1445 1445
1445 1590
1446 1446
1446 1448
1446 1466
1446 1447
1446 1467
1447 1447
1447 1920
1447 1467
1448 1448
1448 1449
1448 1466
1448 1468
1449 1449
1449 1450
1449 1468
1449 1469
1450 1450
1450 1451
1450 1469
1450 1470
1451 1451
1451 1452
1451 1470
1451 1471
1452 1452
1452 1453
1452 1471
1452 1472
1453 1453
1453 1454
1453 1472
1453 1473
1454 1454
1454 1455
1454 1473
1454 1474
1455 1455
1455 1456
1455 1474
1455 1475
1456 1456
1456 1457
1456 1475
1456 1476
1457 1457
1457 1458
1457 1476
1457 1477
1458 1458
1458 1459
1458 1477
1458 1478
1459 1459
1459 1460
1459 1478
1459 1479
1460 1460
1460 1461
1460 1479
1460 1480
1461 1461
1461 1462
1461 1480
1461 1481
1462 1462
1462 1463
1462 1481
1462 1482
1463 1463
1463 1464
1463 1482
1463 1483
1464 1464
1464 1483
1464 1465
1464 1484
1465 1465
1465 1593
1465 1484
1465 1957
1466 1466
1466 1468
1466 1485
1466 1467
1466 1486
1467 1920
1467 1467
1467 1922
1467 1486
1468 1468
1468 1469
1468 1485
1468 1487
1469 1469
1469 1470
1469 1487
1469 1488
1470 1470
1470 1471
1470 1488
1470 1489
1471 1471
1471 1472
1471 1489
1471 1490
1472 1472
1472 1473
1472 1490
1472 1491
1473 1473
1473 1474
1473 1491
1473 1492
1474 1474
1474 1475
1474 1492
1474 1493
1475 1475
1475 1476
1475 1493
1475 1494
1476 1476
1476 1477
1476 1494
1476 1495
1477 1477
1477 1478
1477 1495
1477 1496
1478 1478
1478 1479
1478 1496
1478 1497
1479 1479
1479 1480
1479 1497
1479 1498
1480 1480
1480 1481
1480 1498
1480 1499
1481 1481
1481 1482
1481 1499
1481 1500
1482 1482
1482 1483
1482 1500
1482 1501
1483 1483
1483 1501
1483 1484
1483 1502
1484 1484
1484 1957
1484 1502
1484 1958
1485 1485
1485 1487
1485 1503
1485 1486
1485 1504
1486 1922
1486 1486
1486 1925
1486 1504
1487 1487
1487 1488
1487 1503
1487 1505
1488 1488
1488 1489
1488 1505
1488 1506
1489 1489
1489 1490
1489 1506
1489 1507
1490 1490
1490 1491
1490 1507
1490 1508
1491 1491
1491 1492
1491 1508
1491 1509
1492 1492
1492 1493
1492 1509
1492 1510
1493 1493
1493 1494
1493 1510
1493 1511
1494 1494
1494 1495
1494 1511
1494 1512
1495 1495
1495 1496
1495 1512
1495 1513
1496 1496
1496 1497
1496 1513
1496 1514
1497 1497
1497 1498
1497 1514
1497 1515
1498 1498
1498 1499
1498 1515
1498 1516
1499 1499
1499 1500
1499 1516
1499 1517
1500 1500
1500 1501
1500 1517
1500 1518
1501 1501
1501 1518
1501 1502
1501 1519
1502 1502
1502 1958
1502 1519
1502 1960
1503 1503
1503 1505
1503 1520
1503 1504
1503 1521
1504 1925
1504 1504
1504 1929
1504 1521
1505 1505
1505 1506
1505 1520
1505 1522
1506 1506
1506 1507
1506 1522
1506 1523
1507 1507
1507 1508
1507 1523
1507 1524
1508 1508
1508 1509
1508 1524
1508 1525
1509 1509
1509 1510
1509 1525
1509 1526
1510 1510
1510 1511
1510 1526
1510 1527
1511 1511
1511 1512
1511 1527
1511 1528
1512 1512
1512 1513
1512 1528
1512 1529
1513 1513
1513 1514
1513 1529
1513 1530
1514 1514
1514 1515
1514 1530
1514 1531
1515 1515
1515 1516
1515 1531
1515 1532
1516 1516
1516 1517
1516 1532
1516 1533
1517 1517
1517 1518
1517 1533
1517 1534
1518 1518
1518 1534
1518 1519
1518 1535
1519 1519
1519 1960
1519 1535
1519 1963
1520 1520
1520 1522
1520 1536
1520 1521
1520 1537
1521 1929
1521 1521
1521 1934
1521 1537
1522 1522
1522 1523
1522 1536
1522 1538
1523 1523
1523 1524
1523 1538
1523 1539
1524 1524
1524 1525
1524 1539
1524 1540
1525 1525
1525 1526
1525 1540
1525 1541
1526 1526
1526 1527
1526 1541
1526 1542
1527 1527
1527 1528
1527 1542
1527 1543
1528 1528
1528 1529
1528 1543
1528 1544
1529 1529
1529 1530
1529 1544
1529 1545
1530 1530
1530 1531
1530 1545
1530 1546
1531 1531
1531 1532
1531 1546
1531 1547
1532 1532
1532 1533
1532 1547
1532 1548
1533 1533
1533 1534
1533 1548
1533 1549
1534 1534
1534 1549
1534 1535
1534 1550
1535 1535
1535 1963
1535 1550
1535 1967
1536 1536
1536 1538
1536 1551
1536 1537
1536 1552
1537 1934
1537 1537
1537 1940
1537 1552
1538 1538
1538 1539
1538 1551
1538 1553
1539 1539
1539 1540
1539 1553
1539 1554
1540 1540
1540 1541
1540 1554
1540 1555
1541 1541
1541 1542
1541 1555
1541 1556
1542 1542
1542 1543
1542 1556
1542 1557
1543 1543
1543 1544
1543 1557
1543 1558
1544 1544
1544 1545
1544 1558
1544 1559
1545 1545
1545 1546
1545 1559
1545 1560
1546 1546
1546 1547
1546 1560
1546 1561
1547 1547
1547 1548
1547 1561
1547 1562
1548 1548
1548 1549
1548 1562
1548 1563
1549 1549
1549 1563
1549 1550
1549 1564
1550 1550
1550 1967
1550 1564
1550 1972
1551 1551
1551 1553
1551 1565
1551 1552
1551 1566
1552 1940
1552 1552
1552 1947
1552 1566
1553 1553
1553 1554
1553 1565
1553 1567
1554 1554
1554 1555
1554 1567
1554 1568
1555 1555
1555 1556
1555 1568
1555 1569
1556 1556
1556 1557
1556 1569
1556 1570
1557 1557
1557 1558
1557 1570
1557 1571
1558 1558
1558 1559
1558 1571
1558 1572
1559 1559
1559 1560
1559 1572
1559 1573
1560 1560
1560 1561
1560 1573
1560 1574
1561 1561
1561 1562
1561 1574
1561 1575
1562 1562
1562 1563
1562 1575
1562 1576
1563 1563
1563 1576
1563 1564
1563 1577
1564 1564
1564 1972
1564 1577
1564 1978
1565 1565
1565 1567
1565 1578
1565 1566
1565 1579
1566 1947
1566 1566
1566 1955
1566 1579
1567 1567
1567 1568
1567 1578
1567 1580
1568 1568
1568 1569
1568 1580
1568 1581
1569 1569
1569 1570
1569 1581
1569 1582
1570 1570
1570 1571
1570 1582
1570 1583
1571 1571
1571 1572
1571 1583
1571 1584
1572 1572
1572 1573
1572 1584
1572 1585
1573 1573
1573 1574
1573 1585
1573 1586
1574 1574
1574 1575
1574 1586
1574 1587
1575 1575
1575 1576
1575 1587
1575 1588
1576 1576
1576 1588
1576 1577
1576 1589
1577 1577
1577 1978
1577 1589
1577 1985
1578 1578
1578 1580
1578 1579
1578 1590
1579 1955
1579 1579
1579 1590
1580 1580
1580 1581
1580 1590
1581 1581
1581 1582
1581 1590
1582 1582
1582 1583
1582 1590
1583 1583
1583 1584
1583 1590
1584 1584
1584 1585
1584 1590
1584 1591
1585 1585
1585 1586
1585 1591
1586 1586
1586 1587
1586 1591
1587 1587
1587 1588
1587 1591
1588 1588
1588 1589
1588 1591
1589 1589
1589 1985
1589 1591
1590 1950
1590 1951
1590 1952
1590 1953
1590 1954
1590 1955
1590 1956
1590 2089
1590 1590
1590 2118
1590 2119
1591 1985
1591 1986
1591 1987
1591 1988
1591 1989
1591 1990
1591 1991
1591 1993
1591 1736
1591 2118
1591 2119
1591 2098
1591 1591
1592 1592
1592 1594
1592 1612
1592 1593
1592 1613
1593 1593
1593 1957
1593 1613
1594 1594
1594 1595
1594 1612
1594 1614
1595 1595
1595 1596
1595 1614
1595 1615
1596 1596
1596 1597
1596 1615
1596 1616
1597 1597
1597 1598
1597 1616
1597 1617
1598 1598
1598 1599
1598 1617
1598 1618
1599 1599
1599 1600
1599 1618
1599 1619
1600 1600
1600 1601
1600 1619
1600 1620
1601 1601
1601 1602
1601 1620
1601 1621
1602 1602
1602 1603
1602 1621
1602 1622
1603 1603
1603 1604
1603 1622
1603 1623
1604 1604
1604 1605
1604 1623
1604 1624
1605 1605
1605 1606
1605 1624
1605 1625
1606 1606
1606 1607
1606 1625
1606 1626
1607 1607
1607 1608
1607 1626
1607 1627
1608 1608
1608 1609
1608 1627
1608 1628
1609 1609
1609 1610
1609 1628
1609 1629
1610 1610
1610 1629
1610 1611
1610 1630
1611 1611
1611 1738
1611 1630
1611 1994
1612 1612
1612 1614
1612 1631
1612 1613
1612 1632
1613 1957
1613 1613
1613 1959
1613 1632
1614 1614
1614 1615
1614 1631
1614 1633
1615 1615
1615 1616
1615 1633
1615 1634
1616 1616
1616 1617
1616 1634
1616 1635
1617 1617
1617 1618
1617 1635
1617 1636
1618 1618
1618 1619
1618 1636
1618 1637
1619 1619
1619 1620
1619 1637
1619 1638
1620 1620
1620 1621
1620 1638
1620 1639
1621 1621
1621 1622
1621 1639
1621 1640
1622 1622
1622 1623
1622 1640
1622 1641
1623 1623
1623 1624
1623 1641
1623 1642
1624 1624
1624 1625
1624 1642
1624 1643
1625 1625
1625 1626
1625 1643
1625 1644
1626 1626
1626 1627
1626 1644
1626 1645
1627 1627
1627 1628
1627 1645
1627 1646
1628 1628
1628 1629
1628 1646
1628 1647
1629 1629
1629 1647
1629 1630
1629 1648
1630 1630
1630 1994
1630 1648
1630 1995
1631 1631
1631 1633
1631 1649
1631 1632
1631 1650
1632 1959
1632 1632
1632 1962
1632 1650
1633 1633
1633 1634
1633 1649
1633 1651
1634 1634
1634 1635
1634 1651
1634 1652
1635 1635
1635 1636
1635 1652
1635 1653
1636 1636
1636 1637
1636 1653
1636 1654
1637 1637
1637 1638
1637 1654
1637 1655
1638 1638
1638 1639
1638 1655
1638 1656
1639 1639
1639 1640
1639 1656
1639 1657
1640 1640
1640 1641
1640 1657
1640 1658
1641 1641
1641 1642
1641 1658
1641 1659
1642 1642
1642 1643
1642 1659
1642 1660
1643 1643
1643 1644
1643 1660
1643 1661
1644 1644
1644 1645
1644 1661
1644 1662
1645 1645
1645 1646
1645 1662
1645 1663
1646 1646
1646 1647
1646 1663
1646 1664
1647 1647
1647 1664
1647 1648
1647 1665
1648 1648
1648 1995
1648 1665
1648 1997
1649 1649
1649 1651
1649 1666
1649 1650
1649 1667
1650 1962
1650 1650
1650 1966
1650 1667
1651 1651
1651 1652
1651 1666
1651 1668
1652 1652
1652 1653
1652 1668
1652 1669
1653 1653
1653 1654
1653 1669
1653 1670
1654 1654
1654 1655
1654 1670
1654 1671
1655 1655
1655 1656
1655 1671
1655 1672
1656 1656
1656 1657
1656 1672
1656 1673
1657 1657
1657 1658
1657 1673
1657 1674
1658 1658
1658 1659
1658 1674
1658 1675
1659 1659
1659 1660
1659 1675
1659 1676
1660 1660
1660 1661
1660 1676
1660 1677
1661 1661
1661 1662
1661 1677
1661 1678
1662 1662
1662 1663
1662 1678
1662 1679
1663 1663
1663 1664
1663 1679
1663 1680
1664 1664
1664 1680
1664 1665
1664 1681
1665 1665
1665 1997
1665 1681
1665 2000
1666 1666
1666 1668
1666 1682
1666 1667
1666 1683
1667 1966
1667 1667
1667 1971
1667 1683
1668 1668
1668 1669
1668 1682
1668 1684
1669 1669
1669 1670
1669 1684
1669 1685
1670 1670
1670 1671
1670 1685
1670 1686
1671 1671
1671 1672
1671 1686
1671 1687
1672 1672
1672 1673
1672 1687
1672 1688
1673 1673
1673 1674
1673 1688
1673 1689
1674 1674
1674 1675
1674 1689
1674 1690
1675 1675
1675 1676
1675 1690
1675 1691
1676 1676
1676 1677
1676 1691
1676 1692
1677 1677
1677 1678
1677 1692
1677 1693
1678 1678
1678 1679
1678 1693
1678 1694
1679 1679
1679 1680
1679 1694
1679 1695
1680 1680
1680 1695
1680 1681
1680 1696
1681 1681
1681 2000
1681 1696
1681 2004
1682 1682
1682 1684
1682 1697
1682 1683
1682 1698
1683 1971
1683 1683
1683 1977
1683 1698
1684 1684
1684 1685
1684 1697
1684 1699
1685 1685
1685 1686
1685 1699
1685 1700
1686 1686
1686 1687
1686 1700
1686 1701
1687 1687
1687 1688
1687 1701
1687 1702
1688 1688
1688 1689
1688 1702
1688 1703
1689 1689
1689 1690
1689 1703
1689 1704
1690 1690
1690 1691
1690 1704
1690 1705
1691 1691
1691 1692
1691 1705
1691 1706
1692 1692
1692 1693
1692 1706
1692 1707
1693 1693
1693 1694
1693 1707
1693 1708
1694 1694
1694 1695
1694 1708
1694 1709
1695 1695
1695 1709
1695 1696
1695 1710
1696 1696
1696 2004
1696 1710
1696 2009
1697 1697
1697 1699
1697 1711
1697 1698
1697 1712
1698 1977
1698 1698
1698 1984
1698 1712
1699 1699
1699 1700
1699 1711
1699 1713
1700 1700
1700 1701
1700 1713
1700 1714
1701 1701
1701 1702
1701 1714
1701 1715
1702 1702
1702 1703
1702 1715
1702 1716
1703 1703
1703 1704
1703 1716
1703 1717
1704 1704
1704 1705
1704 1717
1704 1718
1705 1705
1705 1706
1705 1718
1705 1719
1706 1706
1706 1707
1706 1719
1706 1720
1707 1707
1707 1708
1707 1720
1707 1721
1708 1708
1708 1709
1708 1721
1708 1722
1709 1709
1709 1722
1709 1710
1709 1723
1710 1710
1710 2009
1710 1723
1710 2015
1711 1711
1711 1713
1711 1724
1711 1712
1711 1725
1712 1984
1712 1712
1712 1992
1712 1725
1713 1713
1713 1714
1713 1724
1713 1726
1714 1714
1714 1715
1714 1726
1714 1727
1715 1715
1715 1716
1715 1727
1715 1728
1716 1716
1716 1717
1716 1728
1716 1729
1717 1717
1717 1718
1717 1729
1717 1730
1718 1718
1718 1719
1718 1730
1718 1731
1719 1719
1719 1720
1719 1731
1719 1732
1720 1720
1720 1721
1720 1732
1720 1733
1721 1721
1721 1722
1721 1733
1721 1734
1722 1722
1722 1734
1722 1723
1722 1735
1723 1723
1723 2015
1723 1735
1723 2022
1724 1724
1724 1726
1724 1725
1724 1736
1725 1992
1725 1725
1725 1736
1726 1726
1726 1727
1726 1736
1727 1727
1727 1728
1727 1736
1728 1728
1728 1729
1728 1736
1729 1729
1729 1730
1729 1736
1730 1730
1730 1731
1730 1736
1731 1731
1731 1732
1731 1736
1732 1732
1732 1733
1732 1736
1733 1733
1733 1734
1733 1736
1734 1734
1734 1735
1734 1736
1735 1735
1735 2022
1735 1736
1735 1881
1735 2030
1735 2031
1735 2032
1736 1991
1736 1992
1736 1993
1736 1736
1736 2099
1736 2030
1736 2031
1737 1737
1737 1739
1737 1757
1737 1738
1737 1758
1738 1738
1738 1994
1738 1758
1739 1739
1739 1740
1739 1757
1739 1759
1740 1740
1740 1741
1740 1759
1740 1760
1741 1741
1741 1742
1741 1760
1741 1761
1742 1742
1742 1743
1742 1761
1742 1762
1743 1743
1743 1744
1743 1762
1743 1763
1744 1744
1744 1745
1744 1763
1744 1764
1745 1745
1745 1746
1745 1764
1745 1765
1746 1746
1746 1747
1746 1765
1746 1766
1747 1747
1747 1748
1747 1766
1747 1767
1748 1748
1748 1749
1748 1767
1748 1768
1749 1749
1749 1750
1749 1768
1749 1769
1750 1750
1750 1751
1750 1769
1750 1770
1751 1751
1751 1752
1751 1770
1751 1771
1752 1752
1752 1753
1752 1771
1752 1772
1753 1753
1753 1754
1753 1772
1753 1773
1754 1754
1754 1755
1754 1773
1754 1774
1755 1755
1755 1774
1755 1756
1755 1775
1756 1756
1756 1775
1756 2033
1757 1757
1757 1759
1757 1776
1757 1758
1757 1777
1758 1994
1758 1758
1758 1996
1758 1777
1759 1759
1759 1760
1759 1776
1759 1778
1760 1760
1760 1761
1760 1778
1760 1779
1761 1761
1761 1762
1761 1779
1761 1780
1762 1762
1762 1763
1762 1780
1762 1781
1763 1763
1763 1764
1763 1781
1763 1782
1764 1764
1764 1765
1764 1782
1764 1783
1765 1765
1765 1766
1765 1783
1765 1784
1766 1766
1766 1767
1766 1784
1766 1785
1767 1767
1767 1768
1767 1785
1767 1786
1768 1768
1768 1769
1768 1786
1768 1787
1769 1769
1769 1770
1769 1787
1769 1788
1770 1770
1770 1771
1770 1788
1770 1789
1771 1771
1771 1772
1771 1789
1771 1790
1772 1772
1772 1773
1772 1790
1772 1791
1773 1773
1773 1774
1773 1791
1773 1792
1774 1774
1774 1792
1774 1775
1774 1793
1775 1775
1775 2033
1775 1793
1775 2034
1776 1776
1776 1778
1776 1794
1776 1777
1776 1795
1777 1996
1777 1777
1777 1999
1777 1795
1778 1778
1778 1779
1778 1794
1778 1796
1779 1779
1779 1780
1779 1796
1779 1797
1780 1780
1780 1781
1780 1797
1780 1798
1781 1781
1781 1782
1781 1798
1781 1799
1782 1782
1782 1783
1782 1799
1782 1800
1783 1783
1783 1784
1783 1800
1783 1801
1784 1784
1784 1785
1784 1801
1784 1802
1785 1785
1785 1786
1785 1802
1785 1803
1786 1786
1786 1787
1786 1803
1786 1804
1787 1787
1787 1788
1787 1804
1787 1805
1788 1788
1788 1789
1788 1805
1788 1806
1789 1789
1789 1790
1789 1806
1789 1807
1790 1790
1790 1791
1790 1807
1790 1808
1791 1791
1791 1792
1791 1808
1791 1809
1792 1792
1792 1809
1792 1793
1792 1810
1793 1793
1793 2034
1793 1810
1793 2036
1794 1794
1794 1796
1794 1811
1794 1795
1794 1812
1795 1999
1795 1795
1795 2003
1795 1812
1796 1796
1796 1797
1796 1811
1796 1813
1797 1797
1797 1798
1797 1813
1797 1814
1798 1798
1798 1799
1798 1814
1798 1815
1799 1799
1799 1800
1799 1815
1799 1816
1800 1800
1800 1801
1800 1816
1800 1817
1801 1801
1801 1802
1801 1817
1801 1818
1802 1802
1802 1803
1802 1818
1802 1819
1803 1803
1803 1804
1803 1819
1803 1820
1804 1804
1804 1805
1804 1820
1804 1821
1805 1805
1805 1806
1805 1821
1805 1822
1806 1806
1806 1807
1806 1822
1806 1823
1807 1807
1807 1808
1807 1823
1807 1824
1808 1808
1808 1809
1808 1824
1808 1825
1809 1809
1809 1825
1809 1810
1809 1826
1810 1810
1810 2036
1810 1826
1810 2039
1811 1811
1811 1813
1811 1827
1811 1812
1811 1828
1812 2003
1812 1812
1812 2008
1812 1828
1813 1813
1813 1814
1813 1827
1813 1829
1814 1814
1814 1815
1814 1829
1814 1830
1815 1815
1815 1816
1815 1830
1815 1831
1816 1816
1816 1817
1816 1831
1816 1832
1817 1817
1817 1818
1817 1832
1817 1833
1818 1818
1818 1819
1818 1833
1818 1834
1819 1819
1819 1820
1819 1834
1819 1835
1820 1820
1820 1821
1820 1835
1820 1836
1821 1821
1821 1822
1821 1836
1821 1837
1822 1822
1822 1823
1822 1837
1822 1838
1823 1823
1823 1824
1823 1838
1823 1839
1824 1824
1824 1825
1824 1839
1824 1840
1825 1825
1825 1840
1825 1826
1825 1841
1826 1826
1826 2039
1826 1841
1826 2043
1827 1827
1827 1829
1827 1842
1827 1828
1827 1843
1828 2008
1828 1828
1828 2014
1828 1843
1829 1829
1829 1830
1829 1842
1829 1844
1830 1830
1830 1831
1830 1844
1830 1845
1831 1831
1831 1832
1831 1845
1831 1846
1832 1832
1832 1833
1832 1846
1832 1847
1833 1833
1833 1834
1833 1847
1833 1848
1834 1834
1834 1835
1834 1848
1834 1849
1835 1835
1835 1836
1835 1849
1835 1850
1836 1836
1836 1837
1836 1850
1836 1851
1837 1837
1837 1838
1837 1851
1837 1852
1838 1838
1838 1839
1838 1852
1838 1853
1839 1839
1839 1840
1839 1853
1839 1854
1840 1840
1840 1854
1840 1841
1840 1855
1841 1841
1841 2043
1841 1855
1841 2048
1842 1842
1842 1844
1842 1856
1842 1843
1842 1857
1843 2014
1843 1843
1843 2021
1843 1857
1844 1844
1844 1845
1844 1856
1844 1858
1845 1845
1845 1846
1845 1858
1845 1859
1846 1846
1846 1847
1846 1859
1846 1860
1847 1847
1847 1848
1847 1860
1847 1861
1848 1848
1848 1849
1848 1861
1848 1862
1849 1849
1849 1850
1849 1862
1849 1863
1850 1850
1850 1851
1850 1863
1850 1864
1851 1851
1851 1852
1851 1864
1851 1865
1852 1852
1852 1853
1852 1865
1852 1866
1853 1853
1853 1854
1853 1866
1853 1867
1854 1854
1854 1867
1854 1855
1854 1868
1855 1855
1855 2048
1855 1868
1855 2054
1856 1856
1856 1858
1856 1869
1856 1857
1856 1870
1857 2021
1857 1857
1857 2029
1857 1870
1858 1858
1858 1859
1858 1869
1858 1871
1859 1859
1859 1860
1859 1871
1859 1872
1860 1860
1860 1861
1860 1872
1860 1873
1861 1861
1861 1862
1861 1873
1861 1874
1862 1862
1862 1863
1862 1874
1862 1875
1863 1863
1863 1864
1863 1875
1863 1876
1864 1864
1864 1865
1864 1876
1864 1877
1865 1865
1865 1866
1865 1877
1865 1878
1866 1866
1866 1867
1866 1878
1866 1879
1867 1867
1867 1879
1867 1868
1867 1880
1868 1868
1868 2054
1868 1880
1868 2061
1869 1869
1869 1871
1869 1870
1869 1881
1870 2029
1870 1870
1870 1881
1871 1871
1871 1872
1871 1881
1872 1872
1872 1873
1872 1881
1873 1873
1873 1874
1873 1881
1873 1882
1873 1883
1874 1874
1874 1875
1874 1883
1875 1875
1875 1876
1875 1883
1876 1876
1876 1877
1876 1883
1877 1877
1877 1878
1877 1883
1878 1878
1878 1879
1878 1883
1879 1879
1879 1880
1879 1883
1880 1880
1880 2061
1880 1883
1881 2022
1881 2023
1881 2024
1881 2025
1881 2026
1881 2027
1881 2028
1881 2029
1881 1881
1881 1882
1881 2031
1881 2032
1881 2101
1881 1883
1882 1882
1882 2102
1882 2032
1882 2101
1882 2103
1882 1883
1882 2104
1883 2061
1883 2062
1883 2063
1883 2064
1883 2065
1883 2123
1883 2124
1883 1883
1883 2104
1884 1884
1884 1885
1884 1886
1885 1885
1885 1886
1885 1887
1885 1888
1886 1886
1886 1888
1886 1889
1887 1887
1887 1888
1887 1890
1887 1891
1888 1888
1888 1889
1888 1891
1888 1892
1889 1889
1889 1892
1889 1893
1890 1890
1890 1891
1890 1894
1890 1895
1891 1891
1891 1892
1891 1895
1891 1896
1892 1892
1892 1893
1892 1896
1892 1897
1893 1893
1893 1897
1893 1898
1894 1894
1894 1895
1894 1899
1894 1900
1895 1895
1895 1896
1895 1900
1895 1901
1896 1896
1896 1897
1896 1901
1896 1902
1897 1897
1897 1898
1897 1902
1897 1903
1898 1898
1898 1903
1898 1904
1899 1899
1899 1900
1899 1905
1899 1906
1900 1900
1900 1901
1900 1906
1900 1907
1901 1901
1901 1902
1901 1907
1901 1908
1902 1902
1902 1903
1902 1908
1902 1909
1903 1903
1903 1904
1903 1909
1903 1910
1904 1904
1904 1910
1904 1911
1905 1905
1905 1906
1905 1912
1905 1913
1906 1906
1906 1907
1906 1913
1906 1914
1907 1907
1907 1908
1907 1914
1907 1915
1908 1908
1908 1909
1908 1915
1908 1916
1909 1909
1909 1910
1909 1916
1909 1917
1910 1910
1910 1911
1910 1917
1910 1918
1911 1911
1911 1918
1911 1919
1912 1912
1912 1913
1913 1913
1913 1914
1914 1914
1914 1915
1915 1915
1915 1916
1916 1916
1916 1917
1917 1917
1917 1918
1918 1918
1918 1919
1919 1919
1920 1920
1920 1921
1920 1922
1921 1921
1921 1922
1921 1923
1921 1924
1922 1922
1922 1924
1922 1925
1923 1923
1923 1924
1923 1926
1923 1927
1924 1924
1924 1925
1924 1927
1924 1928
1925 1925
1925 1928
1925 1929
1926 1926
1926 1927
1926 1930
1926 1931
1927 1927
1927 1928
1927 1931
1927 1932
1928 1928
1928 1929
1928 1932
1928 1933
1929 1929
1929 1933
1929 1934
1930 1930
1930 1931
1930 1935
1930 1936
1931 1931
1931 1932
1931 1936
1931 1937
1932 1932
1932 1933
1932 1937
1932 1938
1933 1933
1933 1934
1933 1938
1933 1939
1934 1934
1934 1939
1934 1940
1935 1935
1935 1936
1935 1941
1935 1942
1936 1936
1936 1937
1936 1942
1936 1943
1937 1937
1937 1938
1937 1943
1937 1944
1938 1938
1938 1939
1938 1944
1938 1945
1939 1939
1939 1940
1939 1945
1939 1946
1940 1940
1940 1946
1940 1947
1941 1941
1941 1942
1941 1948
1941 1949
1942 1942
1942 1943
1942 1949
1942 1950
1943 1943
1943 1944
1943 1950
1943 1951
1944 1944
1944 1945
1944 1951
1944 1952
1945 1945
1945 1946
1945 1952
1945 1953
1946 1946
1946 1947
1946 1953
1946 1954
1947 1947
1947 1954
1947 1955
1948 1948
1948 1949
1949 1949
1949 1950
1950 1950
1950 1951
1950 1956
1951 1951
1951 1952
1952 1952
1952 1953
1953 1953
1953 1954
1954 1954
1954 1955
1955 1955
1956 2072
1956 2074
1956 2085
1956 1956
1956 2089
1957 1957
1957 1958
1957 1959
1958 1958
1958 1959
1958 1960
1958 1961
1959 1959
1959 1961
1959 1962
1960 1960
1960 1961
1960 1963
1960 1964
1961 1961
1961 1962
1961 1964
1961 1965
1962 1962
1962 1965
1962 1966
1963 1963
1963 1964
1963 1967
1963 1968
1964 1964
1964 1965
1964 1968
1964 1969
1965 1965
1965 1966
1965 1969
1965 1970
1966 1966
1966 1970
1966 1971
1967 1967
1967 1968
1967 1972
1967 1973
1968 1968
1968 1969
1968 1973
1968 1974
1969 1969
1969 1970
1969 1974
1969 1975
1970 1970
1970 1971
1970 1975
1970 1976
1971 1971
1971 1976
1971 1977
1972 1972
1972 1973
1972 1978
1972 1979
1973 1973
1973 1974
1973 1979
1973 1980
1974 1974
1974 1975
1974 1980
1974 1981
1975 1975
1975 1976
1975 1981
1975 1982
1976 1976
1976 1977
1976 1982
1976 1983
1977 1977
1977 1983
1977 1984
1978 1978
1978 1979
1978 1985
1978 1986
1979 1979
1979 1980
1979 1986
1979 1987
1980 1980
1980 1981
1980 1987
1980 1988
1981 1981
1981 1982
1981 1988
1981 1989
1982 1982
1982 1983
1982 1989
1982 1990
1983 1983
1983 1984
1983 1990
1983 1991
1984 1984
1984 1991
1984 1992
1985 1985
1985 1986
1986 1986
1986 1987
1987 1987
1987 1988
1988 1988
1988 1989
1989 1989
1989 1990
1990 1990
1990 1991
1991 1991
1991 1992
1991 1993
1992 1992
1993 2094
1993 1993
1993 2096
1993 2099
1993 2030
1993 2098
1994 1994
1994 1995
1994 1996
1995 1995
1995 1996
1995 1997
1995 1998
1996 1996
1996 1998
1996 1999
1997 1997
1997 1998
1997 2000
1997 2001
1998 1998
1998 1999
1998 2001
1998 2002
1999 1999
1999 2002
1999 2003
2000 2000
2000 2001
2000 2004
2000 2005
2001 2001
2001 2002
2001 2005
2001 2006
2002 2002
2002 2003
2002 2006
2002 2007
2003 2003
2003 2007
2003 2008
2004 2004
2004 2005
2004 2009
2004 2010
2005 2005
2005 2006
2005 2010
2005 2011
2006 2006
2006 2007
2006 2011
2006 2012
2007 2007
2007 2008
2007 2012
2007 2013
2008 2008
2008 2013
2008 2014
2009 2009
2009 2010
2009 2015
2009 2016
2010 2010
2010 2011
2010 2016
2010 2017
2011 2011
2011 2012
2011 2017
2011 2018
2012 2012
2012 2013
2012 2018
2012 2019
2013 2013
2013 2014
2013 2019
2013 2020
2014 2014
2014 2020
2014 2021
2015 2015
2015 2016
2015 2022
2015 2023
2016 2016
2016 2017
2016 2023
2016 2024
2017 2017
2017 2018
2017 2024
2017 2025
2018 2018
2018 2019
2018 2025
2018 2026
2019 2019
2019 2020
2019 2026
2019 2027
2020 2020
2020 2021
2020 2027
2020 2028
2021 2021
2021 2028
2021 2029
2022 2022
2022 2023
2023 2023
2023 2024
2024 2024
2024 2025
2025 2025
2025 2026
2026 2026
2026 2027
2027 2027
2027 2028
2028 2028
2028 2029
2029 2029
2030 2099
2030 2030
2030 2031
2030 2110
2030 2111
2030 2112
2031 2031
2031 2032
2031 2111
2031 2112
2031 2113
2032 2032
2032 2101
2032 2112
2032 2113
2032 2114
2033 2033
2033 2034
2033 2035
2034 2034
2034 2035
2034 2036
2034 2037
2035 2035
2035 2037
2035 2038
2036 2036
2036 2037
2036 2039
2036 2040
2037 2037
2037 2038
2037 2040
2037 2041
2038 2038
2038 2041
2038 2042
2039 2039
2039 2040
2039 2043
2039 2044
2040 2040
2040 2041
2040 2044
2040 2045
2041 2041
2041 2042
2041 2045
2041 2046
2042 2042
2042 2046
2042 2047
2043 2043
2043 2044
2043 2048
2043 2049
2044 2044
2044 2045
2044 2049
2044 2050
2045 2045
2045 2046
2045 2050
2045 2051
2046 2046
2046 2047
2046 2051
2046 2052
2047 2047
2047 2052
2047 2053
2048 2048
2048 2049
2048 2054
2048 2055
2049 2049
2049 2050
2049 2055
2049 2056
2050 2050
2050 2051
2050 2056
2050 2057
2051 2051
2051 2052
2051 2057
2051 2058
2052 2052
2052 2053
2052 2058
2052 2059
2053 2053
2053 2059
2053 2060
2054 2054
2054 2055
2054 2061
2054 2062
2055 2055
2055 2056
2055 2062
2055 2063
2056 2056
2056 2057
2056 2063
2056 2064
2057 2057
2057 2058
2057 2064
2057 2065
2058 2058
2058 2059
2058 2065
2058 2066
2059 2059
2059 2060
2059 2066
2059 2067
2060 2060
2060 2067
2060 2068
2061 2061
2061 2062
2062 2062
2062 2063
2063 2063
2063 2064
2064 2064
2064 2065
2065 2065
2065 2066
2066 2066
2066 2067
2067 2067
2067 2068
2068 2068
2069 2069
2069 2070
2069 2071
2069 2072
2070 2070
2070 2073
2070 2071
2070 2072
2070 2074
2071 2071
2071 2072
2071 2084
2071 2085
2072 2073
2072 2072
2072 2074
2072 2084
2072 2085
2073 2073
2073 2075
2073 2074
2074 2075
2074 2074
2074 2085
2075 2075
2075 2076
2076 2076
2076 2077
2077 2077
2077 2078
2077 2079
2078 2078
2078 2080
2078 2079
2078 2081
2079 2080
2079 2079
2079 2081
2079 2086
2080 2080
2080 2082
2080 2081
2080 2083
2081 2082
2081 2081
2081 2083
2081 2086
2081 2087
2082 2082
2082 2083
2083 2083
2083 2086
2083 2087
2084 2084
2084 2085
2084 2088
2084 2089
2085 2085
2085 2088
2085 2089
2086 2086
2086 2087
2086 2091
2086 2092
2087 2087
2087 2091
2087 2092
2088 2088
2088 2089
2088 2117
2088 2118
2089 2089
2089 2117
2089 2118
2090 2090
2091 2091
2091 2092
2091 2124
2091 2125
2092 2092
2092 2124
2092 2125
2093 2093
2093 2094
2093 2095
2093 2096
2093 2097
2093 2098
2094 2094
2094 2095
2094 2096
2094 2099
2094 2097
2094 2098
2095 2095
2095 2096
2095 2108
2095 2109
2096 2096
2096 2099
2096 2108
2096 2109
2096 2110
2097 2117
2097 2118
2097 2097
2097 2098
2098 2117
2098 2118
2098 2098
2099 2099
2099 2109
2099 2110
2099 2111
2100 2100
2101 2102
2101 2101
2101 2103
2101 2113
2101 2114
2101 2115
2102 2102
2102 2105
2102 2103
2102 2106
2102 2104
2102 2107
2103 2105
2103 2103
2103 2106
2103 2114
2103 2115
2103 2116
2104 2105
2104 2124
2104 2125
2104 2104
2104 2107
2105 2105
2105 2106
2105 2107
2106 2106
2106 2115
2106 2116
2107 2124
2107 2125
2107 2107
2108 2108
2108 2109
2109 2109
2109 2110
2110 2110
2110 2111
2111 2111
2111 2112
2112 2112
2112 2113
2113 2113
2113 2114
2114 2114
2114 2115
2115 2115
2115 2116
2116 2116
2117 2117
2117 2118
2118 2118
2118 2119
2119 2119
2120 2120
2121 2121
2122 2122
2123 2123
2123 2124
2124 2124
2124 2125
2125 2125
2126 2126
2127 2127
2128 2128
2129 2129
2130 2130
2131 2131
