0 1
0 78
0 210
0 314
0 329
0 350
0 0
1 2
1 284
1 379
1 484
1 526
1 1
2 3
2 6
2 80
2 84
2 86
2 145
2 168
2 213
2 280
2 282
2 307
2 314
2 333
2 350
2 2
3 4
3 5
3 286
3 300
3 451
3 472
3 495
3 505
3 3
4 82
4 211
4 282
4 291
4 314
4 333
4 340
4 354
4 355
4 4
5 8
5 88
5 90
5 153
5 217
5 288
5 291
5 340
5 5
6 7
6 287
6 291
6 303
6 305
6 314
6 315
6 354
6 355
6 452
6 457
6 465
6 474
6 486
6 496
6 507
6 6
7 86
7 213
7 283
7 315
7 335
7 350
7 351
7 355
7 356
7 7
8 9
8 288
8 307
8 309
8 453
8 459
8 475
8 496
8 498
8 508
8 8
9 90
9 217
9 293
9 341
9 355
9 357
9 9
10 11
10 46
10 96
10 226
10 320
10 353
10 358
10 10
11 12
11 290
11 293
11 309
11 311
11 315
11 318
11 454
11 464
11 478
11 496
11 497
11 504
11 505
11 509
11 511
11 11
12 13
12 20
12 24
12 26
12 29
12 42
12 226
12 320
12 358
12 396
12 400
12 401
12 403
12 410
12 420
12 424
12 12
13 14
13 323
13 331
13 335
13 482
13 483
13 508
13 513
13 514
13 515
13 517
13 13
14 48
14 226
14 400
14 410
14 14
15 16
15 291
15 297
15 385
15 392
15 411
15 413
15 417
15 420
15 421
15 15
16 17
16 333
16 375
16 419
16 460
16 500
16 503
16 516
16 527
16 533
16 16
17 18
17 22
17 288
17 290
17 293
17 297
17 309
17 318
17 320
17 398
17 400
17 411
17 412
17 431
17 478
17 485
17 486
17 488
17 489
17 491
17 493
17 496
17 498
17 499
17 505
17 508
17 511
17 533
17 17
18 19
18 335
18 341
18 344
18 461
18 475
18 492
18 502
18 514
18 517
18 18
19 293
19 388
19 414
19 415
19 419
19 421
19 19
20 21
20 338
20 348
20 355
20 357
20 467
20 493
20 500
20 509
20 511
20 20
21 26
21 314
21 320
21 396
21 400
21 401
21 420
21 422
21 424
21 21
22 23
22 340
22 341
22 355
22 385
22 388
22 406
22 412
22 413
22 417
22 421
22 426
22 428
22 466
22 467
22 491
22 500
22 501
22 507
22 509
22 511
22 512
22 514
22 523
22 524
22 529
22 530
22 533
22 534
22 535
22 22
23 315
23 318
23 397
23 398
23 411
23 421
23 423
23 424
23 425
23 23
24 25
24 344
24 352
24 356
24 357
24 392
24 398
24 408
24 409
24 413
24 417
24 420
24 421
24 423
24 424
24 426
24 428
24 429
24 471
24 478
24 492
24 494
24 503
24 510
24 512
24 515
24 520
24 524
24 528
24 529
24 530
24 531
24 536
24 24
25 29
25 350
25 353
25 396
25 400
25 403
25 422
25 424
25 429
25 25
26 27
26 28
26 351
26 352
26 397
26 398
26 412
26 417
26 488
26 494
26 511
26 512
26 518
26 520
26 530
26 533
26 536
26 26
27 31
27 35
27 333
27 340
27 355
27 375
27 385
27 406
27 412
27 413
27 417
27 420
27 424
27 426
27 27
28 29
28 35
28 323
28 327
28 356
28 408
28 413
28 426
28 482
28 483
28 488
28 489
28 510
28 513
28 517
28 28
29 30
29 351
29 353
29 356
29 397
29 400
29 408
29 412
29 414
29 423
29 424
29 427
29 428
29 429
29 432
29 488
29 489
29 508
29 510
29 514
29 515
29 517
29 518
29 520
29 526
29 528
29 530
29 531
29 535
29 29
30 35
30 37
30 335
30 351
30 356
30 377
30 397
30 408
30 412
30 414
30 423
30 424
30 427
30 429
30 30
31 32
31 33
31 34
31 352
31 430
31 494
31 512
31 518
31 520
31 31
32 320
32 354
32 405
32 413
32 426
32 431
32 32
33 37
33 96
33 226
33 320
33 353
33 405
33 408
33 413
33 425
33 432
33 33
34 35
34 336
34 338
34 357
34 409
34 420
34 421
34 424
34 490
34 491
34 493
34 502
34 503
34 508
34 512
34 515
34 520
34 34
35 36
35 352
35 353
35 358
35 398
35 400
35 410
35 417
35 421
35 423
35 424
35 426
35 427
35 428
35 429
35 430
35 431
35 432
35 478
35 510
35 512
35 516
35 520
35 526
35 528
35 530
35 531
35 533
35 535
35 35
36 355
36 400
36 406
36 414
36 421
36 427
36 428
36 431
36 432
36 36
37 38
37 357
37 409
37 421
37 428
37 431
37 432
37 493
37 509
37 511
37 519
37 520
37 528
37 532
37 533
37 534
37 535
37 536
37 37
38 353
38 356
38 358
38 408
38 413
38 425
38 426
38 430
38 432
38 38
39 40
39 357
39 409
39 410
39 421
39 428
39 432
39 39
40 41
40 358
40 410
40 421
40 425
40 428
40 430
40 432
40 512
40 516
40 518
40 520
40 533
40 535
40 536
40 40
41 42
41 46
41 48
41 50
41 357
41 358
41 425
41 430
41 432
41 493
41 508
41 511
41 514
41 515
41 517
41 518
41 520
41 41
42 43
42 44
42 359
42 456
42 521
42 42
43 358
43 410
43 420
43 424
43 429
43 43
44 45
44 46
44 48
44 353
44 400
44 422
44 424
44 429
44 44
45 360
45 459
45 460
45 504
45 521
45 522
45 523
45 45
46 47
46 361
46 460
46 461
46 521
46 523
46 524
46 525
46 46
47 50
47 358
47 426
47 430
47 431
47 47
48 49
48 361
48 365
48 375
48 377
48 388
48 471
48 492
48 503
48 521
48 524
48 525
48 48
49 50
49 410
49 427
49 428
49 432
49 49
50 51
50 52
50 362
50 463
50 464
50 466
50 467
50 498
50 522
50 523
50 526
50 527
50 50
51 226
51 431
51 432
51 433
51 51
52 409
52 410
52 519
52 520
52 52
53 54
53 63
53 98
53 112
53 132
53 145
53 162
53 168
53 184
53 190
53 203
53 229
53 243
53 278
53 280
53 434
53 435
53 436
53 456
53 457
53 458
53 465
53 468
53 474
53 482
53 483
53 485
53 486
53 488
53 53
54 55
54 379
54 462
54 490
54 499
54 523
54 529
54 532
54 54
55 56
55 58
55 61
55 100
55 102
55 106
55 108
55 112
55 114
55 134
55 138
55 143
55 145
55 151
55 153
55 158
55 162
55 164
55 166
55 171
55 181
55 188
55 190
55 193
55 196
55 199
55 201
55 205
55 434
55 436
55 437
55 438
55 440
55 441
55 442
55 443
55 444
55 457
55 459
55 460
55 462
55 463
55 465
55 466
55 467
55 469
55 474
55 475
55 481
55 482
55 485
55 488
55 490
55 491
55 55
56 57
56 379
56 380
56 405
56 406
56 411
56 415
56 472
56 493
56 506
56 526
56 533
56 56
57 102
57 134
57 164
57 181
57 193
57 434
57 440
57 456
57 459
57 461
57 466
57 475
57 480
57 481
57 483
57 490
57 491
57 57
58 59
58 60
58 380
58 464
58 491
58 498
58 505
58 523
58 527
58 530
58 532
58 533
58 58
59 104
59 114
59 138
59 153
59 184
59 196
59 435
59 440
59 457
59 460
59 462
59 467
59 481
59 484
59 486
59 490
59 491
59 59
60 162
60 249
60 455
60 481
60 504
60 519
60 60
61 62
61 381
61 466
61 502
61 523
61 530
61 534
61 61
62 108
62 140
62 151
62 186
62 193
62 436
62 440
62 458
62 460
62 463
62 469
62 482
62 485
62 488
62 491
62 62
63 64
63 388
63 392
63 398
63 406
63 408
63 409
63 412
63 419
63 431
63 432
63 512
63 528
63 530
63 531
63 532
63 533
63 534
63 535
63 63
64 65
64 67
64 70
64 121
64 123
64 125
64 127
64 134
64 136
64 140
64 145
64 149
64 153
64 181
64 184
64 186
64 229
64 230
64 232
64 243
64 245
64 253
64 258
64 260
64 264
64 266
64 284
64 286
64 288
64 290
64 434
64 435
64 436
64 446
64 447
64 449
64 450
64 451
64 453
64 454
64 458
64 460
64 461
64 462
64 463
64 465
64 467
64 469
64 473
64 474
64 483
64 485
64 488
64 498
64 499
64 501
64 502
64 64
65 66
65 392
65 421
65 471
65 492
65 500
65 510
65 524
65 533
65 535
65 536
65 65
66 123
66 134
66 181
66 245
66 247
66 434
66 447
66 448
66 456
66 460
66 473
66 480
66 482
66 498
66 499
66 501
66 502
66 66
67 68
67 69
67 394
67 406
67 472
67 486
67 493
67 526
67 533
67 67
68 125
68 138
68 153
68 162
68 232
68 249
68 256
68 262
68 284
68 288
68 436
68 449
68 450
68 452
68 453
68 457
68 460
68 465
68 466
68 468
68 473
68 498
68 500
68 501
68 502
68 504
68 507
68 509
68 68
69 184
69 196
69 234
69 256
69 284
69 336
69 468
69 473
69 484
69 490
69 502
69 508
69 69
70 71
70 395
70 427
70 478
70 508
70 526
70 535
70 70
71 130
71 140
71 151
71 188
71 230
71 247
71 258
71 264
71 287
71 437
71 449
71 451
71 454
71 458
71 460
71 466
71 468
71 474
71 483
71 486
71 488
71 498
71 500
71 502
71 505
71 508
71 509
71 511
71 71
72 73
72 127
72 143
72 158
72 186
72 232
72 253
72 260
72 266
72 286
72 290
72 436
72 448
72 450
72 452
72 458
72 461
72 467
72 468
72 469
72 482
72 487
72 502
72 503
72 504
72 505
72 506
72 509
72 510
72 512
72 72
73 74
73 397
73 412
73 474
73 488
73 512
73 520
73 528
73 530
73 531
73 533
73 73
74 130
74 143
74 158
74 188
74 232
74 245
74 247
74 249
74 253
74 273
74 278
74 280
74 282
74 283
74 293
74 437
74 447
74 448
74 449
74 454
74 457
74 459
74 464
74 481
74 486
74 498
74 74
75 76
75 176
75 239
75 276
75 300
75 311
75 354
75 405
75 413
75 426
75 452
75 471
75 478
75 484
75 503
75 506
75 510
75 516
75 75
76 77
76 408
76 409
76 410
76 432
76 492
76 494
76 520
76 535
76 536
76 76
77 176
77 241
77 273
77 286
77 290
77 293
77 297
77 318
77 451
77 454
77 455
77 464
77 472
77 497
77 499
77 505
77 77
78 79
78 409
78 493
78 536
78 78
79 80
79 82
79 84
79 132
79 145
79 162
79 168
79 181
79 186
79 210
79 211
79 280
79 283
79 287
79 291
79 305
79 307
79 315
79 329
79 335
79 340
79 351
79 456
79 465
79 468
79 481
79 483
79 486
79 488
79 508
79 514
79 79
80 81
80 409
80 433
80 528
80 80
81 181
81 190
81 243
81 303
81 307
81 321
81 331
81 480
81 481
81 482
81 507
81 508
81 513
81 514
81 517
81 81
82 83
82 411
82 415
82 498
82 499
82 504
82 505
82 506
82 532
82 533
82 82
83 88
83 138
83 153
83 193
83 211
83 247
83 262
83 266
83 282
83 287
83 288
83 293
83 303
83 333
83 341
83 452
83 457
83 460
83 465
83 485
83 486
83 491
83 496
83 498
83 500
83 501
83 509
83 511
83 514
83 83
84 85
84 412
84 417
84 419
84 501
84 502
84 508
84 509
84 511
84 512
84 520
84 523
84 527
84 533
84 534
84 535
84 84
85 86
85 186
85 188
85 203
85 213
85 268
85 280
85 283
85 287
85 305
85 315
85 324
85 331
85 335
85 351
85 482
85 483
85 485
85 486
85 487
85 488
85 489
85 500
85 511
85 515
85 517
85 518
85 85
86 87
86 413
86 420
86 421
86 500
86 503
86 507
86 512
86 529
86 533
86 86
87 188
87 213
87 282
87 303
87 314
87 323
87 327
87 333
87 350
87 355
87 457
87 458
87 473
87 474
87 507
87 87
88 89
88 414
88 421
88 502
88 509
88 510
88 524
88 528
88 532
88 536
88 88
89 193
89 196
89 247
89 249
89 264
89 288
89 303
89 305
89 323
89 336
89 473
89 474
89 481
89 482
89 483
89 485
89 490
89 496
89 498
89 501
89 502
89 508
89 509
89 511
89 513
89 514
89 517
89 519
89 89
90 91
90 92
90 415
90 472
90 90
91 201
91 217
91 266
91 287
91 293
91 341
91 455
91 468
91 486
91 489
91 491
91 502
91 504
91 508
91 510
91 519
91 520
91 91
92 201
92 217
92 264
92 291
92 305
92 336
92 338
92 340
92 354
92 355
92 462
92 465
92 466
92 467
92 474
92 500
92 507
92 92
93 94
93 207
93 222
93 276
93 297
93 311
93 318
93 324
93 344
93 348
93 352
93 356
93 408
93 413
93 425
93 426
93 430
93 487
93 489
93 492
93 493
93 494
93 503
93 506
93 510
93 512
93 515
93 520
93 93
94 95
94 417
94 422
94 423
94 426
94 427
94 508
94 510
94 513
94 514
94 515
94 517
94 521
94 526
94 530
94 531
94 94
95 207
95 222
95 273
95 293
95 309
95 315
95 327
95 338
95 341
95 344
95 351
95 352
95 355
95 356
95 357
95 464
95 467
95 469
95 471
95 474
95 475
95 478
95 488
95 502
95 509
95 511
95 514
95 95
96 97
96 417
96 419
96 421
96 423
96 425
96 426
96 427
96 428
96 516
96 520
96 523
96 524
96 525
96 527
96 528
96 533
96 535
96 536
96 96
97 226
97 318
97 352
97 357
97 358
97 431
97 472
97 478
97 512
97 516
97 97
98 99
98 419
98 509
98 519
98 528
98 532
98 534
98 535
98 98
99 112
99 229
99 434
99 435
99 436
99 437
99 99
100 101
100 419
100 421
100 431
100 478
100 493
100 532
100 533
100 100
101 102
101 434
101 438
101 440
101 441
101 442
101 101
102 103
102 421
102 424
102 425
102 426
102 428
102 511
102 512
102 514
102 515
102 516
102 520
102 524
102 530
102 533
102 535
102 102
103 108
103 110
103 112
103 114
103 116
103 436
103 440
103 441
103 103
104 105
104 423
104 514
104 516
104 529
104 531
104 535
104 104
105 114
105 435
105 440
105 443
105 105
106 107
106 427
106 428
106 517
106 519
106 520
106 525
106 534
106 535
106 536
106 106
107 108
107 436
107 440
107 441
107 444
107 107
108 109
108 427
108 492
108 525
108 108
109 143
109 360
109 448
109 457
109 458
109 460
109 505
109 527
109 533
109 109
110 111
110 428
110 429
110 430
110 517
110 518
110 520
110 528
110 531
110 535
110 110
111 116
111 437
111 442
111 443
111 444
111 445
111 111
112 113
112 428
112 432
112 494
112 534
112 535
112 536
112 112
113 145
113 359
113 363
113 394
113 465
113 530
113 113
114 115
114 428
114 430
114 534
114 535
114 114
115 361
115 457
115 472
115 532
115 115
116 117
116 434
116 438
116 440
116 441
116 446
116 456
116 459
116 460
116 462
116 463
116 466
116 498
116 522
116 523
116 527
116 537
116 116
117 118
117 444
117 117
118 119
118 120
118 435
118 440
118 447
118 450
118 451
118 457
118 459
118 460
118 462
118 463
118 464
118 521
118 522
118 523
118 525
118 532
118 537
118 118
119 433
119 445
119 119
120 363
120 406
120 409
120 471
120 120
121 122
121 436
121 440
121 441
121 448
121 449
121 457
121 458
121 459
121 460
121 461
121 462
121 464
121 465
121 466
121 467
121 469
121 498
121 504
121 505
121 521
121 522
121 523
121 527
121 530
121 532
121 534
121 537
121 121
122 123
122 434
122 446
122 447
122 448
122 449
122 122
123 124
123 437
123 442
123 443
123 444
123 449
123 458
123 460
123 461
123 463
123 464
123 466
123 467
123 468
123 469
123 486
123 491
123 498
123 502
123 521
123 522
123 523
123 524
123 525
123 526
123 527
123 528
123 532
123 533
123 534
123 123
124 127
124 130
124 229
124 232
124 435
124 437
124 447
124 449
124 124
125 126
125 440
125 459
125 461
125 462
125 464
125 523
125 537
125 125
126 127
126 232
126 436
126 448
126 449
126 450
126 452
126 453
126 454
126 126
127 128
127 129
127 441
127 442
127 460
127 467
127 522
127 527
127 532
127 127
128 140
128 149
128 151
128 260
128 362
128 436
128 440
128 450
128 461
128 463
128 465
128 469
128 485
128 502
128 521
128 523
128 525
128 530
128 531
128 128
129 130
129 140
129 143
129 149
129 153
129 158
129 160
129 164
129 166
129 168
129 171
129 232
129 245
129 260
129 278
129 286
129 360
129 361
129 362
129 369
129 372
129 379
129 383
129 448
129 449
129 450
129 452
129 453
129 457
129 460
129 461
129 464
129 465
129 473
129 475
129 481
129 484
129 485
129 495
129 499
129 500
129 504
129 506
129 510
129 521
129 523
129 524
129 525
129 526
129 527
129 530
129 531
129 533
129 534
129 535
129 536
129 129
130 131
130 442
130 461
130 522
130 525
130 526
130 130
131 230
131 437
131 449
131 451
131 454
131 455
131 131
132 133
132 443
132 463
132 525
132 132
133 145
133 434
133 456
133 457
133 458
133 133
134 135
134 443
134 464
134 472
134 524
134 532
134 134
135 438
135 446
135 456
135 459
135 460
135 461
135 135
136 137
136 444
136 466
136 469
136 491
136 523
136 534
136 136
137 149
137 440
137 447
137 450
137 457
137 459
137 462
137 463
137 464
137 137
138 139
138 444
138 467
138 471
138 523
138 533
138 534
138 138
139 153
139 440
139 448
139 457
139 460
139 462
139 465
139 466
139 467
139 139
140 141
140 142
140 445
140 469
140 493
140 525
140 527
140 528
140 536
140 140
141 151
141 441
141 449
141 458
141 460
141 463
141 466
141 468
141 469
141 141
142 153
142 164
142 168
142 186
142 193
142 196
142 203
142 253
142 266
142 273
142 361
142 362
142 365
142 369
142 372
142 380
142 383
142 436
142 440
142 441
142 449
142 452
142 454
142 458
142 459
142 460
142 462
142 464
142 466
142 467
142 468
142 469
142 473
142 474
142 482
142 488
142 491
142 499
142 503
142 504
142 506
142 509
142 512
142 522
142 523
142 524
142 526
142 527
142 528
142 529
142 530
142 532
142 534
142 142
143 144
143 446
143 459
143 537
143 143
144 158
144 442
144 449
144 458
144 461
144 464
144 467
144 469
144 471
144 144
145 146
145 147
145 148
145 447
145 448
145 450
145 460
145 462
145 466
145 495
145 499
145 522
145 523
145 527
145 537
145 145
146 190
146 243
146 359
146 369
146 372
146 434
146 456
146 457
146 473
146 481
146 521
146 526
146 529
146 530
146 531
146 146
147 168
147 229
147 278
147 359
147 369
147 372
147 435
147 457
147 521
147 524
147 528
147 533
147 147
148 168
148 190
148 203
148 210
148 211
148 243
148 268
148 291
148 359
148 363
148 367
148 369
148 372
148 375
148 385
148 392
148 394
148 395
148 398
148 411
148 417
148 465
148 485
148 500
148 524
148 529
148 530
148 533
148 535
148 148
149 150
149 447
149 459
149 537
149 149
150 160
150 435
150 443
150 450
150 463
150 150
151 152
151 448
151 449
151 457
151 459
151 460
151 461
151 464
151 473
151 475
151 481
151 499
151 521
151 523
151 527
151 532
151 534
151 537
151 151
152 153
152 164
152 166
152 168
152 171
152 436
152 440
152 444
152 452
152 453
152 462
152 463
152 466
152 468
152 152
153 154
153 155
153 156
153 157
153 449
153 453
153 459
153 461
153 463
153 464
153 475
153 498
153 504
153 523
153 525
153 534
153 537
153 153
154 196
154 253
154 361
154 379
154 381
154 440
154 448
154 457
154 460
154 461
154 462
154 465
154 466
154 481
154 482
154 485
154 499
154 502
154 506
154 521
154 523
154 525
154 526
154 529
154 530
154 532
154 533
154 534
154 154
155 379
155 435
155 462
155 484
155 521
155 525
155 526
155 155
156 158
156 380
156 436
156 465
156 471
156 504
156 521
156 530
156 534
156 156
157 196
157 211
157 249
157 282
157 361
157 375
157 377
157 380
157 383
157 388
157 415
157 419
157 452
157 455
157 457
157 465
157 468
157 471
157 472
157 473
157 478
157 481
157 504
157 506
157 521
157 524
157 526
157 529
157 532
157 534
157 535
157 157
158 159
158 450
158 451
158 462
158 465
158 466
158 467
158 484
158 490
158 495
158 498
158 504
158 522
158 523
158 526
158 527
158 529
158 532
158 158
159 171
159 176
159 437
159 443
159 445
159 454
159 464
159 469
159 159
160 161
160 450
160 463
160 523
160 160
161 443
161 451
161 464
161 472
161 161
162 163
162 451
162 467
162 522
162 532
162 162
163 168
163 282
163 436
163 452
163 457
163 465
163 468
163 473
163 474
163 163
164 165
164 451
164 464
164 504
164 532
164 164
165 441
165 453
165 459
165 466
165 473
165 475
165 165
166 167
166 452
166 453
166 454
166 462
166 463
166 464
166 465
166 466
166 468
166 469
166 485
166 498
166 499
166 501
166 502
166 504
166 506
166 523
166 524
166 525
166 526
166 530
166 531
166 534
166 535
166 537
166 166
167 171
167 444
167 454
167 464
167 467
167 469
167 474
167 475
167 478
167 167
168 169
168 170
168 453
168 454
168 459
168 460
168 461
168 464
168 466
168 467
168 469
168 473
168 474
168 475
168 481
168 482
168 483
168 485
168 490
168 491
168 499
168 501
168 509
168 523
168 525
168 527
168 529
168 531
168 532
168 534
168 537
168 168
169 203
169 276
169 282
169 283
169 363
169 369
169 372
169 375
169 377
169 411
169 412
169 436
169 452
169 457
169 458
169 465
169 468
169 471
169 485
169 503
169 506
169 512
169 521
169 524
169 526
169 528
169 530
169 531
169 533
169 169
170 176
170 211
170 369
170 377
170 392
170 452
170 506
170 524
170 535
170 170
171 172
171 173
171 174
171 175
171 454
171 464
171 469
171 498
171 502
171 505
171 509
171 523
171 527
171 532
171 171
172 205
172 273
172 365
172 380
172 383
172 444
172 454
172 464
172 467
172 469
172 474
172 488
172 491
172 502
172 505
172 511
172 520
172 523
172 525
172 527
172 528
172 530
172 531
172 533
172 535
172 536
172 172
173 205
173 276
173 363
173 379
173 381
173 385
173 388
173 397
173 444
173 453
173 463
173 466
173 468
173 469
173 471
173 475
173 485
173 487
173 488
173 490
173 491
173 502
173 510
173 523
173 526
173 173
174 379
174 453
174 485
174 492
174 525
174 531
174 174
175 176
175 380
175 421
175 454
175 486
175 505
175 509
175 510
175 523
175 175
176 177
176 178
176 179
176 180
176 454
176 455
176 464
176 467
176 469
176 471
176 472
176 474
176 475
176 478
176 486
176 491
176 498
176 500
176 505
176 509
176 510
176 519
176 522
176 523
176 524
176 527
176 530
176 532
176 533
176 534
176 535
176 536
176 537
176 176
177 431
177 445
177 455
177 471
177 472
177 478
177 177
178 207
178 268
178 355
178 363
178 394
178 395
178 406
178 414
178 421
178 427
178 428
178 445
178 455
178 468
178 471
178 472
178 478
178 486
178 492
178 494
178 500
178 524
178 526
178 533
178 535
178 536
178 178
179 394
179 414
179 421
179 445
179 472
179 493
179 524
179 179
180 207
180 222
180 276
180 297
180 363
180 369
180 372
180 375
180 377
180 385
180 392
180 396
180 397
180 398
180 401
180 403
180 405
180 406
180 408
180 409
180 413
180 421
180 471
180 492
180 503
180 506
180 510
180 524
180 533
180 536
180 180
181 182
181 183
181 456
181 460
181 523
181 181
182 190
182 243
182 434
182 456
182 473
182 480
182 481
182 482
182 483
182 182
183 186
183 188
183 210
183 211
183 213
183 282
183 283
183 434
183 436
183 437
183 457
183 458
183 473
183 481
183 183
184 185
184 456
184 466
184 480
184 490
184 501
184 523
184 184
185 211
185 278
185 435
185 457
185 465
185 481
185 484
185 485
185 486
185 185
186 187
186 457
186 459
186 460
186 462
186 463
186 465
186 466
186 481
186 482
186 485
186 490
186 498
186 499
186 502
186 504
186 505
186 521
186 522
186 523
186 525
186 527
186 529
186 530
186 532
186 534
186 537
186 186
187 203
187 283
187 436
187 458
187 468
187 482
187 485
187 487
187 488
187 187
188 189
188 458
188 460
188 461
188 466
188 467
188 468
188 469
188 473
188 483
188 491
188 500
188 501
188 502
188 509
188 521
188 522
188 523
188 524
188 526
188 527
188 532
188 533
188 534
188 535
188 537
188 188
189 213
189 280
189 437
189 458
189 474
189 483
189 486
189 488
189 489
189 189
190 191
190 192
190 458
190 460
190 461
190 467
190 469
190 482
190 483
190 491
190 502
190 521
190 523
190 525
190 529
190 530
190 531
190 190
191 196
191 199
191 438
191 441
191 442
191 460
191 473
191 482
191 191
192 203
192 210
192 211
192 243
192 280
192 282
192 367
192 369
192 372
192 375
192 377
192 385
192 397
192 411
192 412
192 434
192 436
192 456
192 457
192 458
192 468
192 474
192 485
192 486
192 521
192 526
192 529
192 531
192 192
193 194
193 195
193 459
193 460
193 461
193 504
193 522
193 523
193 532
193 537
193 193
194 196
194 440
194 460
194 466
194 481
194 482
194 485
194 490
194 491
194 194
195 201
195 211
195 217
195 440
195 443
195 465
195 466
195 485
195 195
196 197
196 198
196 459
196 481
196 498
196 499
196 534
196 537
196 196
197 203
197 205
197 441
197 444
197 466
197 468
197 487
197 490
197 197
198 211
198 375
198 381
198 388
198 440
198 460
198 465
198 467
198 481
198 486
198 506
198 523
198 529
198 533
198 534
198 198
199 200
199 460
199 473
199 482
199 507
199 509
199 522
199 527
199 529
199 532
199 199
200 442
200 461
200 475
200 483
200 491
200 492
200 200
201 202
201 461
201 521
201 525
201 201
202 217
202 443
202 467
202 486
202 491
202 493
202 202
203 204
203 461
203 475
203 483
203 491
203 508
203 523
203 526
203 535
203 537
203 203
204 207
204 213
204 372
204 375
204 398
204 500
204 503
204 512
204 533
204 204
205 206
205 462
205 490
205 499
205 523
205 537
205 205
206 444
206 469
206 488
206 491
206 494
206 206
207 208
207 209
207 463
207 464
207 466
207 467
207 491
207 498
207 502
207 505
207 522
207 523
207 525
207 527
207 532
207 534
207 537
207 207
208 222
208 432
208 445
208 471
208 478
208 489
208 492
208 493
208 494
208 208
209 222
209 392
209 395
209 400
209 427
209 428
209 431
209 432
209 445
209 471
209 478
209 492
209 526
209 533
209 536
209 209
210 463
210 464
210 485
210 486
210 491
210 498
210 499
210 504
210 505
210 506
210 523
210 527
210 530
210 532
210 533
210 210
211 212
211 464
211 467
211 491
211 499
211 503
211 504
211 506
211 522
211 523
211 524
211 526
211 527
211 529
211 530
211 532
211 533
211 211
212 278
212 300
212 369
212 375
212 385
212 394
212 435
212 457
212 465
212 472
212 484
212 506
212 521
212 524
212 526
212 529
212 533
212 212
213 214
213 215
213 216
213 464
213 486
213 491
213 498
213 523
213 526
213 534
213 536
213 537
213 213
214 280
214 348
214 372
214 377
214 394
214 397
214 437
214 458
214 474
214 486
214 493
214 510
214 520
214 521
214 528
214 530
214 533
214 214
215 283
215 375
215 377
215 396
215 401
215 403
215 406
215 414
215 437
215 458
215 473
215 481
215 482
215 483
215 488
215 521
215 530
215 215
216 377
216 400
216 507
216 517
216 530
216 216
217 218
217 219
217 220
217 221
217 466
217 467
217 468
217 469
217 474
217 475
217 487
217 488
217 490
217 491
217 500
217 502
217 503
217 509
217 510
217 512
217 522
217 523
217 524
217 526
217 527
217 528
217 529
217 530
217 532
217 533
217 534
217 536
217 537
217 217
218 388
218 443
218 467
218 472
218 486
218 493
218 525
218 526
218 532
218 536
218 218
219 385
219 405
219 406
219 443
219 466
219 485
219 490
219 491
219 524
219 530
219 219
220 388
220 445
220 468
220 524
220 526
220 528
220 220
221 392
221 431
221 474
221 519
221 530
221 532
221 221
222 223
222 224
222 225
222 467
222 469
222 474
222 475
222 488
222 491
222 501
222 502
222 507
222 508
222 509
222 511
222 517
222 519
222 522
222 523
222 525
222 526
222 527
222 528
222 530
222 531
222 532
222 533
222 534
222 535
222 537
222 222
223 226
223 433
223 445
223 478
223 494
223 223
224 357
224 392
224 398
224 409
224 421
224 428
224 445
224 471
224 478
224 489
224 493
224 510
224 524
224 528
224 533
224 536
224 224
225 385
225 397
225 487
225 510
225 536
225 225
226 227
226 228
226 469
226 475
226 501
226 509
226 519
226 523
226 527
226 532
226 534
226 537
226 226
227 398
227 409
227 410
227 432
227 433
227 478
227 493
227 494
227 528
227 535
227 227
228 397
228 406
228 408
228 410
228 512
228 535
228 228
229 469
229 471
229 475
229 492
229 502
229 510
229 523
229 524
229 525
229 526
229 528
229 530
229 531
229 534
229 536
229 537
229 229
230 231
230 469
230 488
230 491
230 502
230 523
230 530
230 230
231 232
231 236
231 239
231 241
231 450
231 451
231 454
231 455
231 231
232 233
232 472
232 493
232 505
232 527
232 532
232 533
232 232
233 284
233 286
233 361
233 381
233 383
233 450
233 452
233 457
233 458
233 465
233 467
233 468
233 506
233 523
233 524
233 526
233 530
233 532
233 535
233 233
234 235
234 494
234 534
234 234
235 239
235 354
235 452
235 455
235 484
235 496
235 235
236 237
236 238
236 495
236 498
236 499
236 527
236 236
237 241
237 453
237 454
237 495
237 496
237 497
237 237
238 239
238 241
238 258
238 260
238 264
238 266
238 284
238 286
238 291
238 293
238 300
238 362
238 363
238 365
238 381
238 383
238 385
238 388
238 395
238 411
238 423
238 450
238 451
238 452
238 454
238 462
238 464
238 466
238 467
238 468
238 469
238 471
238 474
238 478
238 495
238 499
238 500
238 502
238 503
238 506
238 507
238 509
238 514
238 516
238 522
238 523
238 526
238 529
238 530
238 532
238 533
238 238
239 240
239 496
239 497
239 498
239 499
239 500
239 501
239 502
239 503
239 504
239 505
239 506
239 507
239 508
239 509
239 514
239 516
239 522
239 523
239 526
239 527
239 528
239 529
239 530
239 532
239 533
239 534
239 535
239 537
239 239
240 278
240 282
240 291
240 300
240 363
240 372
240 375
240 385
240 395
240 411
240 423
240 465
240 471
240 478
240 484
240 510
240 526
240 529
240 536
240 240
241 242
241 497
241 499
241 501
241 527
241 241
242 286
242 365
242 383
242 467
242 474
242 495
242 500
242 503
242 516
242 527
242 529
242 533
242 242
243 244
243 501
243 502
243 513
243 514
243 519
243 521
243 523
243 530
243 534
243 243
244 249
244 253
244 446
244 449
244 459
244 461
244 481
244 483
244 244
245 246
245 505
245 245
246 447
246 459
246 481
246 495
246 498
246 499
246 246
247 248
247 508
247 509
247 510
247 511
247 512
247 514
247 515
247 516
247 517
247 519
247 520
247 523
247 524
247 525
247 526
247 527
247 530
247 531
247 532
247 533
247 534
247 535
247 536
247 537
247 247
248 249
248 449
248 460
248 473
248 483
248 498
248 500
248 501
248 502
248 248
249 250
249 251
249 252
249 509
249 514
249 523
249 529
249 531
249 534
249 249
250 268
250 273
250 280
250 288
250 290
250 449
250 454
250 455
250 463
250 469
250 486
250 489
250 498
250 501
250 250
251 253
251 282
251 283
251 288
251 290
251 291
251 293
251 375
251 377
251 379
251 380
251 385
251 388
251 411
251 415
251 417
251 419
251 448
251 449
251 452
251 453
251 460
251 461
251 462
251 464
251 465
251 466
251 468
251 469
251 473
251 482
251 485
251 487
251 498
251 500
251 503
251 504
251 505
251 506
251 507
251 509
251 510
251 512
251 523
251 524
251 525
251 526
251 527
251 528
251 529
251 530
251 531
251 532
251 533
251 534
251 535
251 536
251 251
252 253
252 307
252 309
252 369
252 380
252 449
252 459
252 464
252 496
252 504
252 506
252 528
252 534
252 535
252 252
253 254
253 255
253 509
253 511
253 512
253 527
253 532
253 533
253 253
254 448
254 461
254 482
254 499
254 502
254 503
254 254
255 273
255 276
255 283
255 293
255 297
255 449
255 453
255 454
255 464
255 471
255 485
255 488
255 499
255 502
255 255
256 257
256 516
256 519
256 532
256 535
256 537
256 256
257 284
257 450
257 462
257 465
257 498
257 504
257 257
258 259
258 517
258 525
258 531
258 258
259 451
259 463
259 486
259 498
259 505
259 259
260 261
260 518
260 519
260 520
260 528
260 534
260 535
260 536
260 537
260 260
261 286
261 450
261 464
261 485
261 495
261 499
261 504
261 505
261 506
261 261
262 263
262 521
262 523
262 524
262 525
262 262
263 291
263 452
263 465
263 500
263 507
263 263
264 265
264 522
264 523
264 525
264 532
264 537
264 264
265 288
265 454
265 466
265 474
265 498
265 501
265 507
265 508
265 509
265 265
266 267
266 522
266 529
266 532
266 266
267 293
267 453
267 467
267 468
267 500
267 502
267 504
267 509
267 510
267 267
268 269
268 270
268 271
268 272
268 523
268 526
268 527
268 530
268 532
268 533
268 534
268 536
268 537
268 268
269 287
269 355
269 455
269 468
269 486
269 489
269 500
269 508
269 511
269 269
270 276
270 291
270 297
270 307
270 311
270 314
270 318
270 333
270 340
270 354
270 369
270 375
270 385
270 392
270 394
270 396
270 398
270 401
270 405
270 411
270 412
270 413
270 414
270 417
270 421
270 422
270 423
270 426
270 427
270 428
270 452
270 455
270 457
270 465
270 468
270 471
270 472
270 473
270 478
270 481
270 485
270 496
270 500
270 503
270 506
270 516
270 521
270 524
270 526
270 528
270 530
270 531
270 533
270 535
270 270
271 276
271 280
271 283
271 311
271 315
271 369
271 377
271 394
271 397
271 411
271 417
271 485
271 486
271 492
271 494
271 506
271 520
271 530
271 536
271 271
272 273
272 276
272 288
272 290
272 293
272 297
272 309
272 311
272 315
272 318
272 379
272 380
272 388
272 392
272 394
272 397
272 398
272 411
272 415
272 417
272 419
272 453
272 454
272 455
272 463
272 464
272 469
272 471
272 472
272 475
272 478
272 496
272 497
272 498
272 499
272 501
272 502
272 504
272 505
272 506
272 508
272 509
272 511
272 512
272 523
272 526
272 527
272 532
272 533
272 272
273 274
273 275
273 525
273 528
273 531
273 534
273 535
273 537
273 273
274 290
274 454
274 469
274 488
274 502
274 505
274 509
274 511
274 512
274 274
275 293
275 309
275 315
275 380
275 388
275 397
275 411
275 423
275 454
275 464
275 469
275 475
275 496
275 499
275 502
275 504
275 506
275 510
275 514
275 515
275 520
275 523
275 524
275 528
275 530
275 534
275 535
275 536
275 275
276 277
276 527
276 534
276 537
276 276
277 297
277 413
277 452
277 471
277 487
277 503
277 506
277 510
277 512
277 277
278 279
278 278
279 369
279 536
279 279
280 281
280 280
281 282
281 283
281 307
281 314
281 315
281 331
281 369
281 372
281 375
281 377
281 396
281 397
281 401
281 411
281 421
281 422
281 423
281 428
281 457
281 481
281 482
281 486
281 511
281 521
281 526
281 528
281 533
281 535
281 281
282 282
283 283
284 285
284 284
285 286
285 379
285 380
285 450
285 462
285 464
285 465
285 485
285 495
285 503
285 504
285 523
285 524
285 527
285 529
285 530
285 532
285 285
286 286
287 287
288 289
288 288
289 291
289 293
289 336
289 354
289 379
289 381
289 385
289 388
289 405
289 411
289 414
289 423
289 427
289 462
289 465
289 485
289 486
289 490
289 496
289 498
289 502
289 506
289 508
289 510
289 523
289 525
289 526
289 528
289 530
289 531
289 535
289 536
289 289
290 290
291 292
291 291
292 297
292 385
292 392
292 411
292 417
292 452
292 465
292 471
292 487
292 506
292 510
292 524
292 530
292 535
292 536
292 292
293 294
293 295
293 296
293 293
294 388
294 415
294 419
294 453
294 467
294 468
294 471
294 492
294 500
294 504
294 524
294 525
294 526
294 532
294 533
294 534
294 535
294 294
295 297
295 388
295 392
295 411
295 412
295 413
295 414
295 421
295 454
295 467
295 471
295 474
295 488
295 498
295 499
295 500
295 501
295 502
295 503
295 509
295 512
295 523
295 529
295 530
295 532
295 533
295 295
296 388
296 415
296 419
296 455
296 471
296 472
296 478
296 486
296 504
296 526
296 532
296 533
296 296
297 298
297 299
297 297
298 318
298 320
298 431
298 455
298 472
298 496
298 506
298 512
298 298
299 318
299 392
299 398
299 411
299 412
299 489
299 493
299 506
299 533
299 299
300 301
300 302
300 300
301 405
301 472
301 484
301 506
301 301
302 394
302 411
302 493
302 302
303 304
303 303
304 307
304 333
304 473
304 481
304 496
304 507
304 508
304 513
304 514
304 304
305 306
305 305
306 315
306 340
306 474
306 485
306 496
306 500
306 511
306 514
306 515
306 306
307 308
307 307
308 311
308 331
308 333
308 335
308 369
308 372
308 375
308 377
308 395
308 417
308 423
308 473
308 478
308 481
308 482
308 483
308 496
308 506
308 507
308 508
308 512
308 514
308 516
308 526
308 529
308 530
308 535
308 308
309 310
309 309
310 475
310 497
310 499
310 509
310 514
310 516
310 310
311 312
311 313
311 311
312 318
312 426
312 478
312 496
312 506
312 510
312 512
312 515
312 516
312 312
313 318
313 320
313 348
313 357
313 394
313 395
313 398
313 400
313 409
313 411
313 412
313 413
313 414
313 417
313 420
313 421
313 423
313 424
313 425
313 432
313 472
313 478
313 493
313 494
313 506
313 520
313 526
313 529
313 530
313 533
313 536
313 313
314 314
315 316
315 317
315 315
316 318
316 340
316 344
316 385
316 392
316 397
316 398
316 411
316 412
316 423
316 474
316 478
316 485
316 492
316 496
316 500
316 503
316 506
316 510
316 515
316 516
316 520
316 528
316 529
316 531
316 533
316 535
316 536
316 316
317 320
317 355
317 397
317 400
317 406
317 411
317 413
317 417
317 420
317 421
317 424
317 426
317 431
317 474
317 486
317 496
317 506
317 507
317 508
317 510
317 511
317 512
317 514
317 526
317 529
317 530
317 533
317 317
318 319
318 318
319 398
319 415
319 419
319 421
319 425
319 478
319 497
319 505
319 509
319 511
319 512
319 516
319 527
319 532
319 533
319 319
320 320
321 322
321 321
322 480
322 513
322 322
323 323
324 325
324 326
324 324
325 356
325 487
325 489
325 515
325 518
325 325
326 331
326 335
326 340
326 344
326 348
326 350
326 351
326 352
326 355
326 363
326 372
326 377
326 385
326 392
326 395
326 396
326 397
326 398
326 403
326 406
326 412
326 413
326 417
326 421
326 422
326 423
326 425
326 426
326 428
326 430
326 458
326 468
326 471
326 474
326 478
326 482
326 483
326 487
326 488
326 489
326 493
326 510
326 511
326 512
326 515
326 516
326 520
326 521
326 524
326 526
326 528
326 529
326 530
326 533
326 535
326 326
327 328
327 327
328 351
328 488
328 511
328 517
328 518
328 328
329 330
329 329
330 340
330 367
330 385
330 412
330 423
330 456
330 468
330 526
330 330
331 332
331 331
332 333
332 336
332 338
332 340
332 341
332 460
332 466
332 491
332 500
332 501
332 507
332 508
332 514
332 515
332 332
333 334
333 333
334 335
334 350
334 351
334 355
334 375
334 377
334 396
334 397
334 403
334 406
334 412
334 414
334 417
334 420
334 422
334 424
334 427
334 429
334 458
334 473
334 474
334 483
334 488
334 508
334 514
334 521
334 526
334 529
334 530
334 531
334 334
335 335
336 337
336 336
337 490
337 501
337 514
337 519
337 337
338 339
338 338
339 341
339 491
339 502
339 508
339 509
339 511
339 517
339 519
339 520
339 339
340 340
341 342
341 343
341 341
342 351
342 352
342 469
342 494
342 509
342 511
342 518
342 519
342 342
343 355
343 388
343 406
343 414
343 419
343 421
343 427
343 428
343 467
343 471
343 478
343 489
343 491
343 492
343 493
343 494
343 500
343 502
343 508
343 510
343 524
343 525
343 526
343 532
343 533
343 534
343 535
343 536
343 343
344 345
344 346
344 347
344 344
345 425
345 492
345 503
345 515
345 516
345 520
345 345
346 352
346 353
346 356
346 357
346 358
346 432
346 471
346 478
346 510
346 512
346 515
346 516
346 518
346 520
346 346
347 392
347 422
347 426
347 428
347 471
347 521
347 524
347 528
347 347
348 349
348 348
349 357
349 408
349 489
349 493
349 510
349 520
349 349
350 350
351 351
352 352
353 353
354 354
355 355
356 356
357 357
358 358
359 359
360 360
361 361
362 362
363 364
363 363
364 414
364 468
364 471
364 524
364 526
364 528
364 364
365 366
365 365
366 469
366 525
366 527
366 528
366 366
367 368
367 367
368 375
368 377
368 456
368 458
368 480
368 482
368 483
368 521
368 368
369 370
369 371
369 369
370 375
370 457
370 481
370 482
370 506
370 521
370 526
370 529
370 530
370 370
371 379
371 380
371 459
371 463
371 464
371 481
371 485
371 491
371 498
371 499
371 504
371 506
371 523
371 526
371 371
372 373
372 374
372 372
373 377
373 458
373 473
373 483
373 510
373 521
373 526
373 530
373 531
373 373
374 381
374 383
374 460
374 466
374 468
374 469
374 473
374 475
374 500
374 502
374 510
374 522
374 523
374 526
374 374
375 376
375 375
376 385
376 388
376 460
376 466
376 467
376 482
376 490
376 491
376 502
376 503
376 523
376 524
376 529
376 530
376 376
377 378
377 377
378 388
378 392
378 461
378 469
378 471
378 483
378 491
378 492
378 501
378 502
378 523
378 525
378 530
378 531
378 378
379 379
380 380
381 382
381 381
382 383
382 385
382 388
382 397
382 413
382 414
382 421
382 478
382 494
382 510
382 526
382 529
382 530
382 532
382 536
382 382
383 384
383 383
384 469
384 475
384 501
384 509
384 523
384 527
384 531
384 534
384 535
384 384
385 386
385 387
385 385
386 411
386 465
386 485
386 503
386 506
386 524
386 529
386 530
386 533
386 386
387 396
387 397
387 413
387 414
387 468
387 473
387 474
387 482
387 487
387 488
387 510
387 526
387 529
387 530
387 387
388 389
388 390
388 391
388 388
389 467
389 491
389 502
389 525
389 526
389 532
389 533
389 534
389 536
389 389
390 397
390 398
390 469
390 475
390 478
390 488
390 491
390 494
390 509
390 512
390 527
390 528
390 532
390 534
390 390
391 406
391 414
391 445
391 471
391 524
391 526
391 391
392 393
392 392
393 398
393 400
393 431
393 432
393 471
393 478
393 489
393 493
393 508
393 511
393 526
393 528
393 533
393 535
393 393
394 394
395 395
396 396
397 397
398 399
398 398
399 428
399 478
399 494
399 511
399 520
399 528
399 533
399 535
399 536
399 399
400 400
401 402
401 401
402 405
402 406
402 411
402 481
402 485
402 486
402 506
402 530
402 402
403 404
403 403
404 406
404 408
404 412
404 483
404 488
404 489
404 526
404 531
404 404
405 405
406 407
406 406
407 409
407 491
407 493
407 533
407 534
407 407
408 408
409 409
410 410
411 411
412 412
413 413
414 414
415 416
415 415
416 504
416 524
416 532
416 416
417 418
417 417
418 507
418 512
418 517
418 530
418 535
418 418
419 419
420 420
421 421
422 422
423 423
424 424
425 425
426 426
427 427
428 428
429 429
430 430
431 431
432 432
433 433
434 434
435 435
436 436
437 437
438 439
438 438
439 522
439 439
440 440
441 441
442 442
443 443
444 444
445 445
446 446
447 447
448 448
449 449
450 450
451 451
452 452
453 453
454 454
455 455
456 456
457 457
458 458
459 459
460 460
461 461
462 462
463 463
464 464
465 465
466 466
467 467
468 468
469 470
469 469
470 471
470 478
470 488
470 489
470 491
470 492
470 493
470 494
470 501
470 502
470 509
470 511
470 520
470 523
470 525
470 526
470 527
470 528
470 531
470 532
470 533
470 534
470 535
470 536
470 537
470 470
471 471
472 472
473 473
474 474
475 476
475 477
475 475
476 490
476 537
476 476
477 478
477 491
477 492
477 532
477 535
477 537
477 477
478 479
478 478
479 494
479 509
479 512
479 520
479 527
479 528
479 532
479 533
479 534
479 535
479 536
479 537
479 479
480 480
481 481
482 482
483 483
484 484
485 485
486 486
487 487
488 488
489 489
490 490
491 491
492 492
493 493
494 494
495 495
496 496
497 497
498 498
499 499
500 500
501 501
502 502
503 503
504 504
505 505
506 506
507 507
508 508
509 509
510 510
511 511
512 512
513 513
514 514
515 515
516 516
517 517
518 518
519 519
520 520
521 521
522 522
523 523
524 524
525 525
526 526
527 527
528 528
529 529
530 530
531 531
532 532
533 533
534 534
535 535
536 536
537 537
