0 1
0 2
0 3
0 4
0 5
0 6
1 281
1 458
1 1
1 561
1 501
1 282
1 5
1 562
1 6
2 73
2 45
2 64
2 26
2 8
2 227
2 50
2 310
2 304
2 4
2 9
2 305
2 311
2 218
3 230
4 69
4 75
4 295
4 26
4 138
4 11
4 230
4 300
4 124
4 27
4 548
4 55
4 535
4 66
4 304
4 122
4 325
4 254
4 63
4 209
4 361
4 301
4 225
4 227
4 305
5 281
5 500
5 410
5 520
5 412
5 562
5 6
6 281
6 458
6 480
6 429
6 409
6 520
6 430
6 481
6 249
6 282
6 412
6 428
6 501
6 562
7 8
7 9
8 10
8 29
8 41
8 54
8 65
8 114
8 115
8 184
8 219
8 45
8 169
8 98
8 256
8 140
8 69
8 312
8 303
8 243
8 75
8 295
8 95
8 271
8 220
8 255
8 218
8 363
8 26
8 383
8 72
8 406
8 407
8 296
8 422
8 246
8 135
8 62
8 366
8 447
8 118
8 309
8 340
8 187
8 470
8 476
8 167
8 452
8 11
8 185
8 230
8 300
8 367
8 25
8 68
8 539
8 124
8 125
8 231
8 27
8 320
8 490
8 31
8 136
8 355
8 55
8 489
8 405
8 297
8 542
8 121
8 548
8 360
8 226
8 66
8 549
8 550
8 12
8 551
8 433
8 552
8 304
8 76
8 97
8 245
8 252
8 535
8 186
8 139
8 325
8 302
8 228
8 329
8 223
8 553
8 441
8 435
8 533
8 242
8 440
8 209
8 8
8 368
8 285
8 70
8 137
8 17
8 361
8 265
8 301
8 56
8 506
8 554
8 99
8 423
8 528
8 241
8 188
8 225
8 311
8 63
8 119
8 227
8 177
8 67
8 96
8 438
8 555
8 9
8 556
8 74
8 229
8 305
9 54
9 184
9 45
9 169
9 69
9 243
9 75
9 95
9 218
9 26
9 296
9 366
9 476
9 167
9 452
9 11
9 300
9 124
9 125
9 27
9 320
9 285
9 56
9 188
9 55
9 535
9 121
9 66
9 139
9 223
9 304
9 325
9 360
9 506
9 99
9 528
9 63
9 177
9 67
9 440
9 97
9 301
9 229
9 225
10 11
10 12
11 24
11 73
11 274
11 69
11 218
11 64
11 26
11 296
11 62
11 118
11 476
11 490
11 55
11 337
11 58
11 224
11 304
11 188
11 491
11 302
11 438
11 68
11 12
11 228
11 216
11 230
11 357
12 69
12 507
12 27
12 585
12 508
12 357
12 329
12 362
13 14
13 15
13 16
13 17
13 18
13 19
13 20
13 21
13 22
13 23
14 113
14 21
14 240
14 15
14 177
14 239
15 22
15 240
15 20
15 237
15 492
15 239
15 18
15 353
16 237
16 238
16 17
16 239
16 19
16 240
17 92
17 205
17 75
17 307
17 208
17 212
17 25
17 213
17 55
17 333
17 50
17 67
17 525
17 77
17 459
17 305
18 113
18 21
18 240
18 177
18 239
19 240
20 113
20 21
20 478
20 240
20 560
20 578
20 239
20 253
20 20
20 492
21 113
21 238
21 22
21 240
22 113
22 238
22 239
22 492
22 240
22 99
23 314
24 25
24 26
24 27
24 28
25 73
25 218
25 26
25 246
25 434
25 216
25 528
25 529
25 253
25 530
25 531
25 251
26 54
26 45
26 69
26 75
26 95
26 218
26 64
26 55
26 337
26 296
26 57
26 122
26 138
26 97
26 224
26 297
26 50
26 121
26 61
26 299
26 62
26 301
26 222
26 225
26 227
26 325
26 66
26 338
26 68
26 285
26 230
26 58
26 300
26 304
26 228
26 221
26 124
26 369
26 216
26 305
26 362
26 76
26 125
26 27
27 69
27 218
27 64
27 296
27 299
27 62
27 118
27 216
27 68
27 224
27 58
27 302
27 225
27 362
27 227
29 30
29 31
29 32
30 571
31 54
31 219
31 75
31 95
31 220
31 255
31 64
31 135
31 340
31 70
31 209
31 56
31 74
31 66
31 97
32 571
33 34
34 395
35 36
35 37
35 38
35 39
35 40
36 37
36 418
36 419
36 420
36 421
36 39
37 418
37 473
37 38
37 39
38 39
39 474
39 419
39 420
39 421
39 418
39 485
40 160
40 163
40 235
40 173
40 170
40 197
40 348
40 392
40 152
40 190
40 425
40 194
40 176
40 192
40 193
40 174
40 495
40 503
40 315
40 419
40 545
40 400
40 359
40 576
40 200
40 202
40 183
40 504
40 171
40 575
40 199
40 426
40 401
40 203
40 195
40 347
40 573
40 191
40 198
40 607
40 399
40 606
40 189
40 165
40 181
40 162
40 468
40 168
40 196
40 175
40 316
40 179
40 505
40 201
40 614
40 574
40 204
40 610
41 42
41 43
41 44
41 45
41 46
41 47
42 157
42 340
42 70
43 404
43 44
43 47
44 47
44 46
45 214
45 223
45 58
45 224
45 62
45 225
45 226
45 218
45 64
45 227
45 69
45 228
45 229
45 216
45 230
45 90
45 231
46 404
47 404
48 49
48 50
48 51
48 52
48 53
49 511
50 54
50 73
50 169
50 75
50 95
50 363
50 296
50 125
50 285
50 56
50 55
50 322
50 66
50 139
50 304
50 97
50 301
50 225
51 53
52 384
52 385
52 386
52 387
52 388
52 389
53 482
53 580
54 55
54 56
54 57
54 58
54 59
54 60
54 61
54 62
54 63
54 64
54 65
54 66
54 67
54 68
54 69
54 70
54 71
54 72
54 73
54 74
54 75
54 76
54 77
55 262
55 75
55 95
55 255
55 64
55 72
55 434
55 230
55 300
55 68
55 56
55 58
55 61
55 301
55 97
55 121
55 63
55 325
55 66
55 139
55 361
55 304
55 433
55 306
56 73
56 75
56 295
56 95
56 220
56 255
56 64
56 299
56 62
56 222
56 138
56 71
56 480
56 60
56 59
56 214
56 58
56 61
56 66
56 67
56 446
56 338
56 322
56 70
56 481
56 361
56 572
56 304
56 74
56 305
56 76
57 337
58 274
58 69
58 75
58 218
58 135
58 138
58 300
58 68
58 124
58 284
58 225
58 97
58 435
58 139
58 227
58 66
58 67
58 326
58 76
59 75
59 95
59 66
60 75
60 95
60 296
60 320
60 322
60 209
60 361
60 66
60 225
60 97
60 139
60 285
61 262
61 75
61 95
61 363
61 72
61 124
61 535
61 322
61 66
61 139
61 122
61 325
61 67
61 365
61 97
61 265
61 301
62 274
62 69
62 75
62 218
62 135
62 284
62 138
62 225
62 97
62 435
62 300
62 139
62 227
62 66
62 67
62 326
62 68
62 124
62 76
63 64
63 296
63 135
63 434
63 222
63 68
63 581
63 66
63 304
63 224
63 433
63 209
63 301
63 305
63 97
64 184
64 219
64 140
64 69
64 75
64 95
64 220
64 255
64 218
64 320
64 340
64 225
64 97
64 99
64 121
64 135
64 188
64 139
64 366
64 296
64 209
64 227
64 367
64 66
64 67
64 368
64 285
64 70
64 301
64 300
64 304
64 74
64 76
65 95
65 66
65 75
65 96
65 97
65 98
65 99
65 69
66 73
66 98
66 274
66 69
66 75
66 295
66 95
66 218
66 72
66 299
66 222
66 336
66 208
66 71
66 324
66 216
66 230
66 480
66 68
66 320
66 322
66 70
66 337
66 122
66 97
66 338
66 323
66 139
66 227
66 67
66 444
66 481
66 76
66 254
66 74
66 305
66 117
66 77
67 75
67 95
67 296
67 208
67 212
67 125
67 178
67 321
67 139
67 590
67 331
67 570
67 97
67 119
67 77
68 98
68 69
68 75
68 95
68 218
68 406
68 366
68 324
68 230
68 300
68 225
68 97
68 224
68 532
68 528
68 533
68 534
68 535
68 323
68 536
68 361
69 295
69 223
69 296
69 95
69 225
69 97
69 224
69 297
69 298
69 135
69 228
69 299
69 300
69 226
69 301
69 218
69 227
69 302
69 230
69 251
69 303
69 213
69 253
69 304
69 74
69 124
69 216
69 305
69 306
69 307
69 76
69 75
70 75
70 95
70 220
70 135
70 340
70 97
70 139
71 75
71 95
72 75
72 95
72 223
72 321
72 97
72 331
72 77
73 135
73 136
73 137
73 138
73 139
73 140
73 75
74 169
74 75
74 95
74 220
74 255
74 135
74 139
74 325
74 97
75 98
75 262
75 274
75 320
75 220
75 295
75 95
75 321
75 97
75 224
75 250
75 322
75 323
75 324
75 230
75 208
75 226
75 325
75 185
75 326
75 327
75 251
75 253
75 328
75 265
75 329
75 330
75 76
75 331
75 77
76 338
77 205
77 317
77 332
77 95
77 363
77 397
77 407
77 327
77 309
77 471
77 526
77 125
77 250
77 364
77 352
77 322
77 475
77 455
77 333
77 330
77 365
77 97
77 564
77 565
77 592
77 353
77 611
78 79
78 80
79 494
79 90
79 598
80 208
80 212
80 213
80 149
80 215
80 489
81 82
81 83
81 84
81 85
81 86
81 87
82 83
82 86
82 84
82 85
82 87
83 341
83 342
83 84
83 343
83 86
83 87
83 344
83 85
84 93
84 308
84 343
84 86
84 344
84 87
84 341
84 483
84 85
85 343
85 86
86 483
86 87
88 89
88 90
88 91
89 402
89 557
89 618
89 619
90 387
90 540
90 386
93 94
95 205
95 274
95 295
95 223
95 334
95 335
95 97
95 322
95 214
95 228
95 336
95 337
95 296
95 119
95 208
95 227
95 178
95 215
95 338
95 285
95 251
95 213
95 253
95 305
95 307
96 224
96 99
97 98
97 295
97 327
97 230
97 250
97 178
97 326
97 226
97 328
97 330
97 613
97 119
98 250
98 251
98 252
98 253
98 254
98 255
99 299
99 187
99 230
99 567
99 186
99 302
99 441
99 224
99 297
100 101
100 102
100 103
100 104
100 105
100 106
100 107
100 108
100 109
100 110
100 111
100 112
101 127
101 112
101 106
101 109
101 107
101 103
101 108
101 111
101 105
101 102
101 104
101 110
102 112
102 106
102 109
102 107
102 103
102 108
102 111
102 104
102 105
102 110
103 112
103 106
103 109
103 107
103 104
103 105
103 108
103 110
103 111
104 358
104 393
104 394
104 453
104 454
104 396
104 106
104 546
104 109
104 129
104 586
104 461
104 108
104 128
104 395
104 105
104 583
104 110
105 127
105 112
105 106
105 109
105 107
105 108
105 111
105 110
106 112
106 108
106 107
106 109
106 110
107 358
107 393
107 394
107 453
107 454
107 396
107 546
107 109
107 129
107 586
107 461
107 108
107 128
107 395
107 583
107 110
108 112
108 462
108 109
108 110
108 111
109 112
109 110
109 111
110 112
110 394
110 454
110 547
110 111
110 395
112 112
115 116
115 117
115 118
115 119
116 350
116 476
116 323
116 599
117 184
117 447
117 118
117 452
117 188
117 242
118 413
118 398
118 437
118 242
118 416
118 452
118 438
118 362
119 452
119 178
119 551
120 121
120 122
120 123
120 124
120 125
120 126
121 443
121 325
121 305
122 299
122 230
122 305
124 230
124 177
124 305
124 326
125 295
125 322
126 223
127 128
127 129
128 453
128 396
128 419
128 462
128 129
128 586
128 395
129 358
129 393
129 454
129 396
129 462
129 583
129 461
129 395
130 131
130 132
130 133
130 130
130 134
131 132
131 134
132 133
132 134
132 300
132 493
133 250
133 352
133 353
133 330
135 220
135 221
135 361
135 433
135 222
135 434
136 218
136 138
136 216
136 305
138 468
138 469
138 435
139 220
139 222
139 480
139 338
139 214
139 209
139 325
139 481
139 305
140 285
140 214
141 142
141 143
141 144
141 145
141 146
141 147
142 391
142 154
142 143
142 145
142 146
142 144
142 155
142 147
143 150
143 153
143 391
143 154
143 146
143 144
143 456
143 145
143 457
143 155
143 147
144 154
144 514
144 146
144 144
144 159
146 154
146 457
146 159
146 155
146 389
147 154
147 389
148 149
149 205
149 208
149 212
149 213
149 587
149 217
149 459
151 152
152 160
152 192
152 399
152 400
152 401
152 190
152 166
153 154
153 155
154 391
154 456
154 159
154 155
154 457
155 391
155 456
156 157
157 270
157 271
157 272
157 273
158 159
160 161
160 162
160 163
160 164
160 165
160 166
160 167
160 168
160 169
160 170
160 171
160 172
160 173
160 174
160 175
160 176
160 177
160 178
160 179
160 180
160 181
160 182
160 183
161 243
161 182
161 247
162 163
162 192
162 426
162 179
163 189
163 190
163 191
163 179
163 165
163 192
163 193
163 194
163 195
163 196
163 197
163 181
163 173
163 198
163 174
163 199
163 200
163 166
163 201
163 202
163 170
163 203
163 204
164 197
164 348
164 190
164 192
164 175
165 267
165 192
165 575
165 195
165 166
166 197
166 425
166 176
166 192
166 174
166 575
166 573
166 505
166 574
166 610
166 181
167 243
167 244
167 208
167 242
167 247
168 197
168 192
168 573
168 175
169 241
169 242
169 243
169 182
169 244
169 245
169 246
169 247
170 315
170 198
170 201
170 189
170 316
170 203
170 192
171 192
171 399
172 243
173 179
173 192
174 425
174 192
174 193
174 426
174 196
174 389
174 179
174 359
175 197
175 192
175 573
175 175
176 388
176 192
176 196
176 179
177 236
177 243
177 182
177 247
177 424
178 243
178 335
178 328
179 425
179 194
179 192
179 193
179 495
179 200
179 202
179 183
179 575
179 426
179 203
179 195
179 573
179 600
179 607
179 615
179 616
179 617
179 196
179 180
179 505
179 610
180 192
180 202
180 426
180 196
181 192
181 574
182 243
182 327
182 423
182 499
182 247
183 192
184 185
184 186
184 187
184 188
185 274
185 476
185 481
185 480
186 247
186 252
186 242
186 440
187 252
187 242
187 302
187 440
188 571
188 579
192 400
192 474
192 475
192 200
193 193
193 196
194 426
196 575
197 347
197 348
198 576
198 201
198 468
198 316
198 606
199 348
199 359
199 200
199 347
200 359
201 597
201 201
203 495
203 448
205 206
205 207
205 208
205 209
205 210
205 211
205 212
205 213
205 214
205 215
205 216
205 217
205 218
206 208
206 212
206 213
207 208
207 215
207 212
207 213
208 244
208 213
208 489
208 405
209 296
209 366
209 230
209 214
209 305
210 301
212 307
212 522
212 213
212 523
212 524
212 217
212 525
212 368
213 307
213 459
213 455
213 265
213 460
214 296
214 366
214 311
216 300
216 304
216 225
216 360
216 224
218 224
218 297
218 225
218 226
218 360
218 300
218 227
218 302
218 361
218 304
218 228
218 305
218 362
218 230
219 220
219 221
219 222
220 340
222 366
222 227
222 446
223 336
223 530
224 234
224 274
224 303
224 354
224 406
224 413
224 366
224 486
224 536
224 577
224 550
224 245
224 304
224 252
224 325
224 440
224 357
224 329
225 299
225 230
225 300
225 531
225 338
225 595
225 369
225 227
226 588
227 477
227 230
227 300
227 543
227 361
227 518
227 305
228 303
228 366
228 300
230 303
230 295
230 296
230 320
230 300
230 325
230 251
230 253
230 304
230 362
231 296
231 403
232 233
233 513
240 335
240 353
242 413
242 436
242 416
242 355
242 594
243 314
243 247
244 405
245 434
245 433
246 423
246 424
247 541
247 314
247 549
248 249
249 409
249 282
250 332
250 370
250 397
250 431
250 327
250 309
250 526
250 455
250 353
250 330
250 322
251 300
251 536
252 434
252 577
252 297
252 433
252 444
253 300
253 536
254 496
254 532
254 361
257 258
257 259
257 260
257 261
259 292
259 289
260 513
262 263
262 264
262 265
262 266
263 265
264 265
265 274
265 266
265 554
267 268
267 269
269 612
271 339
274 275
274 276
274 277
274 278
274 279
275 434
275 433
276 354
276 479
276 480
276 481
277 467
277 604
279 528
280 281
280 282
281 408
281 409
281 282
281 410
281 411
281 412
282 458
282 411
282 410
282 584
282 409
282 412
282 562
283 284
285 296
285 301
286 287
286 288
286 289
286 290
286 291
286 292
286 293
286 294
287 292
287 289
287 288
287 291
287 290
287 293
287 465
288 292
288 289
288 290
288 291
288 293
288 294
288 465
289 292
289 464
289 290
289 291
289 294
289 293
289 465
289 466
290 292
290 291
290 403
290 293
291 292
291 465
291 293
292 294
292 293
293 465
294 515
294 465
294 466
296 312
296 417
296 325
296 338
296 305
297 440
298 434
298 433
299 300
299 366
300 320
300 337
300 468
300 518
300 435
300 433
300 361
300 304
300 369
300 306
300 362
301 354
301 526
301 361
302 422
302 433
303 304
304 434
304 486
304 566
304 491
304 433
304 369
305 445
305 320
305 535
305 325
307 313
307 459
307 460
308 309
309 353
310 381
318 319
319 448
319 449
319 450
319 451
320 532
320 542
320 337
320 321
320 362
320 331
322 471
322 472
323 496
324 496
324 361
325 512
325 338
327 373
327 397
327 455
327 375
329 528
330 526
330 352
330 353
332 333
333 364
333 564
333 565
339 487
339 488
340 366
340 361
341 343
342 343
343 344
345 346
346 381
347 372
348 359
349 350
350 413
351 352
351 353
352 526
352 353
353 370
353 397
353 398
353 526
354 355
354 356
354 357
355 528
355 357
357 406
357 536
359 425
359 573
359 574
359 575
360 361
361 366
361 535
363 364
363 365
364 563
364 564
364 565
365 431
366 443
366 444
371 372
372 480
372 481
373 374
373 375
373 376
373 377
374 376
374 375
378 379
378 380
380 389
381 382
387 393
387 474
387 517
388 390
388 391
390 502
393 394
393 395
393 396
395 453
395 454
395 396
395 462
395 547
395 586
396 461
396 462
397 398
398 413
398 416
398 438
398 439
402 403
403 519
403 609
408 497
408 410
408 412
410 458
410 501
410 412
410 520
411 520
411 412
412 458
412 520
412 501
412 562
413 414
413 415
413 416
416 438
416 439
418 419
418 421
418 485
419 474
419 421
420 474
421 474
425 426
427 428
427 429
427 430
431 432
432 463
433 442
433 441
433 440
434 440
434 441
434 442
435 486
436 437
438 439
438 558
439 544
440 567
440 441
441 567
441 577
448 451
453 454
459 522
459 569
459 525
459 489
464 530
465 521
469 602
471 472
474 484
474 485
480 506
481 506
483 582
487 488
488 589
491 558
497 498
498 502
500 501
500 502
503 504
503 505
507 508
509 510
509 511
510 511
510 516
511 516
522 525
524 603
525 525
526 527
528 578
528 601
537 538
538 591
548 559
564 565
567 568
569 570
570 608
582 605
591 592
591 593
595 596
619 619
