0 0
0 1
0 2
0 3
0 4
0 5
0 6
0 7
0 8
0 9
0 10
0 11
1 1
1 2
1 3
1 4
1 5
1 6
1 7
1 8
1 9
1 10
1 11
2 2
2 3
2 4
2 5
2 6
2 7
2 8
2 9
2 10
2 11
3 3
3 4
3 5
3 69
3 70
3 71
3 18
3 19
3 20
3 72
3 73
3 74
3 30
3 31
3 32
3 36
3 37
3 38
3 75
3 76
3 77
3 78
3 79
3 80
3 81
3 82
3 83
3 84
3 85
3 86
3 87
3 88
3 89
3 63
3 64
3 65
3 66
3 67
3 68
4 4
4 5
4 69
4 70
4 71
4 18
4 19
4 20
4 72
4 73
4 74
4 30
4 31
4 32
4 36
4 37
4 38
4 75
4 76
4 77
4 78
4 79
4 80
4 81
4 82
4 83
4 84
4 85
4 86
4 87
4 88
4 89
4 63
4 64
4 65
4 66
4 67
4 68
5 5
5 69
5 70
5 71
5 18
5 19
5 20
5 72
5 73
5 74
5 30
5 31
5 32
5 36
5 37
5 38
5 75
5 76
5 77
5 78
5 79
5 80
5 81
5 82
5 83
5 84
5 85
5 86
5 87
5 88
5 89
5 63
5 64
5 65
5 66
5 67
5 68
6 18
6 19
6 20
6 72
6 73
6 74
6 6
6 7
6 8
6 90
6 91
6 92
6 93
6 94
6 95
6 96
6 97
6 98
6 99
6 100
6 101
6 102
6 103
6 104
6 105
6 106
6 107
6 108
6 109
6 110
6 111
6 112
6 113
7 18
7 19
7 20
7 72
7 73
7 74
7 7
7 8
7 90
7 91
7 92
7 93
7 94
7 95
7 96
7 97
7 98
7 99
7 100
7 101
7 102
7 103
7 104
7 105
7 106
7 107
7 108
7 109
7 110
7 111
7 112
7 113
8 18
8 19
8 20
8 72
8 73
8 74
8 8
8 90
8 91
8 92
8 93
8 94
8 95
8 96
8 97
8 98
8 99
8 100
8 101
8 102
8 103
8 104
8 105
8 106
8 107
8 108
8 109
8 110
8 111
8 112
8 113
9 15
9 16
9 17
9 24
9 25
9 26
9 21
9 22
9 23
9 126
9 127
9 128
9 9
9 10
9 11
9 27
9 28
9 29
9 30
9 31
9 32
9 99
9 100
9 101
10 15
10 16
10 17
10 24
10 25
10 26
10 21
10 22
10 23
10 126
10 127
10 128
10 10
10 11
10 27
10 28
10 29
10 30
10 31
10 32
10 99
10 100
10 101
11 15
11 16
11 17
11 24
11 25
11 26
11 21
11 22
11 23
11 126
11 127
11 128
11 11
11 27
11 28
11 29
11 30
11 31
11 32
11 99
11 100
11 101
12 12
12 13
12 14
12 15
12 16
12 17
12 18
12 19
12 20
12 21
12 22
12 23
13 13
13 14
13 15
13 16
13 17
13 18
13 19
13 20
13 21
13 22
13 23
14 14
14 15
14 16
14 17
14 18
14 19
14 20
14 21
14 22
14 23
15 15
15 16
15 17
15 24
15 25
15 26
15 27
15 28
15 29
15 30
15 31
15 32
15 33
15 34
15 35
15 36
15 37
15 38
15 39
15 40
15 41
15 42
15 43
15 44
15 45
15 46
15 47
15 48
15 49
15 50
15 51
15 52
15 53
15 54
15 55
15 56
16 16
16 17
16 24
16 25
16 26
16 27
16 28
16 29
16 30
16 31
16 32
16 33
16 34
16 35
16 36
16 37
16 38
16 39
16 40
16 41
16 42
16 43
16 44
16 45
16 46
16 47
16 48
16 49
16 50
16 51
16 52
16 53
16 54
16 55
16 56
17 17
17 24
17 25
17 26
17 27
17 28
17 29
17 30
17 31
17 32
17 33
17 34
17 35
17 36
17 37
17 38
17 39
17 40
17 41
17 42
17 43
17 44
17 45
17 46
17 47
17 48
17 49
17 50
17 51
17 52
17 53
17 54
17 55
17 56
18 69
18 70
18 71
18 18
18 19
18 20
18 72
18 73
18 74
18 90
18 91
18 92
18 36
18 37
18 38
18 93
18 94
18 95
19 69
19 70
19 71
19 19
19 20
19 72
19 73
19 74
19 90
19 91
19 92
19 36
19 37
19 38
19 93
19 94
19 95
20 69
20 70
20 71
20 20
20 72
20 73
20 74
20 90
20 91
20 92
20 36
20 37
20 38
20 93
20 94
20 95
21 21
21 22
21 23
21 126
21 127
21 128
21 27
21 28
21 29
21 93
21 94
21 95
21 99
21 100
21 101
21 129
21 130
21 131
21 132
21 133
21 134
21 135
21 136
21 137
21 120
21 121
21 122
21 123
21 124
21 125
22 22
22 23
22 126
22 127
22 128
22 27
22 28
22 29
22 93
22 94
22 95
22 99
22 100
22 101
22 129
22 130
22 131
22 132
22 133
22 134
22 135
22 136
22 137
22 120
22 121
22 122
22 123
22 124
22 125
23 23
23 126
23 127
23 128
23 27
23 28
23 29
23 93
23 94
23 95
23 99
23 100
23 101
23 129
23 130
23 131
23 132
23 133
23 134
23 135
23 136
23 137
23 120
23 121
23 122
23 123
23 124
23 125
24 24
24 25
24 26
24 27
24 28
24 29
24 30
24 31
24 32
24 33
24 34
24 35
24 39
24 40
24 41
24 42
24 43
24 44
24 45
24 46
24 47
24 48
24 49
24 50
24 51
24 52
24 53
24 54
24 55
24 56
25 25
25 26
25 27
25 28
25 29
25 30
25 31
25 32
25 33
25 34
25 35
25 39
25 40
25 41
25 42
25 43
25 44
25 45
25 46
25 47
25 48
25 49
25 50
25 51
25 52
25 53
25 54
25 55
25 56
26 26
26 27
26 28
26 29
26 30
26 31
26 32
26 33
26 34
26 35
26 39
26 40
26 41
26 42
26 43
26 44
26 45
26 46
26 47
26 48
26 49
26 50
26 51
26 52
26 53
26 54
26 55
26 56
27 126
27 127
27 128
27 27
27 28
27 29
28 126
28 127
28 128
28 28
28 29
29 126
29 127
29 128
29 29
30 30
30 31
30 32
30 33
30 34
30 35
30 138
30 139
30 140
30 141
30 142
30 143
30 144
30 145
30 146
30 147
30 148
30 149
30 150
30 151
30 152
30 153
30 154
30 155
30 156
30 157
30 158
30 159
30 160
30 161
30 162
30 163
30 164
30 39
30 40
30 41
30 45
30 46
30 47
31 31
31 32
31 33
31 34
31 35
31 138
31 139
31 140
31 141
31 142
31 143
31 144
31 145
31 146
31 147
31 148
31 149
31 150
31 151
31 152
31 153
31 154
31 155
31 156
31 157
31 158
31 159
31 160
31 161
31 162
31 163
31 164
31 39
31 40
31 41
31 45
31 46
31 47
32 32
32 33
32 34
32 35
32 138
32 139
32 140
32 141
32 142
32 143
32 144
32 145
32 146
32 147
32 148
32 149
32 150
32 151
32 152
32 153
32 154
32 155
32 156
32 157
32 158
32 159
32 160
32 161
32 162
32 163
32 164
32 39
32 40
32 41
32 45
32 46
32 47
33 33
33 34
33 35
33 138
33 139
33 140
33 141
33 142
33 143
33 144
33 145
33 146
33 147
33 148
33 149
33 150
33 151
33 152
33 153
33 154
33 155
33 156
33 157
33 158
33 159
33 160
33 161
34 34
34 35
34 138
34 139
34 140
34 141
34 142
34 143
34 144
34 145
34 146
34 147
34 148
34 149
34 150
34 151
34 152
34 153
34 154
34 155
34 156
34 157
34 158
34 159
34 160
34 161
35 35
35 138
35 139
35 140
35 141
35 142
35 143
35 144
35 145
35 146
35 147
35 148
35 149
35 150
35 151
35 152
35 153
35 154
35 155
35 156
35 157
35 158
35 159
35 160
35 161
36 69
36 70
36 71
36 138
36 139
36 140
36 141
36 142
36 143
36 36
36 37
36 38
36 75
36 76
36 77
36 165
36 166
36 167
36 168
36 169
36 170
36 150
36 151
36 152
36 153
36 154
36 155
36 171
36 172
36 173
36 174
36 175
36 176
36 177
36 178
36 179
36 180
36 181
36 182
36 183
36 184
36 185
36 78
36 79
36 80
36 84
36 85
36 86
37 69
37 70
37 71
37 138
37 139
37 140
37 141
37 142
37 143
37 37
37 38
37 75
37 76
37 77
37 165
37 166
37 167
37 168
37 169
37 170
37 150
37 151
37 152
37 153
37 154
37 155
37 171
37 172
37 173
37 174
37 175
37 176
37 177
37 178
37 179
37 180
37 181
37 182
37 183
37 184
37 185
37 78
37 79
37 80
37 84
37 85
37 86
38 69
38 70
38 71
38 138
38 139
38 140
38 141
38 142
38 143
38 38
38 75
38 76
38 77
38 165
38 166
38 167
38 168
38 169
38 170
38 150
38 151
38 152
38 153
38 154
38 155
38 171
38 172
38 173
38 174
38 175
38 176
38 177
38 178
38 179
38 180
38 181
38 182
38 183
38 184
38 185
38 78
38 79
38 80
38 84
38 85
38 86
39 78
39 79
39 80
39 81
39 82
39 83
39 661
39 662
39 663
39 664
39 665
39 666
39 39
39 40
39 41
39 42
39 43
39 44
40 78
40 79
40 80
40 81
40 82
40 83
40 661
40 662
40 663
40 664
40 665
40 666
40 40
40 41
40 42
40 43
40 44
41 78
41 79
41 80
41 81
41 82
41 83
41 661
41 662
41 663
41 664
41 665
41 666
41 41
41 42
41 43
41 44
42 78
42 79
42 80
42 81
42 82
42 83
42 661
42 662
42 663
42 664
42 665
42 666
42 42
42 43
42 44
43 78
43 79
43 80
43 81
43 82
43 83
43 661
43 662
43 663
43 664
43 665
43 666
43 43
43 44
44 78
44 79
44 80
44 81
44 82
44 83
44 661
44 662
44 663
44 664
44 665
44 666
44 44
45 45
45 46
45 47
45 48
45 49
45 50
45 667
45 668
45 669
45 670
45 671
45 672
45 132
45 133
45 134
45 135
45 136
45 137
46 46
46 47
46 48
46 49
46 50
46 667
46 668
46 669
46 670
46 671
46 672
46 132
46 133
46 134
46 135
46 136
46 137
47 47
47 48
47 49
47 50
47 667
47 668
47 669
47 670
47 671
47 672
47 132
47 133
47 134
47 135
47 136
47 137
48 48
48 49
48 50
48 667
48 668
48 669
48 670
48 671
48 672
48 132
48 133
48 134
48 135
48 136
48 137
49 49
49 50
49 667
49 668
49 669
49 670
49 671
49 672
49 132
49 133
49 134
49 135
49 136
49 137
50 50
50 667
50 668
50 669
50 670
50 671
50 672
50 132
50 133
50 134
50 135
50 136
50 137
51 57
51 58
51 59
51 60
51 61
51 62
51 51
51 52
51 53
51 54
51 55
51 56
52 57
52 58
52 59
52 60
52 61
52 62
52 52
52 53
52 54
52 55
52 56
53 57
53 58
53 59
53 60
53 61
53 62
53 53
53 54
53 55
53 56
54 57
54 58
54 59
54 60
54 61
54 62
54 54
54 55
54 56
55 57
55 58
55 59
55 60
55 61
55 62
55 55
55 56
56 57
56 58
56 59
56 60
56 61
56 62
56 56
57 57
57 58
57 59
57 60
57 61
57 62
57 63
57 64
57 65
57 66
57 67
57 68
58 58
58 59
58 60
58 61
58 62
58 63
58 64
58 65
58 66
58 67
58 68
59 59
59 60
59 61
59 62
59 63
59 64
59 65
59 66
59 67
59 68
60 60
60 61
60 62
60 63
60 64
60 65
60 66
60 67
60 68
61 61
61 62
61 63
61 64
61 65
61 66
61 67
61 68
62 62
62 63
62 64
62 65
62 66
62 67
62 68
63 69
63 70
63 71
63 63
63 64
63 65
63 66
63 67
63 68
64 69
64 70
64 71
64 64
64 65
64 66
64 67
64 68
65 69
65 70
65 71
65 65
65 66
65 67
65 68
66 69
66 70
66 71
66 66
66 67
66 68
67 69
67 70
67 71
67 67
67 68
68 69
68 70
68 71
68 68
69 69
69 70
69 71
69 72
69 73
69 74
69 75
69 76
69 77
69 78
69 79
69 80
69 81
69 82
69 83
69 84
69 85
69 86
69 87
69 88
69 89
70 70
70 71
70 72
70 73
70 74
70 75
70 76
70 77
70 78
70 79
70 80
70 81
70 82
70 83
70 84
70 85
70 86
70 87
70 88
70 89
71 71
71 72
71 73
71 74
71 75
71 76
71 77
71 78
71 79
71 80
71 81
71 82
71 83
71 84
71 85
71 86
71 87
71 88
71 89
72 72
72 73
72 74
72 90
72 91
72 92
73 73
73 74
73 90
73 91
73 92
74 74
74 90
74 91
74 92
75 138
75 139
75 140
75 141
75 142
75 143
75 75
75 76
75 77
75 165
75 166
75 167
75 168
75 169
75 170
75 150
75 151
75 152
75 153
75 154
75 155
75 171
75 172
75 173
75 174
75 175
75 176
75 177
75 178
75 179
75 180
75 181
75 182
76 138
76 139
76 140
76 141
76 142
76 143
76 76
76 77
76 165
76 166
76 167
76 168
76 169
76 170
76 150
76 151
76 152
76 153
76 154
76 155
76 171
76 172
76 173
76 174
76 175
76 176
76 177
76 178
76 179
76 180
76 181
76 182
77 138
77 139
77 140
77 141
77 142
77 143
77 77
77 165
77 166
77 167
77 168
77 169
77 170
77 150
77 151
77 152
77 153
77 154
77 155
77 171
77 172
77 173
77 174
77 175
77 176
77 177
77 178
77 179
77 180
77 181
77 182
78 78
78 79
78 80
78 81
78 82
78 83
78 655
78 656
78 657
78 658
78 659
78 660
79 79
79 80
79 81
79 82
79 83
79 655
79 656
79 657
79 658
79 659
79 660
80 80
80 81
80 82
80 83
80 655
80 656
80 657
80 658
80 659
80 660
81 81
81 82
81 83
81 655
81 656
81 657
81 658
81 659
81 660
82 82
82 83
82 655
82 656
82 657
82 658
82 659
82 660
83 83
83 655
83 656
83 657
83 658
83 659
83 660
84 102
84 103
84 104
84 105
84 106
84 107
84 685
84 686
84 687
84 688
84 689
84 690
84 84
84 85
84 86
84 87
84 88
84 89
85 102
85 103
85 104
85 105
85 106
85 107
85 685
85 686
85 687
85 688
85 689
85 690
85 85
85 86
85 87
85 88
85 89
86 102
86 103
86 104
86 105
86 106
86 107
86 685
86 686
86 687
86 688
86 689
86 690
86 86
86 87
86 88
86 89
87 102
87 103
87 104
87 105
87 106
87 107
87 685
87 686
87 687
87 688
87 689
87 690
87 87
87 88
87 89
88 102
88 103
88 104
88 105
88 106
88 107
88 685
88 686
88 687
88 688
88 689
88 690
88 88
88 89
89 102
89 103
89 104
89 105
89 106
89 107
89 685
89 686
89 687
89 688
89 689
89 690
89 89
90 90
90 91
90 92
90 93
90 94
90 95
90 96
90 97
90 98
90 102
90 103
90 104
90 105
90 106
90 107
90 108
90 109
90 110
90 111
90 112
90 113
91 91
91 92
91 93
91 94
91 95
91 96
91 97
91 98
91 102
91 103
91 104
91 105
91 106
91 107
91 108
91 109
91 110
91 111
91 112
91 113
92 92
92 93
92 94
92 95
92 96
92 97
92 98
92 102
92 103
92 104
92 105
92 106
92 107
92 108
92 109
92 110
92 111
92 112
92 113
93 165
93 166
93 167
93 168
93 169
93 170
93 93
93 94
93 95
93 96
93 97
93 98
93 186
93 187
93 188
93 189
93 190
93 191
93 177
93 178
93 179
93 180
93 181
93 182
93 192
93 193
93 194
93 195
93 196
93 197
93 198
93 199
93 200
93 201
93 202
93 203
93 204
93 205
93 102
93 103
93 104
94 165
94 166
94 167
94 168
94 169
94 170
94 94
94 95
94 96
94 97
94 98
94 186
94 187
94 188
94 189
94 190
94 191
94 177
94 178
94 179
94 180
94 181
94 182
94 192
94 193
94 194
94 195
94 196
94 197
94 198
94 199
94 200
94 201
94 202
94 203
94 204
94 205
94 102
94 103
94 104
95 165
95 166
95 167
95 168
95 169
95 170
95 95
95 96
95 97
95 98
95 186
95 187
95 188
95 189
95 190
95 191
95 177
95 178
95 179
95 180
95 181
95 182
95 192
95 193
95 194
95 195
95 196
95 197
95 198
95 199
95 200
95 201
95 202
95 203
95 204
95 205
95 102
95 103
95 104
96 165
96 166
96 167
96 168
96 169
96 170
96 96
96 97
96 98
96 186
96 187
96 188
96 189
96 190
96 191
96 177
96 178
96 179
96 180
96 181
96 182
96 192
96 193
96 194
96 195
96 196
96 197
96 198
96 199
96 200
96 201
96 202
96 203
97 165
97 166
97 167
97 168
97 169
97 170
97 97
97 98
97 186
97 187
97 188
97 189
97 190
97 191
97 177
97 178
97 179
97 180
97 181
97 182
97 192
97 193
97 194
97 195
97 196
97 197
97 198
97 199
97 200
97 201
97 202
97 203
98 165
98 166
98 167
98 168
98 169
98 170
98 98
98 186
98 187
98 188
98 189
98 190
98 191
98 177
98 178
98 179
98 180
98 181
98 182
98 192
98 193
98 194
98 195
98 196
98 197
98 198
98 199
98 200
98 201
98 202
98 203
99 126
99 127
99 128
99 186
99 187
99 188
99 189
99 190
99 191
99 99
99 100
99 101
99 129
99 130
99 131
99 206
99 207
99 208
99 209
99 210
99 211
99 198
99 199
99 200
99 201
99 202
99 203
99 212
99 213
99 214
99 215
99 216
99 217
99 156
99 157
99 158
99 159
99 160
99 161
99 218
99 132
99 133
99 134
100 126
100 127
100 128
100 186
100 187
100 188
100 189
100 190
100 191
100 100
100 101
100 129
100 130
100 131
100 206
100 207
100 208
100 209
100 210
100 211
100 198
100 199
100 200
100 201
100 202
100 203
100 212
100 213
100 214
100 215
100 216
100 217
100 156
100 157
100 158
100 159
100 160
100 161
100 218
100 132
100 133
100 134
101 126
101 127
101 128
101 186
101 187
101 188
101 189
101 190
101 191
101 101
101 129
101 130
101 131
101 206
101 207
101 208
101 209
101 210
101 211
101 198
101 199
101 200
101 201
101 202
101 203
101 212
101 213
101 214
101 215
101 216
101 217
101 156
101 157
101 158
101 159
101 160
101 161
101 218
101 132
101 133
101 134
102 102
102 103
102 104
102 105
102 106
102 107
102 679
102 680
102 681
102 682
102 683
102 684
103 103
103 104
103 105
103 106
103 107
103 679
103 680
103 681
103 682
103 683
103 684
104 104
104 105
104 106
104 107
104 679
104 680
104 681
104 682
104 683
104 684
105 105
105 106
105 107
105 679
105 680
105 681
105 682
105 683
105 684
106 106
106 107
106 679
106 680
106 681
106 682
106 683
106 684
107 107
107 679
107 680
107 681
107 682
107 683
107 684
108 114
108 115
108 116
108 117
108 118
108 119
108 108
108 109
108 110
108 111
108 112
108 113
109 114
109 115
109 116
109 117
109 118
109 119
109 109
109 110
109 111
109 112
109 113
110 114
110 115
110 116
110 117
110 118
110 119
110 110
110 111
110 112
110 113
111 114
111 115
111 116
111 117
111 118
111 119
111 111
111 112
111 113
112 114
112 115
112 116
112 117
112 118
112 119
112 112
112 113
113 114
113 115
113 116
113 117
113 118
113 119
113 113
114 114
114 115
114 116
114 117
114 118
114 119
114 120
114 121
114 122
114 123
114 124
114 125
115 115
115 116
115 117
115 118
115 119
115 120
115 121
115 122
115 123
115 124
115 125
116 116
116 117
116 118
116 119
116 120
116 121
116 122
116 123
116 124
116 125
117 117
117 118
117 119
117 120
117 121
117 122
117 123
117 124
117 125
118 118
118 119
118 120
118 121
118 122
118 123
118 124
118 125
119 119
119 120
119 121
119 122
119 123
119 124
119 125
120 126
120 127
120 128
120 120
120 121
120 122
120 123
120 124
120 125
121 126
121 127
121 128
121 121
121 122
121 123
121 124
121 125
122 126
122 127
122 128
122 122
122 123
122 124
122 125
123 126
123 127
123 128
123 123
123 124
123 125
124 126
124 127
124 128
124 124
124 125
125 126
125 127
125 128
125 125
126 126
126 127
126 128
126 129
126 130
126 131
126 132
126 133
126 134
126 135
126 136
126 137
127 127
127 128
127 129
127 130
127 131
127 132
127 133
127 134
127 135
127 136
127 137
128 128
128 129
128 130
128 131
128 132
128 133
128 134
128 135
128 136
128 137
129 186
129 187
129 188
129 189
129 190
129 191
129 129
129 130
129 131
129 206
129 207
129 208
129 209
129 210
129 211
129 198
129 199
129 200
129 201
129 202
129 203
129 212
129 213
129 214
129 215
129 216
129 217
129 156
129 157
129 158
129 159
129 160
129 161
130 186
130 187
130 188
130 189
130 190
130 191
130 130
130 131
130 206
130 207
130 208
130 209
130 210
130 211
130 198
130 199
130 200
130 201
130 202
130 203
130 212
130 213
130 214
130 215
130 216
130 217
130 156
130 157
130 158
130 159
130 160
130 161
131 186
131 187
131 188
131 189
131 190
131 191
131 131
131 206
131 207
131 208
131 209
131 210
131 211
131 198
131 199
131 200
131 201
131 202
131 203
131 212
131 213
131 214
131 215
131 216
131 217
131 156
131 157
131 158
131 159
131 160
131 161
132 673
132 674
132 675
132 676
132 677
132 678
132 132
132 133
132 134
132 135
132 136
132 137
133 673
133 674
133 675
133 676
133 677
133 678
133 133
133 134
133 135
133 136
133 137
134 673
134 674
134 675
134 676
134 677
134 678
134 134
134 135
134 136
134 137
135 673
135 674
135 675
135 676
135 677
135 678
135 135
135 136
135 137
136 673
136 674
136 675
136 676
136 677
136 678
136 136
136 137
137 673
137 674
137 675
137 676
137 677
137 678
137 137
138 138
138 139
138 140
138 141
138 142
138 143
138 150
138 151
138 152
138 153
138 154
138 155
139 139
139 140
139 141
139 142
139 143
139 150
139 151
139 152
139 153
139 154
139 155
140 140
140 141
140 142
140 143
140 150
140 151
140 152
140 153
140 154
140 155
141 141
141 142
141 143
141 150
141 151
141 152
141 153
141 154
141 155
142 142
142 143
142 150
142 151
142 152
142 153
142 154
142 155
143 143
143 150
143 151
143 152
143 153
143 154
143 155
144 144
144 145
144 146
144 147
144 148
144 149
144 150
144 151
144 152
144 153
144 154
144 155
144 156
144 157
144 158
144 159
144 160
144 161
144 222
144 223
144 224
144 225
144 226
144 227
144 228
144 229
144 230
144 231
144 232
144 233
144 234
144 235
144 236
144 237
144 238
144 239
144 162
144 163
144 164
144 240
144 241
144 242
145 145
145 146
145 147
145 148
145 149
145 150
145 151
145 152
145 153
145 154
145 155
145 156
145 157
145 158
145 159
145 160
145 161
145 222
145 223
145 224
145 225
145 226
145 227
145 228
145 229
145 230
145 231
145 232
145 233
145 234
145 235
145 236
145 237
145 238
145 239
145 162
145 163
145 164
145 240
145 241
145 242
146 146
146 147
146 148
146 149
146 150
146 151
146 152
146 153
146 154
146 155
146 156
146 157
146 158
146 159
146 160
146 161
146 222
146 223
146 224
146 225
146 226
146 227
146 228
146 229
146 230
146 231
146 232
146 233
146 234
146 235
146 236
146 237
146 238
146 239
146 162
146 163
146 164
146 240
146 241
146 242
147 147
147 148
147 149
147 150
147 151
147 152
147 153
147 154
147 155
147 156
147 157
147 158
147 159
147 160
147 161
147 222
147 223
147 224
147 225
147 226
147 227
147 228
147 229
147 230
147 231
147 232
147 233
147 234
147 235
147 236
147 237
147 238
147 239
148 148
148 149
148 150
148 151
148 152
148 153
148 154
148 155
148 156
148 157
148 158
148 159
148 160
148 161
148 222
148 223
148 224
148 225
148 226
148 227
148 228
148 229
148 230
148 231
148 232
148 233
148 234
148 235
148 236
148 237
148 238
148 239
149 149
149 150
149 151
149 152
149 153
149 154
149 155
149 156
149 157
149 158
149 159
149 160
149 161
149 222
149 223
149 224
149 225
149 226
149 227
149 228
149 229
149 230
149 231
149 232
149 233
149 234
149 235
149 236
149 237
149 238
149 239
150 150
150 151
150 152
150 153
150 154
150 155
150 171
150 172
150 173
150 174
150 175
150 176
150 222
150 223
150 224
150 225
150 226
150 227
150 243
150 244
150 245
150 246
150 247
150 248
150 234
150 235
150 236
150 237
150 238
150 239
150 249
150 250
150 251
150 252
150 253
150 254
151 151
151 152
151 153
151 154
151 155
151 171
151 172
151 173
151 174
151 175
151 176
151 222
151 223
151 224
151 225
151 226
151 227
151 243
151 244
151 245
151 246
151 247
151 248
151 234
151 235
151 236
151 237
151 238
151 239
151 249
151 250
151 251
151 252
151 253
151 254
152 152
152 153
152 154
152 155
152 171
152 172
152 173
152 174
152 175
152 176
152 222
152 223
152 224
152 225
152 226
152 227
152 243
152 244
152 245
152 246
152 247
152 248
152 234
152 235
152 236
152 237
152 238
152 239
152 249
152 250
152 251
152 252
152 253
152 254
153 153
153 154
153 155
153 171
153 172
153 173
153 174
153 175
153 176
153 222
153 223
153 224
153 225
153 226
153 227
153 243
153 244
153 245
153 246
153 247
153 248
153 234
153 235
153 236
153 237
153 238
153 239
153 249
153 250
153 251
153 252
153 253
153 254
154 154
154 155
154 171
154 172
154 173
154 174
154 175
154 176
154 222
154 223
154 224
154 225
154 226
154 227
154 243
154 244
154 245
154 246
154 247
154 248
154 234
154 235
154 236
154 237
154 238
154 239
154 249
154 250
154 251
154 252
154 253
154 254
155 155
155 171
155 172
155 173
155 174
155 175
155 176
155 222
155 223
155 224
155 225
155 226
155 227
155 243
155 244
155 245
155 246
155 247
155 248
155 234
155 235
155 236
155 237
155 238
155 239
155 249
155 250
155 251
155 252
155 253
155 254
156 206
156 207
156 208
156 209
156 210
156 211
156 212
156 213
156 214
156 215
156 216
156 217
156 156
156 157
156 158
156 159
156 160
156 161
156 222
156 223
156 224
156 225
156 226
156 227
156 285
156 286
156 287
156 288
156 289
156 290
156 228
156 229
156 230
156 231
156 232
156 233
156 297
156 298
156 299
156 300
156 301
156 302
157 206
157 207
157 208
157 209
157 210
157 211
157 212
157 213
157 214
157 215
157 216
157 217
157 157
157 158
157 159
157 160
157 161
157 222
157 223
157 224
157 225
157 226
157 227
157 285
157 286
157 287
157 288
157 289
157 290
157 228
157 229
157 230
157 231
157 232
157 233
157 297
157 298
157 299
157 300
157 301
157 302
158 206
158 207
158 208
158 209
158 210
158 211
158 212
158 213
158 214
158 215
158 216
158 217
158 158
158 159
158 160
158 161
158 222
158 223
158 224
158 225
158 226
158 227
158 285
158 286
158 287
158 288
158 289
158 290
158 228
158 229
158 230
158 231
158 232
158 233
158 297
158 298
158 299
158 300
158 301
158 302
159 206
159 207
159 208
159 209
159 210
159 211
159 212
159 213
159 214
159 215
159 216
159 217
159 159
159 160
159 161
159 222
159 223
159 224
159 225
159 226
159 227
159 285
159 286
159 287
159 288
159 289
159 290
159 228
159 229
159 230
159 231
159 232
159 233
159 297
159 298
159 299
159 300
159 301
159 302
160 206
160 207
160 208
160 209
160 210
160 211
160 212
160 213
160 214
160 215
160 216
160 217
160 160
160 161
160 222
160 223
160 224
160 225
160 226
160 227
160 285
160 286
160 287
160 288
160 289
160 290
160 228
160 229
160 230
160 231
160 232
160 233
160 297
160 298
160 299
160 300
160 301
160 302
161 206
161 207
161 208
161 209
161 210
161 211
161 212
161 213
161 214
161 215
161 216
161 217
161 161
161 222
161 223
161 224
161 225
161 226
161 227
161 285
161 286
161 287
161 288
161 289
161 290
161 228
161 229
161 230
161 231
161 232
161 233
161 297
161 298
161 299
161 300
161 301
161 302
162 162
162 163
162 164
162 610
162 611
162 612
162 183
162 184
162 185
162 218
162 240
162 241
162 242
162 613
162 614
162 615
163 163
163 164
163 610
163 611
163 612
163 183
163 184
163 185
163 218
163 240
163 241
163 242
163 613
163 614
163 615
164 164
164 610
164 611
164 612
164 183
164 184
164 185
164 218
164 240
164 241
164 242
164 613
164 614
164 615
165 165
165 166
165 167
165 168
165 169
165 170
165 177
165 178
165 179
165 180
165 181
165 182
166 166
166 167
166 168
166 169
166 170
166 177
166 178
166 179
166 180
166 181
166 182
167 167
167 168
167 169
167 170
167 177
167 178
167 179
167 180
167 181
167 182
168 168
168 169
168 170
168 177
168 178
168 179
168 180
168 181
168 182
169 169
169 170
169 177
169 178
169 179
169 180
169 181
169 182
170 170
170 177
170 178
170 179
170 180
170 181
170 182
171 171
171 172
171 173
171 174
171 175
171 176
171 177
171 178
171 179
171 180
171 181
171 182
171 243
171 244
171 245
171 246
171 247
171 248
171 249
171 250
171 251
171 252
171 253
171 254
171 255
171 256
171 257
171 258
171 259
171 260
171 183
171 184
171 185
171 261
171 262
171 263
172 172
172 173
172 174
172 175
172 176
172 177
172 178
172 179
172 180
172 181
172 182
172 243
172 244
172 245
172 246
172 247
172 248
172 249
172 250
172 251
172 252
172 253
172 254
172 255
172 256
172 257
172 258
172 259
172 260
172 183
172 184
172 185
172 261
172 262
172 263
173 173
173 174
173 175
173 176
173 177
173 178
173 179
173 180
173 181
173 182
173 243
173 244
173 245
173 246
173 247
173 248
173 249
173 250
173 251
173 252
173 253
173 254
173 255
173 256
173 257
173 258
173 259
173 260
173 183
173 184
173 185
173 261
173 262
173 263
174 174
174 175
174 176
174 177
174 178
174 179
174 180
174 181
174 182
174 243
174 244
174 245
174 246
174 247
174 248
174 249
174 250
174 251
174 252
174 253
174 254
174 255
174 256
174 257
174 258
174 259
174 260
175 175
175 176
175 177
175 178
175 179
175 180
175 181
175 182
175 243
175 244
175 245
175 246
175 247
175 248
175 249
175 250
175 251
175 252
175 253
175 254
175 255
175 256
175 257
175 258
175 259
175 260
176 176
176 177
176 178
176 179
176 180
176 181
176 182
176 243
176 244
176 245
176 246
176 247
176 248
176 249
176 250
176 251
176 252
176 253
176 254
176 255
176 256
176 257
176 258
176 259
176 260
177 177
177 178
177 179
177 180
177 181
177 182
177 192
177 193
177 194
177 195
177 196
177 197
177 243
177 244
177 245
177 246
177 247
177 248
177 264
177 265
177 266
177 267
177 268
177 269
177 255
177 256
177 257
177 258
177 259
177 260
177 270
177 271
177 272
177 273
177 274
177 275
178 178
178 179
178 180
178 181
178 182
178 192
178 193
178 194
178 195
178 196
178 197
178 243
178 244
178 245
178 246
178 247
178 248
178 264
178 265
178 266
178 267
178 268
178 269
178 255
178 256
178 257
178 258
178 259
178 260
178 270
178 271
178 272
178 273
178 274
178 275
179 179
179 180
179 181
179 182
179 192
179 193
179 194
179 195
179 196
179 197
179 243
179 244
179 245
179 246
179 247
179 248
179 264
179 265
179 266
179 267
179 268
179 269
179 255
179 256
179 257
179 258
179 259
179 260
179 270
179 271
179 272
179 273
179 274
179 275
180 180
180 181
180 182
180 192
180 193
180 194
180 195
180 196
180 197
180 243
180 244
180 245
180 246
180 247
180 248
180 264
180 265
180 266
180 267
180 268
180 269
180 255
180 256
180 257
180 258
180 259
180 260
180 270
180 271
180 272
180 273
180 274
180 275
181 181
181 182
181 192
181 193
181 194
181 195
181 196
181 197
181 243
181 244
181 245
181 246
181 247
181 248
181 264
181 265
181 266
181 267
181 268
181 269
181 255
181 256
181 257
181 258
181 259
181 260
181 270
181 271
181 272
181 273
181 274
181 275
182 182
182 192
182 193
182 194
182 195
182 196
182 197
182 243
182 244
182 245
182 246
182 247
182 248
182 264
182 265
182 266
182 267
182 268
182 269
182 255
182 256
182 257
182 258
182 259
182 260
182 270
182 271
182 272
182 273
182 274
182 275
183 183
183 184
183 185
183 616
183 617
183 618
183 204
183 205
183 261
183 262
183 263
183 619
183 620
183 621
184 184
184 185
184 616
184 617
184 618
184 204
184 205
184 261
184 262
184 263
184 619
184 620
184 621
185 185
185 616
185 617
185 618
185 204
185 205
185 261
185 262
185 263
185 619
185 620
185 621
186 186
186 187
186 188
186 189
186 190
186 191
186 198
186 199
186 200
186 201
186 202
186 203
187 187
187 188
187 189
187 190
187 191
187 198
187 199
187 200
187 201
187 202
187 203
188 188
188 189
188 190
188 191
188 198
188 199
188 200
188 201
188 202
188 203
189 189
189 190
189 191
189 198
189 199
189 200
189 201
189 202
189 203
190 190
190 191
190 198
190 199
190 200
190 201
190 202
190 203
191 191
191 198
191 199
191 200
191 201
191 202
191 203
192 192
192 193
192 194
192 195
192 196
192 197
192 198
192 199
192 200
192 201
192 202
192 203
192 264
192 265
192 266
192 267
192 268
192 269
192 270
192 271
192 272
192 273
192 274
192 275
192 276
192 277
192 278
192 279
192 280
192 281
192 204
192 205
192 282
192 283
192 284
193 193
193 194
193 195
193 196
193 197
193 198
193 199
193 200
193 201
193 202
193 203
193 264
193 265
193 266
193 267
193 268
193 269
193 270
193 271
193 272
193 273
193 274
193 275
193 276
193 277
193 278
193 279
193 280
193 281
193 204
193 205
193 282
193 283
193 284
194 194
194 195
194 196
194 197
194 198
194 199
194 200
194 201
194 202
194 203
194 264
194 265
194 266
194 267
194 268
194 269
194 270
194 271
194 272
194 273
194 274
194 275
194 276
194 277
194 278
194 279
194 280
194 281
194 204
194 205
194 282
194 283
194 284
195 195
195 196
195 197
195 198
195 199
195 200
195 201
195 202
195 203
195 264
195 265
195 266
195 267
195 268
195 269
195 270
195 271
195 272
195 273
195 274
195 275
195 276
195 277
195 278
195 279
195 280
195 281
196 196
196 197
196 198
196 199
196 200
196 201
196 202
196 203
196 264
196 265
196 266
196 267
196 268
196 269
196 270
196 271
196 272
196 273
196 274
196 275
196 276
196 277
196 278
196 279
196 280
196 281
197 197
197 198
197 199
197 200
197 201
197 202
197 203
197 264
197 265
197 266
197 267
197 268
197 269
197 270
197 271
197 272
197 273
197 274
197 275
197 276
197 277
197 278
197 279
197 280
197 281
198 198
198 199
198 200
198 201
198 202
198 203
198 212
198 213
198 214
198 215
198 216
198 217
198 264
198 265
198 266
198 267
198 268
198 269
198 285
198 286
198 287
198 288
198 289
198 290
198 276
198 277
198 278
198 279
198 280
198 281
198 291
198 292
198 293
198 294
198 295
198 296
199 199
199 200
199 201
199 202
199 203
199 212
199 213
199 214
199 215
199 216
199 217
199 264
199 265
199 266
199 267
199 268
199 269
199 285
199 286
199 287
199 288
199 289
199 290
199 276
199 277
199 278
199 279
199 280
199 281
199 291
199 292
199 293
199 294
199 295
199 296
200 200
200 201
200 202
200 203
200 212
200 213
200 214
200 215
200 216
200 217
200 264
200 265
200 266
200 267
200 268
200 269
200 285
200 286
200 287
200 288
200 289
200 290
200 276
200 277
200 278
200 279
200 280
200 281
200 291
200 292
200 293
200 294
200 295
200 296
201 201
201 202
201 203
201 212
201 213
201 214
201 215
201 216
201 217
201 264
201 265
201 266
201 267
201 268
201 269
201 285
201 286
201 287
201 288
201 289
201 290
201 276
201 277
201 278
201 279
201 280
201 281
201 291
201 292
201 293
201 294
201 295
201 296
202 202
202 203
202 212
202 213
202 214
202 215
202 216
202 217
202 264
202 265
202 266
202 267
202 268
202 269
202 285
202 286
202 287
202 288
202 289
202 290
202 276
202 277
202 278
202 279
202 280
202 281
202 291
202 292
202 293
202 294
202 295
202 296
203 203
203 212
203 213
203 214
203 215
203 216
203 217
203 264
203 265
203 266
203 267
203 268
203 269
203 285
203 286
203 287
203 288
203 289
203 290
203 276
203 277
203 278
203 279
203 280
203 281
203 291
203 292
203 293
203 294
203 295
203 296
204 204
204 205
204 622
204 623
204 624
204 218
204 282
204 283
204 284
204 625
204 626
204 627
205 205
205 622
205 623
205 624
205 218
205 282
205 283
205 284
205 625
205 626
205 627
206 206
206 207
206 208
206 209
206 210
206 211
206 218
206 219
206 220
206 221
207 207
207 208
207 209
207 210
207 211
207 218
207 219
207 220
207 221
208 208
208 209
208 210
208 211
208 218
208 219
208 220
208 221
209 209
209 210
209 211
209 218
209 219
209 220
209 221
210 210
210 211
210 218
210 219
210 220
210 221
211 211
211 218
211 219
211 220
211 221
212 212
212 213
212 214
212 215
212 216
212 217
212 285
212 286
212 287
212 288
212 289
212 290
212 291
212 292
212 293
212 294
212 295
212 296
212 297
212 298
212 299
212 300
212 301
212 302
212 218
212 303
212 304
212 305
213 213
213 214
213 215
213 216
213 217
213 285
213 286
213 287
213 288
213 289
213 290
213 291
213 292
213 293
213 294
213 295
213 296
213 297
213 298
213 299
213 300
213 301
213 302
213 218
213 303
213 304
213 305
214 214
214 215
214 216
214 217
214 285
214 286
214 287
214 288
214 289
214 290
214 291
214 292
214 293
214 294
214 295
214 296
214 297
214 298
214 299
214 300
214 301
214 302
214 218
214 303
214 304
214 305
215 215
215 216
215 217
215 285
215 286
215 287
215 288
215 289
215 290
215 291
215 292
215 293
215 294
215 295
215 296
215 297
215 298
215 299
215 300
215 301
215 302
216 216
216 217
216 285
216 286
216 287
216 288
216 289
216 290
216 291
216 292
216 293
216 294
216 295
216 296
216 297
216 298
216 299
216 300
216 301
216 302
217 217
217 285
217 286
217 287
217 288
217 289
217 290
217 291
217 292
217 293
217 294
217 295
217 296
217 297
217 298
217 299
217 300
217 301
217 302
218 218
218 219
218 220
218 221
218 303
218 304
218 305
218 628
218 629
218 630
219 219
219 220
219 221
219 303
219 304
219 305
219 628
219 629
219 630
220 220
220 221
220 303
220 304
220 305
220 628
220 629
220 630
221 221
221 303
221 304
221 305
221 628
221 629
221 630
222 222
222 223
222 224
222 225
222 226
222 227
222 243
222 244
222 245
222 246
222 247
222 248
222 285
222 286
222 287
222 288
222 289
222 290
222 306
222 307
222 308
222 309
222 310
222 311
222 312
222 313
222 314
222 315
222 316
222 317
223 223
223 224
223 225
223 226
223 227
223 243
223 244
223 245
223 246
223 247
223 248
223 285
223 286
223 287
223 288
223 289
223 290
223 306
223 307
223 308
223 309
223 310
223 311
223 312
223 313
223 314
223 315
223 316
223 317
224 224
224 225
224 226
224 227
224 243
224 244
224 245
224 246
224 247
224 248
224 285
224 286
224 287
224 288
224 289
224 290
224 306
224 307
224 308
224 309
224 310
224 311
224 312
224 313
224 314
224 315
224 316
224 317
225 225
225 226
225 227
225 243
225 244
225 245
225 246
225 247
225 248
225 285
225 286
225 287
225 288
225 289
225 290
225 306
225 307
225 308
225 309
225 310
225 311
225 312
225 313
225 314
225 315
225 316
225 317
226 226
226 227
226 243
226 244
226 245
226 246
226 247
226 248
226 285
226 286
226 287
226 288
226 289
226 290
226 306
226 307
226 308
226 309
226 310
226 311
226 312
226 313
226 314
226 315
226 316
226 317
227 227
227 243
227 244
227 245
227 246
227 247
227 248
227 285
227 286
227 287
227 288
227 289
227 290
227 306
227 307
227 308
227 309
227 310
227 311
227 312
227 313
227 314
227 315
227 316
227 317
228 228
228 229
228 230
228 231
228 232
228 233
228 234
228 235
228 236
228 237
228 238
228 239
228 297
228 298
228 299
228 300
228 301
228 302
228 330
228 331
228 332
228 333
228 334
228 335
228 336
228 337
228 338
228 339
228 340
228 341
229 229
229 230
229 231
229 232
229 233
229 234
229 235
229 236
229 237
229 238
229 239
229 297
229 298
229 299
229 300
229 301
229 302
229 330
229 331
229 332
229 333
229 334
229 335
229 336
229 337
229 338
229 339
229 340
229 341
230 230
230 231
230 232
230 233
230 234
230 235
230 236
230 237
230 238
230 239
230 297
230 298
230 299
230 300
230 301
230 302
230 330
230 331
230 332
230 333
230 334
230 335
230 336
230 337
230 338
230 339
230 340
230 341
231 231
231 232
231 233
231 234
231 235
231 236
231 237
231 238
231 239
231 297
231 298
231 299
231 300
231 301
231 302
231 330
231 331
231 332
231 333
231 334
231 335
231 336
231 337
231 338
231 339
231 340
231 341
232 232
232 233
232 234
232 235
232 236
232 237
232 238
232 239
232 297
232 298
232 299
232 300
232 301
232 302
232 330
232 331
232 332
232 333
232 334
232 335
232 336
232 337
232 338
232 339
232 340
232 341
233 233
233 234
233 235
233 236
233 237
233 238
233 239
233 297
233 298
233 299
233 300
233 301
233 302
233 330
233 331
233 332
233 333
233 334
233 335
233 336
233 337
233 338
233 339
233 340
233 341
234 234
234 235
234 236
234 237
234 238
234 239
234 249
234 250
234 251
234 252
234 253
234 254
234 336
234 337
234 338
234 339
234 340
234 341
234 342
234 343
234 344
234 345
234 346
234 347
235 235
235 236
235 237
235 238
235 239
235 249
235 250
235 251
235 252
235 253
235 254
235 336
235 337
235 338
235 339
235 340
235 341
235 342
235 343
235 344
235 345
235 346
235 347
236 236
236 237
236 238
236 239
236 249
236 250
236 251
236 252
236 253
236 254
236 336
236 337
236 338
236 339
236 340
236 341
236 342
236 343
236 344
236 345
236 346
236 347
237 237
237 238
237 239
237 249
237 250
237 251
237 252
237 253
237 254
237 336
237 337
237 338
237 339
237 340
237 341
237 342
237 343
237 344
237 345
237 346
237 347
238 238
238 239
238 249
238 250
238 251
238 252
238 253
238 254
238 336
238 337
238 338
238 339
238 340
238 341
238 342
238 343
238 344
238 345
238 346
238 347
239 239
239 249
239 250
239 251
239 252
239 253
239 254
239 336
239 337
239 338
239 339
239 340
239 341
239 342
239 343
239 344
239 345
239 346
239 347
240 330
240 331
240 332
240 610
240 611
240 612
240 240
240 241
240 242
240 613
240 614
240 615
240 390
240 391
240 392
240 631
240 632
240 633
241 330
241 331
241 332
241 610
241 611
241 612
241 241
241 242
241 613
241 614
241 615
241 390
241 391
241 392
241 631
241 632
241 633
242 330
242 331
242 332
242 610
242 611
242 612
242 242
242 613
242 614
242 615
242 390
242 391
242 392
242 631
242 632
242 633
243 243
243 244
243 245
243 246
243 247
243 248
243 264
243 265
243 266
243 267
243 268
243 269
243 306
243 307
243 308
243 309
243 310
243 311
243 318
243 319
243 320
243 321
243 322
243 323
244 244
244 245
244 246
244 247
244 248
244 264
244 265
244 266
244 267
244 268
244 269
244 306
244 307
244 308
244 309
244 310
244 311
244 318
244 319
244 320
244 321
244 322
244 323
245 245
245 246
245 247
245 248
245 264
245 265
245 266
245 267
245 268
245 269
245 306
245 307
245 308
245 309
245 310
245 311
245 318
245 319
245 320
245 321
245 322
245 323
246 246
246 247
246 248
246 264
246 265
246 266
246 267
246 268
246 269
246 306
246 307
246 308
246 309
246 310
246 311
246 318
246 319
246 320
246 321
246 322
246 323
247 247
247 248
247 264
247 265
247 266
247 267
247 268
247 269
247 306
247 307
247 308
247 309
247 310
247 311
247 318
247 319
247 320
247 321
247 322
247 323
248 248
248 264
248 265
248 266
248 267
248 268
248 269
248 306
248 307
248 308
248 309
248 310
248 311
248 318
248 319
248 320
248 321
248 322
248 323
249 249
249 250
249 251
249 252
249 253
249 254
249 255
249 256
249 257
249 258
249 259
249 260
249 342
249 343
249 344
249 345
249 346
249 347
249 348
249 349
249 350
249 351
249 352
249 353
250 250
250 251
250 252
250 253
250 254
250 255
250 256
250 257
250 258
250 259
250 260
250 342
250 343
250 344
250 345
250 346
250 347
250 348
250 349
250 350
250 351
250 352
250 353
251 251
251 252
251 253
251 254
251 255
251 256
251 257
251 258
251 259
251 260
251 342
251 343
251 344
251 345
251 346
251 347
251 348
251 349
251 350
251 351
251 352
251 353
252 252
252 253
252 254
252 255
252 256
252 257
252 258
252 259
252 260
252 342
252 343
252 344
252 345
252 346
252 347
252 348
252 349
252 350
252 351
252 352
252 353
253 253
253 254
253 255
253 256
253 257
253 258
253 259
253 260
253 342
253 343
253 344
253 345
253 346
253 347
253 348
253 349
253 350
253 351
253 352
253 353
254 254
254 255
254 256
254 257
254 258
254 259
254 260
254 342
254 343
254 344
254 345
254 346
254 347
254 348
254 349
254 350
254 351
254 352
254 353
255 255
255 256
255 257
255 258
255 259
255 260
255 270
255 271
255 272
255 273
255 274
255 275
255 348
255 349
255 350
255 351
255 352
255 353
255 354
255 355
255 356
255 357
255 358
255 359
256 256
256 257
256 258
256 259
256 260
256 270
256 271
256 272
256 273
256 274
256 275
256 348
256 349
256 350
256 351
256 352
256 353
256 354
256 355
256 356
256 357
256 358
256 359
257 257
257 258
257 259
257 260
257 270
257 271
257 272
257 273
257 274
257 275
257 348
257 349
257 350
257 351
257 352
257 353
257 354
257 355
257 356
257 357
257 358
257 359
258 258
258 259
258 260
258 270
258 271
258 272
258 273
258 274
258 275
258 348
258 349
258 350
258 351
258 352
258 353
258 354
258 355
258 356
258 357
258 358
258 359
259 259
259 260
259 270
259 271
259 272
259 273
259 274
259 275
259 348
259 349
259 350
259 351
259 352
259 353
259 354
259 355
259 356
259 357
259 358
259 359
260 260
260 270
260 271
260 272
260 273
260 274
260 275
260 348
260 349
260 350
260 351
260 352
260 353
260 354
260 355
260 356
260 357
260 358
260 359
261 342
261 343
261 344
261 616
261 617
261 618
261 261
261 262
261 263
261 619
261 620
261 621
261 417
261 418
261 419
261 634
261 635
261 636
262 342
262 343
262 344
262 616
262 617
262 618
262 262
262 263
262 619
262 620
262 621
262 417
262 418
262 419
262 634
262 635
262 636
263 342
263 343
263 344
263 616
263 617
263 618
263 263
263 619
263 620
263 621
263 417
263 418
263 419
263 634
263 635
263 636
264 264
264 265
264 266
264 267
264 268
264 269
264 285
264 286
264 287
264 288
264 289
264 290
264 318
264 319
264 320
264 321
264 322
264 323
264 324
264 325
264 326
264 327
264 328
264 329
265 265
265 266
265 267
265 268
265 269
265 285
265 286
265 287
265 288
265 289
265 290
265 318
265 319
265 320
265 321
265 322
265 323
265 324
265 325
265 326
265 327
265 328
265 329
266 266
266 267
266 268
266 269
266 285
266 286
266 287
266 288
266 289
266 290
266 318
266 319
266 320
266 321
266 322
266 323
266 324
266 325
266 326
266 327
266 328
266 329
267 267
267 268
267 269
267 285
267 286
267 287
267 288
267 289
267 290
267 318
267 319
267 320
267 321
267 322
267 323
267 324
267 325
267 326
267 327
267 328
267 329
268 268
268 269
268 285
268 286
268 287
268 288
268 289
268 290
268 318
268 319
268 320
268 321
268 322
268 323
268 324
268 325
268 326
268 327
268 328
268 329
269 269
269 285
269 286
269 287
269 288
269 289
269 290
269 318
269 319
269 320
269 321
269 322
269 323
269 324
269 325
269 326
269 327
269 328
269 329
270 270
270 271
270 272
270 273
270 274
270 275
270 276
270 277
270 278
270 279
270 280
270 281
270 354
270 355
270 356
270 357
270 358
270 359
270 360
270 361
270 362
270 363
270 364
270 365
271 271
271 272
271 273
271 274
271 275
271 276
271 277
271 278
271 279
271 280
271 281
271 354
271 355
271 356
271 357
271 358
271 359
271 360
271 361
271 362
271 363
271 364
271 365
272 272
272 273
272 274
272 275
272 276
272 277
272 278
272 279
272 280
272 281
272 354
272 355
272 356
272 357
272 358
272 359
272 360
272 361
272 362
272 363
272 364
272 365
273 273
273 274
273 275
273 276
273 277
273 278
273 279
273 280
273 281
273 354
273 355
273 356
273 357
273 358
273 359
273 360
273 361
273 362
273 363
273 364
273 365
274 274
274 275
274 276
274 277
274 278
274 279
274 280
274 281
274 354
274 355
274 356
274 357
274 358
274 359
274 360
274 361
274 362
274 363
274 364
274 365
275 275
275 276
275 277
275 278
275 279
275 280
275 281
275 354
275 355
275 356
275 357
275 358
275 359
275 360
275 361
275 362
275 363
275 364
275 365
276 276
276 277
276 278
276 279
276 280
276 281
276 291
276 292
276 293
276 294
276 295
276 296
276 360
276 361
276 362
276 363
276 364
276 365
276 366
276 367
276 368
276 369
276 370
276 371
277 277
277 278
277 279
277 280
277 281
277 291
277 292
277 293
277 294
277 295
277 296
277 360
277 361
277 362
277 363
277 364
277 365
277 366
277 367
277 368
277 369
277 370
277 371
278 278
278 279
278 280
278 281
278 291
278 292
278 293
278 294
278 295
278 296
278 360
278 361
278 362
278 363
278 364
278 365
278 366
278 367
278 368
278 369
278 370
278 371
279 279
279 280
279 281
279 291
279 292
279 293
279 294
279 295
279 296
279 360
279 361
279 362
279 363
279 364
279 365
279 366
279 367
279 368
279 369
279 370
279 371
280 280
280 281
280 291
280 292
280 293
280 294
280 295
280 296
280 360
280 361
280 362
280 363
280 364
280 365
280 366
280 367
280 368
280 369
280 370
280 371
281 281
281 291
281 292
281 293
281 294
281 295
281 296
281 360
281 361
281 362
281 363
281 364
281 365
281 366
281 367
281 368
281 369
281 370
281 371
282 354
282 355
282 356
282 622
282 623
282 624
282 282
282 283
282 284
282 625
282 626
282 627
282 432
282 433
282 434
282 637
282 638
282 639
283 354
283 355
283 356
283 622
283 623
283 624
283 283
283 284
283 625
283 626
283 627
283 432
283 433
283 434
283 637
283 638
283 639
284 354
284 355
284 356
284 622
284 623
284 624
284 284
284 625
284 626
284 627
284 432
284 433
284 434
284 637
284 638
284 639
285 285
285 286
285 287
285 288
285 289
285 290
285 324
285 325
285 326
285 327
285 328
285 329
285 312
285 313
285 314
285 315
285 316
285 317
286 286
286 287
286 288
286 289
286 290
286 324
286 325
286 326
286 327
286 328
286 329
286 312
286 313
286 314
286 315
286 316
286 317
287 287
287 288
287 289
287 290
287 324
287 325
287 326
287 327
287 328
287 329
287 312
287 313
287 314
287 315
287 316
287 317
288 288
288 289
288 290
288 324
288 325
288 326
288 327
288 328
288 329
288 312
288 313
288 314
288 315
288 316
288 317
289 289
289 290
289 324
289 325
289 326
289 327
289 328
289 329
289 312
289 313
289 314
289 315
289 316
289 317
290 290
290 324
290 325
290 326
290 327
290 328
290 329
290 312
290 313
290 314
290 315
290 316
290 317
291 291
291 292
291 293
291 294
291 295
291 296
291 297
291 298
291 299
291 300
291 301
291 302
291 366
291 367
291 368
291 369
291 370
291 371
291 372
291 373
291 374
291 375
291 376
291 377
292 292
292 293
292 294
292 295
292 296
292 297
292 298
292 299
292 300
292 301
292 302
292 366
292 367
292 368
292 369
292 370
292 371
292 372
292 373
292 374
292 375
292 376
292 377
293 293
293 294
293 295
293 296
293 297
293 298
293 299
293 300
293 301
293 302
293 366
293 367
293 368
293 369
293 370
293 371
293 372
293 373
293 374
293 375
293 376
293 377
294 294
294 295
294 296
294 297
294 298
294 299
294 300
294 301
294 302
294 366
294 367
294 368
294 369
294 370
294 371
294 372
294 373
294 374
294 375
294 376
294 377
295 295
295 296
295 297
295 298
295 299
295 300
295 301
295 302
295 366
295 367
295 368
295 369
295 370
295 371
295 372
295 373
295 374
295 375
295 376
295 377
296 296
296 297
296 298
296 299
296 300
296 301
296 302
296 366
296 367
296 368
296 369
296 370
296 371
296 372
296 373
296 374
296 375
296 376
296 377
297 297
297 298
297 299
297 300
297 301
297 302
297 330
297 331
297 332
297 333
297 334
297 335
297 372
297 373
297 374
297 375
297 376
297 377
298 298
298 299
298 300
298 301
298 302
298 330
298 331
298 332
298 333
298 334
298 335
298 372
298 373
298 374
298 375
298 376
298 377
299 299
299 300
299 301
299 302
299 330
299 331
299 332
299 333
299 334
299 335
299 372
299 373
299 374
299 375
299 376
299 377
300 300
300 301
300 302
300 330
300 331
300 332
300 333
300 334
300 335
300 372
300 373
300 374
300 375
300 376
300 377
301 301
301 302
301 330
301 331
301 332
301 333
301 334
301 335
301 372
301 373
301 374
301 375
301 376
301 377
302 302
302 330
302 331
302 332
302 333
302 334
302 335
302 372
302 373
302 374
302 375
302 376
302 377
303 366
303 367
303 368
303 303
303 304
303 305
303 628
303 629
303 630
303 459
303 460
303 461
303 640
303 641
303 642
304 366
304 367
304 368
304 304
304 305
304 628
304 629
304 630
304 459
304 460
304 461
304 640
304 641
304 642
305 366
305 367
305 368
305 305
305 628
305 629
305 630
305 459
305 460
305 461
305 640
305 641
305 642
306 306
306 307
306 308
306 309
306 310
306 311
306 318
306 319
306 320
306 321
306 322
306 323
306 324
306 325
306 326
306 327
306 328
306 329
306 312
306 313
306 314
306 315
306 316
306 317
307 307
307 308
307 309
307 310
307 311
307 318
307 319
307 320
307 321
307 322
307 323
307 324
307 325
307 326
307 327
307 328
307 329
307 312
307 313
307 314
307 315
307 316
307 317
308 308
308 309
308 310
308 311
308 318
308 319
308 320
308 321
308 322
308 323
308 324
308 325
308 326
308 327
308 328
308 329
308 312
308 313
308 314
308 315
308 316
308 317
309 309
309 310
309 311
309 318
309 319
309 320
309 321
309 322
309 323
309 324
309 325
309 326
309 327
309 328
309 329
309 312
309 313
309 314
309 315
309 316
309 317
310 310
310 311
310 318
310 319
310 320
310 321
310 322
310 323
310 324
310 325
310 326
310 327
310 328
310 329
310 312
310 313
310 314
310 315
310 316
310 317
311 311
311 318
311 319
311 320
311 321
311 322
311 323
311 324
311 325
311 326
311 327
311 328
311 329
311 312
311 313
311 314
311 315
311 316
311 317
312 324
312 325
312 326
312 327
312 328
312 329
312 312
312 313
312 314
312 315
312 316
312 317
313 324
313 325
313 326
313 327
313 328
313 329
313 313
313 314
313 315
313 316
313 317
314 324
314 325
314 326
314 327
314 328
314 329
314 314
314 315
314 316
314 317
315 324
315 325
315 326
315 327
315 328
315 329
315 315
315 316
315 317
316 324
316 325
316 326
316 327
316 328
316 329
316 316
316 317
317 324
317 325
317 326
317 327
317 328
317 329
317 317
318 318
318 319
318 320
318 321
318 322
318 323
318 324
318 325
318 326
318 327
318 328
318 329
319 319
319 320
319 321
319 322
319 323
319 324
319 325
319 326
319 327
319 328
319 329
320 320
320 321
320 322
320 323
320 324
320 325
320 326
320 327
320 328
320 329
321 321
321 322
321 323
321 324
321 325
321 326
321 327
321 328
321 329
322 322
322 323
322 324
322 325
322 326
322 327
322 328
322 329
323 323
323 324
323 325
323 326
323 327
323 328
323 329
324 324
324 325
324 326
324 327
324 328
324 329
325 325
325 326
325 327
325 328
325 329
326 326
326 327
326 328
326 329
327 327
327 328
327 329
328 328
328 329
329 329
330 330
330 331
330 332
330 333
330 334
330 335
330 336
330 337
330 338
330 339
330 340
330 341
330 372
330 373
330 374
330 375
330 376
330 377
330 378
330 379
330 380
330 381
330 382
330 383
330 384
330 385
330 386
330 387
330 388
330 389
330 390
330 391
330 392
331 331
331 332
331 333
331 334
331 335
331 336
331 337
331 338
331 339
331 340
331 341
331 372
331 373
331 374
331 375
331 376
331 377
331 378
331 379
331 380
331 381
331 382
331 383
331 384
331 385
331 386
331 387
331 388
331 389
331 390
331 391
331 392
332 332
332 333
332 334
332 335
332 336
332 337
332 338
332 339
332 340
332 341
332 372
332 373
332 374
332 375
332 376
332 377
332 378
332 379
332 380
332 381
332 382
332 383
332 384
332 385
332 386
332 387
332 388
332 389
332 390
332 391
332 392
333 333
333 334
333 335
333 336
333 337
333 338
333 339
333 340
333 341
333 372
333 373
333 374
333 375
333 376
333 377
333 378
333 379
333 380
333 381
333 382
333 383
333 384
333 385
333 386
333 387
333 388
333 389
334 334
334 335
334 336
334 337
334 338
334 339
334 340
334 341
334 372
334 373
334 374
334 375
334 376
334 377
334 378
334 379
334 380
334 381
334 382
334 383
334 384
334 385
334 386
334 387
334 388
334 389
335 335
335 336
335 337
335 338
335 339
335 340
335 341
335 372
335 373
335 374
335 375
335 376
335 377
335 378
335 379
335 380
335 381
335 382
335 383
335 384
335 385
335 386
335 387
335 388
335 389
336 336
336 337
336 338
336 339
336 340
336 341
336 342
336 343
336 344
336 345
336 346
336 347
336 393
336 394
336 395
336 396
336 397
336 398
336 384
336 385
336 386
336 387
336 388
336 389
336 399
336 400
336 401
336 402
336 403
336 404
337 337
337 338
337 339
337 340
337 341
337 342
337 343
337 344
337 345
337 346
337 347
337 393
337 394
337 395
337 396
337 397
337 398
337 384
337 385
337 386
337 387
337 388
337 389
337 399
337 400
337 401
337 402
337 403
337 404
338 338
338 339
338 340
338 341
338 342
338 343
338 344
338 345
338 346
338 347
338 393
338 394
338 395
338 396
338 397
338 398
338 384
338 385
338 386
338 387
338 388
338 389
338 399
338 400
338 401
338 402
338 403
338 404
339 339
339 340
339 341
339 342
339 343
339 344
339 345
339 346
339 347
339 393
339 394
339 395
339 396
339 397
339 398
339 384
339 385
339 386
339 387
339 388
339 389
339 399
339 400
339 401
339 402
339 403
339 404
340 340
340 341
340 342
340 343
340 344
340 345
340 346
340 347
340 393
340 394
340 395
340 396
340 397
340 398
340 384
340 385
340 386
340 387
340 388
340 389
340 399
340 400
340 401
340 402
340 403
340 404
341 341
341 342
341 343
341 344
341 345
341 346
341 347
341 393
341 394
341 395
341 396
341 397
341 398
341 384
341 385
341 386
341 387
341 388
341 389
341 399
341 400
341 401
341 402
341 403
341 404
342 342
342 343
342 344
342 345
342 346
342 347
342 348
342 349
342 350
342 351
342 352
342 353
342 405
342 406
342 407
342 408
342 409
342 410
342 411
342 412
342 413
342 414
342 415
342 416
342 399
342 400
342 401
342 402
342 403
342 404
342 417
342 418
342 419
343 343
343 344
343 345
343 346
343 347
343 348
343 349
343 350
343 351
343 352
343 353
343 405
343 406
343 407
343 408
343 409
343 410
343 411
343 412
343 413
343 414
343 415
343 416
343 399
343 400
343 401
343 402
343 403
343 404
343 417
343 418
343 419
344 344
344 345
344 346
344 347
344 348
344 349
344 350
344 351
344 352
344 353
344 405
344 406
344 407
344 408
344 409
344 410
344 411
344 412
344 413
344 414
344 415
344 416
344 399
344 400
344 401
344 402
344 403
344 404
344 417
344 418
344 419
345 345
345 346
345 347
345 348
345 349
345 350
345 351
345 352
345 353
345 405
345 406
345 407
345 408
345 409
345 410
345 411
345 412
345 413
345 414
345 415
345 416
345 399
345 400
345 401
345 402
345 403
345 404
346 346
346 347
346 348
346 349
346 350
346 351
346 352
346 353
346 405
346 406
346 407
346 408
346 409
346 410
346 411
346 412
346 413
346 414
346 415
346 416
346 399
346 400
346 401
346 402
346 403
346 404
347 347
347 348
347 349
347 350
347 351
347 352
347 353
347 405
347 406
347 407
347 408
347 409
347 410
347 411
347 412
347 413
347 414
347 415
347 416
347 399
347 400
347 401
347 402
347 403
347 404
348 348
348 349
348 350
348 351
348 352
348 353
348 354
348 355
348 356
348 357
348 358
348 359
348 411
348 412
348 413
348 414
348 415
348 416
348 420
348 421
348 422
348 423
348 424
348 425
349 349
349 350
349 351
349 352
349 353
349 354
349 355
349 356
349 357
349 358
349 359
349 411
349 412
349 413
349 414
349 415
349 416
349 420
349 421
349 422
349 423
349 424
349 425
350 350
350 351
350 352
350 353
350 354
350 355
350 356
350 357
350 358
350 359
350 411
350 412
350 413
350 414
350 415
350 416
350 420
350 421
350 422
350 423
350 424
350 425
351 351
351 352
351 353
351 354
351 355
351 356
351 357
351 358
351 359
351 411
351 412
351 413
351 414
351 415
351 416
351 420
351 421
351 422
351 423
351 424
351 425
352 352
352 353
352 354
352 355
352 356
352 357
352 358
352 359
352 411
352 412
352 413
352 414
352 415
352 416
352 420
352 421
352 422
352 423
352 424
352 425
353 353
353 354
353 355
353 356
353 357
353 358
353 359
353 411
353 412
353 413
353 414
353 415
353 416
353 420
353 421
353 422
353 423
353 424
353 425
354 354
354 355
354 356
354 357
354 358
354 359
354 360
354 361
354 362
354 363
354 364
354 365
354 420
354 421
354 422
354 423
354 424
354 425
354 426
354 427
354 428
354 429
354 430
354 431
354 432
354 433
354 434
355 355
355 356
355 357
355 358
355 359
355 360
355 361
355 362
355 363
355 364
355 365
355 420
355 421
355 422
355 423
355 424
355 425
355 426
355 427
355 428
355 429
355 430
355 431
355 432
355 433
355 434
356 356
356 357
356 358
356 359
356 360
356 361
356 362
356 363
356 364
356 365
356 420
356 421
356 422
356 423
356 424
356 425
356 426
356 427
356 428
356 429
356 430
356 431
356 432
356 433
356 434
357 357
357 358
357 359
357 360
357 361
357 362
357 363
357 364
357 365
357 420
357 421
357 422
357 423
357 424
357 425
357 426
357 427
357 428
357 429
357 430
357 431
358 358
358 359
358 360
358 361
358 362
358 363
358 364
358 365
358 420
358 421
358 422
358 423
358 424
358 425
358 426
358 427
358 428
358 429
358 430
358 431
359 359
359 360
359 361
359 362
359 363
359 364
359 365
359 420
359 421
359 422
359 423
359 424
359 425
359 426
359 427
359 428
359 429
359 430
359 431
360 360
360 361
360 362
360 363
360 364
360 365
360 366
360 367
360 368
360 369
360 370
360 371
360 435
360 436
360 437
360 438
360 439
360 440
360 426
360 427
360 428
360 429
360 430
360 431
360 441
360 442
360 443
360 444
360 445
360 446
361 361
361 362
361 363
361 364
361 365
361 366
361 367
361 368
361 369
361 370
361 371
361 435
361 436
361 437
361 438
361 439
361 440
361 426
361 427
361 428
361 429
361 430
361 431
361 441
361 442
361 443
361 444
361 445
361 446
362 362
362 363
362 364
362 365
362 366
362 367
362 368
362 369
362 370
362 371
362 435
362 436
362 437
362 438
362 439
362 440
362 426
362 427
362 428
362 429
362 430
362 431
362 441
362 442
362 443
362 444
362 445
362 446
363 363
363 364
363 365
363 366
363 367
363 368
363 369
363 370
363 371
363 435
363 436
363 437
363 438
363 439
363 440
363 426
363 427
363 428
363 429
363 430
363 431
363 441
363 442
363 443
363 444
363 445
363 446
364 364
364 365
364 366
364 367
364 368
364 369
364 370
364 371
364 435
364 436
364 437
364 438
364 439
364 440
364 426
364 427
364 428
364 429
364 430
364 431
364 441
364 442
364 443
364 444
364 445
364 446
365 365
365 366
365 367
365 368
365 369
365 370
365 371
365 435
365 436
365 437
365 438
365 439
365 440
365 426
365 427
365 428
365 429
365 430
365 431
365 441
365 442
365 443
365 444
365 445
365 446
366 366
366 367
366 368
366 369
366 370
366 371
366 372
366 373
366 374
366 375
366 376
366 377
366 447
366 448
366 449
366 450
366 451
366 452
366 453
366 454
366 455
366 456
366 457
366 458
366 441
366 442
366 443
366 444
366 445
366 446
366 459
366 460
366 461
367 367
367 368
367 369
367 370
367 371
367 372
367 373
367 374
367 375
367 376
367 377
367 447
367 448
367 449
367 450
367 451
367 452
367 453
367 454
367 455
367 456
367 457
367 458
367 441
367 442
367 443
367 444
367 445
367 446
367 459
367 460
367 461
368 368
368 369
368 370
368 371
368 372
368 373
368 374
368 375
368 376
368 377
368 447
368 448
368 449
368 450
368 451
368 452
368 453
368 454
368 455
368 456
368 457
368 458
368 441
368 442
368 443
368 444
368 445
368 446
368 459
368 460
368 461
369 369
369 370
369 371
369 372
369 373
369 374
369 375
369 376
369 377
369 447
369 448
369 449
369 450
369 451
369 452
369 453
369 454
369 455
369 456
369 457
369 458
369 441
369 442
369 443
369 444
369 445
369 446
370 370
370 371
370 372
370 373
370 374
370 375
370 376
370 377
370 447
370 448
370 449
370 450
370 451
370 452
370 453
370 454
370 455
370 456
370 457
370 458
370 441
370 442
370 443
370 444
370 445
370 446
371 371
371 372
371 373
371 374
371 375
371 376
371 377
371 447
371 448
371 449
371 450
371 451
371 452
371 453
371 454
371 455
371 456
371 457
371 458
371 441
371 442
371 443
371 444
371 445
371 446
372 372
372 373
372 374
372 375
372 376
372 377
372 378
372 379
372 380
372 381
372 382
372 383
372 453
372 454
372 455
372 456
372 457
372 458
373 373
373 374
373 375
373 376
373 377
373 378
373 379
373 380
373 381
373 382
373 383
373 453
373 454
373 455
373 456
373 457
373 458
374 374
374 375
374 376
374 377
374 378
374 379
374 380
374 381
374 382
374 383
374 453
374 454
374 455
374 456
374 457
374 458
375 375
375 376
375 377
375 378
375 379
375 380
375 381
375 382
375 383
375 453
375 454
375 455
375 456
375 457
375 458
376 376
376 377
376 378
376 379
376 380
376 381
376 382
376 383
376 453
376 454
376 455
376 456
376 457
376 458
377 377
377 378
377 379
377 380
377 381
377 382
377 383
377 453
377 454
377 455
377 456
377 457
377 458
378 378
378 379
378 380
378 381
378 382
378 383
378 453
378 454
378 455
378 456
378 457
378 458
378 384
378 385
378 386
378 387
378 388
378 389
378 462
378 463
378 464
378 465
378 466
378 467
378 390
378 391
378 392
379 379
379 380
379 381
379 382
379 383
379 453
379 454
379 455
379 456
379 457
379 458
379 384
379 385
379 386
379 387
379 388
379 389
379 462
379 463
379 464
379 465
379 466
379 467
379 390
379 391
379 392
380 380
380 381
380 382
380 383
380 453
380 454
380 455
380 456
380 457
380 458
380 384
380 385
380 386
380 387
380 388
380 389
380 462
380 463
380 464
380 465
380 466
380 467
380 390
380 391
380 392
381 381
381 382
381 383
381 453
381 454
381 455
381 456
381 457
381 458
381 384
381 385
381 386
381 387
381 388
381 389
381 462
381 463
381 464
381 465
381 466
381 467
382 382
382 383
382 453
382 454
382 455
382 456
382 457
382 458
382 384
382 385
382 386
382 387
382 388
382 389
382 462
382 463
382 464
382 465
382 466
382 467
383 383
383 453
383 454
383 455
383 456
383 457
383 458
383 384
383 385
383 386
383 387
383 388
383 389
383 462
383 463
383 464
383 465
383 466
383 467
384 393
384 394
384 395
384 396
384 397
384 398
384 384
384 385
384 386
384 387
384 388
384 389
385 393
385 394
385 395
385 396
385 397
385 398
385 385
385 386
385 387
385 388
385 389
386 393
386 394
386 395
386 396
386 397
386 398
386 386
386 387
386 388
386 389
387 393
387 394
387 395
387 396
387 397
387 398
387 387
387 388
387 389
388 393
388 394
388 395
388 396
388 397
388 398
388 388
388 389
389 393
389 394
389 395
389 396
389 397
389 398
389 389
390 613
390 614
390 615
390 390
390 391
390 392
390 631
390 632
390 633
390 417
390 418
390 419
390 459
390 460
390 461
390 643
390 644
390 645
391 613
391 614
391 615
391 391
391 392
391 631
391 632
391 633
391 417
391 418
391 419
391 459
391 460
391 461
391 643
391 644
391 645
392 613
392 614
392 615
392 392
392 631
392 632
392 633
392 417
392 418
392 419
392 459
392 460
392 461
392 643
392 644
392 645
393 393
393 394
393 395
393 396
393 397
393 398
393 399
393 400
393 401
393 402
393 403
393 404
394 394
394 395
394 396
394 397
394 398
394 399
394 400
394 401
394 402
394 403
394 404
395 395
395 396
395 397
395 398
395 399
395 400
395 401
395 402
395 403
395 404
396 396
396 397
396 398
396 399
396 400
396 401
396 402
396 403
396 404
397 397
397 398
397 399
397 400
397 401
397 402
397 403
397 404
398 398
398 399
398 400
398 401
398 402
398 403
398 404
399 405
399 406
399 407
399 408
399 409
399 410
399 399
399 400
399 401
399 402
399 403
399 404
400 405
400 406
400 407
400 408
400 409
400 410
400 400
400 401
400 402
400 403
400 404
401 405
401 406
401 407
401 408
401 409
401 410
401 401
401 402
401 403
401 404
402 405
402 406
402 407
402 408
402 409
402 410
402 402
402 403
402 404
403 405
403 406
403 407
403 408
403 409
403 410
403 403
403 404
404 405
404 406
404 407
404 408
404 409
404 410
404 404
405 405
405 406
405 407
405 408
405 409
405 410
405 411
405 412
405 413
405 414
405 415
405 416
405 468
405 469
405 470
405 471
405 472
405 473
405 417
405 418
405 419
406 406
406 407
406 408
406 409
406 410
406 411
406 412
406 413
406 414
406 415
406 416
406 468
406 469
406 470
406 471
406 472
406 473
406 417
406 418
406 419
407 407
407 408
407 409
407 410
407 411
407 412
407 413
407 414
407 415
407 416
407 468
407 469
407 470
407 471
407 472
407 473
407 417
407 418
407 419
408 408
408 409
408 410
408 411
408 412
408 413
408 414
408 415
408 416
408 468
408 469
408 470
408 471
408 472
408 473
409 409
409 410
409 411
409 412
409 413
409 414
409 415
409 416
409 468
409 469
409 470
409 471
409 472
409 473
410 410
410 411
410 412
410 413
410 414
410 415
410 416
410 468
410 469
410 470
410 471
410 472
410 473
411 411
411 412
411 413
411 414
411 415
411 416
411 420
411 421
411 422
411 423
411 424
411 425
412 412
412 413
412 414
412 415
412 416
412 420
412 421
412 422
412 423
412 424
412 425
413 413
413 414
413 415
413 416
413 420
413 421
413 422
413 423
413 424
413 425
414 414
414 415
414 416
414 420
414 421
414 422
414 423
414 424
414 425
415 415
415 416
415 420
415 421
415 422
415 423
415 424
415 425
416 416
416 420
416 421
416 422
416 423
416 424
416 425
417 619
417 620
417 621
417 417
417 418
417 419
417 634
417 635
417 636
417 432
417 433
417 434
417 646
417 647
417 648
418 619
418 620
418 621
418 418
418 419
418 634
418 635
418 636
418 432
418 433
418 434
418 646
418 647
418 648
419 619
419 620
419 621
419 419
419 634
419 635
419 636
419 432
419 433
419 434
419 646
419 647
419 648
420 420
420 421
420 422
420 423
420 424
420 425
420 426
420 427
420 428
420 429
420 430
420 431
420 474
420 475
420 476
420 477
420 478
420 479
420 432
420 433
420 434
421 421
421 422
421 423
421 424
421 425
421 426
421 427
421 428
421 429
421 430
421 431
421 474
421 475
421 476
421 477
421 478
421 479
421 432
421 433
421 434
422 422
422 423
422 424
422 425
422 426
422 427
422 428
422 429
422 430
422 431
422 474
422 475
422 476
422 477
422 478
422 479
422 432
422 433
422 434
423 423
423 424
423 425
423 426
423 427
423 428
423 429
423 430
423 431
423 474
423 475
423 476
423 477
423 478
423 479
424 424
424 425
424 426
424 427
424 428
424 429
424 430
424 431
424 474
424 475
424 476
424 477
424 478
424 479
425 425
425 426
425 427
425 428
425 429
425 430
425 431
425 474
425 475
425 476
425 477
425 478
425 479
426 435
426 436
426 437
426 438
426 439
426 440
426 426
426 427
426 428
426 429
426 430
426 431
427 435
427 436
427 437
427 438
427 439
427 440
427 427
427 428
427 429
427 430
427 431
428 435
428 436
428 437
428 438
428 439
428 440
428 428
428 429
428 430
428 431
429 435
429 436
429 437
429 438
429 439
429 440
429 429
429 430
429 431
430 435
430 436
430 437
430 438
430 439
430 440
430 430
430 431
431 435
431 436
431 437
431 438
431 439
431 440
431 431
432 625
432 626
432 627
432 432
432 433
432 434
432 637
432 638
432 639
432 459
432 460
432 461
432 649
432 650
432 651
433 625
433 626
433 627
433 433
433 434
433 637
433 638
433 639
433 459
433 460
433 461
433 649
433 650
433 651
434 625
434 626
434 627
434 434
434 637
434 638
434 639
434 459
434 460
434 461
434 649
434 650
434 651
435 435
435 436
435 437
435 438
435 439
435 440
435 441
435 442
435 443
435 444
435 445
435 446
436 436
436 437
436 438
436 439
436 440
436 441
436 442
436 443
436 444
436 445
436 446
437 437
437 438
437 439
437 440
437 441
437 442
437 443
437 444
437 445
437 446
438 438
438 439
438 440
438 441
438 442
438 443
438 444
438 445
438 446
439 439
439 440
439 441
439 442
439 443
439 444
439 445
439 446
440 440
440 441
440 442
440 443
440 444
440 445
440 446
441 447
441 448
441 449
441 450
441 451
441 452
441 441
441 442
441 443
441 444
441 445
441 446
442 447
442 448
442 449
442 450
442 451
442 452
442 442
442 443
442 444
442 445
442 446
443 447
443 448
443 449
443 450
443 451
443 452
443 443
443 444
443 445
443 446
444 447
444 448
444 449
444 450
444 451
444 452
444 444
444 445
444 446
445 447
445 448
445 449
445 450
445 451
445 452
445 445
445 446
446 447
446 448
446 449
446 450
446 451
446 452
446 446
447 447
447 448
447 449
447 450
447 451
447 452
447 453
447 454
447 455
447 456
447 457
447 458
447 480
447 481
447 482
447 483
447 484
447 485
447 459
447 460
447 461
448 448
448 449
448 450
448 451
448 452
448 453
448 454
448 455
448 456
448 457
448 458
448 480
448 481
448 482
448 483
448 484
448 485
448 459
448 460
448 461
449 449
449 450
449 451
449 452
449 453
449 454
449 455
449 456
449 457
449 458
449 480
449 481
449 482
449 483
449 484
449 485
449 459
449 460
449 461
450 450
450 451
450 452
450 453
450 454
450 455
450 456
450 457
450 458
450 480
450 481
450 482
450 483
450 484
450 485
451 451
451 452
451 453
451 454
451 455
451 456
451 457
451 458
451 480
451 481
451 482
451 483
451 484
451 485
452 452
452 453
452 454
452 455
452 456
452 457
452 458
452 480
452 481
452 482
452 483
452 484
452 485
453 453
453 454
453 455
453 456
453 457
453 458
454 454
454 455
454 456
454 457
454 458
455 455
455 456
455 457
455 458
456 456
456 457
456 458
457 457
457 458
458 458
459 628
459 629
459 630
459 459
459 460
459 461
459 640
459 641
459 642
459 652
459 653
459 654
460 628
460 629
460 630
460 460
460 461
460 640
460 641
460 642
460 652
460 653
460 654
461 628
461 629
461 630
461 461
461 640
461 641
461 642
461 652
461 653
461 654
462 462
462 463
462 464
462 465
462 466
462 467
462 486
462 487
462 488
462 489
462 490
462 491
462 492
462 493
462 494
462 495
462 496
462 497
462 498
462 499
462 500
462 501
462 502
462 503
463 463
463 464
463 465
463 466
463 467
463 486
463 487
463 488
463 489
463 490
463 491
463 492
463 493
463 494
463 495
463 496
463 497
463 498
463 499
463 500
463 501
463 502
463 503
464 464
464 465
464 466
464 467
464 486
464 487
464 488
464 489
464 490
464 491
464 492
464 493
464 494
464 495
464 496
464 497
464 498
464 499
464 500
464 501
464 502
464 503
465 465
465 466
465 467
465 486
465 487
465 488
465 489
465 490
465 491
465 492
465 493
465 494
465 495
465 496
465 497
465 498
465 499
465 500
465 501
465 502
465 503
466 466
466 467
466 486
466 487
466 488
466 489
466 490
466 491
466 492
466 493
466 494
466 495
466 496
466 497
466 498
466 499
466 500
466 501
466 502
466 503
467 467
467 486
467 487
467 488
467 489
467 490
467 491
467 492
467 493
467 494
467 495
467 496
467 497
467 498
467 499
467 500
467 501
467 502
467 503
468 486
468 487
468 488
468 489
468 490
468 491
468 468
468 469
468 470
468 471
468 472
468 473
468 504
468 505
468 506
468 507
468 508
468 509
468 510
468 511
468 512
468 513
468 514
468 515
469 486
469 487
469 488
469 489
469 490
469 491
469 469
469 470
469 471
469 472
469 473
469 504
469 505
469 506
469 507
469 508
469 509
469 510
469 511
469 512
469 513
469 514
469 515
470 486
470 487
470 488
470 489
470 490
470 491
470 470
470 471
470 472
470 473
470 504
470 505
470 506
470 507
470 508
470 509
470 510
470 511
470 512
470 513
470 514
470 515
471 486
471 487
471 488
471 489
471 490
471 491
471 471
471 472
471 473
471 504
471 505
471 506
471 507
471 508
471 509
471 510
471 511
471 512
471 513
471 514
471 515
472 486
472 487
472 488
472 489
472 490
472 491
472 472
472 473
472 504
472 505
472 506
472 507
472 508
472 509
472 510
472 511
472 512
472 513
472 514
472 515
473 486
473 487
473 488
473 489
473 490
473 491
473 473
473 504
473 505
473 506
473 507
473 508
473 509
473 510
473 511
473 512
473 513
473 514
473 515
474 504
474 505
474 506
474 507
474 508
474 509
474 516
474 517
474 518
474 519
474 520
474 521
474 474
474 475
474 476
474 477
474 478
474 479
474 525
474 526
474 527
474 531
474 532
474 533
475 504
475 505
475 506
475 507
475 508
475 509
475 516
475 517
475 518
475 519
475 520
475 521
475 475
475 476
475 477
475 478
475 479
475 525
475 526
475 527
475 531
475 532
475 533
476 504
476 505
476 506
476 507
476 508
476 509
476 516
476 517
476 518
476 519
476 520
476 521
476 476
476 477
476 478
476 479
476 525
476 526
476 527
476 531
476 532
476 533
477 504
477 505
477 506
477 507
477 508
477 509
477 516
477 517
477 518
477 519
477 520
477 521
477 477
477 478
477 479
477 525
477 526
477 527
477 531
477 532
477 533
478 504
478 505
478 506
478 507
478 508
478 509
478 516
478 517
478 518
478 519
478 520
478 521
478 478
478 479
478 525
478 526
478 527
478 531
478 532
478 533
479 504
479 505
479 506
479 507
479 508
479 509
479 516
479 517
479 518
479 519
479 520
479 521
479 479
479 525
479 526
479 527
479 531
479 532
479 533
480 492
480 493
480 494
480 495
480 496
480 497
480 480
480 481
480 482
480 483
480 484
480 485
480 516
480 517
480 518
480 519
480 520
480 521
480 522
480 523
480 524
480 528
480 529
480 530
481 492
481 493
481 494
481 495
481 496
481 497
481 481
481 482
481 483
481 484
481 485
481 516
481 517
481 518
481 519
481 520
481 521
481 522
481 523
481 524
481 528
481 529
481 530
482 492
482 493
482 494
482 495
482 496
482 497
482 482
482 483
482 484
482 485
482 516
482 517
482 518
482 519
482 520
482 521
482 522
482 523
482 524
482 528
482 529
482 530
483 492
483 493
483 494
483 495
483 496
483 497
483 483
483 484
483 485
483 516
483 517
483 518
483 519
483 520
483 521
483 522
483 523
483 524
483 528
483 529
483 530
484 492
484 493
484 494
484 495
484 496
484 497
484 484
484 485
484 516
484 517
484 518
484 519
484 520
484 521
484 522
484 523
484 524
484 528
484 529
484 530
485 492
485 493
485 494
485 495
485 496
485 497
485 485
485 516
485 517
485 518
485 519
485 520
485 521
485 522
485 523
485 524
485 528
485 529
485 530
486 486
486 487
486 488
486 489
486 490
486 491
486 492
486 493
486 494
486 495
486 496
486 497
486 504
486 505
486 506
486 507
486 508
486 509
486 498
486 499
486 500
486 510
486 511
486 512
487 487
487 488
487 489
487 490
487 491
487 492
487 493
487 494
487 495
487 496
487 497
487 504
487 505
487 506
487 507
487 508
487 509
487 498
487 499
487 500
487 510
487 511
487 512
488 488
488 489
488 490
488 491
488 492
488 493
488 494
488 495
488 496
488 497
488 504
488 505
488 506
488 507
488 508
488 509
488 498
488 499
488 500
488 510
488 511
488 512
489 489
489 490
489 491
489 492
489 493
489 494
489 495
489 496
489 497
489 504
489 505
489 506
489 507
489 508
489 509
490 490
490 491
490 492
490 493
490 494
490 495
490 496
490 497
490 504
490 505
490 506
490 507
490 508
490 509
491 491
491 492
491 493
491 494
491 495
491 496
491 497
491 504
491 505
491 506
491 507
491 508
491 509
492 492
492 493
492 494
492 495
492 496
492 497
492 516
492 517
492 518
492 519
492 520
492 521
492 498
492 499
492 500
492 522
492 523
492 524
493 493
493 494
493 495
493 496
493 497
493 516
493 517
493 518
493 519
493 520
493 521
493 498
493 499
493 500
493 522
493 523
493 524
494 494
494 495
494 496
494 497
494 516
494 517
494 518
494 519
494 520
494 521
494 498
494 499
494 500
494 522
494 523
494 524
495 495
495 496
495 497
495 516
495 517
495 518
495 519
495 520
495 521
496 496
496 497
496 516
496 517
496 518
496 519
496 520
496 521
497 497
497 516
497 517
497 518
497 519
497 520
497 521
498 498
498 499
498 500
498 501
498 502
498 503
498 534
498 535
498 536
498 537
498 538
498 539
498 540
498 541
498 542
498 543
498 544
498 545
498 546
498 547
498 548
498 549
498 550
498 551
498 552
498 553
498 554
499 499
499 500
499 501
499 502
499 503
499 534
499 535
499 536
499 537
499 538
499 539
499 540
499 541
499 542
499 543
499 544
499 545
499 546
499 547
499 548
499 549
499 550
499 551
499 552
499 553
499 554
500 500
500 501
500 502
500 503
500 534
500 535
500 536
500 537
500 538
500 539
500 540
500 541
500 542
500 543
500 544
500 545
500 546
500 547
500 548
500 549
500 550
500 551
500 552
500 553
500 554
501 501
501 502
501 503
501 534
501 535
501 536
501 537
501 538
501 539
501 543
501 544
501 545
501 546
501 547
501 548
501 549
501 550
501 551
501 552
501 553
501 554
502 502
502 503
502 534
502 535
502 536
502 537
502 538
502 539
502 543
502 544
502 545
502 546
502 547
502 548
502 549
502 550
502 551
502 552
502 553
502 554
503 503
503 534
503 535
503 536
503 537
503 538
503 539
503 543
503 544
503 545
503 546
503 547
503 548
503 549
503 550
503 551
503 552
503 553
503 554
504 504
504 505
504 506
504 507
504 508
504 509
504 516
504 517
504 518
504 519
504 520
504 521
504 510
504 511
504 512
504 525
504 526
504 527
505 505
505 506
505 507
505 508
505 509
505 516
505 517
505 518
505 519
505 520
505 521
505 510
505 511
505 512
505 525
505 526
505 527
506 506
506 507
506 508
506 509
506 516
506 517
506 518
506 519
506 520
506 521
506 510
506 511
506 512
506 525
506 526
506 527
507 507
507 508
507 509
507 516
507 517
507 518
507 519
507 520
507 521
508 508
508 509
508 516
508 517
508 518
508 519
508 520
508 521
509 509
509 516
509 517
509 518
509 519
509 520
509 521
510 510
510 511
510 512
510 513
510 514
510 515
510 540
510 541
510 542
510 555
510 556
510 557
510 558
510 559
510 560
510 543
510 544
510 545
510 546
510 547
510 548
510 561
510 562
510 563
510 564
510 565
510 566
511 511
511 512
511 513
511 514
511 515
511 540
511 541
511 542
511 555
511 556
511 557
511 558
511 559
511 560
511 543
511 544
511 545
511 546
511 547
511 548
511 561
511 562
511 563
511 564
511 565
511 566
512 512
512 513
512 514
512 515
512 540
512 541
512 542
512 555
512 556
512 557
512 558
512 559
512 560
512 543
512 544
512 545
512 546
512 547
512 548
512 561
512 562
512 563
512 564
512 565
512 566
513 513
513 514
513 515
513 540
513 541
513 542
513 555
513 556
513 557
513 543
513 544
513 545
513 546
513 547
513 548
513 561
513 562
513 563
513 564
513 565
513 566
514 514
514 515
514 540
514 541
514 542
514 555
514 556
514 557
514 543
514 544
514 545
514 546
514 547
514 548
514 561
514 562
514 563
514 564
514 565
514 566
515 515
515 540
515 541
515 542
515 555
515 556
515 557
515 543
515 544
515 545
515 546
515 547
515 548
515 561
515 562
515 563
515 564
515 565
515 566
516 516
516 517
516 518
516 519
516 520
516 521
516 525
516 526
516 527
516 522
516 523
516 524
517 517
517 518
517 519
517 520
517 521
517 525
517 526
517 527
517 522
517 523
517 524
518 518
518 519
518 520
518 521
518 525
518 526
518 527
518 522
518 523
518 524
519 519
519 520
519 521
520 520
520 521
521 521
522 522
522 523
522 524
522 528
522 529
522 530
522 534
522 535
522 536
522 570
522 571
522 572
522 579
522 580
522 581
522 573
522 574
522 575
522 576
522 577
522 578
522 549
522 550
522 551
522 552
522 553
522 554
523 523
523 524
523 528
523 529
523 530
523 534
523 535
523 536
523 570
523 571
523 572
523 579
523 580
523 581
523 573
523 574
523 575
523 576
523 577
523 578
523 549
523 550
523 551
523 552
523 553
523 554
524 524
524 528
524 529
524 530
524 534
524 535
524 536
524 570
524 571
524 572
524 579
524 580
524 581
524 573
524 574
524 575
524 576
524 577
524 578
524 549
524 550
524 551
524 552
524 553
524 554
525 525
525 526
525 527
525 531
525 532
525 533
525 558
525 559
525 560
525 567
525 568
525 569
525 570
525 571
525 572
525 561
525 562
525 563
525 564
525 565
525 566
525 573
525 574
525 575
525 576
525 577
525 578
526 526
526 527
526 531
526 532
526 533
526 558
526 559
526 560
526 567
526 568
526 569
526 570
526 571
526 572
526 561
526 562
526 563
526 564
526 565
526 566
526 573
526 574
526 575
526 576
526 577
526 578
527 527
527 531
527 532
527 533
527 558
527 559
527 560
527 567
527 568
527 569
527 570
527 571
527 572
527 561
527 562
527 563
527 564
527 565
527 566
527 573
527 574
527 575
527 576
527 577
527 578
528 528
528 529
528 530
528 570
528 571
528 572
528 579
528 580
528 581
528 573
528 574
528 575
528 576
528 577
528 578
528 549
528 550
528 551
528 552
528 553
528 554
529 529
529 530
529 570
529 571
529 572
529 579
529 580
529 581
529 573
529 574
529 575
529 576
529 577
529 578
529 549
529 550
529 551
529 552
529 553
529 554
530 530
530 570
530 571
530 572
530 579
530 580
530 581
530 573
530 574
530 575
530 576
530 577
530 578
530 549
530 550
530 551
530 552
530 553
530 554
531 531
531 532
531 533
531 558
531 559
531 560
531 567
531 568
531 569
531 561
531 562
531 563
531 564
531 565
531 566
531 573
531 574
531 575
531 576
531 577
531 578
532 532
532 533
532 558
532 559
532 560
532 567
532 568
532 569
532 561
532 562
532 563
532 564
532 565
532 566
532 573
532 574
532 575
532 576
532 577
532 578
533 533
533 558
533 559
533 560
533 567
533 568
533 569
533 561
533 562
533 563
533 564
533 565
533 566
533 573
533 574
533 575
533 576
533 577
533 578
534 534
534 535
534 536
534 537
534 538
534 539
534 540
534 541
534 542
534 555
534 556
534 557
534 570
534 571
534 572
534 579
534 580
534 581
534 582
534 583
534 584
534 585
534 586
534 587
534 588
534 589
534 590
534 591
534 592
534 593
535 535
535 536
535 537
535 538
535 539
535 540
535 541
535 542
535 555
535 556
535 557
535 570
535 571
535 572
535 579
535 580
535 581
535 582
535 583
535 584
535 585
535 586
535 587
535 588
535 589
535 590
535 591
535 592
535 593
536 536
536 537
536 538
536 539
536 540
536 541
536 542
536 555
536 556
536 557
536 570
536 571
536 572
536 579
536 580
536 581
536 582
536 583
536 584
536 585
536 586
536 587
536 588
536 589
536 590
536 591
536 592
536 593
537 537
537 538
537 539
537 540
537 541
537 542
537 555
537 556
537 557
537 570
537 571
537 572
537 579
537 580
537 581
537 582
537 583
537 584
537 585
537 586
537 587
537 588
537 589
537 590
537 591
537 592
537 593
538 538
538 539
538 540
538 541
538 542
538 555
538 556
538 557
538 570
538 571
538 572
538 579
538 580
538 581
538 582
538 583
538 584
538 585
538 586
538 587
538 588
538 589
538 590
538 591
538 592
538 593
539 539
539 540
539 541
539 542
539 555
539 556
539 557
539 570
539 571
539 572
539 579
539 580
539 581
539 582
539 583
539 584
539 585
539 586
539 587
539 588
539 589
539 590
539 591
539 592
539 593
540 540
540 541
540 542
540 555
540 556
540 557
540 558
540 559
540 560
540 567
540 568
540 569
540 588
540 589
540 590
540 591
540 592
540 593
540 594
540 595
540 596
540 597
540 598
540 599
541 541
541 542
541 555
541 556
541 557
541 558
541 559
541 560
541 567
541 568
541 569
541 588
541 589
541 590
541 591
541 592
541 593
541 594
541 595
541 596
541 597
541 598
541 599
542 542
542 555
542 556
542 557
542 558
542 559
542 560
542 567
542 568
542 569
542 588
542 589
542 590
542 591
542 592
542 593
542 594
542 595
542 596
542 597
542 598
542 599
543 643
543 644
543 645
543 646
543 647
543 648
543 543
543 544
543 545
543 546
543 547
543 548
544 643
544 644
544 645
544 646
544 647
544 648
544 544
544 545
544 546
544 547
544 548
545 643
545 644
545 645
545 646
545 647
545 648
545 545
545 546
545 547
545 548
546 546
546 547
546 548
547 547
547 548
548 548
549 643
549 644
549 645
549 652
549 653
549 654
549 549
549 550
549 551
549 552
549 553
549 554
550 643
550 644
550 645
550 652
550 653
550 654
550 550
550 551
550 552
550 553
550 554
551 643
551 644
551 645
551 652
551 653
551 654
551 551
551 552
551 553
551 554
552 552
552 553
552 554
553 553
553 554
554 554
555 555
555 556
555 557
555 558
555 559
555 560
555 567
555 568
555 569
555 588
555 589
555 590
555 591
555 592
555 593
555 594
555 595
555 596
555 597
555 598
555 599
556 556
556 557
556 558
556 559
556 560
556 567
556 568
556 569
556 588
556 589
556 590
556 591
556 592
556 593
556 594
556 595
556 596
556 597
556 598
556 599
557 557
557 558
557 559
557 560
557 567
557 568
557 569
557 588
557 589
557 590
557 591
557 592
557 593
557 594
557 595
557 596
557 597
557 598
557 599
558 558
558 559
558 560
558 567
558 568
558 569
558 570
558 571
558 572
558 579
558 580
558 581
558 594
558 595
558 596
558 597
558 598
558 599
559 559
559 560
559 567
559 568
559 569
559 570
559 571
559 572
559 579
559 580
559 581
559 594
559 595
559 596
559 597
559 598
559 599
560 560
560 567
560 568
560 569
560 570
560 571
560 572
560 579
560 580
560 581
560 594
560 595
560 596
560 597
560 598
560 599
561 646
561 647
561 648
561 649
561 650
561 651
561 561
561 562
561 563
561 564
561 565
561 566
562 646
562 647
562 648
562 649
562 650
562 651
562 562
562 563
562 564
562 565
562 566
563 646
563 647
563 648
563 649
563 650
563 651
563 563
563 564
563 565
563 566
564 564
564 565
564 566
565 565
565 566
566 566
567 567
567 568
567 569
567 570
567 571
567 572
567 579
567 580
567 581
567 594
567 595
567 596
567 597
567 598
567 599
568 568
568 569
568 570
568 571
568 572
568 579
568 580
568 581
568 594
568 595
568 596
568 597
568 598
568 599
569 569
569 570
569 571
569 572
569 579
569 580
569 581
569 594
569 595
569 596
569 597
569 598
569 599
570 570
570 571
570 572
570 579
570 580
570 581
570 582
570 583
570 584
570 585
570 586
570 587
570 594
570 595
570 596
570 597
570 598
570 599
570 600
570 601
570 602
570 603
570 604
570 605
571 571
571 572
571 579
571 580
571 581
571 582
571 583
571 584
571 585
571 586
571 587
571 594
571 595
571 596
571 597
571 598
571 599
571 600
571 601
571 602
571 603
571 604
571 605
572 572
572 579
572 580
572 581
572 582
572 583
572 584
572 585
572 586
572 587
572 594
572 595
572 596
572 597
572 598
572 599
572 600
572 601
572 602
572 603
572 604
572 605
573 649
573 650
573 651
573 652
573 653
573 654
573 573
573 574
573 575
573 576
573 577
573 578
574 649
574 650
574 651
574 652
574 653
574 654
574 574
574 575
574 576
574 577
574 578
575 649
575 650
575 651
575 652
575 653
575 654
575 575
575 576
575 577
575 578
576 576
576 577
576 578
577 577
577 578
578 578
579 579
579 580
579 581
579 582
579 583
579 584
579 585
579 586
579 587
579 594
579 595
579 596
579 597
579 598
579 599
579 600
579 601
579 602
579 603
579 604
579 605
580 580
580 581
580 582
580 583
580 584
580 585
580 586
580 587
580 594
580 595
580 596
580 597
580 598
580 599
580 600
580 601
580 602
580 603
580 604
580 605
581 581
581 582
581 583
581 584
581 585
581 586
581 587
581 594
581 595
581 596
581 597
581 598
581 599
581 600
581 601
581 602
581 603
581 604
581 605
582 582
582 583
582 584
582 585
582 586
582 587
582 588
582 589
582 590
582 591
582 592
582 593
582 594
582 595
582 596
582 597
582 598
582 599
582 600
582 601
582 602
582 603
582 604
582 605
582 606
582 607
583 583
583 584
583 585
583 586
583 587
583 588
583 589
583 590
583 591
583 592
583 593
583 594
583 595
583 596
583 597
583 598
583 599
583 600
583 601
583 602
583 603
583 604
583 605
583 606
583 607
584 584
584 585
584 586
584 587
584 588
584 589
584 590
584 591
584 592
584 593
584 594
584 595
584 596
584 597
584 598
584 599
584 600
584 601
584 602
584 603
584 604
584 605
584 606
584 607
585 585
585 586
585 587
585 588
585 589
585 590
585 591
585 592
585 593
585 594
585 595
585 596
585 597
585 598
585 599
585 600
585 601
585 602
585 603
585 604
585 605
585 606
585 607
586 586
586 587
586 588
586 589
586 590
586 591
586 592
586 593
586 594
586 595
586 596
586 597
586 598
586 599
586 600
586 601
586 602
586 603
586 604
586 605
586 606
586 607
587 587
587 588
587 589
587 590
587 591
587 592
587 593
587 594
587 595
587 596
587 597
587 598
587 599
587 600
587 601
587 602
587 603
587 604
587 605
587 606
587 607
588 588
588 589
588 590
588 591
588 592
588 593
588 594
588 595
588 596
588 597
588 598
588 599
588 606
588 607
589 589
589 590
589 591
589 592
589 593
589 594
589 595
589 596
589 597
589 598
589 599
589 606
589 607
590 590
590 591
590 592
590 593
590 594
590 595
590 596
590 597
590 598
590 599
590 606
590 607
591 591
591 592
591 593
591 594
591 595
591 596
591 597
591 598
591 599
591 606
591 607
592 592
592 593
592 594
592 595
592 596
592 597
592 598
592 599
592 606
592 607
593 593
593 594
593 595
593 596
593 597
593 598
593 599
593 606
593 607
594 594
594 595
594 596
594 597
594 598
594 599
594 600
594 601
594 602
594 603
594 604
594 605
594 608
594 609
595 595
595 596
595 597
595 598
595 599
595 600
595 601
595 602
595 603
595 604
595 605
595 608
595 609
596 596
596 597
596 598
596 599
596 600
596 601
596 602
596 603
596 604
596 605
596 608
596 609
597 597
597 598
597 599
597 600
597 601
597 602
597 603
597 604
597 605
597 608
597 609
598 598
598 599
598 600
598 601
598 602
598 603
598 604
598 605
598 608
598 609
599 599
599 600
599 601
599 602
599 603
599 604
599 605
599 608
599 609
600 600
600 601
600 602
600 603
600 604
600 605
600 608
600 609
601 601
601 602
601 603
601 604
601 605
601 608
601 609
602 602
602 603
602 604
602 605
602 608
602 609
603 603
603 604
603 605
603 608
603 609
604 604
604 605
604 608
604 609
605 605
605 608
605 609
606 606
606 607
607 607
608 608
608 609
609 609
610 610
610 611
610 612
610 613
610 614
610 615
611 611
611 612
611 613
611 614
611 615
612 612
612 613
612 614
612 615
613 613
613 614
613 615
613 631
613 632
613 633
614 614
614 615
614 631
614 632
614 633
615 615
615 631
615 632
615 633
616 616
616 617
616 618
616 619
616 620
616 621
617 617
617 618
617 619
617 620
617 621
618 618
618 619
618 620
618 621
619 619
619 620
619 621
619 634
619 635
619 636
620 620
620 621
620 634
620 635
620 636
621 621
621 634
621 635
621 636
622 622
622 623
622 624
622 625
622 626
622 627
623 623
623 624
623 625
623 626
623 627
624 624
624 625
624 626
624 627
625 625
625 626
625 627
625 637
625 638
625 639
626 626
626 627
626 637
626 638
626 639
627 627
627 637
627 638
627 639
628 628
628 629
628 630
628 640
628 641
628 642
629 629
629 630
629 640
629 641
629 642
630 630
630 640
630 641
630 642
631 631
631 632
631 633
631 643
631 644
631 645
632 632
632 633
632 643
632 644
632 645
633 633
633 643
633 644
633 645
634 634
634 635
634 636
634 646
634 647
634 648
635 635
635 636
635 646
635 647
635 648
636 636
636 646
636 647
636 648
637 637
637 638
637 639
637 649
637 650
637 651
638 638
638 639
638 649
638 650
638 651
639 639
639 649
639 650
639 651
640 640
640 641
640 642
640 652
640 653
640 654
641 641
641 642
641 652
641 653
641 654
642 642
642 652
642 653
642 654
643 643
643 644
643 645
644 644
644 645
645 645
646 646
646 647
646 648
647 647
647 648
648 648
649 649
649 650
649 651
650 650
650 651
651 651
652 652
652 653
652 654
653 653
653 654
654 654
655 655
655 656
655 657
655 658
655 659
655 660
655 661
655 662
655 663
655 664
655 665
655 666
656 656
656 657
656 658
656 659
656 660
656 661
656 662
656 663
656 664
656 665
656 666
657 657
657 658
657 659
657 660
657 661
657 662
657 663
657 664
657 665
657 666
658 658
658 659
658 660
658 661
658 662
658 663
658 664
658 665
658 666
659 659
659 660
659 661
659 662
659 663
659 664
659 665
659 666
660 660
660 661
660 662
660 663
660 664
660 665
660 666
661 661
661 662
661 663
661 664
661 665
661 666
662 662
662 663
662 664
662 665
662 666
663 663
663 664
663 665
663 666
664 664
664 665
664 666
665 665
665 666
666 666
667 667
667 668
667 669
667 670
667 671
667 672
667 673
667 674
667 675
667 676
667 677
667 678
668 668
668 669
668 670
668 671
668 672
668 673
668 674
668 675
668 676
668 677
668 678
669 669
669 670
669 671
669 672
669 673
669 674
669 675
669 676
669 677
669 678
670 670
670 671
670 672
670 673
670 674
670 675
670 676
670 677
670 678
671 671
671 672
671 673
671 674
671 675
671 676
671 677
671 678
672 672
672 673
672 674
672 675
672 676
672 677
672 678
673 673
673 674
673 675
673 676
673 677
673 678
674 674
674 675
674 676
674 677
674 678
675 675
675 676
675 677
675 678
676 676
676 677
676 678
677 677
677 678
678 678
679 679
679 680
679 681
679 682
679 683
679 684
679 685
679 686
679 687
679 688
679 689
679 690
680 680
680 681
680 682
680 683
680 684
680 685
680 686
680 687
680 688
680 689
680 690
681 681
681 682
681 683
681 684
681 685
681 686
681 687
681 688
681 689
681 690
682 682
682 683
682 684
682 685
682 686
682 687
682 688
682 689
682 690
683 683
683 684
683 685
683 686
683 687
683 688
683 689
683 690
684 684
684 685
684 686
684 687
684 688
684 689
684 690
685 685
685 686
685 687
685 688
685 689
685 690
686 686
686 687
686 688
686 689
686 690
687 687
687 688
687 689
687 690
688 688
688 689
688 690
689 689
689 690
690 690
