0 1
0 0
1 2
1 3
1 4
1 5
1 6
1 7
1 8
1 9
1 10
1 1
2 3
2 10
3 10
3 3
4 4
5 5
6 6
7 7
8 8
9 9
10 11
10 12
10 13
10 14
10 15
10 16
10 17
10 18
10 19
10 20
10 21
10 22
10 23
10 24
10 25
10 26
10 27
10 28
10 29
10 30
10 31
10 32
10 33
10 34
10 35
10 36
10 37
10 38
10 39
10 40
10 41
10 42
10 43
10 10
11 11
12 16
12 12
13 13
14 14
15 15
16 44
16 45
16 46
16 47
16 48
16 49
16 50
16 17
16 18
16 20
16 22
16 51
16 23
16 16
17 18
17 19
17 20
17 52
17 53
17 54
17 39
17 40
17 41
17 17
18 19
18 20
18 55
18 56
18 52
18 53
18 33
18 36
18 39
18 40
18 41
18 42
18 57
18 18
19 45
19 20
19 31
19 34
19 35
19 58
19 36
19 43
19 19
20 21
20 22
20 23
20 25
20 31
20 33
20 37
20 39
20 40
20 41
20 42
20 43
20 20
21 32
21 59
21 21
22 26
22 27
22 28
22 29
22 30
22 22
23 51
23 23
24 24
25 25
26 27
26 28
26 29
26 30
26 26
27 28
27 29
27 30
27 27
28 29
28 30
29 30
29 29
30 30
31 31
32 32
33 63
33 36
33 61
33 37
33 65
33 66
33 67
33 62
33 68
33 38
33 69
33 70
33 39
33 40
33 42
33 71
33 72
33 57
33 73
33 33
34 54
34 35
34 58
34 36
34 74
34 34
35 60
35 75
35 58
35 36
35 35
36 45
36 55
36 52
36 58
36 74
36 61
36 37
36 65
36 67
36 62
36 68
36 38
36 69
36 36
37 61
37 65
37 66
37 67
37 62
37 68
37 38
37 69
37 70
37 41
37 73
37 37
38 61
38 65
38 66
38 67
38 62
38 68
38 69
38 70
38 73
39 52
39 40
39 41
39 42
39 57
39 39
40 52
40 41
40 42
40 57
40 40
41 52
41 42
41 57
41 41
42 52
42 57
42 42
43 43
44 45
44 46
44 47
44 48
44 49
44 50
44 44
45 46
45 47
45 48
45 49
45 50
45 45
46 47
46 48
46 49
46 50
46 46
47 48
47 49
47 50
47 47
48 49
48 50
48 48
49 50
49 49
50 50
51 51
52 53
52 61
52 62
52 57
52 52
53 53
54 54
55 60
55 55
56 56
57 57
58 58
59 59
60 60
61 65
61 67
61 62
61 68
61 69
61 76
61 61
62 65
62 66
62 67
62 68
62 69
62 70
62 73
62 62
63 64
63 63
64 64
65 66
65 67
65 68
65 69
65 70
66 67
66 68
66 69
66 70
66 66
67 68
67 69
67 70
67 67
68 69
68 70
68 73
68 68
69 70
69 73
69 69
70 73
70 70
71 72
71 71
72 72
73 73
74 74
75 75
76 76
