0 0
0 181
0 182
0 183
0 184
0 185
0 186
0 187
0 188
0 189
0 190
0 191
0 192
0 193
0 197
0 198
0 199
0 200
0 201
0 203
0 205
0 206
0 207
0 208
0 209
0 210
0 211
0 212
0 213
0 214
0 215
0 216
0 217
0 218
0 219
0 220
1 1
1 181
1 182
1 183
1 184
1 185
1 186
1 187
1 188
1 189
1 190
1 191
1 192
1 193
1 197
1 198
1 200
1 201
1 203
1 206
1 207
1 208
1 209
1 210
1 211
1 221
1 310
2 2
2 181
3 3
3 194
3 195
3 197
3 202
3 204
4 4
4 196
4 198
4 200
5 5
5 197
5 202
5 204
6 6
6 199
6 215
6 216
6 217
6 218
6 219
7 7
7 215
8 8
8 217
9 9
9 218
10 10
10 219
11 11
11 200
11 221
11 310
12 12
12 206
12 207
12 208
12 209
12 221
12 310
13 13
13 207
13 208
13 209
13 221
13 310
14 14
14 210
15 15
15 212
15 213
15 214
16 16
16 211
16 212
16 213
17 17
17 214
18 18
18 221
19 19
19 221
19 310
20 20
20 174
20 178
21 21
21 174
21 175
21 177
22 22
22 175
22 179
23 23
23 176
23 180
24 24
24 177
25 25
25 178
26 26
26 180
27 27
27 174
27 175
27 176
27 181
27 182
27 183
27 184
27 185
27 186
27 187
27 188
27 189
27 190
27 191
27 192
27 193
27 194
27 195
27 196
27 197
27 198
27 199
27 200
27 201
27 202
27 203
27 204
27 205
27 206
27 207
27 208
27 209
27 210
27 211
27 212
27 213
27 214
27 215
27 216
27 217
27 218
27 219
27 220
27 222
27 223
27 224
27 225
27 226
27 227
27 228
27 229
27 230
27 231
27 232
27 233
27 246
27 247
27 248
27 249
27 250
27 251
27 252
27 253
27 254
27 255
27 256
27 257
27 258
27 259
27 260
27 261
27 262
27 263
27 264
27 265
27 266
27 267
27 268
27 269
27 270
27 271
27 272
27 273
27 274
27 275
27 276
27 277
27 278
27 279
27 280
27 281
27 282
27 283
27 284
27 285
27 286
27 287
27 288
27 289
27 290
27 291
27 292
27 293
27 294
27 295
27 297
27 298
27 299
27 300
27 301
27 302
27 303
27 304
27 305
27 306
27 307
27 308
27 309
28 28
28 174
28 175
28 176
28 181
28 182
28 183
28 184
28 185
28 186
28 187
28 188
28 189
28 190
28 191
28 192
28 193
28 197
28 198
28 199
28 200
28 201
28 203
28 204
28 205
28 206
28 207
28 208
28 209
28 210
28 211
28 212
28 213
28 214
28 215
28 216
28 217
28 218
28 219
28 220
28 222
28 246
28 258
28 270
28 282
28 294
29 29
29 174
29 175
29 176
29 181
29 182
29 183
29 184
29 185
29 186
29 187
29 188
29 189
29 190
29 197
29 198
29 199
29 200
29 201
29 203
29 204
29 205
29 206
29 207
29 208
29 209
29 210
29 211
29 212
29 213
29 214
29 215
29 216
29 217
29 218
29 219
29 220
29 223
29 247
29 259
29 271
29 283
29 295
30 30
30 174
30 175
30 176
30 184
30 185
30 186
30 187
30 188
30 189
30 190
30 197
30 198
30 199
30 200
30 201
30 203
30 204
30 205
30 207
30 210
30 211
30 212
30 213
30 215
30 216
30 217
30 218
30 219
30 220
30 224
30 248
30 260
30 272
30 284
30 296
30 306
31 31
31 174
31 175
31 176
31 181
31 182
31 184
31 185
31 186
31 187
31 188
31 189
31 190
31 191
31 192
31 193
31 200
31 201
31 203
31 204
31 208
31 209
31 210
31 211
31 212
31 213
31 214
31 217
31 218
31 220
31 225
31 249
31 261
31 273
31 285
31 297
31 307
32 32
32 174
32 175
32 176
32 181
32 182
32 183
32 184
32 185
32 186
32 187
32 188
32 189
32 190
32 200
32 201
32 203
32 204
32 205
32 206
32 207
32 208
32 209
32 210
32 211
32 212
32 213
32 214
32 215
32 216
32 217
32 218
32 219
32 220
32 226
32 250
32 262
32 274
32 286
32 298
32 308
33 33
33 174
33 175
33 176
33 181
33 182
33 183
33 184
33 185
33 186
33 187
33 188
33 189
33 190
33 200
33 201
33 203
33 204
33 205
33 206
33 207
33 208
33 209
33 210
33 211
33 212
33 213
33 214
33 215
33 216
33 217
33 218
33 219
33 220
33 227
33 251
33 263
33 275
33 287
33 299
33 309
34 34
34 174
34 175
34 176
34 181
34 182
34 183
34 184
34 185
34 186
34 187
34 188
34 189
34 190
34 191
34 194
34 197
34 198
34 199
34 200
34 201
34 202
34 203
34 204
34 205
34 206
34 207
34 208
34 209
34 210
34 211
34 212
34 213
34 214
34 215
34 216
34 217
34 218
34 219
34 220
34 228
34 252
34 264
34 276
34 288
34 300
35 35
35 174
35 175
35 176
35 181
35 182
35 183
35 184
35 185
35 187
35 188
35 189
35 190
35 191
35 192
35 194
35 195
35 200
35 201
35 202
35 203
35 204
35 205
35 206
35 207
35 208
35 209
35 210
35 211
35 212
35 213
35 214
35 215
35 216
35 217
35 218
35 219
35 220
35 229
35 253
35 265
35 277
35 289
35 301
36 36
36 174
36 175
36 176
36 181
36 182
36 183
36 184
36 186
36 187
36 188
36 189
36 190
36 191
36 192
36 193
36 194
36 195
36 196
36 200
36 201
36 202
36 203
36 204
36 205
36 206
36 207
36 208
36 209
36 210
36 211
36 212
36 213
36 214
36 215
36 216
36 217
36 218
36 219
36 220
36 230
36 254
36 266
36 278
36 290
36 302
37 37
37 174
37 175
37 176
37 181
37 182
37 184
37 186
37 187
37 188
37 189
37 190
37 191
37 192
37 193
37 194
37 195
37 196
37 197
37 198
37 199
37 200
37 201
37 202
37 203
37 204
37 205
37 206
37 207
37 208
37 209
37 210
37 211
37 212
37 213
37 214
37 215
37 216
37 217
37 218
37 219
37 220
37 231
37 255
37 267
37 279
37 291
37 303
38 38
38 174
38 175
38 176
38 181
38 182
38 185
38 186
38 187
38 188
38 189
38 190
38 192
38 193
38 194
38 195
38 196
38 197
38 198
38 199
38 200
38 201
38 202
38 203
38 204
38 205
38 206
38 207
38 208
38 209
38 210
38 211
38 212
38 213
38 214
38 215
38 216
38 217
38 218
38 219
38 220
38 232
38 256
38 268
38 280
38 292
38 304
39 39
39 174
39 175
39 176
39 181
39 182
39 184
39 185
39 186
39 187
39 188
39 189
39 190
39 193
39 195
39 196
39 197
39 198
39 199
39 200
39 201
39 202
39 203
39 204
39 205
39 206
39 207
39 208
39 209
39 210
39 211
39 212
39 213
39 214
39 215
39 216
39 217
39 218
39 219
39 220
39 233
39 257
39 269
39 281
39 293
39 305
40 40
40 174
40 175
40 176
40 181
40 182
40 183
40 184
40 185
40 186
40 187
40 188
40 189
40 190
40 191
40 192
40 193
40 194
40 195
40 196
40 197
40 198
40 199
40 200
40 201
40 202
40 203
40 204
40 205
40 206
40 207
40 208
40 209
40 210
40 211
40 212
40 213
40 214
40 215
40 216
40 217
40 218
40 219
40 220
40 246
40 247
40 248
40 249
40 250
40 251
40 252
40 253
40 254
40 255
40 256
40 257
40 258
40 259
40 260
40 261
40 262
40 263
40 264
40 265
40 266
40 267
40 268
40 269
40 270
40 271
40 272
40 273
40 274
40 275
40 276
40 277
40 278
40 279
40 280
40 281
40 282
40 283
40 284
40 285
40 286
40 287
40 288
40 289
40 290
40 291
40 292
40 293
40 294
40 295
40 296
40 297
40 298
40 299
40 300
40 301
40 302
40 303
40 304
40 305
40 306
40 307
40 308
40 309
41 41
41 174
41 175
41 176
41 181
41 182
41 183
41 184
41 185
41 186
41 187
41 188
41 189
41 190
41 191
41 192
41 193
41 197
41 198
41 199
41 200
41 201
41 203
41 204
41 205
41 206
41 207
41 208
41 209
41 210
41 211
41 212
41 213
41 214
41 215
41 216
41 217
41 218
41 219
41 220
41 246
41 258
41 270
41 282
41 294
42 42
42 174
42 175
42 176
42 181
42 182
42 183
42 184
42 185
42 186
42 187
42 188
42 189
42 190
42 197
42 198
42 199
42 200
42 201
42 203
42 204
42 205
42 206
42 207
42 208
42 209
42 210
42 211
42 212
42 213
42 214
42 215
42 216
42 217
42 218
42 219
42 220
42 247
42 259
42 271
42 283
42 295
43 43
43 174
43 175
43 176
43 184
43 185
43 186
43 187
43 188
43 189
43 190
43 197
43 198
43 199
43 200
43 201
43 203
43 204
43 205
43 207
43 210
43 211
43 212
43 213
43 215
43 216
43 217
43 218
43 219
43 220
43 248
43 260
43 272
43 284
43 296
43 306
44 44
44 174
44 175
44 176
44 181
44 182
44 184
44 185
44 186
44 187
44 188
44 189
44 190
44 191
44 192
44 193
44 200
44 201
44 203
44 204
44 208
44 209
44 210
44 211
44 212
44 213
44 214
44 217
44 218
44 220
44 249
44 261
44 273
44 285
44 297
44 307
45 45
45 174
45 175
45 176
45 181
45 182
45 183
45 184
45 185
45 186
45 187
45 188
45 189
45 190
45 200
45 201
45 203
45 204
45 205
45 206
45 207
45 208
45 209
45 210
45 211
45 212
45 213
45 214
45 215
45 216
45 217
45 218
45 219
45 220
45 250
45 262
45 274
45 286
45 298
45 308
46 46
46 174
46 175
46 176
46 181
46 182
46 183
46 184
46 185
46 186
46 187
46 188
46 189
46 190
46 200
46 201
46 203
46 204
46 205
46 206
46 207
46 208
46 209
46 210
46 211
46 212
46 213
46 214
46 215
46 216
46 217
46 218
46 219
46 220
46 251
46 263
46 275
46 287
46 299
46 309
47 47
47 174
47 175
47 176
47 181
47 182
47 183
47 184
47 185
47 186
47 187
47 188
47 189
47 190
47 191
47 194
47 197
47 198
47 199
47 200
47 201
47 202
47 203
47 204
47 205
47 206
47 207
47 208
47 209
47 210
47 211
47 212
47 213
47 214
47 215
47 216
47 217
47 218
47 219
47 220
47 252
47 264
47 276
47 288
47 300
48 48
48 174
48 175
48 176
48 181
48 182
48 183
48 184
48 185
48 187
48 188
48 189
48 190
48 191
48 192
48 194
48 195
48 200
48 201
48 202
48 203
48 204
48 205
48 206
48 207
48 208
48 209
48 210
48 211
48 212
48 213
48 214
48 215
48 216
48 217
48 218
48 219
48 220
48 253
48 265
48 277
48 289
48 301
49 49
49 174
49 175
49 176
49 181
49 182
49 183
49 184
49 186
49 187
49 188
49 189
49 190
49 191
49 192
49 193
49 194
49 195
49 196
49 200
49 201
49 202
49 203
49 204
49 205
49 206
49 207
49 208
49 209
49 210
49 211
49 212
49 213
49 214
49 215
49 216
49 217
49 218
49 219
49 220
49 254
49 266
49 278
49 290
49 302
50 50
50 174
50 175
50 176
50 181
50 182
50 184
50 186
50 187
50 188
50 189
50 190
50 191
50 192
50 193
50 194
50 195
50 196
50 197
50 198
50 199
50 200
50 201
50 202
50 203
50 204
50 205
50 206
50 207
50 208
50 209
50 210
50 211
50 212
50 213
50 214
50 215
50 216
50 217
50 218
50 219
50 220
50 255
50 267
50 279
50 291
50 303
51 51
51 174
51 175
51 176
51 181
51 182
51 185
51 186
51 187
51 188
51 189
51 190
51 192
51 193
51 194
51 195
51 196
51 197
51 198
51 199
51 200
51 201
51 202
51 203
51 204
51 205
51 206
51 207
51 208
51 209
51 210
51 211
51 212
51 213
51 214
51 215
51 216
51 217
51 218
51 219
51 220
51 256
51 268
51 280
51 292
51 304
52 52
52 174
52 175
52 176
52 181
52 182
52 184
52 185
52 186
52 187
52 188
52 189
52 190
52 193
52 195
52 196
52 197
52 198
52 199
52 200
52 201
52 202
52 203
52 204
52 205
52 206
52 207
52 208
52 209
52 210
52 211
52 212
52 213
52 214
52 215
52 216
52 217
52 218
52 219
52 220
52 257
52 269
52 281
52 293
52 305
53 53
53 181
53 182
53 184
53 185
53 186
53 187
53 188
53 189
53 190
53 191
53 192
53 193
53 194
53 195
53 196
53 200
53 201
53 202
53 203
53 204
53 206
53 207
53 208
53 209
53 210
53 211
54 54
54 181
54 182
54 184
54 185
54 186
54 187
54 188
54 189
54 190
54 200
54 210
55 55
55 181
55 182
55 184
55 185
55 186
55 187
55 188
55 189
55 190
55 200
56 56
56 207
56 208
56 209
56 211
57 57
57 181
57 182
57 183
57 184
57 187
57 188
57 189
57 190
57 192
57 194
57 200
57 201
57 202
57 203
57 204
57 210
58 58
58 181
58 182
58 183
58 184
58 188
58 189
58 190
58 191
58 192
58 194
58 200
58 201
58 202
58 203
58 204
58 207
58 208
58 209
58 210
59 59
59 181
59 182
59 189
59 190
59 192
59 193
59 194
59 195
59 196
59 206
59 207
59 208
59 209
59 210
60 60
60 181
60 182
60 186
60 187
60 188
60 189
60 190
60 193
60 195
60 196
60 200
60 208
60 209
60 210
61 61
61 181
61 182
61 184
61 186
61 187
61 188
61 189
61 190
61 193
61 195
61 196
61 200
61 210
62 62
62 174
62 175
62 176
62 181
62 182
62 234
62 246
62 258
62 270
62 282
62 294
63 63
63 174
63 175
63 176
63 184
63 235
63 247
63 259
63 271
63 283
63 295
64 64
64 174
64 175
64 176
64 184
64 185
64 236
64 248
64 260
64 272
64 284
64 296
64 306
65 65
65 174
65 175
65 176
65 181
65 182
65 184
65 185
65 237
65 249
65 261
65 273
65 285
65 297
65 307
66 66
66 174
66 175
66 176
66 181
66 182
66 183
66 184
66 185
66 238
66 250
66 262
66 274
66 286
66 298
66 308
67 67
67 174
67 175
67 176
67 181
67 182
67 183
67 184
67 185
67 239
67 251
67 263
67 275
67 287
67 299
67 309
68 68
68 174
68 175
68 176
68 181
68 182
68 183
68 184
68 185
68 186
68 240
68 252
68 264
68 276
68 288
68 300
69 69
69 174
69 175
69 176
69 181
69 182
69 183
69 184
69 185
69 187
69 241
69 253
69 265
69 277
69 289
69 301
69 311
70 70
70 174
70 175
70 176
70 181
70 182
70 183
70 184
70 188
70 242
70 254
70 266
70 278
70 290
70 302
70 312
71 71
71 174
71 175
71 176
71 181
71 182
71 189
71 243
71 255
71 267
71 279
71 291
71 303
71 313
72 72
72 174
72 175
72 176
72 181
72 182
72 190
72 244
72 256
72 268
72 280
72 292
72 304
72 314
73 73
73 174
73 175
73 176
73 181
73 182
73 245
73 257
73 269
73 281
73 293
73 305
73 315
74 74
74 174
74 181
74 182
74 246
74 258
74 270
75 75
75 174
75 184
75 247
75 259
75 271
76 76
76 174
76 184
76 185
76 248
76 260
76 272
77 77
77 174
77 181
77 182
77 184
77 185
77 249
77 261
77 273
78 78
78 174
78 181
78 182
78 183
78 184
78 185
78 250
78 262
78 274
79 79
79 174
79 181
79 182
79 183
79 184
79 185
79 251
79 263
79 275
80 80
80 174
80 181
80 182
80 183
80 184
80 185
80 252
80 264
80 276
81 81
81 174
81 181
81 182
81 183
81 184
81 185
81 253
81 265
81 277
81 311
82 82
82 174
82 181
82 182
82 183
82 184
82 254
82 266
82 278
82 312
83 83
83 174
83 181
83 182
83 255
83 267
83 279
83 313
84 84
84 174
84 181
84 182
84 256
84 268
84 280
84 314
85 85
85 174
85 181
85 182
85 257
85 269
85 281
85 315
86 86
86 174
86 175
86 176
86 246
87 87
87 174
87 175
87 176
87 247
88 88
88 174
88 175
88 176
88 248
89 89
89 174
89 175
89 176
89 249
90 90
90 174
90 175
90 176
90 250
91 91
91 174
91 175
91 176
91 251
92 92
92 174
92 175
92 176
92 252
93 93
93 174
93 175
93 176
93 253
94 94
94 174
94 175
94 176
94 254
95 95
95 174
95 175
95 176
95 255
96 96
96 174
96 175
96 176
96 256
97 97
97 174
97 175
97 176
97 257
98 98
98 174
98 175
98 176
98 234
99 99
99 174
99 175
99 176
99 235
100 100
100 174
100 175
100 176
100 236
101 101
101 174
101 175
101 176
101 237
102 102
102 174
102 175
102 176
102 238
103 103
103 174
103 175
103 176
103 239
104 104
104 174
104 175
104 176
104 240
105 105
105 174
105 175
105 176
105 241
106 106
106 174
106 175
106 176
106 242
107 107
107 174
107 175
107 176
107 243
108 108
108 174
108 175
108 176
108 244
109 109
109 174
109 175
109 176
109 245
110 110
110 174
110 186
110 288
111 111
111 174
111 187
111 289
112 112
112 174
112 188
112 290
113 113
113 174
113 189
113 291
114 114
114 174
114 190
114 292
115 115
115 174
115 175
115 186
115 288
116 116
116 174
116 175
116 187
116 289
117 117
117 174
117 175
117 188
117 290
118 118
118 174
118 175
118 189
118 291
119 119
119 174
119 175
119 190
119 292
120 120
120 174
120 175
120 176
120 270
121 121
121 174
121 175
121 176
121 271
122 122
122 174
122 175
122 176
122 272
123 123
123 174
123 175
123 176
123 273
124 124
124 174
124 175
124 176
124 274
125 125
125 174
125 175
125 176
125 275
126 126
126 174
126 175
126 176
126 276
127 127
127 174
127 175
127 176
127 277
128 128
128 174
128 175
128 176
128 278
129 129
129 174
129 175
129 176
129 279
130 130
130 174
130 175
130 176
130 280
131 131
131 174
131 175
131 176
131 281
132 132
132 174
132 175
132 176
132 258
132 270
132 282
132 294
133 133
133 174
133 175
133 176
133 259
133 271
133 283
133 295
134 134
134 174
134 175
134 176
134 260
134 272
134 284
134 296
135 135
135 174
135 175
135 176
135 261
135 273
135 285
135 297
136 136
136 174
136 175
136 176
136 262
136 274
136 286
136 298
137 137
137 174
137 175
137 176
137 263
137 275
137 287
137 299
138 138
138 174
138 175
138 176
138 264
138 276
138 288
138 300
139 139
139 174
139 175
139 176
139 265
139 277
139 289
139 301
140 140
140 174
140 175
140 176
140 266
140 278
140 290
140 302
141 141
141 174
141 175
141 176
141 267
141 279
141 291
141 303
142 142
142 174
142 175
142 176
142 268
142 280
142 292
142 304
143 143
143 174
143 175
143 176
143 269
143 281
143 293
143 305
144 144
144 174
144 258
145 145
145 174
145 259
146 146
146 174
146 257
146 260
147 147
147 174
147 261
148 148
148 174
148 262
149 149
149 174
149 269
150 150
150 174
150 175
150 306
151 151
151 174
151 175
151 307
152 152
152 174
152 175
152 308
153 153
153 174
153 175
153 309
154 154
154 174
154 175
154 176
154 184
154 185
155 155
155 174
155 175
155 176
155 181
155 182
155 184
155 185
156 156
156 174
156 175
156 176
156 181
156 182
156 183
156 184
156 185
157 157
157 174
157 175
157 176
157 181
157 182
157 183
157 184
157 185
158 158
158 174
158 175
158 176
158 181
158 182
158 183
158 184
158 185
159 159
159 174
159 175
159 176
159 181
159 182
159 183
159 184
159 185
159 311
160 160
160 174
160 175
160 176
160 181
160 182
160 183
160 184
160 312
161 161
161 174
161 175
161 176
161 181
161 182
161 313
162 162
162 174
162 175
162 176
162 181
162 182
162 314
163 163
163 174
163 181
163 182
163 183
163 184
163 185
163 263
164 164
164 174
164 181
164 182
164 183
164 184
164 185
164 264
165 165
165 174
165 181
165 182
165 183
165 184
165 185
165 265
165 311
166 166
166 174
166 181
166 182
166 183
166 184
166 266
166 312
167 167
167 174
167 181
167 182
167 267
167 313
168 168
168 174
168 181
168 182
168 268
168 314
169 169
169 191
169 192
169 193
169 194
169 195
169 196
169 258
169 259
169 260
169 261
169 262
169 263
169 264
169 265
169 266
169 267
169 268
169 269
170 170
170 197
170 198
170 199
170 270
170 271
170 272
170 273
170 274
170 275
170 276
170 277
170 278
170 279
170 280
170 281
171 171
171 200
171 282
171 283
171 284
171 285
171 286
171 287
171 288
171 289
171 290
171 291
171 292
171 293
172 172
172 201
172 202
172 294
172 295
172 296
172 297
172 298
172 299
172 300
172 301
172 302
172 303
172 304
172 305
173 173
173 174
173 175
173 176
173 181
173 182
173 183
173 184
173 185
173 186
173 187
173 188
173 189
173 190
173 191
173 192
173 193
173 194
173 195
173 196
173 197
173 198
173 199
173 200
173 201
173 202
173 203
173 204
173 205
173 206
173 207
173 208
173 209
173 210
173 211
173 212
173 213
173 214
173 215
173 216
173 217
173 218
173 219
173 220
173 221
173 222
173 223
173 224
173 225
173 226
173 227
173 228
173 229
173 230
173 231
173 232
173 233
173 234
173 235
173 236
173 237
173 238
173 239
173 240
173 241
173 242
173 243
173 244
173 245
173 246
173 247
173 248
173 249
173 250
173 251
173 252
173 253
173 254
173 255
173 256
173 306
173 307
173 308
173 309
173 310
