0 1
0 2
0 0
1 3
1 2
1 1
2 2
3 3
4 5
4 6
4 7
4 8
4 4
5 6
5 7
5 8
5 5
6 7
6 8
6 6
7 8
7 7
8 8
9 10
9 11
9 12
9 13
9 9
10 10
11 12
11 13
11 14
11 15
11 16
11 11
12 13
12 12
13 13
14 15
14 14
15 15
16 16
17 18
17 19
17 20
17 21
17 22
17 23
17 24
17 17
18 19
18 20
18 18
19 20
19 19
20 20
21 22
21 23
21 24
21 21
22 23
22 24
22 22
23 24
23 23
24 24
25 26
25 27
25 25
26 27
26 26
27 27
28 29
28 30
28 28
29 30
29 29
31 32
31 33
31 31
32 33
32 34
32 35
32 36
32 32
33 34
33 35
33 36
33 33
34 393
34 35
34 34
35 393
35 35
36 36
37 38
37 39
37 37
38 39
38 38
39 39
40 41
40 42
40 43
40 44
40 45
40 46
40 47
40 48
40 49
40 50
40 40
41 42
41 41
42 42
43 44
43 51
43 52
43 53
43 45
43 46
43 54
43 55
43 56
43 57
43 58
43 59
43 60
43 61
43 62
43 63
43 64
43 65
43 66
43 67
43 68
43 69
43 70
43 49
43 71
43 72
43 73
43 74
43 75
43 76
43 77
43 78
43 79
43 43
44 53
44 45
44 46
44 54
44 55
44 56
44 68
44 69
44 80
44 81
44 82
44 83
44 84
44 85
44 86
44 87
44 88
44 70
44 49
44 89
44 90
44 72
44 73
44 78
44 79
44 44
45 51
45 52
45 53
45 54
45 55
45 56
45 63
45 64
45 68
45 69
45 70
45 49
45 72
45 73
45 74
45 75
45 77
45 78
45 45
46 305
46 46
47 587
47 588
47 589
47 48
47 590
47 591
47 112
47 50
47 592
47 593
47 594
47 595
47 596
47 597
47 47
48 502
48 503
48 588
48 504
48 505
48 506
48 507
48 590
48 591
48 50
48 48
49 72
49 73
49 49
50 50
51 52
51 53
51 123
51 124
51 125
51 126
51 71
51 51
52 53
52 52
53 54
53 55
53 56
53 68
53 69
53 127
53 128
53 129
53 130
53 131
53 132
53 53
54 55
54 56
54 68
54 69
54 74
54 75
54 54
55 56
55 68
55 69
55 55
56 68
56 69
56 56
57 65
57 66
57 67
57 57
58 59
58 60
58 651
58 652
58 76
58 58
59 60
59 651
59 652
59 76
59 59
60 651
60 652
60 76
60 653
60 654
60 60
61 727
61 728
61 61
62 62
63 64
63 63
64 64
65 66
65 67
65 65
66 67
66 66
67 67
68 69
68 68
69 69
70 70
71 71
72 73
72 72
73 73
74 75
74 74
75 75
76 76
77 77
78 79
78 78
79 79
80 913
80 81
80 82
80 914
80 83
80 136
80 80
81 123
81 124
81 913
81 82
81 914
81 83
81 915
81 916
81 917
81 89
81 136
81 90
81 81
82 913
82 914
82 83
82 136
82 82
83 915
83 90
83 83
84 106
84 178
84 179
84 215
84 85
84 86
84 87
84 88
84 284
84 285
84 987
84 988
84 220
84 84
85 85
86 87
86 88
86 284
86 285
86 915
86 987
86 989
86 988
86 86
87 88
87 87
88 88
89 89
90 915
90 90
91 92
91 93
91 94
91 95
91 96
91 91
92 93
92 94
92 95
92 96
92 92
93 94
93 95
93 96
93 93
94 95
94 96
94 94
95 96
95 95
96 96
97 98
97 97
98 98
99 100
99 101
99 99
100 101
100 102
100 103
100 104
100 105
100 100
101 106
101 107
101 108
101 109
101 110
101 111
101 112
101 113
101 114
101 115
101 101
102 103
102 104
102 105
102 102
103 103
104 105
104 104
105 105
106 200
106 201
106 202
106 203
106 204
106 205
106 206
106 207
106 208
106 209
106 210
106 211
106 212
106 213
106 214
106 215
106 216
106 217
106 218
106 219
106 220
106 221
106 222
106 223
106 224
106 106
107 108
107 109
107 110
107 107
108 109
108 108
109 109
110 380
110 381
110 382
110 383
110 384
110 385
110 386
110 387
110 110
111 695
111 113
111 114
111 111
112 590
112 112
113 114
113 113
114 114
115 115
116 117
116 118
116 119
116 116
117 118
117 119
117 120
117 121
117 122
117 117
118 119
118 118
119 119
120 307
120 121
120 122
120 410
120 411
120 412
120 413
120 308
120 414
120 415
120 416
120 417
120 418
120 419
120 328
120 420
120 421
120 422
120 120
121 122
121 415
121 416
121 121
122 410
122 411
122 414
122 415
122 416
122 421
122 122
123 124
123 133
123 134
123 135
123 136
123 137
123 138
123 123
124 134
124 135
124 136
124 137
124 138
124 124
125 126
125 139
125 125
126 126
127 128
127 127
128 128
129 1346
129 1347
129 1348
129 1349
129 130
129 131
129 132
129 129
130 131
130 132
130 130
131 132
131 131
132 132
133 133
134 369
134 370
134 134
135 589
135 819
135 820
135 598
135 135
136 136
137 137
138 138
139 139
140 141
140 142
140 140
141 142
141 141
142 142
143 144
143 145
143 146
143 147
143 148
143 149
143 150
143 151
143 152
143 153
143 154
143 155
143 156
143 157
143 158
143 159
143 160
143 161
143 162
143 143
144 145
144 146
144 157
144 158
144 159
144 160
144 161
144 162
144 144
145 146
145 163
145 164
145 165
145 166
145 145
146 146
147 636
147 637
147 638
147 148
147 149
147 150
147 154
147 639
147 640
147 641
147 642
147 147
148 149
148 150
148 151
148 153
148 154
148 155
148 156
148 148
149 150
149 151
149 152
149 153
149 154
149 155
149 156
149 149
150 151
150 153
150 154
150 155
150 156
150 150
151 151
152 154
152 152
153 154
153 155
153 156
153 153
154 155
154 156
154 154
155 156
155 155
156 156
157 158
157 159
157 160
157 161
157 162
157 157
158 159
158 160
158 161
158 162
158 158
159 160
159 161
159 162
159 159
160 161
160 162
160 160
161 162
161 161
162 162
163 164
163 165
163 166
163 163
164 165
164 166
164 164
165 166
165 165
166 166
167 168
167 169
167 167
168 169
168 168
170 171
170 172
170 173
170 174
170 175
170 176
170 177
170 178
170 179
170 180
170 181
170 182
170 170
171 172
171 173
171 171
172 173
172 183
172 184
172 185
172 186
172 187
172 176
172 188
172 189
172 172
173 190
173 191
173 176
173 192
173 178
173 179
173 180
173 173
174 241
174 242
174 243
174 244
174 245
174 246
174 175
174 248
174 176
174 177
174 174
175 175
176 177
176 176
177 177
178 179
178 180
178 178
179 180
179 179
180 180
181 182
181 181
182 182
183 184
183 185
183 325
183 183
184 241
184 243
184 185
184 247
184 204
184 326
184 327
184 328
184 298
184 252
184 329
184 330
184 331
184 184
185 292
185 247
185 326
185 332
185 333
185 328
185 298
185 334
185 335
185 336
185 302
185 185
186 187
186 186
187 187
188 189
188 188
189 189
190 442
190 443
190 190
191 705
191 706
191 707
191 192
191 708
191 191
192 192
193 194
193 195
193 196
193 193
194 195
194 196
194 194
195 196
195 195
196 197
196 198
196 199
196 196
197 791
197 792
197 793
197 794
197 795
197 198
197 199
197 197
198 198
199 199
200 201
200 202
200 200
201 202
201 201
202 202
203 280
203 281
203 282
203 283
203 284
203 285
203 286
203 287
203 203
204 509
204 510
204 511
204 512
204 513
204 514
204 515
204 516
204 517
204 518
204 329
204 331
204 519
204 520
204 521
204 204
205 206
205 207
205 208
205 209
205 205
206 207
206 208
206 206
207 485
207 486
207 488
207 208
207 565
207 492
207 207
208 209
208 566
208 567
208 568
208 208
209 211
209 212
209 569
209 570
209 209
210 211
210 210
211 215
211 646
211 647
211 211
212 569
212 763
212 570
212 212
213 213
214 216
214 214
215 215
216 216
217 217
218 219
218 218
219 219
220 220
221 221
222 223
222 224
222 222
223 224
223 223
224 224
225 226
225 227
225 225
226 227
226 228
226 229
226 226
227 227
228 829
228 830
228 831
228 228
229 229
230 231
230 232
230 230
231 232
231 231
232 232
233 234
233 235
233 233
234 235
234 236
234 237
234 234
235 235
236 1151
236 1152
236 1153
236 236
237 237
238 239
238 240
238 238
239 240
239 239
240 240
241 242
241 243
241 244
241 245
241 246
241 247
241 248
241 241
242 243
242 244
242 242
243 244
243 245
243 246
243 247
243 249
243 250
243 251
243 248
243 252
243 253
243 254
243 243
244 244
245 246
245 248
245 245
246 246
247 328
247 298
247 247
248 248
249 250
249 251
249 249
250 251
250 250
251 251
252 252
253 254
253 253
254 254
255 256
255 257
255 255
256 257
256 256
257 257
258 259
258 260
258 258
259 260
259 261
259 259
260 260
261 261
262 263
262 262
263 263
264 265
264 264
265 265
266 267
266 266
267 268
267 269
267 267
268 370
268 269
268 371
268 372
268 373
268 268
269 269
270 271
270 270
271 272
271 273
271 274
271 275
271 271
272 273
272 274
272 275
272 272
273 274
273 275
273 273
274 275
274 274
275 275
276 277
276 278
276 279
276 276
277 277
278 704
278 279
278 278
279 279
280 280
281 282
281 283
281 281
282 283
282 282
283 286
283 283
284 285
284 987
284 988
284 287
284 284
285 987
285 988
285 287
285 285
286 286
287 287
288 289
288 290
288 288
289 290
289 289
290 290
291 292
291 293
291 294
291 295
291 296
291 297
291 291
292 293
292 298
292 294
292 295
292 296
292 297
292 299
292 300
292 301
292 302
292 292
293 299
293 300
293 301
293 293
294 295
294 296
294 297
294 294
295 296
295 297
295 295
296 297
296 296
297 297
298 325
298 780
298 781
298 328
298 334
298 335
298 786
298 302
298 298
299 300
299 301
299 299
300 301
300 300
301 301
302 302
303 304
303 303
304 304
305 326
305 394
305 395
305 345
305 396
305 305
306 307
306 306
307 308
307 309
307 310
307 311
307 312
307 307
308 308
309 310
309 311
309 309
310 311
310 310
311 312
311 311
312 312
313 314
313 313
314 314
315 316
315 317
315 318
315 319
315 320
315 321
315 322
315 323
315 324
315 315
316 317
316 318
316 319
316 320
316 321
316 322
316 323
316 324
316 316
317 318
317 319
317 320
317 321
317 322
317 323
317 324
317 317
318 319
318 320
318 321
318 322
318 323
318 324
318 318
319 320
319 321
319 322
319 323
319 324
319 319
320 321
320 322
320 323
320 324
320 320
321 322
321 323
321 324
321 321
322 323
322 324
322 322
323 324
323 323
324 324
325 325
326 343
326 394
326 395
326 558
326 345
326 396
326 559
326 346
326 347
326 326
327 773
327 774
327 775
327 330
327 327
328 418
328 780
328 781
328 782
328 420
328 783
328 784
328 336
328 785
328 328
329 331
329 329
330 330
331 331
332 333
332 599
332 600
332 601
332 602
332 332
333 333
334 335
334 334
335 335
336 784
336 336
337 338
337 339
337 340
337 337
338 339
338 340
338 338
339 340
339 339
340 340
341 342
341 341
342 342
343 344
343 345
343 346
343 347
343 343
344 344
345 396
345 346
345 347
346 559
346 347
346 886
346 346
347 347
348 349
348 348
349 349
350 351
350 352
350 350
351 351
352 352
353 354
353 355
353 353
354 355
354 354
355 356
355 355
356 356
357 358
357 359
357 357
358 359
358 358
359 359
360 361
360 362
360 360
361 362
361 361
362 363
362 362
363 363
364 365
364 366
364 364
365 366
365 365
366 366
367 368
367 367
368 368
369 370
369 369
370 371
370 372
370 373
370 370
371 372
371 373
371 371
372 373
372 372
373 373
374 375
374 376
374 374
375 376
375 375
376 377
376 378
376 379
376 376
377 378
377 379
377 377
378 379
378 378
379 379
380 381
380 380
381 382
381 383
381 384
381 385
381 381
382 383
382 384
382 385
382 382
383 384
383 383
384 384
385 385
386 387
386 386
387 387
388 389
388 390
388 391
388 392
388 388
389 390
389 391
389 392
389 389
390 391
390 392
390 390
391 392
391 391
392 392
393 393
394 395
394 558
394 560
394 394
395 561
395 562
395 563
395 564
395 395
396 396
397 398
397 397
398 398
399 400
399 401
399 402
399 403
399 399
400 401
400 400
401 401
402 403
402 402
403 403
404 405
404 406
404 404
405 406
406 406
407 408
407 409
407 407
408 409
408 408
409 409
410 411
410 412
410 413
410 414
410 423
410 424
410 425
410 426
410 427
410 428
410 429
410 430
410 431
410 432
410 433
410 434
410 410
411 412
411 413
411 414
411 411
412 413
412 423
412 426
412 412
413 424
413 413
414 421
414 414
415 416
415 415
416 417
416 418
416 419
416 416
417 418
417 419
417 417
418 419
418 420
418 418
419 419
420 420
421 421
422 422
423 618
423 619
423 425
423 426
423 429
423 430
423 431
423 432
423 423
424 734
424 735
424 736
424 738
424 737
424 739
424 424
425 949
425 950
425 951
425 952
425 953
425 426
425 429
425 430
425 431
425 432
425 425
426 427
426 428
426 429
426 430
426 431
426 432
426 433
426 434
426 426
427 428
427 427
428 428
429 430
429 431
429 432
429 429
430 431
430 432
430 430
431 432
431 431
432 432
433 434
433 433
434 434
435 436
435 435
436 437
436 436
437 437
438 439
438 440
438 441
438 438
439 440
439 441
439 439
440 441
440 440
441 441
442 443
442 442
443 443
444 445
444 444
445 445
446 447
446 448
446 449
446 450
446 451
446 452
446 446
448 448
449 450
449 451
449 452
449 449
450 451
450 452
450 450
451 452
451 451
452 452
453 454
453 453
454 455
454 456
454 457
454 458
454 454
455 456
455 457
455 458
456 457
456 458
456 456
457 458
457 457
458 458
459 460
459 461
459 462
459 463
459 464
459 465
459 459
460 463
460 464
460 460
461 461
462 466
462 467
462 468
462 462
463 463
464 464
465 465
466 683
466 684
466 467
466 468
466 685
466 686
466 466
467 468
467 467
468 468
469 470
469 471
469 469
470 471
470 470
471 471
472 473
472 474
472 475
472 472
473 474
473 475
473 473
474 474
475 1095
475 1098
475 1170
475 1100
475 1101
475 1102
475 1103
475 1104
475 1171
475 1172
475 475
476 477
476 478
476 479
476 476
477 478
477 479
477 477
478 479
478 478
479 479
480 481
480 480
481 481
482 483
482 484
482 485
482 486
482 487
482 488
482 489
482 482
483 484
483 485
483 486
483 487
483 488
483 489
483 490
483 491
483 483
484 485
484 486
484 487
484 488
484 489
484 484
485 486
485 487
485 488
485 489
485 492
485 490
485 491
485 485
486 487
486 488
486 489
486 492
486 490
486 491
486 486
487 488
487 489
487 487
488 489
488 492
488 490
488 491
488 488
489 489
490 491
490 490
491 491
492 492
493 494
493 493
494 494
495 496
495 497
495 495
496 497
496 496
497 498
497 499
497 500
497 497
498 499
498 500
498 498
499 500
499 499
500 500
501 502
501 503
501 501
502 503
502 504
502 505
502 506
502 507
502 508
502 502
503 504
503 505
503 506
503 507
503 508
503 503
504 505
504 506
504 507
504 504
505 506
505 507
505 508
505 505
506 507
506 506
507 507
509 510
509 511
509 512
509 513
509 514
509 509
510 511
510 512
510 513
510 514
510 510
511 512
511 513
511 514
511 522
511 511
512 513
512 514
512 515
512 521
512 512
513 514
513 513
514 514
515 516
515 517
515 515
516 516
518 518
519 520
519 519
520 520
521 521
522 522
523 524
523 525
523 526
523 523
524 525
524 524
525 526
525 525
526 526
527 528
527 529
527 527
528 529
528 528
529 529
530 531
530 532
530 533
530 534
530 535
530 536
530 537
530 538
530 539
530 530
531 532
531 533
531 534
531 540
531 541
531 535
531 536
531 542
531 543
531 537
531 538
531 539
531 544
531 545
531 546
531 547
531 548
531 549
531 550
531 531
532 791
532 533
532 534
532 977
532 540
532 535
532 536
532 537
532 796
532 532
533 534
533 535
533 536
533 537
533 533
534 537
534 978
534 979
534 980
534 534
535 536
535 1118
535 1119
535 1120
535 796
535 538
535 539
535 535
536 538
536 539
536 536
537 537
538 539
538 538
539 539
540 791
540 542
540 543
540 796
540 540
541 1054
541 1055
541 544
541 545
541 546
541 547
541 541
542 543
542 542
543 543
544 545
544 546
544 547
544 544
545 546
545 547
545 545
546 547
546 546
547 547
548 549
548 550
548 548
549 550
549 549
550 550
551 552
551 553
551 554
551 555
551 551
553 554
553 555
553 553
554 555
554 554
555 556
555 557
555 555
556 1146
556 1147
556 1148
556 1149
556 1150
556 556
557 557
558 558
559 724
559 725
559 726
559 559
561 561
562 1191
562 563
562 564
562 562
563 564
563 563
564 564
565 845
565 846
565 847
565 848
565 849
565 565
566 567
566 566
567 567
568 568
569 569
571 572
571 571
572 572
573 574
573 575
573 573
574 575
574 576
574 574
575 575
576 576
577 578
577 577
578 579
578 578
579 579
580 581
580 582
580 583
580 584
580 585
580 586
580 580
581 582
581 583
581 586
581 581
582 583
582 582
583 584
583 585
583 583
584 585
584 584
585 585
586 586
587 588
587 589
587 587
588 589
588 590
588 592
588 588
589 598
589 589
590 593
590 594
590 595
590 596
590 597
590 590
591 591
592 592
593 594
593 595
593 596
593 597
593 593
594 595
594 596
594 597
594 594
595 596
595 597
595 595
596 597
596 596
597 597
598 598
599 600
599 601
599 602
599 599
600 601
600 602
600 600
601 602
601 601
602 602
603 604
603 605
603 606
603 603
604 605
604 606
604 604
605 606
605 605
606 606
607 608
607 607
608 609
608 610
608 611
608 612
608 613
608 608
609 875
609 876
609 878
609 879
609 610
609 611
609 612
609 613
609 880
609 877
609 609
610 611
610 612
610 613
611 612
611 613
611 611
612 613
612 612
613 613
614 615
614 616
614 617
614 614
615 616
615 617
615 615
616 617
616 616
617 617
618 619
618 620
618 618
619 619
620 620
621 622
621 623
621 624
621 625
621 626
621 621
622 623
622 624
622 625
622 626
622 622
623 624
623 625
623 626
623 627
623 623
624 625
624 626
624 624
625 626
625 625
626 626
627 627
628 629
628 630
628 628
629 630
629 629
630 630
631 632
631 633
631 634
631 635
631 631
632 633
632 634
632 635
632 632
633 633
634 635
634 634
635 635
636 636
637 638
637 637
638 638
639 640
639 641
639 642
639 639
640 641
640 642
640 640
641 642
641 641
643 644
643 645
643 643
644 645
644 644
645 645
646 647
646 646
647 647
648 649
648 650
648 648
649 650
649 649
650 650
651 651
652 652
653 654
653 653
654 654
655 656
655 657
655 655
656 657
656 656
657 657
658 659
658 660
658 658
659 660
659 659
660 660
661 662
661 663
661 664
661 665
661 666
661 667
661 668
661 661
662 663
662 664
662 665
662 666
662 667
662 668
662 662
663 664
663 665
663 666
663 667
663 668
663 663
664 665
664 666
664 667
664 668
664 664
665 666
665 667
665 668
665 665
666 667
666 668
666 666
667 668
667 667
668 668
669 670
669 671
669 672
669 669
670 671
670 672
670 670
671 672
671 671
672 672
673 674
673 675
673 676
673 673
674 675
674 676
674 674
675 676
675 675
676 676
677 678
677 679
677 680
677 681
677 682
677 677
678 679
678 680
678 681
678 678
679 680
679 681
679 682
679 679
680 681
680 680
681 682
681 681
682 682
683 683
684 684
685 686
685 685
686 686
687 688
687 687
688 688
689 690
689 691
689 689
690 691
690 690
691 691
692 693
692 694
692 692
693 694
693 693
694 694
695 695
696 697
696 698
696 696
697 697
698 698
699 700
699 699
700 700
701 702
701 703
701 701
702 703
702 702
703 703
704 704
705 705
706 707
706 706
707 939
707 940
707 941
707 707
708 708
709 710
709 709
710 711
710 710
711 711
712 713
712 714
712 715
712 712
713 714
713 715
713 713
714 715
714 714
715 715
716 717
716 718
716 719
716 720
716 721
716 722
716 723
716 716
717 718
717 719
717 720
717 721
717 722
717 723
717 717
718 719
718 720
718 721
718 722
718 723
718 718
719 720
719 721
719 722
719 723
719 719
720 721
720 722
720 723
720 720
721 722
721 723
721 721
722 723
723 723
724 725
724 726
724 724
725 726
725 725
726 726
727 728
727 727
728 728
729 730
729 731
729 732
729 733
729 729
730 731
730 732
730 733
730 730
731 732
731 733
731 731
732 733
732 732
733 733
734 735
734 736
734 737
734 734
735 735
736 1159
736 738
736 1160
736 737
736 739
736 736
737 737
738 1159
738 739
738 738
739 739
740 741
740 742
740 743
740 740
741 741
742 743
742 742
743 744
743 743
744 744
745 746
745 747
745 748
745 745
746 747
746 748
746 746
747 748
747 749
747 750
747 751
747 752
747 747
748 753
748 754
748 755
748 756
748 757
748 758
748 748
749 750
749 749
750 750
751 752
751 751
752 752
753 753
754 755
754 756
754 757
754 754
755 756
755 757
755 755
756 757
756 756
757 757
758 758
759 760
759 759
760 760
761 762
761 761
762 762
763 763
764 765
764 766
764 764
765 766
765 765
766 767
766 768
766 769
766 770
766 766
767 768
767 767
768 768
769 770
769 769
770 770
771 772
771 771
772 772
773 774
773 773
774 775
774 774
775 775
776 777
776 776
777 777
778 779
778 778
779 779
780 781
780 780
781 782
781 781
782 782
783 784
783 783
784 785
784 784
785 785
786 786
787 788
787 787
788 788
789 790
789 789
790 790
791 792
791 793
791 794
791 796
791 791
792 793
792 794
792 797
792 792
793 794
793 793
794 794
795 795
796 1242
796 1243
796 1369
796 796
797 797
798 799
798 798
799 799
800 801
800 802
800 803
800 804
800 805
800 806
800 800
801 802
801 803
801 804
801 805
801 806
801 801
802 803
802 804
802 805
802 806
802 802
803 803
804 805
804 806
804 804
805 806
805 805
806 806
807 808
807 807
808 808
809 810
809 811
809 812
809 813
809 814
809 815
809 816
809 809
810 811
810 810
811 815
811 816
811 811
812 813
812 814
812 812
813 814
813 813
814 814
815 816
815 815
816 816
817 818
817 817
818 818
819 819
820 820
821 822
821 823
821 821
822 823
822 822
823 823
824 825
824 826
824 824
825 826
825 825
827 828
827 827
828 828
829 830
829 831
829 829
830 831
830 830
831 831
832 833
832 832
833 833
834 835
834 834
835 835
836 837
836 836
837 837
838 839
838 838
839 839
840 841
840 842
840 840
841 842
841 841
842 842
843 844
843 843
844 844
845 846
845 847
845 848
845 849
845 845
846 847
846 848
846 849
846 846
847 847
848 849
848 848
850 851
850 850
851 851
852 853
852 854
852 855
852 852
853 853
854 855
854 854
855 855
856 857
856 856
857 857
858 859
858 858
859 859
860 861
860 860
861 861
862 863
862 862
863 863
864 865
864 866
864 864
865 866
865 865
866 866
867 868
867 867
868 868
869 870
869 869
870 870
871 872
871 873
871 874
871 871
872 873
872 874
872 872
873 874
873 873
874 874
875 876
875 875
876 877
876 876
877 877
878 879
878 880
878 878
879 879
880 880
881 882
881 881
882 882
883 884
883 885
883 883
884 885
884 884
885 885
886 886
887 888
887 889
887 890
887 887
888 888
889 890
889 889
890 890
891 892
891 893
891 894
891 895
891 896
891 897
891 898
891 899
891 900
891 901
891 902
891 903
891 904
891 905
891 906
891 907
891 908
891 909
891 910
891 891
892 893
892 894
892 895
892 896
892 897
892 898
892 899
892 900
892 901
892 902
892 903
892 904
892 905
892 906
892 907
892 908
892 909
892 910
892 1396
892 892
893 894
893 895
893 896
893 897
893 898
893 899
893 900
893 901
893 902
893 903
893 904
893 905
893 906
893 907
893 908
893 909
893 910
893 1396
893 893
894 895
894 896
894 897
894 898
894 899
894 900
894 901
894 902
894 903
894 904
894 905
894 906
894 907
894 908
894 909
894 910
894 1396
894 894
895 896
895 897
895 898
895 899
895 900
895 901
895 902
895 903
895 904
895 905
895 906
895 907
895 908
895 909
895 910
895 895
896 897
896 898
896 899
896 900
896 901
896 902
896 903
896 904
896 905
896 906
896 907
896 908
896 909
896 910
896 896
897 898
897 899
897 900
897 901
897 902
897 903
897 904
897 905
897 906
897 907
897 908
897 909
897 910
897 897
898 899
898 900
898 901
898 902
898 903
898 904
898 905
898 906
898 907
898 908
898 909
898 910
898 898
899 900
899 901
899 902
899 903
899 904
899 905
899 906
899 907
899 908
899 909
899 910
899 899
900 901
900 902
900 903
900 904
900 905
900 906
900 907
900 908
900 909
900 910
900 900
901 902
901 903
901 904
901 905
901 906
901 907
901 908
901 909
901 910
901 901
902 903
902 904
902 905
902 906
902 907
902 908
902 909
902 910
902 902
903 904
903 905
903 906
903 907
903 908
903 909
903 910
903 903
904 905
904 906
904 907
904 908
904 909
904 910
904 904
905 906
905 907
905 908
905 909
905 910
905 905
906 907
906 908
906 909
906 910
906 906
907 908
907 909
907 910
907 907
908 909
908 910
908 908
909 910
909 909
910 910
911 912
911 911
912 912
913 913
914 914
915 987
915 989
915 915
916 917
916 916
917 917
918 919
918 920
918 921
918 918
919 920
919 921
919 919
920 921
920 920
921 921
922 923
922 924
922 925
922 926
922 927
922 928
922 929
922 930
922 922
923 924
923 925
923 926
923 927
923 923
924 925
924 926
924 924
925 926
925 925
926 926
927 927
928 929
928 930
928 928
929 930
929 929
930 930
931 932
931 931
932 932
933 934
933 935
933 933
934 936
934 934
935 935
936 966
936 967
936 936
937 938
937 937
938 938
939 940
939 941
939 939
940 941
940 940
941 941
942 943
942 944
942 942
943 944
943 943
944 944
945 946
945 947
945 948
945 945
946 947
946 948
946 946
947 948
947 947
948 948
949 950
949 951
949 952
949 953
949 949
950 951
950 952
950 953
950 950
951 952
951 953
951 954
951 955
951 956
951 957
952 953
952 952
953 953
954 955
954 956
954 957
954 954
955 956
955 957
955 955
956 957
956 956
958 959
958 960
958 961
958 958
959 960
959 961
960 961
960 960
961 961
962 963
962 964
962 965
962 962
963 963
964 965
964 964
965 965
966 966
967 967
968 969
968 970
968 971
968 968
969 970
969 971
969 969
970 971
970 970
971 971
972 973
972 972
973 973
974 975
974 976
974 974
975 976
976 976
977 977
978 979
978 980
979 980
979 979
980 980
981 982
981 981
982 982
983 984
983 983
984 984
985 986
985 985
986 986
987 989
987 988
987 987
988 988
989 989
990 991
990 992
990 993
990 990
991 992
991 993
991 991
992 993
992 992
993 993
994 995
994 994
995 995
996 997
996 998
996 996
997 998
997 997
998 998
999 1000
999 1001
999 1002
999 1003
999 1004
999 999
1000 1001
1000 1002
1000 1003
1000 1004
1000 1000
1001 1002
1001 1003
1001 1004
1001 1001
1002 1003
1002 1004
1002 1002
1003 1004
1003 1003
1004 1004
1005 1006
1005 1005
1006 1006
1007 1008
1007 1007
1008 1008
1009 1010
1009 1011
1009 1009
1010 1011
1010 1010
1011 1011
1012 1013
1012 1012
1013 1013
1014 1015
1014 1014
1015 1016
1015 1015
1016 1016
1017 1018
1017 1019
1017 1020
1017 1017
1018 1019
1018 1020
1018 1018
1019 1020
1019 1019
1020 1020
1021 1022
1021 1023
1021 1024
1021 1025
1021 1026
1021 1027
1021 1028
1021 1029
1021 1030
1021 1021
1022 1023
1022 1024
1022 1025
1022 1026
1022 1027
1022 1028
1022 1029
1022 1030
1022 1022
1023 1024
1023 1025
1023 1026
1023 1027
1023 1028
1023 1029
1023 1030
1023 1023
1024 1025
1024 1026
1024 1027
1024 1028
1024 1029
1024 1030
1024 1024
1025 1026
1025 1027
1025 1028
1025 1029
1025 1030
1025 1025
1026 1027
1026 1028
1026 1029
1026 1030
1026 1026
1027 1028
1027 1029
1027 1030
1027 1027
1028 1029
1028 1030
1028 1028
1029 1030
1029 1029
1030 1030
1031 1032
1031 1033
1031 1031
1032 1033
1032 1032
1033 1033
1034 1035
1034 1036
1034 1034
1035 1036
1035 1035
1036 1037
1036 1038
1036 1039
1036 1040
1036 1041
1036 1036
1037 1038
1037 1039
1037 1040
1037 1037
1038 1039
1038 1040
1038 1038
1039 1040
1039 1039
1040 1040
1041 1041
1042 1043
1042 1044
1042 1045
1042 1042
1043 1044
1043 1045
1043 1043
1044 1045
1044 1044
1045 1045
1046 1047
1046 1046
1047 1047
1048 1049
1048 1050
1048 1048
1049 1050
1049 1049
1050 1050
1051 1052
1051 1053
1051 1051
1052 1053
1052 1052
1053 1053
1054 1055
1054 1054
1055 1055
1056 1057
1056 1058
1056 1059
1056 1060
1056 1056
1057 1058
1057 1059
1057 1060
1057 1057
1058 1059
1058 1060
1058 1061
1058 1058
1059 1060
1059 1059
1060 1060
1061 1061
1062 1063
1062 1064
1062 1065
1062 1066
1062 1062
1063 1064
1063 1065
1063 1066
1063 1063
1064 1065
1064 1066
1064 1064
1065 1066
1065 1065
1066 1066
1067 1068
1067 1067
1068 1068
1069 1070
1069 1071
1069 1069
1070 1071
1070 1070
1071 1071
1072 1073
1072 1072
1073 1073
1074 1075
1074 1076
1074 1074
1075 1076
1075 1075
1076 1076
1077 1078
1077 1079
1077 1080
1077 1081
1077 1077
1078 1079
1078 1080
1078 1081
1078 1078
1079 1080
1079 1081
1079 1079
1080 1081
1080 1080
1081 1081
1082 1083
1082 1084
1082 1085
1082 1082
1083 1084
1083 1083
1084 1084
1085 1085
1086 1087
1086 1088
1086 1086
1087 1088
1087 1087
1088 1088
1089 1090
1089 1089
1090 1090
1091 1092
1091 1093
1091 1091
1092 1093
1092 1092
1093 1093
1094 1095
1094 1096
1094 1097
1094 1098
1094 1099
1094 1094
1095 1096
1095 1097
1095 1098
1095 1099
1095 1100
1095 1101
1095 1102
1095 1103
1095 1104
1095 1105
1095 1106
1095 1107
1095 1095
1096 1097
1096 1098
1096 1099
1096 1100
1096 1105
1096 1106
1096 1107
1096 1096
1097 1098
1097 1099
1097 1100
1097 1105
1097 1106
1097 1107
1097 1097
1098 1099
1098 1100
1098 1101
1098 1102
1098 1103
1098 1104
1098 1105
1098 1106
1098 1107
1098 1108
1098 1109
1098 1098
1099 1099
1100 1101
1100 1102
1100 1103
1100 1104
1100 1105
1100 1106
1100 1107
1100 1108
1100 1109
1100 1100
1101 1102
1101 1103
1101 1104
1101 1101
1102 1103
1102 1104
1102 1102
1103 1104
1103 1103
1104 1104
1105 1106
1105 1107
1105 1105
1106 1107
1106 1106
1107 1107
1108 1109
1108 1108
1109 1109
1110 1111
1110 1110
1111 1111
1112 1113
1112 1114
1112 1112
1113 1114
1113 1113
1114 1114
1115 1116
1115 1115
1116 1117
1116 1116
1117 1117
1118 1118
1119 1120
1119 1119
1120 1120
1121 1122
1121 1123
1121 1121
1122 1123
1122 1122
1123 1123
1124 1125
1124 1126
1124 1127
1124 1124
1125 1125
1126 1127
1126 1126
1127 1127
1128 1129
1128 1128
1129 1129
1130 1131
1130 1132
1130 1133
1130 1130
1131 1132
1131 1133
1131 1131
1132 1133
1132 1132
1133 1133
1134 1135
1134 1136
1134 1134
1135 1136
1135 1135
1136 1136
1137 1138
1137 1139
1137 1137
1138 1139
1138 1138
1139 1139
1140 1141
1140 1142
1140 1143
1140 1144
1140 1145
1140 1140
1141 1142
1141 1143
1141 1144
1141 1145
1141 1141
1142 1143
1142 1144
1142 1145
1142 1142
1143 1144
1143 1145
1143 1143
1144 1145
1144 1144
1145 1145
1146 1146
1147 1147
1148 1149
1148 1150
1148 1148
1149 1150
1149 1149
1150 1150
1151 1152
1151 1151
1152 1152
1153 1153
1154 1155
1154 1154
1155 1155
1156 1157
1156 1158
1156 1156
1157 1158
1157 1157
1158 1158
1159 1160
1159 1159
1160 1160
1161 1162
1161 1161
1162 1162
1163 1164
1163 1163
1164 1164
1165 1166
1165 1167
1165 1168
1165 1169
1165 1165
1166 1167
1166 1168
1166 1169
1166 1166
1167 1168
1167 1169
1167 1167
1168 1169
1168 1168
1169 1169
1170 1170
1171 1425
1171 1426
1171 1427
1171 1428
1171 1429
1171 1172
1172 1172
1173 1174
1173 1173
1175 1176
1175 1175
1176 1177
1176 1176
1177 1177
1178 1179
1178 1178
1179 1179
1180 1181
1180 1180
1181 1181
1182 1183
1182 1184
1182 1185
1182 1186
1182 1187
1182 1182
1183 1188
1183 1189
1183 1190
1183 1184
1183 1185
1183 1186
1183 1187
1183 1183
1184 1185
1184 1186
1184 1187
1184 1184
1185 1186
1185 1187
1185 1185
1186 1187
1186 1186
1187 1187
1188 1189
1188 1188
1189 1189
1190 1190
1191 1191
1192 1193
1192 1192
1193 1193
1194 1195
1194 1194
1195 1195
1196 1197
1196 1198
1196 1199
1196 1196
1197 1197
1198 1199
1198 1198
1199 1199
1200 1201
1200 1202
1200 1200
1201 1202
1201 1201
1202 1202
1203 1204
1203 1203
1204 1204
1205 1206
1205 1207
1205 1208
1205 1209
1205 1205
1206 1206
1207 1208
1207 1209
1207 1207
1208 1209
1208 1208
1209 1209
1210 1211
1210 1212
1210 1213
1210 1214
1210 1215
1210 1216
1210 1217
1210 1218
1210 1219
1210 1220
1210 1210
1211 1212
1211 1213
1211 1214
1211 1215
1211 1216
1211 1217
1211 1218
1211 1219
1211 1211
1212 1213
1212 1214
1212 1215
1212 1216
1212 1217
1212 1218
1212 1219
1212 1212
1213 1214
1213 1215
1213 1216
1213 1217
1213 1218
1213 1219
1213 1213
1214 1215
1214 1216
1214 1217
1214 1218
1214 1219
1214 1214
1215 1216
1215 1217
1215 1218
1215 1219
1215 1215
1216 1217
1216 1218
1216 1219
1216 1216
1217 1218
1217 1219
1217 1217
1218 1219
1218 1218
1219 1219
1220 1220
1221 1222
1221 1221
1222 1222
1223 1224
1223 1225
1223 1226
1223 1223
1224 1225
1224 1226
1224 1224
1225 1226
1225 1225
1226 1226
1227 1228
1227 1229
1227 1227
1228 1229
1228 1228
1229 1229
1230 1231
1230 1232
1230 1230
1231 1232
1231 1231
1232 1232
1233 1234
1233 1235
1233 1236
1233 1237
1233 1238
1233 1239
1233 1240
1233 1241
1233 1233
1234 1235
1234 1236
1234 1237
1234 1238
1234 1239
1234 1240
1234 1241
1234 1234
1235 1236
1235 1237
1235 1238
1235 1239
1235 1240
1235 1241
1235 1242
1235 1243
1235 1244
1235 1235
1236 1237
1236 1238
1236 1239
1236 1240
1236 1241
1236 1236
1237 1238
1237 1239
1237 1240
1237 1241
1237 1237
1238 1239
1238 1240
1238 1241
1238 1238
1239 1240
1239 1241
1239 1239
1240 1241
1240 1240
1241 1241
1242 1243
1242 1244
1242 1242
1243 1244
1243 1243
1244 1244
1245 1246
1245 1245
1246 1246
1247 1248
1247 1249
1247 1250
1247 1251
1247 1247
1248 1249
1248 1250
1248 1251
1248 1248
1249 1250
1249 1251
1249 1249
1250 1251
1250 1250
1251 1252
1251 1253
1251 1254
1251 1251
1252 1253
1252 1254
1252 1252
1253 1254
1253 1253
1254 1254
1255 1256
1255 1255
1256 1256
1257 1258
1257 1257
1258 1258
1259 1260
1259 1259
1260 1260
1261 1262
1261 1261
1262 1262
1263 1264
1263 1263
1264 1265
1264 1266
1264 1264
1265 1266
1265 1265
1266 1266
1267 1268
1267 1269
1267 1270
1267 1271
1267 1267
1268 1269
1268 1270
1268 1271
1268 1268
1269 1270
1269 1271
1269 1269
1270 1271
1270 1270
1271 1271
1272 1273
1272 1274
1272 1275
1272 1276
1272 1277
1272 1278
1272 1279
1272 1280
1272 1272
1273 1274
1273 1275
1273 1276
1273 1277
1273 1278
1273 1279
1273 1280
1273 1273
1274 1275
1274 1276
1274 1277
1274 1278
1274 1279
1274 1280
1274 1274
1275 1276
1275 1277
1275 1278
1275 1279
1275 1280
1275 1275
1276 1277
1276 1278
1276 1279
1276 1280
1276 1276
1277 1278
1277 1279
1277 1280
1277 1277
1278 1279
1278 1280
1278 1278
1279 1280
1279 1279
1280 1280
1281 1282
1281 1281
1282 1282
1283 1284
1283 1283
1284 1284
1285 1286
1285 1287
1285 1285
1286 1287
1286 1286
1287 1287
1288 1289
1288 1288
1289 1289
1290 1291
1290 1292
1290 1290
1291 1292
1291 1291
1292 1292
1293 1294
1293 1295
1293 1296
1293 1293
1294 1295
1294 1296
1294 1294
1295 1296
1295 1295
1296 1296
1297 1298
1297 1297
1298 1298
1299 1300
1299 1301
1299 1299
1300 1301
1300 1300
1301 1301
1302 1303
1302 1304
1302 1305
1302 1302
1303 1303
1304 1304
1305 1305
1306 1307
1306 1306
1307 1307
1308 1309
1308 1308
1309 1309
1310 1311
1310 1310
1311 1311
1312 1313
1312 1312
1313 1313
1314 1315
1314 1314
1315 1315
1316 1317
1316 1318
1316 1316
1317 1318
1317 1317
1318 1318
1319 1320
1319 1319
1320 1320
1321 1322
1321 1323
1321 1321
1322 1323
1322 1322
1323 1323
1324 1325
1324 1326
1324 1327
1324 1324
1325 1326
1325 1327
1325 1325
1326 1327
1326 1326
1327 1327
1328 1329
1328 1330
1328 1331
1328 1332
1328 1333
1328 1334
1328 1335
1328 1336
1328 1328
1329 1330
1329 1331
1329 1332
1329 1329
1330 1331
1330 1332
1330 1330
1331 1332
1331 1331
1332 1332
1333 1334
1333 1335
1333 1336
1333 1333
1334 1335
1334 1336
1334 1334
1335 1336
1335 1335
1336 1336
1337 1338
1337 1339
1337 1337
1338 1339
1338 1338
1339 1340
1339 1341
1339 1339
1340 1341
1340 1340
1342 1343
1342 1342
1343 1343
1344 1345
1344 1344
1345 1345
1346 1347
1346 1348
1346 1349
1346 1346
1347 1348
1347 1349
1347 1347
1348 1349
1348 1348
1349 1349
1350 1351
1350 1350
1351 1351
1352 1353
1352 1354
1352 1352
1353 1354
1353 1353
1354 1354
1355 1356
1355 1355
1356 1356
1357 1358
1357 1357
1358 1358
1359 1360
1359 1361
1359 1359
1360 1361
1360 1360
1361 1361
1362 1363
1362 1364
1362 1365
1362 1362
1363 1364
1363 1365
1363 1366
1363 1363
1364 1365
1364 1364
1365 1365
1366 1366
1367 1368
1367 1367
1368 1368
1369 1369
1370 1371
1370 1370
1371 1371
1372 1373
1372 1372
1373 1373
1374 1375
1374 1374
1375 1375
1376 1377
1376 1378
1376 1376
1377 1378
1377 1377
1378 1378
1379 1380
1379 1379
1380 1380
1381 1382
1381 1383
1381 1381
1382 1383
1382 1382
1383 1383
1384 1385
1384 1386
1384 1387
1384 1388
1384 1384
1385 1386
1385 1387
1385 1388
1385 1385
1386 1387
1386 1388
1386 1386
1387 1388
1387 1387
1388 1388
1389 1390
1389 1391
1389 1392
1389 1389
1390 1391
1390 1392
1390 1390
1391 1392
1391 1391
1392 1392
1393 1394
1393 1395
1393 1393
1394 1395
1394 1394
1395 1395
1396 1396
1397 1398
1397 1397
1398 1398
1399 1400
1399 1401
1399 1402
1399 1399
1400 1401
1400 1402
1400 1400
1401 1402
1401 1401
1402 1402
1403 1404
1403 1405
1403 1403
1404 1405
1404 1404
1405 1405
1406 1407
1406 1408
1406 1406
1407 1408
1407 1407
1408 1408
1409 1410
1409 1409
1410 1410
1411 1412
1411 1413
1411 1411
1412 1413
1412 1412
1413 1413
1414 1415
1414 1414
1415 1415
1416 1417
1416 1418
1416 1419
1416 1420
1416 1421
1416 1416
1417 1417
1418 1422
1418 1419
1418 1420
1418 1421
1418 1418
1419 1420
1419 1421
1419 1419
1420 1421
1420 1420
1421 1421
1422 1422
1423 1424
1423 1423
1424 1424
1425 1426
1425 1427
1425 1428
1425 1429
1425 1425
1426 1427
1426 1428
1426 1429
1426 1426
1427 1428
1427 1429
1427 1427
1428 1429
1428 1428
1429 1429
1430 1431
1430 1432
1430 1430
1431 1432
1431 1431
1432 1432
1433 1434
1433 1433
1434 1434
1435 1436
1435 1435
1436 1436
1437 1438
1437 1437
1438 1438
1439 1440
1439 1441
1439 1439
1440 1441
1440 1440
1441 1441
1442 1443
1443 1443
1444 1445
1444 1446
1444 1447
1445 1446
1445 1447
1445 1445
1446 1447
1446 1446
1447 1447
1448 1449
1448 1448
1449 1449
1450 1451
1450 1452
1450 1453
1450 1450
1451 1452
1451 1453
1451 1451
1452 1453
1452 1452
1453 1453
1454 1455
1454 1454
1455 1455
1456 1457
1456 1456
1457 1457
1458 1459
1458 1460
1458 1458
1459 1459
1460 1460
