0 1
0 112
0 113
0 114
0 115
0 116
1 2
1 3
1 4
1 5
2 13
2 254
2 282
2 486
2 822
2 815
2 1373
2 1424
2 317
2 138
2 641
2 1081
2 1434
2 1030
2 1435
2 1436
2 1437
2 529
2 1405
3 1446
4 799
4 1132
4 663
4 1590
5 1336
6 7
6 9
6 657
7 8
7 9
8 831
8 658
10 11
10 117
10 12
11 12
12 218
12 117
12 709
14 15
14 134
14 135
14 136
14 137
14 138
14 139
14 140
14 141
14 142
14 143
14 144
14 145
14 146
14 147
14 148
14 149
14 150
14 151
14 152
14 153
14 154
14 155
14 156
14 157
15 16
16 426
16 1274
16 1449
16 1510
16 1589
16 184
17 18
17 45
17 392
17 208
17 474
17 337
17 778
17 191
17 243
17 17
17 1105
17 1106
17 1107
17 1108
17 1109
17 475
17 1110
17 1111
17 90
17 1112
19 20
19 141
20 21
20 22
21 793
21 1232
21 1233
21 22
23 24
23 358
23 121
23 1407
24 25
24 26
25 80
25 374
25 388
25 431
25 569
25 112
25 399
25 353
25 802
25 861
25 877
25 591
25 922
25 488
25 58
25 198
25 29
25 1300
25 748
25 1344
25 1347
25 1354
25 1361
25 1373
25 1420
25 110
25 646
25 1387
25 1514
25 407
25 77
25 1621
25 1622
25 968
25 1050
25 1352
25 1200
26 410
27 28
27 198
27 1125
28 29
28 30
29 591
29 1075
29 1124
29 1266
29 1267
29 1182
29 1200
30 591
30 30
30 772
31 32
31 798
33 34
35 36
35 276
35 277
35 297
35 298
35 104
35 279
35 299
35 300
35 301
35 302
35 303
35 304
35 305
35 306
35 307
35 308
35 43
36 37
36 38
36 39
36 40
36 41
36 42
36 43
36 44
37 440
37 649
37 650
37 651
37 652
37 653
37 654
37 655
37 303
37 306
37 656
39 329
39 689
39 739
39 1280
40 46
40 45
41 256
44 1753
45 46
45 177
45 337
45 102
45 338
45 90
45 339
45 51
45 340
45 341
46 47
46 48
46 49
46 50
46 51
46 52
46 53
46 54
46 55
47 715
47 102
47 878
47 50
47 879
48 557
49 177
49 659
49 401
49 404
49 1110
49 557
50 102
50 1395
50 878
50 1716
51 64
55 1203
56 57
56 398
56 134
56 399
56 219
56 400
56 401
56 402
56 319
56 403
56 404
56 405
56 406
56 407
56 260
56 105
56 114
56 408
56 409
56 410
56 411
56 339
56 412
56 413
56 414
56 415
56 416
56 417
56 418
56 419
57 58
57 59
57 60
57 61
58 347
58 1174
58 752
58 89
58 1209
58 1210
58 1211
58 1212
58 1213
58 1214
58 1215
58 1216
58 1104
59 76
59 164
59 250
59 257
59 483
59 505
59 258
59 991
59 1078
59 1093
59 1140
59 1282
59 1105
59 986
59 1396
59 1397
59 1398
59 1399
59 262
59 1400
59 1401
59 1402
59 1083
59 841
59 1403
59 1404
59 1405
59 545
61 76
61 464
61 426
61 1057
61 844
61 1775
62 63
63 64
64 272
64 243
64 912
64 1667
64 1317
64 1599
64 561
64 79
65 66
65 1111
67 68
68 69
69 158
70 71
70 72
70 73
71 72
71 73
72 73
74 75
74 213
74 218
74 562
74 779
74 829
74 949
74 1066
74 1067
74 437
74 215
74 163
74 216
74 1068
74 217
76 77
76 78
76 79
77 311
77 473
77 722
77 258
77 809
77 685
77 230
77 1221
77 1326
77 1374
77 1387
77 1485
77 1388
77 723
77 1507
77 1597
77 968
77 1119
77 1594
77 1630
77 106
77 144
77 411
77 1600
77 825
77 1631
77 1632
78 88
78 284
78 243
78 1031
78 403
78 87
78 1316
78 1067
78 1411
78 477
78 91
78 412
78 146
78 1763
78 1144
78 1637
78 1764
78 1765
78 1766
78 1767
79 1383
79 1021
79 1092
79 1352
79 1825
79 1826
79 1190
80 81
80 353
80 167
80 354
80 355
80 169
80 356
80 357
81 82
83 83
83 84
85 86
85 266
85 746
85 267
85 268
87 88
87 928
88 89
88 90
88 91
88 92
88 93
89 90
90 778
90 243
90 1385
90 1107
90 1104
90 1710
91 893
94 95
96 97
96 354
98 99
100 101
100 102
100 683
100 684
101 102
101 103
101 104
101 105
101 106
102 683
102 105
103 683
103 970
103 971
103 106
104 683
104 1199
105 683
105 684
106 683
106 971
107 108
107 109
108 109
110 111
110 343
110 426
110 899
110 557
112 646
113 1304
113 724
113 775
113 1530
117 118
117 440
117 685
117 686
117 127
118 119
118 120
118 121
118 122
118 123
118 124
118 125
118 126
118 127
118 128
119 924
119 123
120 123
120 126
121 645
121 123
122 924
122 1468
123 189
123 460
123 861
123 886
123 685
123 924
123 1170
123 1197
123 1324
123 1325
123 1431
123 124
123 1056
123 1479
123 992
123 126
123 1480
123 528
123 127
123 1481
123 128
123 240
123 1482
124 235
124 903
124 924
124 127
125 411
126 924
127 226
127 924
127 992
128 924
129 130
131 132
131 182
131 183
131 184
132 133
133 733
133 762
134 462
135 486
136 801
137 1058
137 1523
140 320
140 321
140 363
141 1539
141 823
141 1656
141 410
141 1215
142 1101
143 400
143 892
144 1022
144 144
144 1735
145 1746
146 1012
147 1566
153 1735
158 159
158 1426
159 160
161 162
162 163
163 434
163 689
165 166
165 181
165 461
165 428
165 252
165 808
165 338
165 1473
165 1081
165 1474
165 528
165 721
165 1475
167 168
167 1232
167 169
167 1362
167 1363
168 169
170 170
170 171
170 172
170 173
170 174
170 175
170 176
171 172
171 173
171 174
171 175
171 176
172 173
172 174
172 176
173 768
173 173
173 174
173 175
173 176
174 1229
174 174
174 175
174 176
175 555
175 230
176 176
177 178
178 188
178 464
178 401
178 495
178 404
178 603
178 853
178 178
178 967
178 1110
178 476
178 896
178 1637
178 1638
179 180
179 190
179 194
179 290
179 423
179 454
179 532
179 587
179 588
179 589
179 590
179 591
179 295
179 592
179 593
179 594
179 595
179 596
179 597
179 598
179 599
179 600
179 601
179 602
179 603
179 604
179 605
179 606
179 607
179 608
179 609
179 610
179 611
179 612
179 613
179 614
179 615
179 267
179 616
179 617
179 618
179 619
179 620
179 621
179 622
179 623
179 624
179 625
179 626
179 627
179 628
179 629
179 630
179 631
179 632
179 633
182 389
184 952
185 186
185 1148
187 188
191 192
191 925
192 193
193 1511
195 196
195 1165
196 197
196 198
196 199
196 200
196 201
196 202
197 376
197 380
197 409
198 942
198 377
198 724
198 1125
199 476
201 407
201 1698
203 204
205 206
205 655
205 724
206 207
208 209
208 420
210 211
210 460
210 666
210 932
210 1204
210 1256
210 1257
210 1258
210 1259
210 1260
212 213
213 214
213 215
213 216
213 217
216 821
219 220
219 435
221 222
221 221
221 506
221 555
221 556
221 557
222 223
223 1277
224 225
225 226
225 227
226 836
226 837
226 838
228 229
228 1070
230 231
230 472
230 230
230 375
230 680
230 1080
230 1081
230 1082
230 1083
230 530
230 1084
230 1085
232 233
232 1348
233 234
236 237
238 239
239 240
240 1170
240 1249
240 1376
240 251
241 242
241 243
242 243
243 474
243 243
243 928
243 929
243 408
243 930
243 931
244 245
244 920
244 921
245 246
245 247
245 248
245 249
247 269
250 251
251 1078
251 1156
251 1578
251 1405
252 253
252 270
252 428
252 533
252 534
252 402
252 535
252 536
252 537
252 538
252 539
252 540
252 541
252 542
252 543
252 544
252 528
252 545
254 255
254 256
255 997
256 955
256 1294
256 755
256 1365
256 1423
256 1545
256 1583
256 1434
256 1584
258 259
258 736
258 768
258 769
259 260
259 261
259 262
259 263
264 265
264 744
266 266
266 267
266 268
266 269
267 268
269 464
269 764
269 780
269 723
269 1510
269 406
269 1466
269 1121
269 944
269 1630
269 1024
269 1756
269 1600
269 1776
269 1777
269 1778
269 1779
269 1780
269 1781
269 1782
269 1783
271 272
271 678
271 679
271 680
271 681
272 273
274 275
274 458
274 459
276 277
276 278
276 279
276 280
276 281
278 566
280 402
280 949
280 1054
280 1325
280 961
280 1697
281 281
281 1841
283 284
283 374
283 650
283 685
283 1387
283 1388
283 1389
283 1390
283 1391
283 1392
283 1393
283 1394
285 286
286 287
288 289
288 288
290 291
290 292
290 293
290 294
291 663
291 664
291 665
292 1098
293 665
295 296
297 1034
297 1035
297 648
298 1099
299 648
304 841
304 774
305 1603
306 1524
308 1152
308 774
309 310
309 933
309 934
309 1245
311 312
312 371
312 335
312 1836
313 314
313 1156
313 315
313 1519
313 1520
313 1405
313 1521
314 315
315 682
315 687
315 1013
315 1419
315 1476
315 1489
315 1508
315 1520
315 1581
315 1405
315 1521
316 316
317 318
317 749
317 506
317 504
319 320
319 950
319 951
319 952
322 323
324 325
326 327
326 328
327 328
329 330
329 837
329 1222
329 1223
329 1224
329 1225
329 1226
331 332
331 706
331 805
331 806
331 664
331 807
332 333
332 334
332 335
332 336
333 334
333 335
333 811
333 812
333 813
333 814
333 815
333 377
333 816
333 817
333 818
333 819
334 688
334 861
334 335
334 812
334 959
334 815
334 960
334 816
335 583
335 400
335 814
335 988
335 377
335 989
335 990
336 812
336 814
336 377
340 1691
342 343
342 345
343 344
343 345
344 345
346 347
346 634
346 635
346 636
347 348
347 349
347 350
348 823
348 1103
348 410
348 1104
349 752
349 1213
349 1340
349 1104
350 405
351 352
351 351
351 935
351 936
351 937
354 861
355 899
355 356
359 360
361 362
361 745
364 365
364 1666
366 367
366 522
366 719
366 1038
366 827
366 1123
366 1221
366 1058
366 1303
366 765
366 1146
366 723
366 981
366 1605
366 1628
366 1660
366 1681
366 946
366 1682
366 1683
366 1684
368 369
370 371
370 372
371 372
373 374
373 995
373 1014
373 991
373 1144
373 1012
373 1145
374 375
374 376
374 377
375 906
375 981
375 1409
375 1251
375 1410
376 1088
376 706
376 1542
376 1543
377 814
378 379
379 380
380 814
380 1316
381 382
381 383
382 383
383 856
383 855
384 385
386 387
386 1650
390 391
390 727
390 854
390 983
390 1544
392 393
392 394
392 395
395 1277
395 1023
395 1773
396 397
396 1014
396 1102
396 1633
396 1634
398 439
399 720
399 570
399 721
400 892
401 464
401 404
401 755
401 893
401 894
401 476
401 895
401 557
401 896
401 897
403 555
403 768
403 557
404 464
404 755
404 894
404 476
404 557
404 896
404 897
405 1029
406 408
406 1517
408 1153
408 1200
409 862
409 863
410 1022
410 752
411 922
411 1700
411 1708
419 1828
421 422
421 705
421 954
421 953
421 836
421 966
421 1175
421 929
421 1176
421 1177
424 425
424 438
424 1039
424 1540
424 1653
424 1542
424 504
426 427
426 768
426 1203
428 429
428 505
428 428
428 523
428 524
428 525
428 526
428 527
428 528
428 529
428 462
428 530
428 531
430 431
431 432
431 433
436 436
436 437
439 1005
440 441
440 448
440 495
440 511
440 512
440 513
440 514
440 515
440 516
442 443
444 445
446 447
446 1034
446 1604
446 1661
449 450
451 452
452 453
455 456
455 948
455 892
457 458
457 1158
457 1159
463 464
464 465
464 466
464 467
464 468
464 469
464 470
464 471
467 467
469 1351
469 1355
469 1356
469 1357
470 1635
470 1636
471 693
471 774
472 473
472 647
472 793
472 794
474 475
474 476
474 477
475 1109
475 475
475 1111
475 1680
476 689
476 755
476 603
476 1317
476 895
476 1690
476 1691
477 853
477 1664
477 1317
478 479
478 923
479 480
479 481
479 482
480 481
480 482
481 482
484 485
486 487
488 489
489 490
490 504
491 492
493 494
495 496
497 498
498 499
498 500
498 501
498 502
498 503
498 504
499 1143
503 1460
504 840
504 1310
504 1606
504 1436
504 1115
504 739
504 708
505 506
505 507
506 795
506 506
507 1058
508 509
509 510
517 518
517 1311
517 1377
517 1378
519 520
521 522
521 1406
521 742
521 1487
521 1488
528 955
528 1030
537 1029
538 1029
538 1275
538 974
542 1017
542 1505
542 1647
544 981
544 681
546 547
547 548
547 549
550 551
550 780
550 938
550 939
550 940
550 941
550 942
550 943
550 944
550 945
550 946
552 553
553 554
555 747
555 1043
555 1044
555 1045
555 1046
555 1047
557 851
557 1178
557 755
557 1430
557 853
557 658
557 1577
557 1675
557 660
557 1733
557 1734
558 559
559 560
559 561
561 1388
563 564
564 565
564 566
564 567
564 568
566 743
566 956
566 1032
566 1096
566 1097
570 571
572 573
572 751
574 575
576 577
576 1053
578 578
578 579
578 580
580 1640
581 582
581 1187
583 584
585 586
589 866
591 898
591 899
591 772
597 1134
601 1327
607 1327
607 1407
609 759
634 634
635 1039
635 1353
636 774
637 638
639 640
640 641
641 1230
641 1287
642 643
642 1250
643 644
644 903
647 648
648 690
648 722
648 1179
648 1220
648 1332
648 723
648 1115
648 1727
649 739
650 783
650 651
650 907
650 908
650 909
650 910
650 655
650 911
650 912
650 913
650 914
650 915
655 1333
655 1341
655 1427
655 1453
655 1610
655 1611
657 1132
657 1787
658 659
658 1429
658 1110
659 660
660 932
660 1612
660 1110
660 895
661 662
663 1192
663 1715
664 1139
664 1728
664 1729
664 1730
666 667
666 757
666 758
668 669
670 671
670 820
670 709
670 821
671 672
672 833
672 680
672 834
672 835
673 674
675 676
675 1185
675 1071
676 677
678 1153
680 689
680 1030
680 1352
680 1425
683 971
683 1243
684 1463
684 1323
684 1428
685 991
685 992
686 1358
688 689
689 837
689 1237
691 692
691 777
691 1586
693 694
693 1091
693 1188
693 1251
694 695
696 696
696 697
696 698
697 827
698 827
699 700
699 1227
699 1228
701 702
703 704
706 707
706 964
707 708
708 1402
708 1738
709 710
711 712
711 1454
713 714
716 717
717 718
720 720
720 1366
722 722
722 723
722 724
723 724
724 795
724 1031
724 1444
724 1594
724 1630
724 900
725 726
727 728
728 1171
728 1493
728 1547
729 730
729 975
729 976
731 732
731 1014
731 1160
731 834
731 1161
731 1162
734 735
737 738
739 1135
739 1229
739 1244
739 1265
739 837
739 1484
739 1508
740 741
741 742
742 1406
748 749
748 1301
748 1302
749 750
751 1623
751 1770
751 1771
752 753
752 754
752 1190
753 754
755 756
755 755
755 853
755 1342
755 1343
759 760
759 1079
760 761
763 764
763 1051
763 1052
764 765
765 1352
766 767
769 1440
769 1115
769 1731
769 1732
770 771
770 1042
770 1531
770 1532
770 1533
770 1534
772 773
772 840
772 1699
772 1267
773 774
774 779
774 828
774 991
774 1453
774 1749
774 1750
774 1751
775 776
775 1509
775 1665
775 1689
780 781
780 782
782 782
784 785
784 786
784 869
784 870
785 786
785 787
785 788
785 789
785 790
786 869
786 870
786 1184
786 1182
791 792
793 809
793 916
793 917
795 796
795 797
798 1277
799 800
799 1486
801 801
803 804
805 809
809 810
811 891
812 1071
812 1072
812 1073
812 960
812 1074
815 817
816 959
816 816
816 819
821 1759
821 1760
821 1761
821 1762
823 824
823 1308
823 1506
823 1576
824 825
824 826
828 829
828 1029
828 934
828 1030
830 831
830 1590
831 832
832 1129
832 1471
832 1098
833 1335
834 1327
835 1772
836 953
837 845
837 991
837 1164
837 1163
837 968
838 1358
838 1606
838 1115
839 840
839 1497
840 841
841 1211
841 1693
842 843
843 844
844 1434
846 847
847 848
849 850
849 1031
849 1270
849 1271
851 851
851 852
851 853
854 855
855 856
855 858
855 859
855 855
855 1833
856 856
856 857
856 858
856 859
856 860
861 862
861 863
861 864
861 865
862 1029
862 863
866 947
867 868
869 870
871 872
871 873
871 994
872 873
872 874
873 994
873 874
875 876
875 1259
878 1495
880 881
882 883
884 885
884 1146
887 888
889 890
892 1696
893 1385
894 1069
894 1273
894 1643
895 1309
895 1472
896 1168
898 1512
899 1034
899 1599
899 1600
899 1601
899 1602
900 901
902 903
903 904
905 906
911 1614
911 1615
911 1616
911 1617
912 1623
914 1572
914 916
918 919
920 1364
920 921
921 1364
924 1056
924 1057
926 927
926 1182
928 928
928 1008
933 934
937 998
937 1719
937 1720
942 1124
944 1544
953 954
953 966
953 967
953 968
953 969
954 955
955 1019
955 1020
956 957
956 958
957 958
958 1672
959 986
960 998
961 962
961 1033
961 1644
963 964
963 1328
963 1329
963 1182
963 1330
963 1331
964 965
968 1646
971 1336
972 973
973 974
974 1275
977 978
977 1375
978 979
978 980
981 982
981 1453
981 981
981 1528
981 1529
984 985
984 1091
984 1092
986 987
991 1053
993 993
994 1639
995 996
995 1011
995 1012
996 997
996 998
996 999
996 1000
996 1001
997 1076
999 1243
1000 1448
1002 1003
1002 1349
1002 1350
1003 1004
1006 1007
1008 1009
1010 1010
1012 1448
1012 1614
1012 1548
1012 1791
1012 1792
1014 1015
1016 1017
1016 1372
1018 1018
1021 1022
1022 1023
1022 1024
1022 1025
1022 1026
1022 1027
1022 1028
1024 1691
1025 1148
1025 1746
1029 1077
1030 1546
1036 1037
1040 1041
1040 1408
1045 1662
1045 1663
1048 1049
1049 1050
1052 1436
1053 1124
1053 1455
1054 1055
1055 1367
1057 1148
1057 1185
1057 1149
1057 1150
1057 1057
1057 1151
1057 1704
1057 1352
1058 1241
1058 1242
1059 1060
1061 1062
1061 1155
1063 1064
1063 1202
1064 1065
1065 1202
1065 1219
1067 1433
1071 1074
1072 1198
1072 1432
1086 1087
1089 1090
1092 1663
1093 1094
1093 1095
1094 1381
1094 1095
1095 1381
1097 1528
1097 1722
1098 1585
1100 1100
1107 1109
1108 1147
1108 1110
1109 1580
1110 1412
1110 1111
1111 1429
1111 1317
1113 1114
1115 1116
1115 1685
1117 1117
1117 1118
1117 1119
1117 1120
1118 1121
1118 1119
1119 1122
1119 1645
1119 1119
1119 1120
1121 1122
1121 1645
1124 1125
1125 1457
1126 1127
1127 1128
1130 1131
1132 1133
1132 1276
1132 1295
1132 1596
1132 1590
1134 1614
1134 1788
1134 1789
1134 1790
1136 1137
1137 1138
1137 1139
1141 1142
1144 1768
1148 1148
1148 1149
1148 1150
1148 1151
1148 1152
1149 1150
1149 1151
1150 1151
1153 1154
1153 1603
1156 1157
1163 1164
1165 1768
1166 1167
1168 1169
1168 1745
1171 1172
1172 1173
1180 1181
1180 1655
1182 1183
1182 1224
1182 1709
1182 1721
1185 1186
1185 1231
1188 1189
1190 1213
1190 1386
1190 1827
1191 1192
1192 1193
1192 1194
1192 1195
1192 1196
1200 1201
1200 1292
1200 1351
1203 1822
1203 1823
1203 1824
1205 1206
1205 1207
1206 1207
1206 1208
1207 1208
1215 1579
1215 1613
1217 1218
1224 1358
1234 1235
1234 1236
1235 1236
1236 1305
1238 1239
1239 1240
1240 1618
1246 1247
1248 1249
1251 1434
1251 1664
1251 1410
1252 1253
1252 1448
1252 1349
1254 1255
1254 1334
1257 1536
1259 1541
1261 1262
1261 1659
1261 1673
1261 1674
1263 1264
1263 1527
1267 1339
1268 1269
1268 1268
1268 1575
1270 1446
1270 1654
1272 1272
1276 1276
1277 1339
1277 1522
1277 1547
1277 1548
1277 1549
1277 1550
1277 1551
1277 1552
1277 1553
1277 1554
1277 1555
1277 1556
1277 1557
1277 1558
1277 1559
1278 1279
1280 1281
1283 1284
1285 1286
1288 1289
1290 1291
1293 1293
1295 1296
1295 1295
1297 1298
1297 1319
1298 1299
1302 1465
1306 1307
1311 1312
1311 1367
1313 1314
1315 1316
1315 1491
1316 1317
1318 1319
1320 1321
1320 1411
1321 1322
1321 1323
1322 1535
1323 1464
1327 1496
1330 1842
1337 1338
1337 1607
1343 1343
1345 1346
1347 1348
1352 1471
1359 1360
1368 1369
1370 1371
1375 1754
1375 1755
1379 1380
1382 1383
1383 1384
1385 1386
1389 1389
1390 1441
1390 1440
1391 1774
1407 1420
1407 1608
1408 1504
1413 1414
1414 1415
1414 1416
1414 1417
1414 1418
1420 1421
1420 1422
1427 1428
1428 1744
1428 1810
1428 1811
1428 1812
1428 1813
1428 1814
1428 1815
1428 1816
1428 1817
1434 1624
1434 1625
1436 1522
1436 1676
1436 1677
1438 1439
1440 1441
1442 1443
1445 1445
1446 1447
1446 1587
1446 1588
1449 1450
1451 1452
1455 1456
1458 1459
1458 1470
1459 1460
1461 1462
1461 1582
1463 1464
1466 1467
1469 1469
1470 1629
1477 1478
1483 1483
1485 1485
1486 1513
1490 1491
1491 1492
1493 1494
1498 1499
1500 1501
1502 1503
1514 1515
1515 1516
1518 1518
1524 1525
1524 1526
1537 1538
1560 1561
1560 1608
1562 1563
1562 1574
1564 1565
1564 1566
1564 1567
1565 1566
1565 1567
1566 1679
1567 1707
1568 1569
1570 1571
1573 1573
1586 1843
1591 1591
1592 1593
1594 1595
1594 1609
1597 1598
1599 1723
1599 1724
1600 1600
1608 1796
1608 1797
1608 1798
1608 1799
1608 1800
1608 1801
1608 1802
1608 1803
1608 1804
1608 1805
1608 1806
1614 1664
1614 1686
1614 1687
1619 1620
1626 1627
1641 1642
1648 1649
1651 1652
1654 1655
1655 1703
1655 1793
1655 1794
1655 1795
1657 1658
1662 1688
1663 1763
1663 1786
1668 1669
1668 1671
1669 1670
1670 1678
1682 1682
1683 1683
1686 1791
1686 1818
1691 1711
1691 1743
1691 1744
1692 1692
1694 1695
1701 1702
1705 1706
1712 1713
1714 1714
1717 1718
1720 1823
1725 1726
1731 1746
1731 1748
1732 1807
1732 1808
1732 1809
1736 1737
1739 1740
1740 1741
1740 1742
1746 1747
1751 1752
1757 1758
1768 1769
1781 1781
1784 1785
1819 1820
1820 1821
1829 1830
1831 1832
1834 1835
1837 1837
1838 1839
1840 1840
1842 1854
1842 1855
1844 1845
1844 1846
1847 1847
1848 1849
1850 1850
1851 1851
1852 1853
1856 1857
1858 1859
1860 1860
1861 1861
1861 1862
1863 1864
1865 1865
1866 1867
1868 1868
1869 1869
