0 1
0 2
0 3
0 4
0 5
0 6
0 0
1 3
1 5
1 6
1 1
2 4
2 5
2 7
2 2
3 5
3 8
3 9
3 10
3 11
3 12
3 13
3 14
3 15
3 16
3 17
3 18
3 19
3 20
3 21
3 22
3 23
3 24
3 25
3 26
3 27
3 3
4 5
4 6
4 28
4 29
4 30
4 31
4 4
5 6
5 7
5 5
6 7
6 10
6 12
6 18
6 22
6 25
6 29
6 6
7 14
7 30
7 32
7 33
7 34
7 7
8 9
8 10
8 11
8 12
8 13
8 14
8 20
8 21
8 22
8 23
8 24
8 26
8 27
8 35
8 36
8 37
8 38
8 39
8 40
8 41
8 42
8 43
8 44
8 45
8 8
9 11
9 12
9 14
9 20
9 24
9 27
9 40
9 44
9 46
9 47
9 48
9 49
9 50
9 51
9 9
10 11
10 12
10 15
10 16
10 19
10 21
10 36
10 37
10 38
10 52
10 53
10 54
10 10
11 12
11 13
11 14
11 17
11 20
11 21
11 22
11 26
11 27
11 29
11 44
11 46
11 49
11 55
11 11
12 13
12 14
12 15
12 17
12 18
12 23
12 24
12 35
12 36
12 56
12 52
12 53
12 39
12 40
12 43
12 45
12 46
12 57
12 54
12 12
13 17
13 29
13 35
13 39
13 41
13 42
13 43
13 46
13 58
13 13
14 25
14 26
14 32
14 14
15 16
15 54
15 15
16 16
17 46
17 17
18 18
19 54
19 55
19 59
19 19
20 24
20 39
20 47
20 48
20 60
20 58
20 20
21 23
21 21
22 25
22 39
22 51
22 22
23 27
23 35
23 36
23 46
23 57
23 23
24 26
24 39
24 46
24 60
24 24
25 39
25 25
26 39
26 44
26 46
26 60
26 26
27 39
27 40
27 46
27 57
27 27
28 61
28 62
28 28
29 29
30 31
30 32
30 61
30 63
30 64
30 65
30 66
30 67
30 68
30 59
30 69
30 70
30 71
30 72
30 73
30 74
30 75
30 76
30 30
31 48
31 65
31 66
31 67
31 68
31 59
31 77
31 71
31 78
31 31
32 48
32 49
32 50
32 51
32 81
32 82
32 84
32 83
32 59
32 34
32 32
33 84
33 64
33 62
33 65
33 66
33 67
33 68
33 59
33 77
33 69
33 70
33 100
33 71
33 72
33 33
34 82
34 61
34 62
34 34
35 36
35 35
36 38
36 52
36 53
36 46
36 36
37 79
37 56
37 38
37 52
37 53
37 39
37 42
37 43
37 37
38 79
38 52
38 46
38 38
39 53
39 40
39 41
39 43
39 44
39 46
39 60
39 57
39 39
40 56
40 46
40 57
40 40
41 53
41 42
41 46
41 41
42 55
42 42
43 43
44 46
44 44
45 46
45 80
45 45
46 56
46 57
46 46
47 48
47 58
47 47
48 58
48 62
48 68
48 48
49 49
50 51
50 81
50 82
50 83
50 50
51 81
51 51
52 79
52 53
52 52
53 79
53 53
54 54
55 58
55 55
56 79
56 56
57 57
58 58
59 67
59 68
59 59
60 68
60 60
61 81
61 63
61 64
61 62
61 65
61 66
61 68
61 70
61 73
61 74
61 93
61 94
61 95
61 75
61 96
61 97
61 76
61 92
61 61
62 64
62 65
62 66
62 67
62 68
62 77
62 69
62 70
62 71
62 73
62 74
62 101
62 93
62 94
62 95
62 78
62 102
62 62
63 81
63 82
63 98
63 99
63 63
64 81
64 67
64 95
64 64
65 66
65 67
65 71
65 72
65 73
65 74
65 94
65 102
65 75
65 103
65 90
65 96
65 97
65 104
65 76
65 92
65 65
66 67
66 77
66 69
66 71
66 73
66 101
66 93
66 78
66 104
66 76
66 66
67 68
67 77
67 69
67 71
67 72
67 73
67 78
67 102
67 67
68 71
68 72
68 73
68 74
68 68
69 73
69 78
69 92
69 69
70 70
71 73
71 71
72 73
72 101
72 92
72 72
73 86
73 88
73 100
73 74
73 101
73 93
73 94
73 103
73 96
73 97
73 76
73 92
73 91
73 73
74 86
74 87
74 100
74 94
74 75
74 97
74 92
74 91
74 74
75 103
75 76
75 80
75 75
76 85
76 86
76 88
76 89
76 95
76 92
76 76
77 77
78 95
78 104
78 92
78 78
79 79
80 103
80 90
80 80
81 82
81 84
81 83
81 81
82 84
82 83
82 82
83 99
83 83
84 84
85 86
85 87
85 88
85 89
85 85
86 88
86 89
86 86
87 90
87 91
87 87
88 89
88 92
88 88
89 89
90 103
90 90
91 103
91 92
91 91
92 96
92 104
92 92
93 94
93 93
94 94
95 95
96 103
96 97
96 96
97 100
97 97
98 99
98 98
99 99
100 100
101 104
101 101
102 102
103 103
104 104
