0 1
0 2
0 238
1 569
1 238
1 239
2 11
2 246
2 250
3 4
3 12
3 246
3 250
4 238
4 239
4 241
4 242
4 244
4 571
5 6
5 13
5 246
5 250
6 241
6 242
6 570
6 244
6 572
7 8
7 14
7 246
7 250
8 570
8 572
8 246
9 10
9 17
9 252
10 570
10 246
10 248
10 603
10 290
10 604
10 605
10 606
10 607
10 292
10 297
10 608
10 299
10 609
10 610
10 611
10 612
10 300
10 301
10 303
11 26
11 578
11 579
12 27
12 578
12 579
13 28
13 578
13 579
14 29
14 578
14 579
15 16
15 30
15 578
15 579
16 251
16 252
16 573
17 33
17 581
18 19
18 42
18 585
18 268
19 252
19 573
19 253
19 574
19 576
19 577
20 21
20 43
20 585
20 268
21 253
21 574
21 575
21 576
21 255
22 23
22 44
22 585
22 268
23 575
23 255
23 578
24 25
24 47
24 586
25 575
25 578
25 258
25 603
25 294
25 295
25 609
25 301
26 56
26 589
26 280
27 57
27 589
27 280
28 58
28 589
28 280
29 61
29 592
30 70
30 282
30 600
31 32
31 71
31 282
31 600
32 580
32 581
32 582
33 72
33 282
33 600
34 35
34 75
34 601
34 283
35 581
35 582
35 260
35 262
35 583
35 266
36 37
36 76
36 601
36 283
37 260
37 262
37 264
37 583
37 584
38 39
38 79
38 285
38 288
38 38
39 264
39 584
39 585
40 41
40 80
40 285
40 288
41 264
41 585
41 267
41 607
41 608
41 299
42 85
42 614
42 615
43 92
43 309
43 617
44 105
44 319
44 621
45 46
45 114
45 569
45 624
46 269
46 586
46 271
47 123
47 630
47 632
48 49
48 124
48 630
48 632
49 586
49 271
49 272
49 587
49 276
49 588
50 51
50 125
50 630
50 632
51 272
51 587
51 274
51 276
51 278
52 53
52 126
52 630
52 632
53 274
53 278
53 589
54 55
54 129
54 251
54 633
55 274
55 589
55 590
55 606
55 611
55 303
56 138
56 638
56 640
57 139
57 638
57 640
58 140
58 638
58 640
59 60
59 141
59 638
59 640
60 591
60 592
60 593
61 142
61 638
61 640
62 63
62 145
62 580
62 341
63 592
63 593
63 594
63 595
63 281
63 597
64 65
64 154
64 644
64 351
65 594
65 595
65 596
65 281
65 598
66 67
66 155
66 644
66 351
67 596
67 598
67 282
68 69
68 156
68 644
68 351
69 596
69 282
69 599
69 605
69 296
69 610
69 612
70 159
70 269
70 645
71 168
71 362
71 651
72 169
72 362
72 651
73 74
73 170
73 362
73 651
74 601
74 602
74 292
74 296
75 173
75 591
75 653
76 182
76 655
76 372
77 78
77 183
77 655
77 372
78 285
78 286
78 294
78 295
79 184
79 655
79 372
80 187
80 657
80 659
81 82
81 188
81 657
81 659
82 246
82 248
82 603
82 290
82 604
82 605
82 606
82 607
82 292
82 297
82 608
82 299
82 609
82 610
82 611
82 612
82 300
82 301
82 303
82 613
83 84
83 191
83 374
83 661
84 578
84 258
84 603
84 294
84 295
84 609
84 301
84 614
85 192
85 374
85 661
86 87
86 197
86 676
86 677
87 585
87 267
87 607
87 608
87 299
87 616
88 89
88 204
88 393
88 678
89 589
89 590
89 606
89 611
89 303
89 305
90 91
90 217
90 682
90 683
91 282
91 599
91 605
91 296
91 610
91 612
91 309
92 226
92 623
92 685
93 94
93 235
93 689
93 416
94 601
94 602
94 292
94 296
94 310
95 96
95 236
95 689
95 416
96 285
96 286
96 294
96 295
96 618
97 98
97 237
97 689
97 416
98 246
98 248
98 603
98 604
98 605
98 606
98 607
98 292
98 297
98 608
98 299
98 609
98 610
98 611
98 612
98 301
98 303
98 619
99 100
99 238
99 689
99 416
100 578
100 258
100 603
100 294
100 295
100 609
100 301
100 314
101 102
101 241
101 330
101 691
102 585
102 267
102 607
102 608
102 299
102 620
103 104
103 250
103 697
103 421
104 589
104 590
104 606
104 611
104 303
104 319
105 251
105 697
105 421
106 107
106 252
106 697
106 421
107 282
107 599
107 605
107 296
107 610
107 612
107 321
108 109
108 253
108 697
108 421
109 601
109 602
109 292
109 296
109 622
110 111
110 254
110 697
110 421
111 285
111 286
111 294
111 295
111 325
112 113
112 257
112 641
112 700
113 569
113 623
113 624
113 327
114 266
114 428
114 706
115 116
115 267
115 428
115 706
115 115
116 571
116 624
116 327
116 625
116 626
116 628
116 629
117 118
117 268
117 428
117 706
118 572
118 625
118 626
118 627
118 628
118 329
119 120
119 271
119 353
119 707
120 627
120 329
120 630
121 122
121 280
121 442
121 712
122 246
122 627
122 630
122 631
122 662
122 663
122 664
122 665
122 376
122 666
122 667
122 670
122 671
122 672
122 673
122 379
122 380
122 381
122 383
122 674
122 384
123 281
123 442
123 712
124 282
124 442
124 712
125 285
125 652
125 714
126 294
126 451
126 455
127 128
127 295
127 451
127 455
128 251
128 330
128 633
128 634
129 296
129 451
129 455
130 131
130 299
130 718
130 719
131 577
131 633
131 634
131 635
131 636
131 334
131 336
132 133
132 300
132 718
132 719
133 255
133 635
133 636
133 332
133 334
133 637
134 135
134 303
134 720
134 722
135 332
135 637
135 638
136 137
136 304
136 720
136 722
137 578
137 332
137 638
137 639
137 662
137 668
137 669
137 673
137 674
138 309
138 472
138 735
139 316
139 738
139 739
140 329
140 743
140 744
141 338
141 407
141 745
142 347
142 749
142 751
143 144
143 348
143 749
143 751
144 580
144 641
144 341
144 343
145 349
145 749
145 751
146 147
146 350
146 749
146 751
147 266
147 341
147 343
147 345
147 347
147 642
147 349
148 149
148 353
148 690
148 498
149 584
149 345
149 347
149 348
149 642
149 643
150 151
150 362
150 506
150 507
151 348
151 643
151 644
152 153
152 363
152 506
152 507
153 585
153 348
153 644
153 350
153 666
153 671
153 672
154 364
154 506
154 507
155 365
155 506
155 507
156 366
156 506
156 507
157 158
157 369
157 699
157 757
158 269
158 353
158 645
158 354
159 378
159 762
159 764
160 161
160 379
160 762
160 764
161 588
161 645
161 354
161 646
161 647
161 649
161 356
162 163
162 380
162 762
162 764
163 278
163 646
163 647
163 648
163 649
163 360
164 165
164 383
164 431
164 766
165 648
165 360
165 362
166 167
166 392
166 773
166 520
167 589
167 648
167 362
167 650
167 376
167 380
167 384
168 393
168 773
168 520
169 394
169 773
169 520
170 397
170 713
170 523
171 172
171 406
171 529
171 533
172 591
172 652
172 653
172 363
173 407
173 529
173 533
174 175
174 408
174 529
174 533
175 597
175 653
175 363
175 364
175 365
175 366
175 367
176 177
176 411
176 779
176 780
177 598
177 364
177 365
177 654
177 366
177 369
178 179
178 412
178 779
178 780
179 654
179 369
179 655
180 181
180 415
180 781
180 783
181 282
181 654
181 655
181 656
181 665
181 378
181 379
181 381
182 416
182 781
182 783
183 421
183 556
183 558
184 428
184 795
184 563
185 186
185 441
185 567
185 801
186 601
186 657
186 658
186 667
186 378
187 450
187 490
187 806
188 459
188 814
188 816
189 190
189 460
189 814
189 816
190 285
190 374
190 660
190 668
190 669
191 461
191 814
191 816
192 462
192 814
192 816
193 194
193 465
193 496
193 818
194 246
194 613
194 630
194 631
194 662
194 663
194 664
194 665
194 376
194 666
194 667
194 670
194 671
194 672
194 673
194 379
194 380
194 381
194 383
194 674
194 384
194 675
194 676
194 386
194 390
194 393
195 196
195 474
195 827
195 831
196 578
196 614
196 638
196 639
196 662
196 668
196 669
196 673
196 674
196 675
196 676
196 679
197 475
197 827
197 831
198 199
198 476
198 827
198 831
199 585
199 616
199 644
199 350
199 666
199 671
199 672
199 675
199 386
200 201
200 477
200 827
200 831
201 589
201 305
201 362
201 650
201 376
201 380
201 384
201 675
201 390
202 203
202 478
202 827
202 831
203 282
203 309
203 655
203 656
203 665
203 378
203 379
203 381
203 675
203 393
203 394
204 481
204 509
204 833
205 206
205 490
205 841
205 844
206 601
206 310
206 657
206 658
206 667
206 378
206 675
206 394
207 208
207 491
207 841
207 844
208 285
208 618
208 374
208 660
208 668
208 669
208 676
208 679
209 210
209 492
209 841
209 844
210 246
210 619
210 630
210 631
210 662
210 664
210 665
210 376
210 666
210 667
210 670
210 671
210 672
210 673
210 379
210 380
210 381
210 674
210 384
210 680
210 397
210 681
210 682
210 684
211 212
211 495
211 765
211 846
212 578
212 314
212 638
212 639
212 662
212 668
212 669
212 673
212 674
212 680
212 397
212 406
213 214
213 504
213 854
213 856
214 585
214 620
214 644
214 350
214 666
214 671
214 672
214 680
214 681
215 216
215 505
215 854
215 856
216 589
216 319
216 362
216 650
216 376
216 380
216 384
216 680
216 682
217 506
217 854
217 856
218 219
218 509
218 521
218 858
219 282
219 321
219 655
219 656
219 665
219 378
219 379
219 381
219 680
219 684
219 402
220 221
220 518
220 867
220 869
221 601
221 622
221 657
221 658
221 667
221 378
221 680
221 402
222 223
222 519
222 867
222 869
223 285
223 325
223 374
223 660
223 668
223 669
223 397
223 406
224 225
224 520
224 867
224 869
225 623
225 407
225 685
225 686
226 523
226 870
226 873
227 228
227 524
227 870
227 873
228 629
228 685
228 686
228 687
228 688
228 409
228 411
229 230
229 527
229 874
229 876
230 329
230 687
230 688
230 408
230 409
230 412
231 232
231 528
231 874
231 876
232 408
232 412
232 689
233 234
233 533
233 898
233 899
234 630
234 408
234 689
234 415
234 459
234 460
234 461
234 723
234 462
234 463
234 724
234 726
234 468
234 727
234 728
234 729
234 470
234 730
234 731
234 732
234 733
235 540
235 902
235 903
236 553
236 909
236 910
237 562
237 805
237 916
238 924
238 926
239 240
239 924
239 926
240 330
240 690
240 691
240 417
241 924
241 926
242 243
242 924
242 926
243 336
243 691
243 417
243 692
243 693
243 419
243 695
244 245
244 817
244 928
245 637
245 692
245 693
245 694
245 419
245 696
246 247
246 936
246 939
247 694
247 696
247 697
248 249
248 936
248 939
249 638
249 694
249 697
249 698
249 459
249 465
249 466
249 728
249 732
250 936
250 939
251 936
251 939
252 936
252 939
253 832
253 941
254 949
254 952
255 256
255 949
255 952
256 641
256 699
256 700
256 701
257 949
257 952
258 259
258 845
258 954
259 349
259 700
259 701
259 702
259 422
259 704
259 705
260 261
260 962
260 966
261 643
261 702
261 422
261 703
261 704
261 424
262 263
262 962
262 966
263 703
263 424
263 428
264 265
264 962
264 966
265 644
265 703
265 428
265 429
265 463
265 468
265 727
266 857
266 968
267 978
267 981
268 978
268 981
269 270
269 978
269 981
270 353
270 431
270 707
270 708
271 982
271 984
272 273
272 982
272 984
273 356
273 707
273 708
273 709
273 710
273 435
273 437
274 275
274 985
274 987
275 360
275 709
275 710
275 433
275 435
275 441
276 277
276 985
276 987
277 433
277 441
277 442
278 279
278 1009
278 1010
279 362
279 433
279 442
279 711
279 462
279 470
279 733
280 1013
280 1014
281 1020
281 1021
282 914
282 1026
283 284
283 1034
283 1036
284 652
284 713
284 714
284 444
285 1034
285 1036
286 287
286 1034
286 1036
287 367
287 714
287 444
287 446
287 448
287 450
287 716
288 289
288 1034
288 1036
289 369
289 446
289 448
289 715
289 450
289 717
290 291
290 927
290 1038
291 715
291 717
291 451
292 293
292 1046
292 1048
293 655
293 715
293 451
293 453
293 723
293 725
293 729
293 730
294 1046
294 1048
295 1046
295 1048
296 1046
296 1048
297 298
297 1046
297 1048
298 657
298 718
298 457
298 724
298 725
299 940
299 1050
300 1059
300 1061
301 302
301 1059
301 1061
302 374
302 720
302 721
302 465
302 466
303 1059
303 1061
304 953
304 1063
305 306
305 1071
305 1073
306 630
306 675
306 689
306 415
306 459
306 460
306 461
306 723
306 462
306 463
306 724
306 726
306 468
306 727
306 728
306 729
306 470
306 730
306 731
306 732
306 733
306 734
306 472
306 736
306 737
306 738
307 308
307 1071
307 1073
308 638
308 676
308 697
308 698
308 459
308 465
308 466
308 728
308 732
308 734
308 472
308 475
309 1071
309 1073
310 311
310 967
310 1076
311 644
311 386
311 428
311 429
311 463
311 468
311 727
311 734
311 736
312 313
312 1085
312 1087
313 362
313 390
313 442
313 711
313 462
313 470
313 733
313 734
313 737
314 315
314 1085
314 1087
315 655
315 393
315 451
315 453
315 723
315 725
315 729
315 730
315 734
315 738
315 740
316 1085
316 1087
317 318
317 1088
317 1090
318 657
318 394
318 718
318 457
318 724
318 725
318 734
318 740
319 320
319 1088
319 1090
320 374
320 679
320 720
320 721
320 465
320 466
320 472
320 475
321 322
321 1091
321 1094
322 630
322 680
322 689
322 415
322 459
322 461
322 723
322 462
322 463
322 724
322 726
322 468
322 727
322 728
322 729
322 470
322 730
322 732
322 733
322 477
322 741
322 742
322 743
322 481
323 324
323 1091
323 1094
324 638
324 397
324 697
324 698
324 459
324 465
324 466
324 728
324 732
324 477
324 741
324 488
325 326
325 1116
325 1117
326 644
326 681
326 428
326 429
326 463
326 468
326 727
326 477
326 742
327 328
327 1120
327 1121
328 362
328 682
328 442
328 711
328 462
328 470
328 733
328 477
328 743
329 1127
329 1128
330 331
330 1025
330 1133
331 655
331 684
331 451
331 453
331 723
331 725
331 729
331 730
331 477
331 481
331 484
332 333
332 1141
332 1143
333 657
333 402
333 718
333 457
333 724
333 725
333 477
333 484
334 335
334 1141
334 1143
335 374
335 406
335 720
335 721
335 465
335 466
335 741
335 488
336 337
336 1141
336 1143
337 407
337 490
337 745
337 746
338 1141
338 1143
339 340
339 1037
339 1145
340 411
340 745
340 746
340 747
340 748
340 492
340 493
341 342
341 1154
341 1157
342 412
342 747
342 748
342 491
342 492
342 495
343 344
343 1154
343 1157
344 491
344 495
344 749
345 346
345 1154
345 1157
346 689
346 491
346 749
346 750
346 536
346 538
346 540
346 784
346 541
346 785
346 786
346 545
346 547
346 789
346 549
346 790
346 791
346 792
346 793
346 551
346 553
347 1154
347 1157
348 1154
348 1157
349 1049
349 1159
350 1169
350 1171
351 352
351 1169
351 1171
352 690
352 496
352 498
352 500
353 1169
353 1171
354 355
354 1062
354 1173
355 695
355 498
355 500
355 752
355 502
355 754
355 755
356 357
356 1181
356 1184
357 696
357 752
357 502
357 753
357 754
357 504
358 359
358 1181
358 1184
359 753
359 504
359 506
360 361
360 1181
360 1184
361 697
361 753
361 506
361 756
361 536
361 787
361 788
361 549
361 551
362 1074
362 1187
363 1195
363 1197
364 1195
364 1197
365 1195
365 1197
366 1198
366 1201
367 368
367 1198
367 1201
368 699
368 509
368 757
368 510
369 1202
369 1205
370 371
370 1202
370 1205
371 705
371 757
371 510
371 512
371 758
371 514
371 760
372 373
372 1227
372 1228
373 424
373 512
373 758
373 759
373 514
373 761
374 375
374 1231
374 1232
375 759
375 761
375 762
376 377
376 1238
376 1239
377 428
377 759
377 762
377 763
377 785
377 547
377 789
378 1132
378 1244
379 1252
379 1255
380 1252
380 1255
381 382
381 1252
381 1255
382 431
382 765
382 766
382 767
383 1252
383 1255
384 385
384 1144
384 1257
385 437
385 766
385 767
385 518
385 768
385 770
385 771
386 387
386 1265
386 1267
387 441
387 518
387 768
387 769
387 770
387 772
388 389
388 1265
388 1267
389 769
389 772
389 773
390 391
390 1265
390 1267
391 442
391 769
391 773
391 774
391 541
391 791
391 553
392 1265
392 1267
393 1265
393 1267
394 1158
394 1270
395 396
395 1279
395 1281
396 713
396 521
396 523
396 524
396 396
397 1279
397 1281
398 399
398 1279
398 1281
399 716
399 523
399 524
399 775
399 525
399 777
399 778
400 401
400 1172
400 1283
401 717
401 775
401 525
401 776
401 777
401 527
402 403
402 1292
402 1296
403 776
403 527
403 529
404 405
404 1292
404 1296
405 451
405 776
405 529
405 531
405 784
405 543
405 790
405 792
406 1292
406 1296
407 1185
407 1298
408 1306
408 1308
409 410
409 1306
409 1308
410 718
410 779
410 534
410 786
410 543
411 1306
411 1308
412 1309
412 1311
413 414
413 1309
413 1311
414 720
414 781
414 782
414 787
414 788
415 1312
415 1315
416 1312
416 1315
417 418
417 1337
417 1338
418 689
418 734
418 749
418 750
418 536
418 538
418 540
418 784
418 541
418 785
418 786
418 545
418 547
418 789
418 549
418 790
418 791
418 792
418 793
418 551
418 553
418 554
418 556
418 794
418 562
418 795
419 420
419 1341
419 1342
420 697
420 472
420 506
420 756
420 536
420 787
420 788
420 549
420 551
420 554
420 556
420 797
421 1348
421 1349
422 423
422 1243
422 1354
423 428
423 736
423 762
423 763
423 785
423 547
423 789
423 554
423 794
424 425
424 1362
424 1365
425 442
425 737
425 773
425 774
425 541
425 791
425 553
425 554
425 562
426 427
426 1362
426 1365
427 451
427 738
427 529
427 531
427 784
427 543
427 790
427 792
427 554
427 795
427 796
428 438
428 1362
428 1365
429 430
429 1362
429 1365
430 718
430 740
430 779
430 534
430 786
430 543
430 554
430 796
431 432
431 1256
431 1367
432 720
432 475
432 781
432 782
432 787
432 788
432 556
432 797
433 434
433 1376
433 1378
434 689
434 477
434 749
434 750
434 536
434 540
434 784
434 541
434 785
434 786
434 545
434 547
434 789
434 549
434 790
434 791
434 792
434 551
434 553
434 798
434 799
434 800
434 567
434 802
435 436
435 1376
435 1378
436 697
436 741
436 506
436 756
436 536
436 787
436 788
436 549
436 551
436 798
436 799
436 804
437 438
437 1376
437 1378
438 742
438 762
438 763
438 785
438 547
438 789
438 798
438 800
439 440
439 1376
439 1378
440 442
440 743
440 773
440 774
440 541
440 791
440 553
440 798
440 567
441 1376
441 1378
442 443
442 1268
442 1381
443 451
443 481
443 529
443 531
443 784
443 543
443 790
443 792
443 798
443 802
443 803
444 445
444 1389
444 1391
445 718
445 484
445 779
445 534
445 786
445 543
445 798
445 803
446 447
446 1389
446 1391
447 720
447 488
447 781
447 782
447 787
447 788
447 799
447 804
448 449
448 1389
448 1391
449 490
449 805
449 806
449 807
450 1282
450 1394
451 452
451 1403
451 1406
452 493
452 806
452 807
452 808
452 809
452 811
452 812
453 454
453 1403
453 1406
454 495
454 808
454 809
454 810
454 811
454 813
455 456
455 1403
455 1406
456 810
456 813
456 814
457 458
457 1297
457 1408
458 749
458 810
458 814
458 815
458 877
458 878
458 879
458 880
458 881
458 882
458 883
458 887
458 888
458 889
458 890
458 891
458 892
458 893
458 894
458 895
458 896
459 1416
459 1419
460 1416
460 1419
461 1416
461 1419
462 1420
462 1422
463 464
463 1420
463 1422
464 496
464 817
464 818
464 819
465 1423
465 1425
466 467
466 1423
466 1425
467 755
467 818
467 819
467 820
467 821
467 823
467 824
468 469
468 1447
468 1448
469 504
469 820
469 821
469 822
469 823
469 825
470 471
470 1451
470 1452
471 822
471 825
471 827
472 473
472 1458
472 1459
473 506
473 822
473 827
473 830
473 877
473 884
473 885
473 890
473 895
474 1353
474 1464
475 1473
475 1476
476 1473
476 1476
477 1473
477 1476
478 1473
478 1476
479 480
479 1366
479 1478
480 509
480 832
480 833
480 834
481 1486
481 1490
482 483
482 1486
482 1490
483 760
483 833
483 834
483 835
483 836
483 838
483 839
484 485
484 1486
484 1490
485 761
485 835
485 836
485 837
485 838
485 840
486 487
486 1486
486 1490
487 837
487 840
487 841
488 489
488 1486
488 1490
489 762
489 837
489 841
489 843
489 882
489 888
489 889
490 1379
490 1492
491 1500
491 1502
492 1500
492 1502
493 494
493 1500
493 1502
494 765
494 845
494 846
494 847
495 1392
495 1504
496 497
496 1512
496 1516
497 771
497 846
497 847
497 848
497 849
497 851
497 852
498 499
498 1512
498 1516
499 772
499 848
499 849
499 850
499 851
499 853
500 501
500 1512
500 1516
501 850
501 853
501 854
502 503
502 1407
502 1518
503 773
503 850
503 854
503 855
503 881
503 892
503 896
504 1526
504 1528
505 1526
505 1528
506 532
506 548
506 1526
506 1528
507 508
507 1529
507 1532
508 521
508 857
508 858
508 859
509 1529
509 1532
510 511
510 1533
510 1537
511 778
511 858
511 859
511 860
511 861
511 863
511 864
512 513
512 1533
512 1537
513 527
513 860
513 861
513 862
513 863
513 866
514 515
514 1559
514 1560
515 862
515 866
515 867
516 517
516 1563
516 1564
517 529
517 862
517 867
517 868
517 880
517 886
517 891
517 893
518 1570
518 1571
519 1463
519 1576
520 1584
520 1586
521 522
521 1584
521 1586
522 779
522 870
522 872
522 883
522 886
523 1584
523 1586
524 1584
524 1586
525 526
525 1477
525 1588
526 781
526 874
526 875
526 884
526 885
527 1596
527 1598
528 1596
528 1598
529 530
529 539
529 555
529 1596
529 1598
530 749
530 554
530 814
530 815
530 877
530 878
530 879
530 880
530 881
530 882
530 883
530 887
530 888
530 889
530 890
530 891
530 892
530 893
530 894
530 895
530 896
530 897
530 898
530 900
530 901
530 902
531 532
531 1596
531 1598
532 556
532 827
532 830
532 877
532 884
532 885
532 890
532 895
532 897
532 898
532 905
533 1596
533 1598
534 535
534 1491
534 1600
535 762
535 794
535 841
535 843
535 882
535 888
535 889
535 897
535 900
536 537
536 1608
536 1610
537 773
537 562
537 854
537 855
537 881
537 892
537 896
537 897
537 901
538 539
538 1608
538 1610
539 795
539 867
539 868
539 880
539 886
539 891
539 893
539 897
539 902
539 904
540 1608
540 1610
541 542
541 1503
541 1612
542 779
542 796
542 870
542 872
542 883
542 886
542 897
542 904
543 544
543 1620
543 1622
544 781
544 797
544 874
544 875
544 884
544 885
544 898
544 905
545 546
545 1620
545 1622
546 749
546 798
546 814
546 815
546 877
546 879
546 880
546 881
546 882
546 883
546 887
546 888
546 889
546 890
546 891
546 892
546 893
546 895
546 896
546 906
546 907
546 908
546 909
546 911
547 548
547 1620
547 1622
548 799
548 827
548 830
548 877
548 884
548 885
548 890
548 895
548 906
548 907
548 913
549 550
549 1517
549 1624
550 762
550 800
550 841
550 843
550 882
550 888
550 889
550 906
550 908
551 552
551 1632
551 1634
552 773
552 567
552 854
552 855
552 881
552 892
552 896
552 906
552 909
553 1632
553 1634
554 555
554 1632
554 1634
555 802
555 867
555 868
555 880
555 886
555 891
555 893
555 906
555 911
555 912
556 557
556 1635
556 1637
557 779
557 803
557 870
557 872
557 883
557 886
557 906
557 912
558 559
558 1635
558 1637
559 781
559 804
559 874
559 875
559 884
559 885
559 907
559 913
560 561
560 1638
560 1640
561 805
561 914
561 916
561 917
562 1638
562 1640
562 562
563 564
563 1662
563 1663
564 812
564 916
564 917
564 918
564 919
564 921
564 922
565 566
565 1666
565 1667
566 813
566 918
566 919
566 920
566 921
566 923
567 568
567 1673
567 1674
568 920
568 923
568 924
569 814
569 920
569 924
569 925
569 988
569 989
569 990
569 991
569 992
569 993
569 994
569 998
569 999
569 1000
569 1001
569 1002
569 1003
569 1004
569 1005
569 1006
569 1007
570 817
570 927
570 928
570 929
571 824
571 928
571 929
571 930
571 931
571 933
571 934
572 932
572 935
572 936
573 832
573 940
573 941
573 942
574 839
574 941
574 942
574 943
574 944
574 946
574 947
575 840
575 943
575 944
575 945
575 946
575 948
576 945
576 948
576 949
577 841
577 945
577 949
577 951
577 993
577 999
577 1000
578 845
578 953
578 954
578 955
579 852
579 954
579 955
579 956
579 957
579 959
579 960
580 853
580 956
580 957
580 958
580 959
580 961
581 958
581 961
581 962
582 854
582 958
582 962
582 965
582 992
582 1003
582 1007
583 857
583 967
583 968
583 969
584 866
584 970
584 971
584 972
584 974
584 977
585 867
585 972
585 978
585 980
585 991
585 997
585 1002
585 1004
586 870
586 982
586 983
586 994
586 997
587 874
587 985
587 986
587 995
587 996
588 814
588 897
588 924
588 925
588 988
588 989
588 990
588 991
588 992
588 993
588 994
588 998
588 999
588 1000
588 1001
588 1002
588 1003
588 1004
588 1005
588 1006
588 1007
588 1008
588 1009
588 1011
588 1012
588 1013
589 854
589 901
589 962
589 965
589 992
589 1003
589 1007
589 1008
589 1012
590 867
590 902
590 978
590 980
590 991
590 997
590 1002
590 1004
590 1008
590 1013
590 1015
591 870
591 904
591 982
591 983
591 994
591 997
591 1008
591 1015
592 874
592 905
592 985
592 986
592 995
592 996
592 1009
592 1016
593 814
593 906
593 924
593 925
593 988
593 990
593 991
593 992
593 993
593 994
593 998
593 999
593 1000
593 1001
593 1002
593 1003
593 1004
593 1006
593 1007
593 1017
593 1018
593 1019
593 1020
593 1022
594 827
594 907
594 936
594 938
594 988
594 995
594 996
594 1001
594 1006
594 1017
594 1018
594 1024
595 841
595 908
595 949
595 951
595 993
595 999
595 1000
595 1017
595 1019
596 854
596 909
596 962
596 965
596 992
596 1003
596 1007
596 1017
596 1020
597 867
597 911
597 978
597 980
597 991
597 997
597 1002
597 1004
597 1017
597 1022
597 1023
598 874
598 913
598 985
598 986
598 995
598 996
598 1018
598 1024
599 922
599 1026
599 1027
599 1028
599 1029
599 1031
599 1032
600 923
600 1028
600 1029
600 1030
600 1031
600 1033
601 1030
601 1033
601 1034
602 924
602 1030
602 1034
602 1035
602 1095
602 1096
602 1097
602 1098
602 1099
602 1100
602 1101
602 1105
602 1106
602 1107
602 1108
602 1109
602 1110
602 1111
602 1112
602 1113
602 1114
603 927
603 1037
603 1038
603 1039
604 934
604 1038
604 1039
604 1040
604 1041
604 1043
604 1044
605 935
605 1040
605 1041
605 1042
605 1043
605 1045
606 1042
606 1045
606 1046
607 936
607 1042
607 1046
607 1047
607 1095
607 1102
607 1103
607 1108
607 1113
608 940
608 1049
608 1050
608 1051
609 947
609 1050
609 1051
609 1052
609 1053
609 1055
609 1056
610 948
610 1052
610 1053
610 1054
610 1055
610 1058
611 1054
611 1058
611 1059
612 949
612 1054
612 1059
612 1060
612 1100
612 1106
612 1107
613 953
613 1062
613 1063
613 1064
614 960
614 1063
614 1064
614 1065
614 1066
614 1068
614 1069
615 961
615 1065
615 1066
615 1067
615 1068
615 1070
616 1067
616 1070
616 1071
617 967
617 1074
617 1076
617 1077
618 977
618 1078
618 1079
618 1080
618 1082
618 1084
619 978
619 1080
619 1085
619 1086
619 1098
619 1104
619 1109
619 1111
620 982
620 1088
620 1089
620 1101
620 1104
621 985
621 1091
621 1093
621 1102
621 1103
622 924
622 1008
622 1034
622 1035
622 1095
622 1096
622 1097
622 1098
622 1099
622 1100
622 1101
622 1105
622 1106
622 1107
622 1108
622 1109
622 1110
622 1111
622 1112
622 1113
622 1114
622 1115
622 1116
622 1118
622 1119
622 1120
623 962
623 1012
623 1071
623 1072
623 1099
623 1110
623 1114
623 1115
623 1119
624 978
624 1013
624 1085
624 1086
624 1098
624 1104
624 1109
624 1111
624 1115
624 1120
624 1122
625 982
625 1015
625 1088
625 1089
625 1101
625 1104
625 1115
625 1122
626 985
626 1016
626 1091
626 1093
626 1102
626 1103
626 1116
626 1123
627 924
627 1017
627 1034
627 1035
627 1095
627 1097
627 1098
627 1099
627 1100
627 1101
627 1105
627 1106
627 1107
627 1108
627 1109
627 1110
627 1111
627 1113
627 1114
627 1124
627 1125
627 1126
627 1127
627 1129
628 936
628 1018
628 1046
628 1047
628 1095
628 1102
628 1103
628 1108
628 1113
628 1124
628 1125
628 1131
629 949
629 1019
629 1059
629 1060
629 1100
629 1106
629 1107
629 1124
629 1126
630 982
630 1023
630 1088
630 1089
630 1101
630 1104
630 1124
630 1130
631 985
631 1024
631 1091
631 1093
631 1102
631 1103
631 1125
631 1131
632 1025
632 1132
632 1133
632 1134
633 1032
633 1133
633 1134
633 1135
633 1136
633 1138
633 1139
634 1033
634 1135
634 1136
634 1137
634 1138
634 1140
635 1137
635 1140
635 1141
636 1034
636 1137
636 1141
636 1142
636 1206
636 1207
636 1208
636 1209
636 1210
636 1211
636 1212
636 1216
636 1217
636 1218
636 1219
636 1220
636 1221
636 1222
636 1223
636 1224
636 1225
637 1037
637 1144
637 1145
637 1146
638 1044
638 1145
638 1146
638 1147
638 1148
638 1150
638 1151
639 1045
639 1147
639 1148
639 1149
639 1150
639 1152
640 1149
640 1152
640 1154
641 1046
641 1149
641 1154
641 1156
641 1206
641 1213
641 1214
641 1219
641 1224
642 1049
642 1158
642 1159
642 1160
643 1058
643 1161
643 1162
643 1163
643 1165
643 1168
644 1059
644 1163
644 1169
644 1170
644 1211
644 1217
644 1218
645 1062
645 1172
645 1173
645 1174
646 1069
646 1173
646 1174
646 1175
646 1176
646 1178
646 1179
647 1070
647 1175
647 1176
647 1177
647 1178
647 1180
648 1177
648 1180
648 1181
649 1071
649 1177
649 1181
649 1183
649 1210
649 1221
649 1225
650 1083
650 1187
650 1188
650 1189
650 1190
650 1192
650 1193
651 1084
651 1189
651 1190
651 1191
651 1192
651 1194
652 1191
652 1194
652 1195
653 1085
653 1191
653 1195
653 1196
653 1209
653 1215
653 1220
653 1222
654 1088
654 1198
654 1200
654 1212
654 1215
655 1034
655 1115
655 1141
655 1142
655 1206
655 1207
655 1208
655 1209
655 1210
655 1211
655 1212
655 1216
655 1217
655 1218
655 1219
655 1220
655 1221
655 1222
655 1223
655 1224
655 1225
655 1226
655 1227
655 1229
655 1230
655 1231
656 1046
656 1116
656 1154
656 1156
656 1206
656 1213
656 1214
656 1219
656 1224
656 1226
656 1227
656 1234
657 1059
657 1118
657 1169
657 1170
657 1211
657 1217
657 1218
657 1226
657 1229
658 1071
658 1119
658 1181
658 1183
658 1210
658 1221
658 1225
658 1226
658 1230
659 1085
659 1120
659 1195
659 1196
659 1209
659 1215
659 1220
659 1222
659 1226
659 1231
659 1233
660 1088
660 1122
660 1198
660 1200
660 1212
660 1215
660 1226
660 1233
661 1091
661 1123
661 1202
661 1204
661 1213
661 1214
661 1227
661 1234
662 1034
662 1124
662 1141
662 1142
662 1206
662 1208
662 1209
662 1210
662 1211
662 1212
662 1216
662 1217
662 1218
662 1219
662 1220
662 1221
662 1222
662 1224
662 1225
662 1235
662 1236
662 1237
662 1238
662 1240
663 1046
663 1125
663 1154
663 1156
663 1206
663 1213
663 1214
663 1219
663 1224
663 1235
663 1236
663 1242
664 1059
664 1126
664 1169
664 1170
664 1211
664 1217
664 1218
664 1235
664 1237
665 1071
665 1127
665 1181
665 1183
665 1210
665 1221
665 1225
665 1235
665 1238
666 1085
666 1129
666 1195
666 1196
666 1209
666 1215
666 1220
666 1222
666 1235
666 1240
666 1241
667 1088
667 1130
667 1198
667 1200
667 1212
667 1215
667 1235
667 1241
668 1091
668 1131
668 1202
668 1204
668 1213
668 1214
668 1236
668 1242
669 1132
669 1243
669 1244
669 1245
670 1139
670 1244
670 1245
670 1246
670 1247
670 1249
670 1250
671 1140
671 1246
671 1247
671 1248
671 1249
671 1251
672 1248
672 1251
672 1252
673 1141
673 1248
673 1252
673 1254
673 1316
673 1317
673 1318
673 1319
673 1320
673 1321
673 1322
673 1326
673 1327
673 1328
673 1329
673 1330
673 1331
673 1332
673 1333
673 1334
673 1335
674 1144
674 1256
674 1257
674 1258
675 1151
675 1257
675 1258
675 1259
675 1260
675 1262
675 1263
676 1261
676 1264
676 1265
677 1154
677 1261
677 1265
677 1266
677 1316
677 1323
677 1324
677 1329
677 1334
678 1158
678 1268
678 1270
678 1271
679 1168
679 1272
679 1273
679 1274
679 1276
679 1278
680 1169
680 1274
680 1279
680 1280
680 1321
680 1327
680 1328
681 1172
681 1282
681 1283
681 1284
682 1179
682 1283
682 1284
682 1285
682 1286
682 1288
682 1289
683 1180
683 1285
683 1286
683 1287
683 1288
683 1290
684 1287
684 1290
684 1292
685 1193
685 1298
685 1299
685 1300
685 1301
685 1303
685 1304
686 1194
686 1300
686 1301
686 1302
686 1303
686 1305
687 1302
687 1305
687 1306
688 1195
688 1302
688 1306
688 1307
688 1319
688 1325
688 1330
688 1332
689 1202
689 1312
689 1314
689 1323
689 1324
690 1141
690 1226
690 1252
690 1254
690 1316
690 1317
690 1318
690 1319
690 1320
690 1321
690 1322
690 1326
690 1327
690 1328
690 1329
690 1330
690 1331
690 1332
690 1333
690 1334
690 1335
690 1336
690 1337
690 1339
690 1340
690 1341
691 1154
691 1227
691 1265
691 1266
691 1316
691 1323
691 1324
691 1329
691 1334
691 1336
691 1337
691 1344
692 1169
692 1229
692 1279
692 1280
692 1321
692 1327
692 1328
692 1336
692 1339
693 1181
693 1230
693 1292
693 1295
693 1320
693 1331
693 1335
693 1336
693 1340
694 1195
694 1231
694 1306
694 1307
694 1319
694 1325
694 1330
694 1332
694 1336
694 1341
694 1343
695 1198
695 1233
695 1309
695 1310
695 1322
695 1325
695 1336
695 1343
696 1141
696 1235
696 1252
696 1254
696 1316
696 1318
696 1319
696 1320
696 1321
696 1322
696 1326
696 1327
696 1328
696 1329
696 1330
696 1331
696 1332
696 1334
696 1335
696 1345
696 1346
696 1347
696 1348
696 1350
697 1169
697 1237
697 1279
697 1280
697 1321
697 1327
697 1328
697 1345
697 1347
698 1181
698 1238
698 1292
698 1295
698 1320
698 1331
698 1335
698 1345
698 1348
699 1195
699 1240
699 1306
699 1307
699 1319
699 1325
699 1330
699 1332
699 1345
699 1350
699 1351
700 1198
700 1241
700 1309
700 1310
700 1322
700 1325
700 1345
700 1351
701 1202
701 1242
701 1312
701 1314
701 1323
701 1324
701 1346
701 1352
702 1243
702 1353
702 1354
702 1355
703 1250
703 1354
703 1355
703 1356
703 1357
703 1359
703 1360
704 1251
704 1356
704 1357
704 1358
704 1359
704 1361
705 1358
705 1361
705 1362
706 1256
706 1366
706 1367
706 1368
707 1263
707 1367
707 1368
707 1369
707 1370
707 1372
707 1373
708 1264
708 1369
708 1370
708 1371
708 1372
708 1374
709 1371
709 1374
709 1376
710 1265
710 1371
710 1376
710 1377
710 1426
710 1433
710 1434
710 1439
710 1444
711 1277
711 1381
711 1382
711 1383
711 1384
711 1386
711 1387
712 1278
712 1383
712 1384
712 1385
712 1386
712 1388
713 1385
713 1388
713 1389
714 1279
714 1385
714 1389
714 1390
714 1431
714 1437
714 1438
715 1282
715 1392
715 1394
715 1395
716 1289
716 1394
716 1395
716 1396
716 1397
716 1399
716 1400
717 1398
717 1402
717 1403
718 1297
718 1407
718 1408
718 1409
719 1304
719 1408
719 1409
719 1410
719 1411
719 1413
719 1414
720 1305
720 1410
720 1411
720 1412
720 1413
720 1415
721 1412
721 1415
721 1416
722 1306
722 1412
722 1416
722 1418
722 1429
722 1435
722 1440
722 1442
723 1309
723 1420
723 1421
723 1432
723 1435
724 1312
724 1423
724 1424
724 1433
724 1434
725 1252
725 1336
725 1362
725 1364
725 1426
725 1427
725 1428
725 1429
725 1430
725 1431
725 1432
725 1436
725 1437
725 1438
725 1439
725 1440
725 1441
725 1442
725 1443
725 1444
725 1445
725 1446
725 1447
725 1449
725 1450
725 1451
726 1265
726 1337
726 1376
726 1377
726 1426
726 1433
726 1434
726 1439
726 1444
726 1446
726 1447
726 1454
727 1279
727 1339
727 1389
727 1390
727 1431
727 1437
727 1438
727 1446
727 1449
728 1292
728 1340
728 1403
728 1405
728 1430
728 1441
728 1445
728 1446
728 1450
729 1306
729 1341
729 1416
729 1418
729 1429
729 1435
729 1440
729 1442
729 1446
729 1451
729 1453
730 1309
730 1343
730 1420
730 1421
730 1432
730 1435
730 1446
730 1453
731 1312
731 1344
731 1423
731 1424
731 1433
731 1434
731 1447
731 1454
732 1252
732 1345
732 1362
732 1364
732 1426
732 1428
732 1429
732 1430
732 1431
732 1432
732 1436
732 1437
732 1438
732 1439
732 1440
732 1441
732 1442
732 1444
732 1445
732 1455
732 1456
732 1457
732 1458
732 1460
733 1265
733 1346
733 1376
733 1377
733 1426
733 1433
733 1434
733 1439
733 1444
733 1455
733 1456
733 1462
734 1279
734 1347
734 1389
734 1390
734 1431
734 1437
734 1438
734 1455
734 1457
735 1306
735 1350
735 1416
735 1418
735 1429
735 1435
735 1440
735 1442
735 1455
735 1460
735 1461
736 1309
736 1351
736 1420
736 1421
736 1432
736 1435
736 1455
736 1461
737 1353
737 1463
737 1464
737 1465
738 1360
738 1464
738 1465
738 1466
738 1467
738 1469
738 1470
739 1361
739 1466
739 1467
739 1468
739 1469
739 1471
740 1468
740 1471
740 1473
741 1366
741 1477
741 1478
741 1479
742 1373
742 1478
742 1479
742 1480
742 1481
742 1483
742 1484
743 1482
743 1485
743 1486
744 1376
744 1482
744 1486
744 1489
744 1538
744 1545
744 1546
744 1551
744 1556
745 1387
745 1492
745 1493
745 1494
745 1495
745 1497
745 1498
746 1388
746 1494
746 1495
746 1496
746 1497
746 1499
747 1496
747 1499
747 1500
748 1389
748 1496
748 1500
748 1501
748 1543
748 1549
748 1550
749 1402
749 1506
749 1507
749 1508
749 1509
749 1511
750 1508
750 1511
750 1512
751 1403
751 1508
751 1512
751 1515
751 1542
751 1553
751 1557
752 1407
752 1517
752 1518
752 1519
753 1414
753 1518
753 1519
753 1520
753 1521
753 1523
753 1524
754 1415
754 1520
754 1521
754 1522
754 1523
754 1525
755 1522
755 1525
755 1526
756 1420
756 1529
756 1531
756 1544
756 1547
757 1423
757 1533
757 1536
757 1545
757 1546
758 1362
758 1446
758 1473
758 1475
758 1538
758 1539
758 1540
758 1541
758 1542
758 1543
758 1544
758 1548
758 1549
758 1550
758 1551
758 1552
758 1553
758 1554
758 1555
758 1556
758 1557
758 1558
758 1559
758 1561
758 1562
758 1563
759 1376
759 1447
759 1486
759 1489
759 1538
759 1545
759 1546
759 1551
759 1556
759 1558
759 1559
759 1566
760 1389
760 1449
760 1500
760 1501
760 1543
760 1549
760 1550
760 1558
760 1561
761 1416
761 1451
761 1526
761 1527
761 1541
761 1547
761 1552
761 1554
761 1558
761 1563
761 1565
762 1420
762 1453
762 1529
762 1531
762 1544
762 1547
762 1558
762 1565
763 1423
763 1454
763 1533
763 1536
763 1545
763 1546
763 1559
763 1566
764 1362
764 1455
764 1473
764 1475
764 1538
764 1540
764 1541
764 1542
764 1543
764 1544
764 1548
764 1549
764 1550
764 1551
764 1552
764 1553
764 1554
764 1556
764 1557
764 1567
764 1568
764 1569
764 1570
764 1572
765 1376
765 1456
765 1486
765 1489
765 1538
765 1545
765 1546
765 1551
765 1556
765 1567
765 1568
765 1574
766 1389
766 1457
766 1500
766 1501
766 1543
766 1549
766 1550
766 1567
766 1569
767 1403
767 1458
767 1512
767 1515
767 1542
767 1553
767 1557
767 1567
767 1570
768 1416
768 1460
768 1526
768 1527
768 1541
768 1547
768 1552
768 1554
768 1567
768 1572
768 1573
769 1420
769 1461
769 1529
769 1531
769 1544
769 1547
769 1567
769 1573
770 1423
770 1462
770 1533
770 1536
770 1545
770 1546
770 1568
770 1574
771 1463
771 1575
771 1576
771 1577
772 1470
772 1576
772 1577
772 1578
772 1579
772 1581
772 1582
773 1580
773 1583
773 1584
774 1473
774 1580
774 1584
774 1585
774 1641
774 1642
774 1643
774 1644
774 1645
774 1646
774 1647
774 1651
774 1652
774 1653
774 1654
774 1655
774 1656
774 1657
774 1658
774 1659
774 1660
775 1477
775 1587
775 1588
775 1589
776 1484
776 1588
776 1589
776 1590
776 1591
776 1593
776 1594
777 1485
777 1590
777 1591
777 1592
777 1593
777 1595
778 1592
778 1595
778 1596
779 1491
779 1599
779 1600
779 1601
780 1498
780 1600
780 1601
780 1602
780 1603
780 1605
780 1606
781 1499
781 1602
781 1603
781 1604
781 1605
781 1607
782 1604
782 1607
782 1608
783 1500
783 1604
783 1608
783 1609
783 1646
783 1652
783 1653
784 1503
784 1611
784 1612
784 1613
785 1510
785 1612
785 1613
785 1614
785 1615
785 1617
785 1618
786 1511
786 1614
786 1615
786 1616
786 1617
786 1619
787 1616
787 1619
787 1620
788 1512
788 1616
788 1620
788 1621
788 1645
788 1656
788 1660
789 1517
789 1623
789 1624
789 1625
790 1524
790 1624
790 1625
790 1626
790 1627
790 1629
790 1630
791 1525
791 1626
791 1627
791 1628
791 1629
791 1631
792 1628
792 1631
792 1632
793 1526
793 1628
793 1632
793 1633
793 1644
793 1650
793 1655
793 1657
794 1533
794 1638
794 1639
794 1648
794 1649
795 1486
795 1559
795 1596
795 1597
795 1641
795 1648
795 1649
795 1654
795 1659
795 1661
795 1662
795 1669
796 1500
796 1561
796 1608
796 1609
796 1646
796 1652
796 1653
796 1661
796 1664
797 1526
797 1563
797 1632
797 1633
797 1644
797 1650
797 1655
797 1657
797 1661
797 1666
797 1668
798 1529
798 1565
798 1635
798 1636
798 1647
798 1650
798 1661
798 1668
799 1473
799 1567
799 1584
799 1585
799 1641
799 1643
799 1644
799 1645
799 1646
799 1647
799 1651
799 1652
799 1653
799 1654
799 1655
799 1656
799 1657
799 1659
799 1660
799 1670
799 1671
799 1672
799 1673
799 1675
800 1500
800 1569
800 1608
800 1609
800 1646
800 1652
800 1653
800 1670
800 1672
801 1526
801 1572
801 1632
801 1633
801 1644
801 1650
801 1655
801 1657
801 1670
801 1675
801 1676
802 1529
802 1573
802 1635
802 1636
802 1647
802 1650
802 1670
802 1676
812 812
825 826
826 930
826 931
826 932
826 933
826 935
827 828
827 829
828 932
828 936
828 938
828 988
828 995
828 996
828 1001
828 1006
829 898
829 936
829 938
829 988
829 995
829 996
829 1001
829 1006
829 1008
829 1009
829 1016
841 842
842 900
842 949
842 951
842 993
842 999
842 1000
842 1008
842 1011
864 865
865 968
865 969
865 970
865 971
865 974
865 975
870 871
871 912
871 982
871 983
871 994
871 997
871 1017
871 1023
878 878
895 895
914 915
915 1025
915 1026
915 1027
936 937
937 1009
937 1046
937 1047
937 1095
937 1102
937 1103
937 1108
937 1113
937 1115
937 1116
937 1123
939 939
949 950
950 1011
950 1059
950 1060
950 1100
950 1106
950 1107
950 1115
950 1118
962 963
962 964
963 1067
963 1071
963 1072
963 1099
963 1110
963 1114
964 1020
964 1071
964 1072
964 1099
964 1110
964 1114
964 1124
964 1127
971 971
972 973
973 977
973 978
975 976
976 1076
976 1077
976 1078
976 1079
976 1082
976 1083
978 979
979 1022
979 1085
979 1086
979 1098
979 1104
979 1109
979 1111
979 1124
979 1129
979 1130
1056 1057
1057 1159
1057 1160
1057 1161
1057 1162
1057 1165
1057 1166
1074 1075
1075 1185
1075 1187
1075 1188
1080 1081
1081 1084
1081 1085
1091 1092
1092 1202
1092 1204
1092 1213
1092 1214
1099 1099
1152 1153
1153 1259
1153 1260
1153 1261
1153 1262
1153 1264
1154 1155
1155 1236
1155 1265
1155 1266
1155 1316
1155 1323
1155 1324
1155 1329
1155 1334
1155 1345
1155 1346
1155 1352
1163 1164
1164 1168
1164 1169
1166 1167
1167 1270
1167 1271
1167 1272
1167 1273
1167 1276
1167 1277
1181 1182
1182 1287
1182 1292
1182 1295
1182 1320
1182 1331
1182 1335
1185 1186
1186 1297
1186 1298
1186 1299
1198 1199
1199 1309
1199 1310
1199 1322
1199 1325
1202 1203
1203 1234
1203 1312
1203 1314
1203 1323
1203 1324
1203 1337
1203 1344
1252 1253
1253 1358
1253 1362
1253 1364
1253 1426
1253 1427
1253 1428
1253 1429
1253 1430
1253 1431
1253 1432
1253 1436
1253 1437
1253 1438
1253 1439
1253 1440
1253 1441
1253 1442
1253 1443
1253 1444
1253 1445
1268 1269
1269 1379
1269 1381
1269 1382
1274 1275
1275 1278
1275 1279
1290 1291
1291 1396
1291 1397
1291 1398
1291 1399
1291 1402
1292 1293
1292 1294
1293 1398
1293 1403
1293 1405
1293 1430
1293 1441
1293 1445
1294 1348
1294 1403
1294 1405
1294 1430
1294 1441
1294 1445
1294 1455
1294 1458
1312 1313
1313 1352
1313 1423
1313 1424
1313 1433
1313 1434
1313 1456
1313 1462
1342 1342
1344 1344
1362 1363
1363 1468
1363 1473
1363 1475
1363 1538
1363 1539
1363 1540
1363 1541
1363 1542
1363 1543
1363 1544
1363 1548
1363 1549
1363 1550
1363 1551
1363 1552
1363 1553
1363 1554
1363 1555
1363 1556
1363 1557
1374 1375
1375 1480
1375 1481
1375 1482
1375 1483
1375 1485
1379 1380
1380 1491
1380 1492
1380 1493
1392 1393
1393 1503
1393 1504
1393 1505
1400 1401
1401 1504
1401 1505
1401 1506
1401 1507
1401 1509
1401 1510
1403 1404
1404 1450
1404 1512
1404 1515
1404 1542
1404 1553
1404 1557
1404 1558
1404 1562
1416 1417
1417 1522
1417 1526
1417 1527
1417 1541
1417 1547
1417 1552
1417 1554
1418 1418
1427 1427
1471 1472
1472 1578
1472 1579
1472 1580
1472 1581
1472 1583
1473 1474
1474 1558
1474 1584
1474 1585
1474 1641
1474 1642
1474 1643
1474 1644
1474 1645
1474 1646
1474 1647
1474 1651
1474 1652
1474 1653
1474 1654
1474 1655
1474 1656
1474 1657
1474 1658
1474 1659
1474 1660
1474 1661
1474 1662
1474 1664
1474 1665
1474 1666
1486 1487
1486 1488
1487 1592
1487 1596
1487 1597
1487 1641
1487 1648
1487 1649
1487 1654
1487 1659
1487 1487
1488 1568
1488 1596
1488 1597
1488 1641
1488 1648
1488 1649
1488 1654
1488 1659
1488 1670
1488 1671
1488 1677
1512 1513
1512 1514
1513 1562
1513 1620
1513 1621
1513 1645
1513 1656
1513 1660
1513 1661
1513 1665
1514 1570
1514 1620
1514 1621
1514 1645
1514 1656
1514 1660
1514 1670
1514 1673
1529 1530
1530 1635
1530 1636
1530 1647
1530 1650
1533 1534
1533 1535
1534 1566
1534 1638
1534 1639
1534 1648
1534 1649
1534 1662
1534 1669
1535 1574
1535 1638
1535 1639
1535 1648
1535 1649
1535 1671
1535 1677
1666 1666
