0 1
0 2
0 0
1 2
1 13
1 17
1 19
1 14
1 15
1 8
1 23
1 10
1 11
1 9
1 1
2 8
2 9
2 11
2 17
2 2
3 4
3 5
3 6
3 3
4 5
4 17
4 6
4 4
5 17
5 19
5 14
5 9
5 21
5 6
5 5
6 13
6 20
6 19
6 14
6 15
6 8
6 18
6 9
6 21
6 6
7 8
7 9
7 10
7 11
7 12
7 13
7 14
7 15
7 7
8 13
8 17
8 19
8 14
8 15
8 18
8 23
8 9
8 10
8 11
8 8
9 16
9 13
9 19
9 14
9 15
9 18
9 23
9 11
9 21
9 12
9 9
10 16
10 13
10 17
10 14
10 15
10 18
10 11
10 12
10 10
11 16
11 13
11 17
11 14
11 15
11 11
12 12
13 16
13 18
13 14
13 15
13 19
13 13
14 17
14 19
14 18
14 23
14 15
14 14
15 17
15 19
15 18
15 23
15 15
16 16
17 18
17 19
17 17
18 19
18 23
18 18
19 22
19 19
20 21
20 20
21 21
22 23
22 22
23 23
