0 0
0 1
0 2
0 3
0 4
0 5
0 6
0 7
0 8
0 9
0 10
0 11
0 12
0 13
0 14
0 15
0 16
0 17
0 18
0 19
1 1
2 2
2 20
2 21
2 22
2 23
2 24
2 3
2 25
2 26
2 27
2 28
2 29
2 30
2 31
2 32
2 33
2 34
2 35
2 36
2 37
2 38
2 39
2 40
2 41
2 42
2 43
2 44
2 45
2 46
2 47
2 48
2 49
2 50
2 51
2 52
2 53
2 54
2 55
2 56
2 57
2 58
2 59
2 60
2 61
2 62
2 63
2 64
2 65
2 66
2 67
2 68
3 20
3 21
3 22
3 23
3 24
3 3
3 25
3 26
3 27
3 28
3 29
3 30
3 31
3 32
3 33
3 34
3 35
3 36
3 37
3 38
3 39
3 40
3 41
3 42
3 43
3 44
3 45
3 46
3 47
3 48
3 49
3 50
3 51
3 52
3 53
3 54
3 55
3 56
3 57
3 58
3 59
3 60
3 61
3 62
3 63
3 64
3 65
3 66
3 67
3 68
4 4
4 271
5 26
5 5
5 6
5 10
5 272
5 273
5 274
6 6
7 7
7 273
8 8
8 9
9 9
9 275
9 276
9 277
9 278
9 279
9 280
9 281
10 10
11 11
11 274
12 12
12 303
13 21
13 13
13 14
13 18
13 304
13 288
13 305
14 14
15 15
15 288
16 16
16 17
17 17
17 306
17 307
17 308
17 309
17 310
17 311
17 312
18 18
19 19
19 305
20 20
20 21
20 22
20 23
20 24
20 25
20 26
20 27
20 28
20 29
20 30
20 31
20 32
20 33
20 34
20 35
20 36
20 37
20 38
20 39
20 40
20 41
20 42
20 43
20 44
20 45
20 46
20 47
20 48
20 49
20 50
20 51
20 52
20 53
20 54
20 55
20 56
20 57
20 58
20 59
20 60
20 61
20 62
20 63
20 64
20 65
20 66
20 67
20 68
20 69
20 70
20 71
20 72
20 73
20 74
20 75
20 76
21 21
21 22
21 23
21 24
21 25
21 26
21 27
21 28
21 29
21 30
21 31
21 32
21 33
21 34
21 35
21 36
21 37
21 38
21 39
21 40
21 41
21 42
21 43
21 44
21 45
21 46
21 47
21 48
21 49
21 50
21 51
21 52
21 53
21 54
21 55
21 56
21 57
21 58
21 59
21 60
21 61
21 62
21 63
21 64
21 65
21 66
21 67
21 68
22 22
22 23
22 24
22 25
22 26
22 27
22 28
22 29
22 30
22 31
22 32
22 33
22 34
22 35
22 36
22 37
22 38
22 39
22 40
22 41
22 42
22 43
22 44
22 45
22 46
22 47
22 48
22 49
22 50
22 51
22 52
22 53
22 54
22 55
22 56
22 57
22 58
22 59
22 60
22 61
22 62
22 63
22 64
22 65
22 66
22 67
22 68
22 69
22 70
22 71
22 72
22 73
22 74
22 75
22 76
23 23
23 24
23 25
23 26
23 27
23 28
23 29
23 30
23 31
23 32
23 33
23 34
23 35
23 36
23 37
23 38
23 39
23 40
23 41
23 42
23 43
23 44
23 45
23 46
23 47
23 48
23 49
23 50
23 51
23 52
23 53
23 54
23 55
23 56
23 57
23 58
23 59
23 60
23 61
23 62
23 63
23 64
23 65
23 66
23 67
23 68
24 24
24 25
24 26
24 27
24 28
24 29
24 30
24 31
24 32
24 33
24 34
24 35
24 36
24 37
24 38
24 39
24 40
24 41
24 42
24 43
24 44
24 45
24 46
24 47
24 48
24 49
24 50
24 51
24 52
24 53
24 54
24 55
24 56
24 57
24 58
24 59
24 60
24 61
24 62
24 63
24 64
24 65
24 66
24 67
24 68
25 25
25 26
25 27
25 28
25 29
25 30
25 31
25 32
25 33
25 34
25 35
25 36
25 37
25 38
25 39
25 40
25 41
25 42
25 43
25 44
25 45
25 46
25 47
25 48
25 49
25 50
25 51
25 52
25 53
25 54
25 55
25 56
25 57
25 58
25 59
25 60
25 61
25 62
25 63
25 64
25 65
25 66
25 67
25 68
25 69
25 70
25 71
25 72
25 73
25 74
25 75
25 76
26 26
26 27
26 28
26 29
26 30
26 31
26 32
26 33
26 34
26 35
26 36
26 37
26 38
26 39
26 40
26 41
26 42
26 43
26 44
26 45
26 46
26 47
26 48
26 49
26 50
26 51
26 52
26 53
26 54
26 55
26 56
26 57
26 58
26 59
26 60
26 61
26 62
26 63
26 64
26 65
26 66
26 67
26 68
27 27
27 28
27 29
27 30
27 31
27 32
27 33
27 34
27 35
27 36
27 37
27 38
27 39
27 40
27 41
27 42
27 43
27 44
27 45
27 46
27 47
27 48
27 49
27 50
27 51
27 52
27 53
27 54
27 55
27 56
27 57
27 58
27 59
27 60
27 61
27 62
27 63
27 64
27 65
27 66
27 67
27 68
27 69
27 70
27 71
27 72
27 73
27 74
27 75
27 76
28 28
28 29
28 30
28 31
28 32
28 33
28 34
28 35
28 36
28 37
28 38
28 39
28 40
28 41
28 42
28 43
28 44
28 45
28 46
28 47
28 48
28 49
28 50
28 51
28 52
28 53
28 54
28 55
28 56
28 57
28 58
28 59
28 60
28 61
28 62
28 63
28 64
28 65
28 66
28 67
28 68
29 29
29 30
29 31
29 32
29 33
29 34
29 35
29 36
29 37
29 38
29 39
29 40
29 41
29 42
29 43
29 44
29 45
29 46
29 47
29 48
29 49
29 50
29 51
29 52
29 53
29 54
29 55
29 56
29 57
29 58
29 59
29 60
29 61
29 62
29 63
29 64
29 65
29 66
29 67
29 68
30 30
30 31
30 32
30 33
30 34
30 35
30 36
30 37
30 38
30 39
30 40
30 41
30 42
30 43
30 44
30 45
30 46
30 47
30 48
30 49
30 50
30 51
30 52
30 53
30 54
30 55
30 56
30 57
30 58
30 59
30 60
30 61
30 62
30 63
30 64
30 65
30 66
30 67
30 68
31 31
31 32
31 33
31 34
31 35
31 36
31 37
31 38
31 39
31 40
31 41
31 42
31 43
31 44
31 45
31 46
31 47
31 48
31 49
31 50
31 51
31 52
31 53
31 54
31 55
31 56
31 57
31 58
31 59
31 60
31 61
31 62
31 63
31 64
31 65
31 66
31 67
31 68
32 32
32 33
32 34
32 35
32 36
32 37
32 38
32 39
32 40
32 41
32 42
32 43
32 44
32 45
32 46
32 47
32 48
32 49
32 50
32 51
32 52
32 53
32 54
32 55
32 56
32 57
32 58
32 59
32 60
32 61
32 62
32 63
32 64
32 65
32 66
32 67
32 68
32 77
32 78
32 79
32 80
32 81
32 82
32 83
32 84
32 85
33 33
33 34
33 35
33 36
33 37
33 38
33 39
33 40
33 41
33 42
33 43
33 44
33 45
33 46
33 47
33 48
33 49
33 50
33 51
33 52
33 53
33 54
33 55
33 56
33 57
33 58
33 59
33 60
33 61
33 62
33 63
33 64
33 65
33 66
33 67
33 68
33 86
33 87
33 88
33 89
34 34
34 35
34 36
34 37
34 38
34 39
34 40
34 41
34 42
34 43
34 44
34 45
34 46
34 47
34 48
34 49
34 50
34 51
34 52
34 53
34 54
34 55
34 56
34 57
34 58
34 59
34 60
34 61
34 62
34 63
34 64
34 65
34 66
34 67
34 68
34 78
35 35
35 36
35 37
35 38
35 39
35 40
35 41
35 42
35 43
35 44
35 45
35 46
35 47
35 48
35 49
35 50
35 51
35 52
35 53
35 54
35 55
35 56
35 57
35 58
35 59
35 60
35 61
35 62
35 63
35 64
35 65
35 66
35 67
35 68
35 86
35 87
35 88
35 89
36 36
36 37
36 38
36 39
36 40
36 41
36 42
36 43
36 44
36 45
36 46
36 47
36 48
36 49
36 50
36 51
36 52
36 53
36 54
36 55
36 56
36 57
36 58
36 59
36 60
36 61
36 62
36 63
36 64
36 65
36 66
36 67
36 68
37 37
37 38
37 39
37 40
37 41
37 42
37 43
37 44
37 45
37 46
37 47
37 48
37 49
37 50
37 51
37 52
37 53
37 54
37 55
37 56
37 57
37 58
37 59
37 60
37 61
37 62
37 63
37 64
37 65
37 66
37 67
37 68
38 38
38 39
38 40
38 41
38 42
38 43
38 44
38 45
38 46
38 47
38 48
38 49
38 50
38 51
38 52
38 53
38 54
38 55
38 56
38 57
38 58
38 59
38 60
38 61
38 62
38 63
38 64
38 65
38 66
38 67
38 68
38 90
39 39
39 40
39 41
39 42
39 43
39 44
39 45
39 46
39 47
39 48
39 49
39 50
39 51
39 52
39 53
39 54
39 55
39 56
39 57
39 58
39 59
39 60
39 61
39 62
39 63
39 64
39 65
39 66
39 67
39 68
39 91
40 40
40 41
40 42
40 43
40 44
40 45
40 46
40 47
40 48
40 49
40 50
40 51
40 52
40 53
40 54
40 55
40 56
40 57
40 58
40 59
40 60
40 61
40 62
40 63
40 64
40 65
40 66
40 67
40 68
41 41
41 42
41 43
41 44
41 45
41 46
41 47
41 48
41 49
41 50
41 51
41 52
41 53
41 54
41 55
41 56
41 57
41 58
41 59
41 60
41 61
41 62
41 63
41 64
41 65
41 66
41 67
41 68
42 42
42 43
42 44
42 45
42 46
42 47
42 48
42 49
42 50
42 51
42 52
42 53
42 54
42 55
42 56
42 57
42 58
42 59
42 60
42 61
42 62
42 63
42 64
42 65
42 66
42 67
42 68
42 92
42 93
43 43
43 44
43 45
43 46
43 47
43 48
43 49
43 50
43 51
43 52
43 53
43 54
43 55
43 56
43 57
43 58
43 59
43 60
43 61
43 62
43 63
43 64
43 65
43 66
43 67
43 68
43 86
43 87
43 88
43 89
44 44
44 45
44 46
44 47
44 48
44 49
44 50
44 51
44 52
44 53
44 54
44 55
44 56
44 57
44 58
44 59
44 60
44 61
44 62
44 63
44 64
44 65
44 66
44 67
44 68
44 94
45 45
45 46
45 47
45 48
45 49
45 50
45 51
45 52
45 53
45 54
45 55
45 56
45 57
45 58
45 59
45 60
45 61
45 62
45 63
45 64
45 65
45 66
45 67
45 68
46 46
46 47
46 48
46 49
46 50
46 51
46 52
46 53
46 54
46 55
46 56
46 57
46 58
46 59
46 60
46 61
46 62
46 63
46 64
46 65
46 66
46 67
46 68
47 47
47 48
47 49
47 50
47 51
47 52
47 53
47 54
47 55
47 56
47 57
47 58
47 59
47 60
47 61
47 62
47 63
47 64
47 65
47 66
47 67
47 68
48 48
48 49
48 50
48 51
48 52
48 53
48 54
48 55
48 56
48 57
48 58
48 59
48 60
48 61
48 62
48 63
48 64
48 65
48 66
48 67
48 68
49 49
49 50
49 51
49 52
49 53
49 54
49 55
49 56
49 57
49 58
49 59
49 60
49 61
49 62
49 63
49 64
49 65
49 66
49 67
49 68
49 95
50 50
50 51
50 52
50 53
50 54
50 55
50 56
50 57
50 58
50 59
50 60
50 61
50 62
50 63
50 64
50 65
50 66
50 67
50 68
50 96
50 97
50 98
50 99
50 100
50 101
51 51
51 52
51 53
51 54
51 55
51 56
51 57
51 58
51 59
51 60
51 61
51 62
51 63
51 64
51 65
51 66
51 67
51 68
51 102
52 52
52 53
52 54
52 55
52 56
52 57
52 58
52 59
52 60
52 61
52 62
52 63
52 64
52 65
52 66
52 67
52 68
52 96
52 97
52 98
52 99
52 100
52 101
53 53
53 54
53 55
53 56
53 57
53 58
53 59
53 60
53 61
53 62
53 63
53 64
53 65
53 66
53 67
53 68
54 54
54 55
54 56
54 57
54 58
54 59
54 60
54 61
54 62
54 63
54 64
54 65
54 66
54 67
54 68
55 55
55 56
55 57
55 58
55 59
55 60
55 61
55 62
55 63
55 64
55 65
55 66
55 67
55 68
55 103
56 56
56 57
56 58
56 59
56 60
56 61
56 62
56 63
56 64
56 65
56 66
56 67
56 68
56 96
56 97
56 98
56 99
56 100
56 101
57 57
57 58
57 59
57 60
57 61
57 62
57 63
57 64
57 65
57 66
57 67
57 68
57 104
58 58
58 59
58 60
58 61
58 62
58 63
58 64
58 65
58 66
58 67
58 68
58 96
58 97
58 98
58 99
58 100
58 101
59 59
59 60
59 61
59 62
59 63
59 64
59 65
59 66
59 67
59 68
60 60
60 61
60 62
60 63
60 64
60 65
60 66
60 67
60 68
61 61
61 62
61 63
61 64
61 65
61 66
61 67
61 68
61 105
62 62
62 63
62 64
62 65
62 66
62 67
62 68
62 96
62 97
62 98
62 99
62 100
62 101
63 63
63 64
63 65
63 66
63 67
63 68
63 106
64 64
64 65
64 66
64 67
64 68
64 96
64 97
64 98
64 99
64 100
64 101
65 65
65 66
65 67
65 68
66 66
66 67
66 68
67 67
67 68
68 68
69 69
69 70
69 71
69 72
69 73
69 74
69 75
69 76
69 782
69 783
70 70
70 71
70 72
70 73
70 74
70 75
70 76
70 782
70 783
71 71
71 72
71 73
71 74
71 75
71 76
72 72
72 73
72 74
72 75
72 76
73 73
73 74
73 75
73 76
74 74
74 75
74 76
75 75
75 76
76 76
77 77
77 720
78 78
78 79
78 721
78 722
78 545
78 723
79 79
80 80
80 545
81 81
81 82
82 82
82 724
82 725
82 726
82 727
82 728
82 729
82 730
83 83
84 721
84 84
85 85
85 723
86 86
86 87
86 88
86 89
86 841
86 842
86 843
86 844
86 845
86 846
86 847
86 848
87 87
87 88
87 89
87 841
87 842
87 843
88 88
88 89
89 89
90 90
90 694
90 91
90 695
90 696
90 697
90 698
90 699
90 700
91 91
91 695
91 702
91 703
91 544
91 704
92 92
92 669
92 94
92 670
92 671
92 672
92 673
92 674
92 675
93 94
93 93
94 94
94 670
94 677
94 543
94 678
95 95
95 517
95 102
95 518
95 519
95 520
95 521
95 522
95 523
96 96
96 739
96 97
96 740
96 98
96 741
96 99
96 742
96 100
96 743
96 101
96 744
96 745
97 739
97 97
97 740
97 98
97 741
97 99
97 742
97 100
97 743
97 101
97 744
97 754
98 739
98 740
98 98
98 741
98 99
98 742
98 100
98 743
98 101
98 744
98 755
99 739
99 740
99 741
99 99
99 742
99 100
99 743
99 101
99 744
99 756
100 739
100 740
100 741
100 742
100 100
100 743
100 101
100 744
100 757
101 739
101 740
101 741
101 742
101 743
101 101
101 744
101 775
102 102
102 518
102 525
102 526
102 527
102 528
103 103
103 557
103 104
103 558
103 559
103 560
103 561
103 562
103 563
104 104
104 558
104 565
104 566
104 542
104 567
105 105
105 643
105 106
105 644
105 645
105 646
105 647
105 648
105 649
106 106
106 644
106 651
106 652
106 291
106 653
107 107
107 108
107 109
108 108
109 109
109 110
109 111
109 112
109 113
109 114
110 110
110 115
111 111
111 116
112 112
112 113
113 113
113 114
114 114
114 117
115 115
116 116
117 117
117 118
118 118
118 119
118 120
118 121
118 122
118 123
118 124
118 125
118 126
118 127
118 128
118 129
118 130
118 131
118 132
118 133
118 134
118 135
118 136
118 137
119 204
119 119
119 120
119 121
119 122
119 123
119 124
119 125
119 126
119 127
119 128
119 129
119 130
119 131
119 132
119 133
119 134
119 135
119 136
119 137
120 215
120 120
120 121
120 122
120 123
120 124
120 125
120 126
120 127
120 128
120 129
120 130
120 131
120 132
120 133
120 134
120 135
120 136
120 137
121 226
121 121
121 122
121 123
121 124
121 125
121 126
121 127
121 128
121 129
121 130
121 131
121 132
121 133
121 134
121 135
121 136
121 137
122 237
122 122
122 123
122 124
122 125
122 126
122 127
122 128
122 129
122 130
122 131
122 132
122 133
122 134
122 135
122 136
122 137
123 248
123 123
123 124
123 125
123 126
123 127
123 128
123 129
123 130
123 131
123 132
123 133
123 134
123 135
123 136
123 137
124 259
124 124
124 125
124 126
124 127
124 128
124 129
124 130
124 131
124 132
124 133
124 134
124 135
124 136
124 137
125 270
125 125
125 126
125 127
125 128
125 129
125 130
125 131
125 132
125 133
125 134
125 135
125 136
125 137
126 770
126 772
126 126
126 127
126 128
126 129
126 130
126 131
126 132
126 133
126 134
126 135
126 136
126 137
126 151
126 153
126 169
126 171
126 790
126 791
126 792
126 793
126 794
126 795
126 796
126 797
126 798
126 799
126 800
126 801
126 802
126 803
126 804
126 805
126 806
126 807
126 808
126 809
126 810
126 811
126 812
126 813
126 814
126 815
126 816
126 817
126 818
126 819
126 820
126 821
126 822
126 823
126 824
126 825
126 826
126 827
126 828
126 829
126 830
126 831
126 832
126 833
126 834
126 835
126 836
126 837
126 838
126 839
126 840
127 127
127 128
127 129
127 130
127 131
127 132
127 133
127 134
127 135
127 136
127 137
128 128
128 129
128 130
128 131
128 132
128 133
128 134
128 135
128 136
128 137
129 129
129 130
129 131
129 132
129 133
129 134
129 135
129 136
129 137
130 130
130 131
130 132
130 133
130 134
130 135
130 136
130 137
131 131
131 132
131 133
131 134
131 135
131 136
131 137
132 132
132 133
132 134
132 135
132 136
132 137
133 133
133 134
133 135
133 136
133 137
134 134
134 135
134 136
134 137
135 135
135 136
135 137
136 136
136 137
137 137
138 138
138 139
138 140
139 139
140 140
140 141
140 142
140 143
140 144
140 145
141 141
141 146
142 142
142 147
143 143
143 144
144 144
144 145
145 145
145 148
146 146
147 147
148 148
148 149
149 149
149 150
149 151
149 152
149 153
149 154
149 155
150 181
150 150
151 770
151 772
151 151
151 152
151 153
151 154
151 155
151 169
151 171
151 790
151 791
151 792
151 793
151 794
151 795
151 796
151 797
151 798
151 799
151 800
151 801
151 802
151 803
151 804
151 805
151 806
151 807
151 808
151 809
151 810
151 811
151 812
151 813
151 814
151 815
151 816
151 817
151 818
151 819
151 820
151 821
151 822
151 823
151 824
151 825
151 826
151 827
151 828
151 829
151 830
151 831
151 832
151 833
151 834
151 835
151 836
151 837
151 838
151 839
151 840
152 152
152 153
152 154
152 155
153 770
153 772
153 153
153 154
153 155
153 169
153 171
153 790
153 791
153 792
153 793
153 794
153 795
153 796
153 797
153 798
153 799
153 800
153 801
153 802
153 803
153 804
153 805
153 806
153 807
153 808
153 809
153 810
153 811
153 812
153 813
153 814
153 815
153 816
153 817
153 818
153 819
153 820
153 821
153 822
153 823
153 824
153 825
153 826
153 827
153 828
153 829
153 830
153 831
153 832
153 833
153 834
153 835
153 836
153 837
153 838
153 839
153 840
154 154
154 155
155 155
156 156
156 157
156 158
157 157
158 158
158 159
158 160
158 161
158 162
158 163
159 159
159 164
160 160
160 165
161 161
161 162
162 162
162 163
163 163
163 166
164 164
165 165
166 166
166 167
167 167
167 168
167 169
167 170
167 171
167 172
167 173
168 191
168 168
169 770
169 772
169 169
169 170
169 171
169 172
169 173
169 790
169 791
169 792
169 793
169 794
169 795
169 796
169 797
169 798
169 799
169 800
169 801
169 802
169 803
169 804
169 805
169 806
169 807
169 808
169 809
169 810
169 811
169 812
169 813
169 814
169 815
169 816
169 817
169 818
169 819
169 820
169 821
169 822
169 823
169 824
169 825
169 826
169 827
169 828
169 829
169 830
169 831
169 832
169 833
169 834
169 835
169 836
169 837
169 838
169 839
169 840
170 170
170 171
170 172
170 173
171 770
171 772
171 171
171 172
171 173
171 790
171 791
171 792
171 793
171 794
171 795
171 796
171 797
171 798
171 799
171 800
171 801
171 802
171 803
171 804
171 805
171 806
171 807
171 808
171 809
171 810
171 811
171 812
171 813
171 814
171 815
171 816
171 817
171 818
171 819
171 820
171 821
171 822
171 823
171 824
171 825
171 826
171 827
171 828
171 829
171 830
171 831
171 832
171 833
171 834
171 835
171 836
171 837
171 838
171 839
171 840
172 172
172 173
173 173
174 174
174 175
174 176
175 175
176 176
176 177
176 178
176 179
176 180
176 181
177 177
177 182
178 178
178 183
179 179
179 180
180 180
180 181
181 181
182 182
183 183
184 184
184 185
184 186
185 185
186 186
186 187
186 188
186 189
186 190
186 191
187 187
187 192
188 188
188 193
189 189
189 190
190 190
190 191
191 191
192 192
193 193
194 194
194 195
194 196
195 195
196 196
196 197
196 198
196 199
196 200
196 201
197 197
197 202
198 198
198 203
199 199
199 200
200 200
200 201
201 201
201 204
202 202
203 203
204 204
205 205
205 206
205 207
206 206
207 207
207 208
207 209
207 210
207 211
207 212
208 208
208 213
209 209
209 214
210 210
210 211
211 211
211 212
212 212
212 215
213 213
214 214
215 215
216 216
216 217
216 218
217 217
218 218
218 219
218 220
218 221
218 222
218 223
219 219
219 224
220 220
220 225
221 221
221 222
222 222
222 223
223 223
223 226
224 224
225 225
226 226
227 227
227 228
227 229
228 228
229 229
229 230
229 231
229 232
229 233
229 234
230 230
230 235
231 231
231 236
232 232
232 233
233 233
233 234
234 234
234 237
235 235
236 236
237 237
238 238
238 239
238 240
239 239
240 240
240 241
240 242
240 243
240 244
240 245
241 241
241 246
242 242
242 247
243 243
243 244
244 244
244 245
245 245
245 248
246 246
247 247
248 248
249 249
249 250
249 251
250 250
251 251
251 252
251 253
251 254
251 255
251 256
252 252
252 257
253 253
253 258
254 254
254 255
255 255
255 256
256 256
256 259
257 257
258 258
259 259
260 260
260 261
260 262
261 261
262 262
262 263
262 264
262 265
262 266
262 267
263 263
263 268
264 264
264 269
265 265
265 266
266 266
266 267
267 267
267 270
268 268
269 269
270 270
271 271
272 272
272 287
273 273
273 288
273 289
273 290
273 291
273 292
273 293
273 294
273 295
273 296
273 297
273 298
273 299
273 300
274 274
275 275
275 278
275 282
275 283
275 284
275 285
275 286
276 276
276 301
277 277
278 278
279 279
279 282
280 280
280 283
281 281
281 286
282 282
283 283
284 284
285 285
285 302
286 286
287 287
288 288
288 289
288 290
288 291
288 292
288 293
288 294
288 295
288 296
288 297
288 298
288 299
288 300
289 585
289 587
289 289
289 290
289 291
289 292
289 293
289 294
289 295
289 296
289 297
289 298
289 299
289 300
290 615
290 617
290 290
290 291
290 292
290 293
290 294
290 295
290 296
290 297
290 298
290 299
290 300
291 645
291 291
291 292
291 293
291 294
291 295
291 296
291 297
291 298
291 299
291 300
292 292
292 293
292 294
292 295
292 296
292 297
292 298
292 299
292 300
293 293
293 294
293 295
293 296
293 297
293 298
293 299
293 300
294 294
294 295
294 296
294 297
294 298
294 299
294 300
295 295
295 296
295 297
295 298
295 299
295 300
296 296
296 297
296 298
296 299
296 300
297 297
297 298
297 299
297 300
298 298
298 299
298 300
299 299
299 300
300 300
301 301
302 302
303 303
304 304
304 318
305 305
306 306
306 309
306 313
306 314
306 315
306 316
306 317
307 307
307 319
308 308
309 309
310 310
310 313
311 311
311 314
312 312
312 317
313 313
314 314
315 315
316 316
316 320
317 317
318 318
319 319
320 320
321 321
321 322
321 323
321 324
321 325
321 326
321 327
321 328
321 329
321 330
322 322
322 331
323 323
323 324
323 332
323 328
323 333
323 334
323 335
324 324
325 325
325 334
326 326
326 327
327 327
327 336
327 337
327 338
327 339
327 340
327 341
327 342
328 328
328 343
328 344
328 345
328 346
328 347
328 348
328 349
328 350
328 351
328 352
328 353
328 354
328 355
329 332
329 329
330 330
330 335
331 331
332 332
333 333
333 361
334 334
334 362
334 363
334 364
334 365
334 366
334 367
334 368
334 369
334 370
334 371
334 372
334 373
334 374
335 335
336 336
336 339
336 356
336 357
336 358
336 359
336 360
337 337
337 375
338 338
339 339
340 340
340 356
341 341
341 357
342 342
342 360
343 377
343 379
343 343
343 344
343 345
343 346
343 347
343 348
343 349
343 350
343 351
343 352
343 353
343 354
343 355
344 405
344 407
344 344
344 345
344 346
344 347
344 348
344 349
344 350
344 351
344 352
344 353
344 354
344 355
345 433
345 435
345 345
345 346
345 347
345 348
345 349
345 350
345 351
345 352
345 353
345 354
345 355
346 461
346 463
346 346
346 347
346 348
346 349
346 350
346 351
346 352
346 353
346 354
346 355
347 489
347 491
347 347
347 348
347 349
347 350
347 351
347 352
347 353
347 354
347 355
348 348
348 349
348 350
348 351
348 352
348 353
348 354
348 355
348 784
348 785
348 786
348 787
349 349
349 350
349 351
349 352
349 353
349 354
349 355
349 784
349 785
349 786
349 787
350 350
350 351
350 352
350 353
350 354
350 355
351 351
351 352
351 353
351 354
351 355
352 352
352 353
352 354
352 355
352 784
352 785
352 786
352 787
353 353
353 354
353 355
353 784
353 785
353 786
353 787
354 354
354 355
355 355
356 356
357 357
358 358
359 359
359 376
360 360
361 361
362 379
362 381
362 362
362 363
362 364
362 365
362 366
362 367
362 368
362 369
362 370
362 371
362 372
362 373
362 374
363 407
363 409
363 363
363 364
363 365
363 366
363 367
363 368
363 369
363 370
363 371
363 372
363 373
363 374
364 435
364 437
364 364
364 365
364 366
364 367
364 368
364 369
364 370
364 371
364 372
364 373
364 374
365 463
365 465
365 365
365 366
365 367
365 368
365 369
365 370
365 371
365 372
365 373
365 374
366 491
366 493
366 366
366 367
366 368
366 369
366 370
366 371
366 372
366 373
366 374
367 367
367 368
367 369
367 370
367 371
367 372
367 373
367 374
368 368
368 369
368 370
368 371
368 372
368 373
368 374
369 369
369 370
369 371
369 372
369 373
369 374
370 370
370 371
370 372
370 373
370 374
371 371
371 372
371 373
371 374
372 372
372 373
372 374
373 373
373 374
374 374
375 375
376 376
377 377
377 378
377 379
377 380
377 381
377 382
377 383
377 384
377 385
378 378
378 386
379 379
379 380
379 387
379 388
379 389
380 380
381 381
382 382
382 383
383 383
383 390
383 391
383 392
383 393
383 394
383 395
383 396
384 387
384 384
385 385
385 389
386 386
387 387
388 388
388 402
389 389
390 390
390 393
390 397
390 398
390 399
390 400
390 401
391 391
391 403
392 392
393 393
394 394
394 397
395 395
395 398
396 396
396 401
397 397
398 398
399 399
400 400
400 404
401 401
402 402
403 403
404 404
405 405
405 406
405 407
405 408
405 409
405 410
405 411
405 412
405 413
406 406
406 414
407 407
407 408
407 415
407 416
407 417
408 408
409 409
410 410
410 411
411 411
411 418
411 419
411 420
411 421
411 422
411 423
411 424
412 415
412 412
413 413
413 417
414 414
415 415
416 416
416 430
417 417
418 418
418 421
418 425
418 426
418 427
418 428
418 429
419 419
419 431
420 420
421 421
422 422
422 425
423 423
423 426
424 424
424 429
425 425
426 426
427 427
428 428
428 432
429 429
430 430
431 431
432 432
433 433
433 434
433 435
433 436
433 437
433 438
433 439
433 440
433 441
434 434
434 442
435 435
435 436
435 443
435 444
435 445
436 436
437 437
438 438
438 439
439 439
439 446
439 447
439 448
439 449
439 450
439 451
439 452
440 443
440 440
441 441
441 445
442 442
443 443
444 444
444 458
445 445
446 446
446 449
446 453
446 454
446 455
446 456
446 457
447 447
447 459
448 448
449 449
450 450
450 453
451 451
451 454
452 452
452 457
453 453
454 454
455 455
456 456
456 460
457 457
458 458
459 459
460 460
461 461
461 462
461 463
461 464
461 465
461 466
461 467
461 468
461 469
462 462
462 470
463 463
463 464
463 471
463 472
463 473
464 464
465 465
466 466
466 467
467 467
467 474
467 475
467 476
467 477
467 478
467 479
467 480
468 471
468 468
469 469
469 473
470 470
471 471
472 472
472 486
473 473
474 474
474 477
474 481
474 482
474 483
474 484
474 485
475 475
475 487
476 476
477 477
478 478
478 481
479 479
479 482
480 480
480 485
481 481
482 482
483 483
484 484
484 488
485 485
486 486
487 487
488 488
489 489
489 490
489 491
489 492
489 493
489 494
489 495
489 496
489 497
490 490
490 498
491 491
491 492
491 499
491 500
491 501
492 492
493 493
494 494
494 495
495 495
495 502
495 503
495 504
495 505
495 506
495 507
495 508
496 499
496 496
497 497
497 501
498 498
499 499
500 500
500 514
501 501
502 502
502 505
502 509
502 510
502 511
502 512
502 513
503 503
503 515
504 504
505 505
506 506
506 509
507 507
507 510
508 508
508 513
509 509
510 510
511 511
512 512
512 516
513 513
514 514
515 515
516 516
517 517
517 524
518 518
519 519
519 527
520 520
520 521
521 521
521 529
521 530
521 531
521 532
521 533
521 534
521 535
522 525
522 522
523 523
523 528
524 524
525 525
526 526
526 541
527 527
527 542
527 543
527 544
527 545
527 546
527 547
527 548
527 549
527 550
527 551
527 552
527 553
527 554
528 528
529 529
529 532
529 536
529 537
529 538
529 539
529 540
530 530
530 555
531 531
532 532
533 533
533 536
534 534
534 537
535 535
535 540
536 536
537 537
538 538
539 539
539 556
540 540
541 541
542 559
542 542
542 543
542 544
542 545
542 546
542 547
542 548
542 549
542 550
542 551
542 552
542 553
542 554
543 671
543 543
543 544
543 545
543 546
543 547
543 548
543 549
543 550
543 551
543 552
543 553
543 554
544 696
544 544
544 545
544 546
544 547
544 548
544 549
544 550
544 551
544 552
544 553
544 554
545 545
545 546
545 547
545 548
545 549
545 550
545 551
545 552
545 553
545 554
546 546
546 547
546 548
546 549
546 550
546 551
546 552
546 553
546 554
547 547
547 548
547 549
547 550
547 551
547 552
547 553
547 554
548 548
548 549
548 550
548 551
548 552
548 553
548 554
549 549
549 550
549 551
549 552
549 553
549 554
550 550
550 551
550 552
550 553
550 554
551 551
551 552
551 553
551 554
552 552
552 553
552 554
553 553
553 554
554 554
555 555
556 556
557 557
557 564
558 558
559 559
560 560
560 561
561 561
561 568
561 569
561 570
561 571
561 572
561 573
561 574
562 565
562 562
563 563
563 567
564 564
565 565
566 566
566 580
567 567
568 568
568 571
568 575
568 576
568 577
568 578
568 579
569 569
569 581
570 570
571 571
572 572
572 575
573 573
573 576
574 574
574 579
575 575
576 576
577 577
578 578
578 582
579 579
580 580
581 581
582 582
583 583
583 584
583 585
583 586
583 587
583 588
583 589
583 590
583 591
583 592
584 584
584 593
585 585
585 586
585 594
585 595
585 596
585 597
586 586
587 587
588 588
588 589
589 589
589 598
589 599
589 600
589 601
589 602
589 603
589 604
590 590
591 594
591 591
592 592
592 597
593 593
594 594
595 595
595 610
596 596
597 597
598 598
598 601
598 605
598 606
598 607
598 608
598 609
599 599
599 611
600 600
601 601
602 602
602 605
603 603
603 606
604 604
604 609
605 605
606 606
607 607
608 608
608 612
609 609
610 610
611 611
612 612
613 613
613 614
613 615
613 616
613 617
613 618
613 619
613 620
613 621
613 622
614 614
614 623
615 615
615 616
615 624
615 625
615 626
615 627
616 616
617 617
618 618
618 619
619 619
619 628
619 629
619 630
619 631
619 632
619 633
619 634
620 620
621 624
621 621
622 622
622 627
623 623
624 624
625 625
625 640
626 626
627 627
628 628
628 631
628 635
628 636
628 637
628 638
628 639
629 629
629 641
630 630
631 631
632 632
632 635
633 633
633 636
634 634
634 639
635 635
636 636
637 637
638 638
638 642
639 639
640 640
641 641
642 642
643 643
643 650
644 644
645 645
646 646
646 647
647 647
647 654
647 655
647 656
647 657
647 658
647 659
647 660
648 651
648 648
649 649
649 653
650 650
651 651
652 652
652 666
653 653
654 654
654 657
654 661
654 662
654 663
654 664
654 665
655 655
655 667
656 656
657 657
658 658
658 661
659 659
659 662
660 660
660 665
661 661
662 662
663 663
664 664
664 668
665 665
666 666
667 667
668 668
669 669
669 676
670 670
671 671
672 672
672 673
673 673
673 679
673 680
673 681
673 682
673 683
673 684
673 685
674 674
675 675
675 678
676 676
677 677
677 691
678 678
679 679
679 682
679 686
679 687
679 688
679 689
679 690
680 680
680 692
681 681
682 682
683 683
683 686
684 684
684 687
685 685
685 690
686 686
687 687
688 688
689 689
689 693
690 690
691 691
692 692
693 693
694 694
694 701
695 695
696 696
697 697
697 698
698 698
698 705
698 706
698 707
698 708
698 709
698 710
698 711
699 702
699 699
700 700
700 704
701 701
702 702
703 703
703 717
704 704
705 705
705 708
705 712
705 713
705 714
705 715
705 716
706 706
706 718
707 707
708 708
709 709
709 712
710 710
710 713
711 711
711 716
712 712
713 713
714 714
715 715
715 719
716 716
717 717
718 718
719 719
720 720
721 721
722 722
722 736
723 723
724 724
724 727
724 731
724 732
724 733
724 734
724 735
725 725
725 737
726 726
727 727
728 728
728 731
729 729
729 732
730 730
730 735
731 731
732 732
733 733
734 734
734 738
735 735
736 736
737 737
738 738
739 739
739 740
739 741
739 742
739 743
739 744
739 746
739 747
739 748
739 749
739 750
739 751
739 752
739 753
740 740
740 741
740 742
740 743
740 744
740 746
740 747
740 748
740 749
740 750
740 751
740 752
740 753
741 741
741 742
741 743
741 744
741 746
741 747
741 748
741 749
741 750
741 751
741 752
741 753
742 742
742 743
742 744
742 746
742 747
742 748
742 749
742 750
742 751
742 752
742 753
743 743
743 744
743 758
743 759
743 760
743 761
743 762
743 763
743 764
743 765
743 766
743 767
743 768
743 769
743 770
743 771
743 772
743 773
743 774
744 744
744 758
744 759
744 760
744 761
744 762
744 763
744 764
744 765
744 766
744 767
744 768
744 769
744 770
744 771
744 772
744 773
744 774
745 745
745 778
746 746
746 747
746 748
746 749
746 750
746 751
746 752
746 753
747 747
747 748
747 749
747 750
747 751
747 752
747 753
748 748
748 749
748 750
748 751
748 752
748 753
749 749
749 750
749 751
749 752
749 753
750 750
750 751
750 752
750 753
750 788
750 789
751 751
751 752
751 753
751 788
751 789
752 752
752 753
753 753
754 754
754 779
755 755
755 776
756 756
756 777
757 757
757 780
758 758
758 759
758 760
758 761
758 762
758 763
758 764
758 765
758 766
758 767
758 768
758 769
758 770
758 771
758 772
758 773
758 774
759 759
759 760
759 761
759 762
759 763
759 764
759 765
759 766
759 767
759 768
759 769
759 770
759 771
759 772
759 773
759 774
760 760
760 761
760 762
760 763
760 764
760 765
760 766
760 767
760 768
760 769
760 770
760 771
760 772
760 773
760 774
761 761
761 762
761 763
761 764
761 765
761 766
761 767
761 768
761 769
761 770
761 771
761 772
761 773
761 774
762 762
762 763
762 764
762 765
762 766
762 767
762 768
762 769
762 770
762 771
762 772
762 773
762 774
763 763
763 764
763 765
763 766
763 767
763 768
763 769
763 770
763 771
763 772
763 773
763 774
764 764
764 765
764 766
764 767
764 768
764 769
764 770
764 771
764 772
764 773
764 774
765 765
765 766
765 767
765 768
765 769
765 770
765 771
765 772
765 773
765 774
766 766
766 767
766 768
766 769
766 770
766 771
766 772
766 773
766 774
767 767
767 768
767 769
767 770
767 771
767 772
767 773
767 774
768 768
768 769
768 770
768 771
768 772
768 773
768 774
769 769
769 770
769 771
769 772
769 773
769 774
770 770
770 771
770 772
770 773
770 774
770 790
770 791
770 792
770 793
770 794
770 795
770 796
770 797
770 798
770 799
770 800
770 801
770 802
770 803
770 804
770 805
770 806
770 807
770 808
770 809
770 810
770 811
770 812
770 813
770 814
770 815
770 816
770 817
770 818
770 819
770 820
770 821
770 822
770 823
770 824
770 825
770 826
770 827
770 828
770 829
770 830
770 831
770 832
770 833
770 834
770 835
770 836
770 837
770 838
770 839
770 840
771 771
771 772
771 773
771 774
772 772
772 773
772 774
772 790
772 791
772 792
772 793
772 794
772 795
772 796
772 797
772 798
772 799
772 800
772 801
772 802
772 803
772 804
772 805
772 806
772 807
772 808
772 809
772 810
772 811
772 812
772 813
772 814
772 815
772 816
772 817
772 818
772 819
772 820
772 821
772 822
772 823
772 824
772 825
772 826
772 827
772 828
772 829
772 830
772 831
772 832
772 833
772 834
772 835
772 836
772 837
772 838
772 839
772 840
773 773
773 774
774 774
775 775
775 781
776 776
777 777
778 778
779 779
780 780
781 781
782 782
782 783
782 893
783 783
783 894
784 784
784 785
784 786
784 787
784 895
785 785
785 786
785 787
785 896
786 786
786 787
786 897
787 787
787 898
788 788
788 789
788 874
789 789
789 875
790 790
790 791
790 792
790 793
790 794
790 795
790 796
790 797
790 798
790 799
790 800
790 801
790 849
790 802
790 803
790 804
790 805
790 806
790 807
790 808
790 809
790 810
790 811
790 812
790 813
790 814
790 815
790 816
790 817
790 818
790 819
790 820
790 821
790 822
790 823
790 824
790 825
790 826
790 827
790 828
790 829
790 830
790 831
790 832
790 833
790 834
790 835
790 836
790 837
790 838
790 839
790 840
791 791
791 792
791 793
791 794
791 795
791 796
791 797
791 798
791 799
791 800
791 801
791 802
791 803
791 804
791 805
791 806
791 807
791 808
791 809
791 810
791 811
791 812
791 813
791 814
791 815
791 816
791 817
791 818
791 819
791 820
791 821
791 822
791 823
791 824
791 825
791 826
791 827
791 828
791 829
791 830
791 831
791 832
791 833
791 834
791 835
791 836
791 837
791 838
791 839
791 840
792 792
792 793
792 794
792 795
792 796
792 797
792 798
792 799
792 800
792 801
792 802
792 803
792 804
792 805
792 806
792 807
792 808
792 809
792 810
792 811
792 812
792 813
792 814
792 815
792 816
792 817
792 818
792 819
792 820
792 821
792 822
792 823
792 824
792 825
792 826
792 827
792 828
792 829
792 830
792 831
792 832
792 833
792 834
792 835
792 836
792 837
792 838
792 839
792 840
793 793
793 794
793 795
793 796
793 797
793 798
793 799
793 800
793 801
793 802
793 803
793 804
793 805
793 806
793 807
793 808
793 809
793 810
793 811
793 812
793 813
793 814
793 815
793 816
793 817
793 818
793 819
793 820
793 821
793 822
793 823
793 824
793 825
793 826
793 827
793 828
793 829
793 830
793 831
793 832
793 833
793 834
793 835
793 836
793 837
793 838
793 839
793 840
794 794
794 795
794 796
794 797
794 798
794 799
794 800
794 801
794 802
794 803
794 804
794 805
794 806
794 807
794 808
794 809
794 810
794 811
794 812
794 813
794 814
794 815
794 816
794 817
794 818
794 819
794 820
794 821
794 822
794 823
794 824
794 825
794 826
794 827
794 828
794 829
794 830
794 831
794 832
794 833
794 834
794 835
794 836
794 837
794 838
794 839
794 840
795 795
795 796
795 797
795 798
795 799
795 800
795 801
795 802
795 803
795 804
795 805
795 806
795 807
795 808
795 809
795 810
795 811
795 812
795 813
795 814
795 815
795 816
795 817
795 818
795 819
795 820
795 821
795 822
795 823
795 824
795 825
795 826
795 827
795 828
795 829
795 830
795 831
795 832
795 833
795 834
795 835
795 836
795 837
795 838
795 839
795 840
796 796
796 797
796 798
796 799
796 800
796 801
796 802
796 803
796 804
796 805
796 806
796 807
796 808
796 809
796 810
796 811
796 812
796 813
796 814
796 815
796 816
796 817
796 818
796 819
796 820
796 821
796 822
796 823
796 824
796 825
796 826
796 827
796 828
796 829
796 830
796 831
796 832
796 833
796 834
796 835
796 836
796 837
796 838
796 839
796 840
797 797
797 798
797 799
797 800
797 801
797 802
797 803
797 804
797 805
797 806
797 807
797 808
797 809
797 810
797 811
797 812
797 813
797 814
797 815
797 816
797 817
797 818
797 819
797 820
797 821
797 822
797 823
797 824
797 825
797 826
797 827
797 828
797 829
797 830
797 831
797 832
797 833
797 834
797 835
797 836
797 837
797 838
797 839
797 840
798 798
798 799
798 800
798 801
798 802
798 803
798 804
798 805
798 806
798 807
798 808
798 809
798 810
798 811
798 812
798 813
798 814
798 815
798 816
798 817
798 818
798 819
798 820
798 821
798 822
798 823
798 824
798 825
798 826
798 827
798 828
798 829
798 830
798 831
798 832
798 833
798 834
798 835
798 836
798 837
798 838
798 839
798 840
799 799
799 800
799 801
799 802
799 803
799 804
799 805
799 806
799 807
799 808
799 809
799 810
799 811
799 812
799 813
799 814
799 815
799 816
799 817
799 818
799 819
799 820
799 821
799 822
799 823
799 824
799 825
799 826
799 827
799 828
799 829
799 830
799 831
799 832
799 833
799 834
799 835
799 836
799 837
799 838
799 839
799 840
800 800
800 801
800 802
800 803
800 804
800 805
800 806
800 807
800 808
800 809
800 810
800 811
800 812
800 813
800 814
800 815
800 816
800 817
800 818
800 819
800 820
800 821
800 822
800 823
800 824
800 825
800 826
800 827
800 828
800 829
800 830
800 831
800 832
800 833
800 834
800 835
800 836
800 837
800 838
800 839
800 840
801 801
801 850
801 802
801 803
801 804
801 805
801 806
801 807
801 808
801 809
801 810
801 811
801 812
801 813
801 814
801 815
801 816
801 817
801 818
801 819
801 820
801 821
801 822
801 823
801 824
801 825
801 826
801 827
801 828
801 829
801 830
801 831
801 832
801 833
801 834
801 835
801 836
801 837
801 838
801 839
801 840
802 802
802 803
802 804
802 805
802 806
802 807
802 808
802 809
802 810
802 811
802 812
802 813
802 814
802 815
802 816
802 817
802 818
802 819
802 820
802 821
802 822
802 823
802 824
802 825
802 826
802 827
802 828
802 829
802 830
802 831
802 832
802 833
802 834
802 835
802 836
802 837
802 838
802 839
802 840
803 803
803 804
803 805
803 806
803 807
803 808
803 809
803 810
803 811
803 812
803 813
803 814
803 815
803 816
803 817
803 818
803 819
803 820
803 821
803 822
803 823
803 824
803 825
803 826
803 827
803 828
803 829
803 830
803 831
803 832
803 833
803 834
803 835
803 836
803 837
803 838
803 839
803 840
804 804
804 805
804 806
804 807
804 808
804 809
804 810
804 811
804 812
804 813
804 814
804 815
804 816
804 817
804 818
804 819
804 820
804 821
804 822
804 823
804 824
804 825
804 826
804 827
804 828
804 829
804 830
804 831
804 832
804 833
804 834
804 835
804 836
804 837
804 838
804 839
804 840
805 805
805 806
805 807
805 808
805 809
805 810
805 811
805 812
805 813
805 814
805 815
805 816
805 817
805 818
805 819
805 852
805 820
805 821
805 822
805 823
805 824
805 825
805 826
805 827
805 828
805 829
805 830
805 831
805 832
805 833
805 834
805 835
805 836
805 837
805 838
805 839
805 840
806 806
806 807
806 808
806 809
806 810
806 811
806 812
806 813
806 814
806 815
806 816
806 817
806 818
806 819
806 820
806 821
806 822
806 823
806 824
806 825
806 826
806 827
806 828
806 829
806 830
806 831
806 832
806 833
806 834
806 835
806 836
806 837
806 838
806 839
806 840
806 853
806 854
806 855
807 851
807 807
807 808
807 809
807 810
807 811
807 812
807 813
807 814
807 815
807 816
807 817
807 818
807 819
807 820
807 821
807 822
807 823
807 824
807 825
807 826
807 827
807 828
807 829
807 830
807 831
807 832
807 833
807 834
807 835
807 836
807 837
807 838
807 839
807 840
808 808
808 809
808 810
808 811
808 812
808 813
808 814
808 815
808 816
808 817
808 818
808 819
808 820
808 821
808 822
808 823
808 824
808 825
808 826
808 827
808 828
808 829
808 830
808 831
808 832
808 833
808 834
808 835
808 836
808 837
808 838
808 839
808 840
809 809
809 810
809 811
809 812
809 813
809 814
809 815
809 816
809 817
809 818
809 819
809 820
809 821
809 822
809 823
809 824
809 825
809 826
809 827
809 828
809 829
809 830
809 831
809 832
809 833
809 834
809 835
809 836
809 837
809 838
809 839
809 840
810 810
810 811
810 812
810 813
810 814
810 815
810 816
810 817
810 818
810 819
810 820
810 821
810 822
810 823
810 824
810 825
810 826
810 827
810 828
810 829
810 830
810 831
810 832
810 833
810 834
810 835
810 836
810 837
810 838
810 839
810 840
810 853
810 854
810 855
811 811
811 812
811 813
811 814
811 815
811 816
811 817
811 818
811 819
811 820
811 821
811 822
811 823
811 824
811 825
811 826
811 827
811 828
811 829
811 830
811 831
811 832
811 833
811 834
811 835
811 836
811 837
811 838
811 839
811 840
812 812
812 813
812 814
812 815
812 816
812 817
812 818
812 819
812 820
812 821
812 822
812 823
812 824
812 825
812 826
812 827
812 828
812 829
812 830
812 831
812 832
812 833
812 834
812 835
812 836
812 837
812 838
812 839
812 840
813 813
813 814
813 815
813 816
813 817
813 818
813 819
813 820
813 821
813 822
813 823
813 824
813 825
813 826
813 827
813 828
813 829
813 830
813 831
813 832
813 833
813 834
813 835
813 836
813 837
813 838
813 839
813 840
814 814
814 815
814 816
814 817
814 818
814 819
814 820
814 821
814 822
814 823
814 824
814 825
814 826
814 827
814 828
814 829
814 830
814 831
814 832
814 833
814 834
814 835
814 836
814 837
814 838
814 839
814 840
815 815
815 816
815 817
815 818
815 819
815 820
815 821
815 822
815 823
815 824
815 825
815 826
815 827
815 828
815 829
815 830
815 831
815 832
815 833
815 834
815 835
815 836
815 837
815 838
815 839
815 840
816 816
816 817
816 818
816 819
816 820
816 821
816 822
816 823
816 824
816 825
816 826
816 827
816 828
816 829
816 830
816 831
816 832
816 833
816 834
816 835
816 836
816 837
816 838
816 839
816 840
816 853
816 854
816 855
817 817
817 818
817 819
817 820
817 821
817 822
817 823
817 824
817 825
817 826
817 827
817 828
817 829
817 830
817 831
817 832
817 833
817 834
817 835
817 836
817 837
817 838
817 839
817 840
818 818
818 856
818 819
818 820
818 857
818 821
818 822
818 858
818 823
818 824
818 825
818 826
818 827
818 828
818 829
818 830
818 831
818 832
818 833
818 834
818 835
818 836
818 837
818 838
818 839
818 840
819 819
819 861
819 820
819 821
819 822
819 823
819 824
819 825
819 826
819 827
819 828
819 829
819 830
819 831
819 832
819 833
819 834
819 835
819 836
819 837
819 838
819 839
819 840
820 856
820 820
820 857
820 821
820 822
820 858
820 823
820 824
820 825
820 826
820 827
820 828
820 829
820 830
820 831
820 832
820 833
820 834
820 835
820 836
820 837
820 838
820 839
820 840
821 862
821 821
821 822
821 823
821 824
821 825
821 826
821 827
821 828
821 829
821 830
821 831
821 832
821 833
821 834
821 835
821 836
821 837
821 838
821 839
821 840
822 856
822 857
822 822
822 858
822 823
822 824
822 825
822 826
822 827
822 828
822 829
822 830
822 831
822 832
822 833
822 834
822 835
822 836
822 837
822 838
822 839
822 840
823 823
823 824
823 825
823 826
823 827
823 828
823 829
823 830
823 831
823 832
823 833
823 834
823 835
823 836
823 837
823 838
823 839
823 840
824 852
824 824
824 825
824 826
824 827
824 828
824 829
824 830
824 831
824 832
824 833
824 834
824 835
824 836
824 837
824 838
824 839
824 840
825 825
825 826
825 827
825 828
825 829
825 830
825 831
825 832
825 833
825 834
825 835
825 836
825 837
825 838
825 839
825 840
826 826
826 827
826 828
826 829
826 830
826 831
826 832
826 833
826 834
826 835
826 836
826 837
826 838
826 839
826 840
827 827
827 828
827 829
827 830
827 831
827 832
827 833
827 834
827 835
827 836
827 837
827 838
827 839
827 840
828 828
828 829
828 830
828 831
828 832
828 871
828 833
828 834
828 835
828 836
828 837
828 838
828 839
828 840
829 829
829 830
829 831
829 832
829 833
829 834
829 835
829 836
829 837
829 838
829 839
829 840
830 830
830 831
830 832
830 871
830 833
830 834
830 835
830 836
830 837
830 838
830 839
830 840
831 831
831 832
831 833
831 834
831 835
831 836
831 837
831 838
831 839
831 840
832 832
832 833
832 834
832 835
832 836
832 837
832 838
832 839
832 840
833 833
833 834
833 835
833 836
833 837
833 838
833 839
833 840
834 834
834 835
834 836
834 837
834 838
834 839
834 840
835 835
835 836
835 837
835 838
835 839
835 840
836 836
836 837
836 838
836 839
836 840
837 837
837 838
837 839
837 840
838 871
838 838
838 839
838 840
839 839
839 840
840 840
841 841
841 842
841 843
841 886
841 892
842 842
842 843
842 844
842 892
843 843
843 845
844 844
844 845
845 845
846 846
846 1037
846 847
846 848
847 847
847 848
848 848
848 1095
849 849
850 850
851 851
852 862
852 852
853 946
853 949
853 952
853 915
853 922
853 925
853 964
853 965
853 966
853 967
853 968
853 969
853 970
853 971
853 972
853 973
853 974
853 975
853 976
853 977
853 978
853 979
853 980
853 981
853 982
853 983
853 984
853 985
853 986
853 987
853 988
853 989
853 990
853 991
853 992
853 993
853 994
853 995
853 996
853 997
853 998
853 999
853 1000
853 1001
853 1002
853 1003
853 1004
853 1005
853 1006
853 1007
853 1008
853 1009
853 1010
853 1011
853 1012
853 1013
853 853
853 1014
853 1015
853 1016
853 1017
853 1018
853 1019
853 1020
853 1021
853 1022
853 1023
853 1024
853 1025
853 1026
853 1027
853 1028
853 1029
853 1030
853 1031
853 1032
853 1033
853 1034
853 1035
853 1036
853 854
853 855
854 854
854 855
855 855
856 856
856 857
856 858
856 859
856 860
857 857
857 858
857 863
857 864
858 858
858 865
859 859
859 866
860 860
860 867
861 861
861 862
862 862
863 863
863 868
864 864
864 869
865 865
865 870
866 866
867 867
868 868
869 869
870 870
871 871
871 872
872 872
872 873
873 873
874 874
874 882
874 880
874 883
875 875
875 884
875 881
875 885
875 886
875 887
875 888
875 889
875 890
875 891
876 876
876 877
876 878
876 879
876 880
877 877
877 878
877 879
878 878
878 879
878 881
879 879
880 882
880 880
880 883
881 884
881 881
881 885
881 886
881 887
881 888
881 889
881 890
881 891
882 882
882 883
883 883
884 884
884 885
885 885
886 886
886 887
887 887
887 892
888 888
888 889
888 890
888 891
889 889
889 890
889 891
890 890
890 891
891 891
892 892
893 893
893 958
894 894
894 960
895 895
895 908
895 962
896 896
896 935
897 897
897 938
898 898
898 940
898 963
899 899
899 900
899 901
899 902
899 903
899 904
899 905
899 906
899 907
899 908
900 900
900 901
900 902
900 903
900 904
900 905
900 906
900 909
900 910
900 911
900 912
900 913
900 914
900 915
900 916
900 917
900 918
900 919
900 920
900 921
900 922
900 923
900 924
900 925
900 926
900 927
900 928
900 929
900 930
900 931
900 932
900 933
901 901
901 902
901 903
901 904
901 905
901 906
901 934
901 935
902 902
902 903
902 904
902 905
902 906
902 936
903 903
903 904
903 905
903 906
903 937
903 938
904 904
904 905
904 906
904 912
905 905
905 906
905 939
905 940
906 906
906 914
907 907
907 908
908 908
908 962
909 941
909 942
909 909
909 943
909 936
909 944
910 910
910 911
910 912
910 913
910 914
910 957
911 911
911 912
911 913
911 914
911 915
911 916
911 917
911 918
911 919
911 920
911 921
911 922
911 923
911 924
911 925
911 926
911 927
911 928
911 929
911 930
911 931
911 932
911 933
912 912
912 913
912 914
913 913
913 914
913 915
913 916
913 917
913 918
913 919
913 920
913 921
913 922
913 923
913 924
913 925
913 926
913 927
913 928
913 929
913 930
913 931
913 932
913 933
914 914
915 946
915 949
915 952
915 915
915 916
915 917
915 918
915 919
915 920
915 921
915 922
915 923
915 924
915 925
915 926
915 927
915 928
915 929
915 930
915 931
915 932
915 933
915 964
915 965
915 966
915 967
915 968
915 969
915 970
915 971
915 972
915 973
915 974
915 975
915 976
915 977
915 978
915 979
915 980
915 981
915 982
915 983
915 984
915 985
915 986
915 987
915 988
915 989
915 990
915 991
915 992
915 993
915 994
915 995
915 996
915 997
915 998
915 999
915 1000
915 1001
915 1002
915 1003
915 1004
915 1005
915 1006
915 1007
915 1008
915 1009
915 1010
915 1011
915 1012
915 1013
915 1014
915 1015
915 1016
915 1017
915 1018
915 1019
915 1020
915 1021
915 1022
915 1023
915 1024
915 1025
915 1026
915 1027
915 1028
915 1029
915 1030
915 1031
915 1032
915 1033
915 1034
915 1035
915 1036
916 916
916 917
916 918
916 919
916 920
916 921
916 922
916 923
916 924
916 925
916 926
916 927
916 928
916 929
916 930
916 931
916 932
916 933
917 917
917 918
917 919
917 920
917 921
917 922
917 923
917 924
917 925
917 926
917 927
917 928
917 929
917 930
917 931
917 932
917 933
918 918
918 919
918 920
918 921
918 922
918 923
918 924
918 925
918 926
918 927
918 928
918 929
918 930
918 931
918 932
918 933
919 919
919 920
919 921
919 922
919 923
919 924
919 925
919 926
919 927
919 928
919 929
919 930
919 931
919 932
919 933
920 920
920 921
920 922
920 923
920 924
920 925
920 926
920 927
920 928
920 929
920 930
920 931
920 932
920 933
921 921
921 922
921 923
921 924
921 925
921 926
921 927
921 928
921 929
921 930
921 931
921 932
921 933
922 946
922 949
922 952
922 922
922 923
922 924
922 925
922 926
922 927
922 928
922 929
922 930
922 931
922 932
922 933
922 964
922 965
922 966
922 967
922 968
922 969
922 970
922 971
922 972
922 973
922 974
922 975
922 976
922 977
922 978
922 979
922 980
922 981
922 982
922 983
922 984
922 985
922 986
922 987
922 988
922 989
922 990
922 991
922 992
922 993
922 994
922 995
922 996
922 997
922 998
922 999
922 1000
922 1001
922 1002
922 1003
922 1004
922 1005
922 1006
922 1007
922 1008
922 1009
922 1010
922 1011
922 1012
922 1013
922 1014
922 1015
922 1016
922 1017
922 1018
922 1019
922 1020
922 1021
922 1022
922 1023
922 1024
922 1025
922 1026
922 1027
922 1028
922 1029
922 1030
922 1031
922 1032
922 1033
922 1034
922 1035
922 1036
923 923
923 924
923 925
923 926
923 927
923 928
923 929
923 930
923 931
923 932
923 933
924 924
924 925
924 926
924 927
924 928
924 929
924 930
924 931
924 932
924 933
925 946
925 949
925 952
925 925
925 926
925 927
925 928
925 929
925 930
925 931
925 932
925 933
925 964
925 965
925 966
925 967
925 968
925 969
925 970
925 971
925 972
925 973
925 974
925 975
925 976
925 977
925 978
925 979
925 980
925 981
925 982
925 983
925 984
925 985
925 986
925 987
925 988
925 989
925 990
925 991
925 992
925 993
925 994
925 995
925 996
925 997
925 998
925 999
925 1000
925 1001
925 1002
925 1003
925 1004
925 1005
925 1006
925 1007
925 1008
925 1009
925 1010
925 1011
925 1012
925 1013
925 1014
925 1015
925 1016
925 1017
925 1018
925 1019
925 1020
925 1021
925 1022
925 1023
925 1024
925 1025
925 1026
925 1027
925 1028
925 1029
925 1030
925 1031
925 1032
925 1033
925 1034
925 1035
925 1036
926 926
926 927
926 928
926 929
926 930
926 931
926 932
926 933
927 927
927 928
927 929
927 930
927 931
927 932
927 933
928 928
928 929
928 930
928 931
928 932
928 933
929 929
929 930
929 931
929 932
929 933
930 930
930 931
930 932
930 933
931 931
931 932
931 933
932 932
932 933
933 933
934 934
934 935
935 935
936 941
936 942
936 943
936 936
936 944
937 937
937 938
938 938
939 939
939 940
940 940
940 963
941 941
941 942
941 943
941 944
941 945
942 942
942 943
942 944
942 946
942 947
942 948
942 949
942 950
942 951
942 952
942 953
942 954
942 955
942 956
943 943
943 944
943 946
943 947
943 948
943 949
943 950
943 951
943 952
943 953
943 954
943 955
943 956
944 944
944 946
944 947
944 948
944 949
944 950
944 951
944 952
944 953
944 954
944 955
944 956
945 959
945 958
945 945
946 946
946 947
946 948
946 949
946 950
946 951
946 952
946 953
946 954
946 955
946 956
946 964
946 965
946 966
946 967
946 968
946 969
946 970
946 971
946 972
946 973
946 974
946 975
946 976
946 977
946 978
946 979
946 980
946 981
946 982
946 983
946 984
946 985
946 986
946 987
946 988
946 989
946 990
946 991
946 992
946 993
946 994
946 995
946 996
946 997
946 998
946 999
946 1000
946 1001
946 1002
946 1003
946 1004
946 1005
946 1006
946 1007
946 1008
946 1009
946 1010
946 1011
946 1012
946 1013
946 1014
946 1015
946 1016
946 1017
946 1018
946 1019
946 1020
946 1021
946 1022
946 1023
946 1024
946 1025
946 1026
946 1027
946 1028
946 1029
946 1030
946 1031
946 1032
946 1033
946 1034
946 1035
946 1036
947 947
947 948
947 949
947 950
947 951
947 952
947 953
947 954
947 955
947 956
948 948
948 949
948 950
948 951
948 952
948 953
948 954
948 955
948 956
949 949
949 950
949 951
949 952
949 953
949 954
949 955
949 956
949 964
949 965
949 966
949 967
949 968
949 969
949 970
949 971
949 972
949 973
949 974
949 975
949 976
949 977
949 978
949 979
949 980
949 981
949 982
949 983
949 984
949 985
949 986
949 987
949 988
949 989
949 990
949 991
949 992
949 993
949 994
949 995
949 996
949 997
949 998
949 999
949 1000
949 1001
949 1002
949 1003
949 1004
949 1005
949 1006
949 1007
949 1008
949 1009
949 1010
949 1011
949 1012
949 1013
949 1014
949 1015
949 1016
949 1017
949 1018
949 1019
949 1020
949 1021
949 1022
949 1023
949 1024
949 1025
949 1026
949 1027
949 1028
949 1029
949 1030
949 1031
949 1032
949 1033
949 1034
949 1035
949 1036
950 950
950 951
950 952
950 953
950 954
950 955
950 956
951 951
951 952
951 953
951 954
951 955
951 956
952 952
952 953
952 954
952 955
952 956
952 964
952 965
952 966
952 967
952 968
952 969
952 970
952 971
952 972
952 973
952 974
952 975
952 976
952 977
952 978
952 979
952 980
952 981
952 982
952 983
952 984
952 985
952 986
952 987
952 988
952 989
952 990
952 991
952 992
952 993
952 994
952 995
952 996
952 997
952 998
952 999
952 1000
952 1001
952 1002
952 1003
952 1004
952 1005
952 1006
952 1007
952 1008
952 1009
952 1010
952 1011
952 1012
952 1013
952 1014
952 1015
952 1016
952 1017
952 1018
952 1019
952 1020
952 1021
952 1022
952 1023
952 1024
952 1025
952 1026
952 1027
952 1028
952 1029
952 1030
952 1031
952 1032
952 1033
952 1034
952 1035
952 1036
953 953
953 954
953 955
953 956
954 954
954 955
954 956
955 955
955 956
956 956
957 961
957 960
957 957
958 959
958 958
959 959
960 961
960 960
961 961
962 962
963 963
964 964
964 965
964 966
964 967
964 968
964 969
964 970
964 971
964 972
964 973
964 974
964 975
964 976
964 977
964 978
964 979
964 980
964 981
964 982
964 983
964 984
964 985
964 986
964 987
964 988
964 989
964 990
964 991
964 992
964 993
964 994
964 995
964 996
964 997
964 998
964 999
964 1000
964 1001
964 1002
964 1003
964 1004
964 1005
964 1006
964 1007
964 1008
964 1009
964 1010
964 1011
964 1012
964 1013
964 1014
964 1015
964 1016
964 1017
964 1018
964 1019
964 1020
964 1021
964 1022
964 1023
964 1024
964 1025
964 1026
964 1027
964 1028
964 1029
964 1030
964 1031
964 1032
964 1033
964 1034
964 1035
964 1036
964 1101
964 1102
964 1103
965 965
965 966
965 967
965 968
965 969
965 970
965 971
965 972
965 973
965 974
965 975
965 976
965 977
965 978
965 979
965 980
965 981
965 982
965 983
965 984
965 985
965 986
965 987
965 988
965 989
965 990
965 991
965 992
965 993
965 994
965 995
965 996
965 997
965 998
965 999
965 1000
965 1001
965 1002
965 1003
965 1004
965 1005
965 1006
965 1007
965 1008
965 1009
965 1010
965 1011
965 1012
965 1013
965 1014
965 1015
965 1016
965 1017
965 1018
965 1019
965 1020
965 1021
965 1022
965 1023
965 1024
965 1025
965 1026
965 1027
965 1028
965 1029
965 1030
965 1031
965 1032
965 1033
965 1034
965 1035
965 1036
966 966
966 967
966 968
966 969
966 970
966 971
966 972
966 973
966 974
966 975
966 976
966 977
966 978
966 979
966 980
966 981
966 982
966 983
966 984
966 985
966 986
966 987
966 988
966 989
966 990
966 991
966 992
966 993
966 994
966 995
966 996
966 997
966 998
966 999
966 1000
966 1001
966 1002
966 1003
966 1004
966 1005
966 1006
966 1007
966 1008
966 1009
966 1010
966 1011
966 1012
966 1013
966 1014
966 1015
966 1016
966 1017
966 1018
966 1019
966 1020
966 1021
966 1022
966 1023
966 1024
966 1025
966 1026
966 1027
966 1028
966 1029
966 1030
966 1031
966 1032
966 1033
966 1034
966 1035
966 1036
967 967
967 968
967 969
967 970
967 971
967 972
967 973
967 974
967 975
967 976
967 977
967 978
967 979
967 980
967 981
967 982
967 983
967 984
967 985
967 986
967 987
967 988
967 989
967 990
967 991
967 992
967 993
967 994
967 995
967 996
967 997
967 998
967 999
967 1000
967 1001
967 1002
967 1003
967 1004
967 1005
967 1006
967 1007
967 1008
967 1009
967 1010
967 1011
967 1012
967 1013
967 1014
967 1015
967 1016
967 1017
967 1018
967 1019
967 1020
967 1021
967 1022
967 1023
967 1024
967 1025
967 1026
967 1027
967 1028
967 1029
967 1030
967 1031
967 1032
967 1033
967 1034
967 1035
967 1036
967 1101
967 1104
967 1105
968 968
968 969
968 970
968 971
968 972
968 973
968 974
968 975
968 976
968 977
968 978
968 979
968 980
968 981
968 982
968 983
968 984
968 985
968 986
968 987
968 988
968 989
968 990
968 991
968 992
968 993
968 994
968 995
968 996
968 997
968 998
968 999
968 1000
968 1001
968 1002
968 1003
968 1004
968 1005
968 1006
968 1007
968 1008
968 1009
968 1010
968 1011
968 1012
968 1013
968 1014
968 1015
968 1016
968 1017
968 1018
968 1019
968 1020
968 1021
968 1022
968 1023
968 1024
968 1025
968 1026
968 1027
968 1028
968 1029
968 1030
968 1031
968 1032
968 1033
968 1034
968 1035
968 1036
969 969
969 970
969 971
969 972
969 973
969 974
969 975
969 976
969 977
969 978
969 979
969 980
969 981
969 982
969 983
969 984
969 985
969 986
969 987
969 988
969 989
969 990
969 991
969 992
969 993
969 994
969 995
969 996
969 997
969 998
969 999
969 1000
969 1001
969 1002
969 1003
969 1004
969 1005
969 1006
969 1007
969 1008
969 1009
969 1010
969 1011
969 1012
969 1013
969 1014
969 1015
969 1016
969 1017
969 1018
969 1019
969 1020
969 1021
969 1022
969 1023
969 1024
969 1025
969 1026
969 1027
969 1028
969 1029
969 1030
969 1031
969 1032
969 1033
969 1034
969 1035
969 1036
970 970
970 971
970 972
970 973
970 974
970 975
970 976
970 977
970 978
970 979
970 980
970 981
970 982
970 983
970 984
970 985
970 986
970 987
970 988
970 989
970 990
970 991
970 992
970 993
970 994
970 995
970 996
970 997
970 998
970 999
970 1000
970 1001
970 1002
970 1003
970 1004
970 1005
970 1006
970 1007
970 1008
970 1009
970 1010
970 1011
970 1012
970 1013
970 1014
970 1015
970 1016
970 1017
970 1018
970 1019
970 1020
970 1021
970 1022
970 1023
970 1024
970 1025
970 1026
970 1027
970 1028
970 1029
970 1030
970 1031
970 1032
970 1033
970 1034
970 1035
970 1036
971 971
971 972
971 973
971 974
971 975
971 976
971 977
971 978
971 979
971 980
971 981
971 982
971 983
971 984
971 985
971 986
971 987
971 988
971 989
971 990
971 991
971 992
971 993
971 994
971 995
971 996
971 997
971 998
971 999
971 1000
971 1001
971 1002
971 1003
971 1004
971 1005
971 1006
971 1007
971 1008
971 1009
971 1010
971 1011
971 1012
971 1013
971 1014
971 1015
971 1016
971 1017
971 1018
971 1019
971 1020
971 1021
971 1022
971 1023
971 1024
971 1025
971 1026
971 1027
971 1028
971 1029
971 1030
971 1031
971 1032
971 1033
971 1034
971 1035
971 1036
972 972
972 973
972 974
972 975
972 976
972 977
972 978
972 979
972 980
972 981
972 982
972 983
972 984
972 985
972 986
972 987
972 988
972 989
972 990
972 991
972 992
972 993
972 994
972 995
972 996
972 997
972 998
972 999
972 1000
972 1001
972 1002
972 1003
972 1004
972 1005
972 1006
972 1007
972 1008
972 1009
972 1010
972 1011
972 1012
972 1013
972 1014
972 1015
972 1016
972 1017
972 1018
972 1019
972 1020
972 1021
972 1022
972 1023
972 1024
972 1025
972 1026
972 1027
972 1028
972 1029
972 1030
972 1031
972 1032
972 1033
972 1034
972 1035
972 1036
973 973
973 974
973 975
973 976
973 977
973 978
973 979
973 980
973 981
973 982
973 983
973 984
973 985
973 986
973 987
973 988
973 989
973 990
973 991
973 992
973 993
973 994
973 995
973 996
973 997
973 998
973 999
973 1000
973 1001
973 1002
973 1003
973 1004
973 1005
973 1006
973 1007
973 1008
973 1009
973 1010
973 1011
973 1012
973 1013
973 1014
973 1015
973 1016
973 1017
973 1018
973 1019
973 1020
973 1021
973 1022
973 1023
973 1024
973 1025
973 1026
973 1027
973 1028
973 1029
973 1030
973 1031
973 1032
973 1033
973 1034
973 1035
973 1036
974 974
974 975
974 976
974 977
974 978
974 979
974 980
974 981
974 982
974 983
974 984
974 985
974 986
974 987
974 988
974 989
974 990
974 991
974 992
974 993
974 994
974 995
974 996
974 997
974 998
974 999
974 1000
974 1001
974 1002
974 1003
974 1004
974 1005
974 1006
974 1007
974 1008
974 1009
974 1010
974 1011
974 1012
974 1013
974 1014
974 1015
974 1016
974 1017
974 1018
974 1019
974 1020
974 1021
974 1022
974 1023
974 1024
974 1025
974 1026
974 1027
974 1028
974 1029
974 1030
974 1031
974 1032
974 1033
974 1034
974 1035
974 1036
974 1106
974 1107
974 1108
975 975
975 976
975 977
975 978
975 979
975 980
975 981
975 982
975 983
975 984
975 985
975 986
975 987
975 988
975 989
975 990
975 991
975 992
975 993
975 994
975 995
975 996
975 997
975 998
975 999
975 1000
975 1001
975 1002
975 1003
975 1004
975 1005
975 1006
975 1007
975 1008
975 1009
975 1010
975 1011
975 1012
975 1013
975 1014
975 1015
975 1016
975 1017
975 1018
975 1019
975 1020
975 1021
975 1022
975 1023
975 1024
975 1025
975 1026
975 1027
975 1028
975 1029
975 1030
975 1031
975 1032
975 1033
975 1034
975 1035
975 1036
976 976
976 977
976 978
976 979
976 980
976 981
976 982
976 983
976 984
976 985
976 986
976 987
976 988
976 989
976 990
976 991
976 992
976 993
976 994
976 995
976 996
976 997
976 998
976 999
976 1000
976 1001
976 1002
976 1003
976 1004
976 1005
976 1006
976 1007
976 1008
976 1009
976 1010
976 1011
976 1012
976 1013
976 1014
976 1015
976 1016
976 1017
976 1018
976 1019
976 1020
976 1021
976 1022
976 1023
976 1024
976 1025
976 1026
976 1027
976 1028
976 1029
976 1030
976 1031
976 1032
976 1033
976 1034
976 1035
976 1036
977 977
977 978
977 979
977 980
977 981
977 982
977 983
977 984
977 985
977 986
977 987
977 988
977 989
977 990
977 991
977 992
977 993
977 994
977 995
977 996
977 997
977 998
977 999
977 1000
977 1001
977 1002
977 1003
977 1004
977 1005
977 1006
977 1007
977 1008
977 1009
977 1010
977 1011
977 1012
977 1013
977 1014
977 1015
977 1016
977 1017
977 1018
977 1019
977 1020
977 1021
977 1022
977 1023
977 1024
977 1025
977 1026
977 1027
977 1028
977 1029
977 1030
977 1031
977 1032
977 1033
977 1034
977 1035
977 1036
977 1109
977 1110
977 1111
978 978
978 979
978 980
978 981
978 982
978 983
978 984
978 985
978 986
978 987
978 988
978 989
978 990
978 991
978 992
978 993
978 994
978 995
978 996
978 997
978 998
978 999
978 1000
978 1001
978 1002
978 1003
978 1004
978 1005
978 1006
978 1007
978 1008
978 1009
978 1010
978 1011
978 1012
978 1013
978 1014
978 1015
978 1016
978 1017
978 1018
978 1019
978 1020
978 1021
978 1022
978 1023
978 1024
978 1025
978 1026
978 1027
978 1028
978 1029
978 1030
978 1031
978 1032
978 1033
978 1034
978 1035
978 1036
979 979
979 980
979 981
979 982
979 983
979 984
979 985
979 986
979 987
979 988
979 989
979 990
979 991
979 992
979 993
979 994
979 995
979 996
979 997
979 998
979 999
979 1000
979 1001
979 1002
979 1003
979 1004
979 1005
979 1006
979 1007
979 1008
979 1009
979 1010
979 1011
979 1012
979 1013
979 1014
979 1015
979 1016
979 1017
979 1018
979 1019
979 1020
979 1021
979 1022
979 1023
979 1024
979 1025
979 1026
979 1027
979 1028
979 1029
979 1030
979 1031
979 1032
979 1033
979 1034
979 1035
979 1036
980 980
980 981
980 982
980 983
980 984
980 985
980 986
980 987
980 988
980 989
980 990
980 991
980 992
980 993
980 994
980 995
980 996
980 997
980 998
980 999
980 1000
980 1001
980 1002
980 1003
980 1004
980 1005
980 1006
980 1007
980 1008
980 1009
980 1010
980 1011
980 1012
980 1013
980 1014
980 1015
980 1016
980 1017
980 1018
980 1019
980 1020
980 1021
980 1022
980 1023
980 1024
980 1025
980 1026
980 1027
980 1028
980 1029
980 1030
980 1031
980 1032
980 1033
980 1034
980 1035
980 1036
980 1112
980 1113
980 1114
981 981
981 982
981 983
981 984
981 985
981 986
981 987
981 988
981 989
981 990
981 991
981 992
981 993
981 994
981 995
981 996
981 997
981 998
981 999
981 1000
981 1001
981 1002
981 1003
981 1004
981 1005
981 1006
981 1007
981 1008
981 1009
981 1010
981 1011
981 1012
981 1013
981 1014
981 1015
981 1016
981 1017
981 1018
981 1019
981 1020
981 1021
981 1022
981 1023
981 1024
981 1025
981 1026
981 1027
981 1028
981 1029
981 1030
981 1031
981 1032
981 1033
981 1034
981 1035
981 1036
982 982
982 983
982 984
982 985
982 986
982 987
982 988
982 989
982 990
982 991
982 992
982 993
982 994
982 995
982 996
982 997
982 998
982 999
982 1000
982 1001
982 1002
982 1003
982 1004
982 1005
982 1006
982 1007
982 1008
982 1009
982 1010
982 1011
982 1012
982 1013
982 1014
982 1015
982 1016
982 1017
982 1018
982 1019
982 1020
982 1021
982 1022
982 1023
982 1024
982 1025
982 1026
982 1027
982 1028
982 1029
982 1030
982 1031
982 1032
982 1033
982 1034
982 1035
982 1036
983 983
983 984
983 985
983 986
983 987
983 988
983 989
983 990
983 991
983 992
983 993
983 994
983 995
983 996
983 997
983 998
983 999
983 1000
983 1001
983 1002
983 1003
983 1004
983 1005
983 1006
983 1007
983 1008
983 1009
983 1010
983 1011
983 1012
983 1013
983 1014
983 1015
983 1016
983 1017
983 1018
983 1019
983 1020
983 1021
983 1022
983 1023
983 1024
983 1025
983 1026
983 1027
983 1028
983 1029
983 1030
983 1031
983 1032
983 1033
983 1034
983 1035
983 1036
983 1115
983 1116
983 1117
983 1118
983 1119
984 984
984 985
984 986
984 987
984 988
984 989
984 990
984 991
984 992
984 993
984 994
984 995
984 996
984 997
984 998
984 999
984 1000
984 1001
984 1002
984 1003
984 1004
984 1005
984 1006
984 1007
984 1008
984 1009
984 1010
984 1011
984 1012
984 1013
984 1014
984 1015
984 1016
984 1017
984 1018
984 1019
984 1020
984 1021
984 1022
984 1023
984 1024
984 1025
984 1026
984 1027
984 1028
984 1029
984 1030
984 1031
984 1032
984 1033
984 1034
984 1035
984 1036
985 985
985 986
985 987
985 988
985 989
985 990
985 991
985 992
985 993
985 994
985 995
985 996
985 997
985 998
985 999
985 1000
985 1001
985 1002
985 1003
985 1004
985 1005
985 1006
985 1007
985 1008
985 1009
985 1010
985 1011
985 1012
985 1013
985 1014
985 1015
985 1016
985 1017
985 1018
985 1019
985 1020
985 1021
985 1022
985 1023
985 1024
985 1025
985 1026
985 1027
985 1028
985 1029
985 1030
985 1031
985 1032
985 1033
985 1034
985 1035
985 1036
986 986
986 987
986 988
986 989
986 990
986 991
986 992
986 993
986 994
986 995
986 996
986 997
986 998
986 999
986 1000
986 1001
986 1002
986 1003
986 1004
986 1005
986 1006
986 1007
986 1008
986 1009
986 1010
986 1011
986 1012
986 1013
986 1014
986 1015
986 1016
986 1017
986 1018
986 1019
986 1020
986 1021
986 1022
986 1023
986 1024
986 1025
986 1026
986 1027
986 1028
986 1029
986 1030
986 1031
986 1032
986 1033
986 1034
986 1035
986 1036
987 987
987 988
987 989
987 1120
987 990
987 991
987 992
987 993
987 994
987 995
987 996
987 997
987 998
987 999
987 1000
987 1001
987 1002
987 1003
987 1004
987 1005
987 1006
987 1007
987 1008
987 1009
987 1010
987 1011
987 1012
987 1013
987 1014
987 1015
987 1016
987 1017
987 1018
987 1019
987 1020
987 1021
987 1022
987 1023
987 1024
987 1025
987 1026
987 1027
987 1028
987 1029
987 1030
987 1031
987 1032
987 1033
987 1034
987 1035
987 1036
988 988
988 989
988 990
988 991
988 992
988 993
988 994
988 995
988 996
988 997
988 998
988 999
988 1000
988 1001
988 1002
988 1003
988 1004
988 1005
988 1006
988 1007
988 1008
988 1009
988 1010
988 1011
988 1012
988 1013
988 1014
988 1015
988 1016
988 1017
988 1018
988 1019
988 1020
988 1021
988 1022
988 1023
988 1024
988 1025
988 1026
988 1027
988 1028
988 1029
988 1030
988 1031
988 1032
988 1033
988 1034
988 1035
988 1036
989 989
989 1120
989 990
989 991
989 992
989 993
989 994
989 995
989 996
989 997
989 998
989 999
989 1000
989 1001
989 1002
989 1003
989 1004
989 1005
989 1006
989 1007
989 1008
989 1009
989 1010
989 1011
989 1012
989 1013
989 1014
989 1015
989 1016
989 1017
989 1018
989 1019
989 1020
989 1021
989 1022
989 1023
989 1024
989 1025
989 1026
989 1027
989 1028
989 1029
989 1030
989 1031
989 1032
989 1033
989 1034
989 1035
989 1036
990 990
990 991
990 992
990 993
990 994
990 995
990 996
990 997
990 998
990 999
990 1000
990 1001
990 1002
990 1003
990 1004
990 1005
990 1006
990 1007
990 1008
990 1009
990 1010
990 1011
990 1012
990 1013
990 1014
990 1015
990 1016
990 1017
990 1018
990 1019
990 1020
990 1021
990 1022
990 1023
990 1024
990 1025
990 1026
990 1027
990 1028
990 1029
990 1030
990 1031
990 1032
990 1033
990 1034
990 1035
990 1036
991 991
991 992
991 993
991 994
991 995
991 996
991 997
991 998
991 999
991 1000
991 1001
991 1002
991 1003
991 1004
991 1005
991 1006
991 1007
991 1008
991 1009
991 1010
991 1011
991 1012
991 1013
991 1014
991 1015
991 1016
991 1017
991 1018
991 1019
991 1020
991 1021
991 1022
991 1023
991 1024
991 1025
991 1026
991 1027
991 1028
991 1029
991 1030
991 1122
991 1123
991 1124
991 1031
991 1032
991 1033
991 1034
991 1035
991 1036
991 1101
991 1125
991 1104
991 1126
992 992
992 993
992 994
992 995
992 996
992 997
992 998
992 999
992 1000
992 1001
992 1002
992 1003
992 1004
992 1005
992 1006
992 1007
992 1008
992 1009
992 1010
992 1011
992 1012
992 1013
992 1014
992 1015
992 1016
992 1017
992 1018
992 1019
992 1020
992 1021
992 1022
992 1023
992 1024
992 1025
992 1026
992 1027
992 1028
992 1029
992 1030
992 1031
992 1032
992 1033
992 1034
992 1035
992 1036
993 993
993 994
993 995
993 996
993 997
993 998
993 999
993 1000
993 1001
993 1002
993 1003
993 1004
993 1005
993 1006
993 1007
993 1008
993 1009
993 1010
993 1011
993 1012
993 1013
993 1014
993 1015
993 1016
993 1017
993 1018
993 1019
993 1020
993 1021
993 1022
993 1023
993 1024
993 1025
993 1026
993 1027
993 1028
993 1029
993 1030
993 1031
993 1032
993 1033
993 1034
993 1035
993 1036
993 1127
994 994
994 995
994 996
994 997
994 998
994 999
994 1000
994 1001
994 1002
994 1003
994 1004
994 1005
994 1006
994 1007
994 1008
994 1009
994 1010
994 1011
994 1012
994 1013
994 1014
994 1015
994 1016
994 1017
994 1018
994 1019
994 1020
994 1021
994 1022
994 1023
994 1024
994 1025
994 1026
994 1027
994 1028
994 1029
994 1030
994 1031
994 1032
994 1033
994 1034
994 1035
994 1036
995 995
995 996
995 997
995 998
995 999
995 1000
995 1001
995 1002
995 1003
995 1004
995 1005
995 1006
995 1007
995 1008
995 1009
995 1010
995 1011
995 1012
995 1013
995 1014
995 1015
995 1016
995 1017
995 1018
995 1019
995 1020
995 1021
995 1022
995 1023
995 1024
995 1025
995 1026
995 1027
995 1028
995 1029
995 1030
995 1031
995 1032
995 1033
995 1034
995 1035
995 1036
995 1128
996 996
996 997
996 998
996 999
996 1000
996 1001
996 1002
996 1003
996 1004
996 1005
996 1006
996 1007
996 1008
996 1009
996 1010
996 1011
996 1012
996 1013
996 1014
996 1015
996 1016
996 1017
996 1018
996 1019
996 1020
996 1021
996 1022
996 1023
996 1024
996 1025
996 1026
996 1027
996 1028
996 1029
996 1030
996 1031
996 1032
996 1033
996 1034
996 1035
996 1036
997 997
997 998
997 999
997 1000
997 1001
997 1002
997 1003
997 1004
997 1005
997 1006
997 1007
997 1008
997 1009
997 1010
997 1011
997 1012
997 1013
997 1014
997 1015
997 1016
997 1017
997 1018
997 1019
997 1020
997 1021
997 1022
997 1023
997 1024
997 1025
997 1026
997 1027
997 1028
997 1029
997 1030
997 1031
997 1032
997 1033
997 1034
997 1035
997 1036
997 1128
998 998
998 999
998 1000
998 1001
998 1002
998 1003
998 1004
998 1005
998 1006
998 1007
998 1008
998 1009
998 1010
998 1011
998 1012
998 1013
998 1014
998 1015
998 1016
998 1017
998 1018
998 1019
998 1020
998 1021
998 1022
998 1023
998 1024
998 1025
998 1026
998 1027
998 1028
998 1029
998 1030
998 1031
998 1032
998 1033
998 1034
998 1035
998 1036
999 999
999 1000
999 1001
999 1002
999 1003
999 1004
999 1005
999 1006
999 1007
999 1008
999 1009
999 1010
999 1011
999 1012
999 1013
999 1014
999 1015
999 1016
999 1017
999 1018
999 1019
999 1020
999 1021
999 1022
999 1023
999 1024
999 1025
999 1026
999 1027
999 1028
999 1029
999 1030
999 1031
999 1032
999 1033
999 1034
999 1035
999 1036
999 1128
1000 1000
1000 1001
1000 1002
1000 1003
1000 1004
1000 1005
1000 1006
1000 1007
1000 1008
1000 1009
1000 1010
1000 1011
1000 1012
1000 1013
1000 1014
1000 1015
1000 1016
1000 1017
1000 1018
1000 1019
1000 1020
1000 1021
1000 1022
1000 1023
1000 1024
1000 1025
1000 1026
1000 1027
1000 1028
1000 1029
1000 1030
1000 1031
1000 1032
1000 1033
1000 1034
1000 1035
1000 1036
1001 1001
1001 1002
1001 1003
1001 1004
1001 1005
1001 1006
1001 1007
1001 1008
1001 1009
1001 1010
1001 1011
1001 1012
1001 1013
1001 1014
1001 1015
1001 1016
1001 1017
1001 1018
1001 1019
1001 1020
1001 1021
1001 1022
1001 1023
1001 1024
1001 1025
1001 1026
1001 1027
1001 1028
1001 1029
1001 1030
1001 1031
1001 1032
1001 1033
1001 1034
1001 1035
1001 1036
1001 1128
1002 1002
1002 1003
1002 1004
1002 1005
1002 1006
1002 1007
1002 1008
1002 1009
1002 1010
1002 1011
1002 1012
1002 1013
1002 1014
1002 1015
1002 1016
1002 1017
1002 1018
1002 1019
1002 1020
1002 1021
1002 1022
1002 1023
1002 1024
1002 1025
1002 1026
1002 1027
1002 1028
1002 1029
1002 1030
1002 1031
1002 1032
1002 1033
1002 1034
1002 1035
1002 1036
1003 1003
1003 1004
1003 1005
1003 1006
1003 1007
1003 1008
1003 1009
1003 1010
1003 1011
1003 1012
1003 1013
1003 1014
1003 1015
1003 1016
1003 1017
1003 1018
1003 1019
1003 1020
1003 1021
1003 1022
1003 1023
1003 1024
1003 1025
1003 1026
1003 1027
1003 1028
1003 1029
1003 1030
1003 1031
1003 1032
1003 1033
1003 1034
1003 1035
1003 1036
1003 1128
1004 1004
1004 1005
1004 1006
1004 1007
1004 1008
1004 1009
1004 1010
1004 1011
1004 1012
1004 1013
1004 1014
1004 1015
1004 1016
1004 1017
1004 1018
1004 1019
1004 1020
1004 1021
1004 1022
1004 1023
1004 1024
1004 1025
1004 1026
1004 1027
1004 1028
1004 1029
1004 1030
1004 1031
1004 1032
1004 1033
1004 1034
1004 1035
1004 1036
1005 1005
1005 1006
1005 1007
1005 1008
1005 1009
1005 1010
1005 1011
1005 1012
1005 1013
1005 1014
1005 1015
1005 1016
1005 1017
1005 1018
1005 1019
1005 1020
1005 1021
1005 1022
1005 1023
1005 1024
1005 1025
1005 1026
1005 1027
1005 1028
1005 1029
1005 1030
1005 1031
1005 1032
1005 1033
1005 1034
1005 1035
1005 1036
1006 1006
1006 1007
1006 1008
1006 1009
1006 1010
1006 1011
1006 1012
1006 1013
1006 1014
1006 1015
1006 1016
1006 1017
1006 1018
1006 1019
1006 1020
1006 1021
1006 1022
1006 1023
1006 1024
1006 1025
1006 1026
1006 1027
1006 1028
1006 1029
1006 1030
1006 1031
1006 1032
1006 1033
1006 1034
1006 1035
1006 1036
1007 1007
1007 1008
1007 1009
1007 1010
1007 1011
1007 1012
1007 1013
1007 1014
1007 1015
1007 1016
1007 1017
1007 1018
1007 1019
1007 1020
1007 1021
1007 1022
1007 1023
1007 1024
1007 1025
1007 1026
1007 1027
1007 1028
1007 1029
1007 1030
1007 1031
1007 1032
1007 1033
1007 1034
1007 1035
1007 1036
1007 1128
1008 1008
1008 1009
1008 1010
1008 1011
1008 1012
1008 1013
1008 1014
1008 1015
1008 1016
1008 1017
1008 1018
1008 1019
1008 1020
1008 1021
1008 1022
1008 1023
1008 1024
1008 1025
1008 1026
1008 1027
1008 1028
1008 1029
1008 1030
1008 1031
1008 1032
1008 1033
1008 1034
1008 1035
1008 1036
1009 1009
1009 1010
1009 1011
1009 1012
1009 1013
1009 1014
1009 1015
1009 1016
1009 1017
1009 1018
1009 1019
1009 1020
1009 1021
1009 1022
1009 1023
1009 1024
1009 1025
1009 1026
1009 1027
1009 1028
1009 1029
1009 1030
1009 1031
1009 1032
1009 1033
1009 1034
1009 1035
1009 1036
1010 1010
1010 1011
1010 1012
1010 1013
1010 1014
1010 1015
1010 1016
1010 1017
1010 1018
1010 1019
1010 1020
1010 1021
1010 1022
1010 1023
1010 1024
1010 1025
1010 1026
1010 1027
1010 1028
1010 1029
1010 1030
1010 1031
1010 1032
1010 1033
1010 1034
1010 1035
1010 1036
1011 1011
1011 1012
1011 1013
1011 1014
1011 1015
1011 1016
1011 1017
1011 1018
1011 1019
1011 1020
1011 1021
1011 1022
1011 1023
1011 1024
1011 1025
1011 1026
1011 1027
1011 1028
1011 1029
1011 1030
1011 1031
1011 1032
1011 1033
1011 1034
1011 1035
1011 1036
1011 1129
1011 1130
1011 1131
1011 1132
1012 1012
1012 1013
1012 1014
1012 1015
1012 1016
1012 1017
1012 1018
1012 1019
1012 1020
1012 1021
1012 1022
1012 1023
1012 1024
1012 1025
1012 1026
1012 1027
1012 1028
1012 1029
1012 1030
1012 1031
1012 1032
1012 1033
1012 1034
1012 1035
1012 1036
1013 1013
1013 1014
1013 1015
1013 1016
1013 1017
1013 1018
1013 1019
1013 1020
1013 1021
1013 1022
1013 1023
1013 1024
1013 1025
1013 1026
1013 1027
1013 1028
1013 1029
1013 1030
1013 1031
1013 1032
1013 1033
1013 1034
1013 1035
1013 1036
1014 1014
1014 1015
1014 1016
1014 1017
1014 1018
1014 1019
1014 1020
1014 1021
1014 1022
1014 1023
1014 1024
1014 1025
1014 1026
1014 1027
1014 1028
1014 1029
1014 1030
1014 1031
1014 1032
1014 1033
1014 1034
1014 1035
1014 1036
1014 1128
1015 1015
1015 1016
1015 1017
1015 1018
1015 1019
1015 1020
1015 1021
1015 1022
1015 1023
1015 1024
1015 1025
1015 1026
1015 1027
1015 1028
1015 1029
1015 1030
1015 1031
1015 1032
1015 1033
1015 1034
1015 1035
1015 1036
1016 1016
1016 1017
1016 1018
1016 1019
1016 1020
1016 1021
1016 1022
1016 1023
1016 1024
1016 1025
1016 1026
1016 1027
1016 1028
1016 1029
1016 1030
1016 1133
1016 1031
1016 1032
1016 1033
1016 1034
1016 1035
1016 1036
1017 1017
1017 1018
1017 1019
1017 1020
1017 1021
1017 1022
1017 1023
1017 1024
1017 1025
1017 1026
1017 1027
1017 1028
1017 1029
1017 1030
1017 1031
1017 1032
1017 1033
1017 1034
1017 1035
1017 1036
1018 1018
1018 1019
1018 1020
1018 1021
1018 1022
1018 1023
1018 1024
1018 1025
1018 1026
1018 1027
1018 1028
1018 1029
1018 1030
1018 1031
1018 1032
1018 1033
1018 1034
1018 1035
1018 1036
1018 1134
1019 1019
1019 1020
1019 1021
1019 1022
1019 1023
1019 1024
1019 1025
1019 1026
1019 1027
1019 1028
1019 1029
1019 1030
1019 1031
1019 1032
1019 1033
1019 1034
1019 1035
1019 1036
1020 1020
1020 1021
1020 1022
1020 1023
1020 1024
1020 1025
1020 1026
1020 1027
1020 1028
1020 1029
1020 1030
1020 1133
1020 1031
1020 1032
1020 1033
1020 1034
1020 1035
1020 1036
1021 1021
1021 1022
1021 1023
1021 1024
1021 1025
1021 1026
1021 1027
1021 1028
1021 1029
1021 1030
1021 1031
1021 1032
1021 1033
1021 1034
1021 1035
1021 1036
1022 1022
1022 1023
1022 1024
1022 1025
1022 1026
1022 1027
1022 1028
1022 1029
1022 1030
1022 1031
1022 1032
1022 1033
1022 1034
1022 1035
1022 1036
1022 1134
1023 1023
1023 1024
1023 1025
1023 1026
1023 1027
1023 1028
1023 1029
1023 1030
1023 1031
1023 1032
1023 1033
1023 1034
1023 1035
1023 1036
1024 1024
1024 1025
1024 1026
1024 1027
1024 1028
1024 1029
1024 1030
1024 1133
1024 1031
1024 1032
1024 1033
1024 1034
1024 1035
1024 1036
1025 1025
1025 1026
1025 1027
1025 1028
1025 1029
1025 1030
1025 1031
1025 1032
1025 1033
1025 1034
1025 1035
1025 1036
1026 1026
1026 1027
1026 1028
1026 1029
1026 1030
1026 1031
1026 1032
1026 1033
1026 1034
1026 1035
1026 1036
1027 1027
1027 1028
1027 1029
1027 1030
1027 1133
1027 1031
1027 1032
1027 1033
1027 1034
1027 1035
1027 1036
1028 1028
1028 1029
1028 1030
1028 1031
1028 1032
1028 1033
1028 1034
1028 1035
1028 1036
1029 1029
1029 1030
1029 1031
1029 1032
1029 1033
1029 1034
1029 1035
1029 1036
1030 1030
1030 1133
1030 1031
1030 1032
1030 1033
1030 1034
1030 1035
1030 1036
1031 1031
1031 1032
1031 1033
1031 1034
1031 1035
1031 1036
1032 1032
1032 1033
1032 1034
1032 1035
1032 1036
1033 1033
1033 1034
1033 1035
1033 1036
1034 1034
1034 1035
1034 1036
1035 1035
1035 1036
1036 1146
1036 1036
1037 1037
1037 1038
1038 1038
1038 1039
1038 1040
1038 1041
1039 1039
1039 1042
1039 1040
1039 1041
1039 1043
1040 1095
1040 1040
1040 1041
1041 1042
1041 1041
1041 1043
1042 1042
1042 1044
1042 1043
1043 1043
1043 1096
1044 1044
1044 1045
1045 1045
1045 1046
1045 1047
1045 1048
1046 1046
1046 1049
1046 1047
1046 1048
1046 1050
1047 1096
1047 1047
1047 1048
1048 1049
1048 1048
1048 1050
1049 1049
1049 1051
1049 1050
1049 1052
1050 1051
1050 1050
1050 1052
1051 1051
1051 1053
1051 1052
1051 1054
1052 1053
1052 1052
1052 1054
1053 1053
1053 1055
1053 1054
1053 1056
1054 1055
1054 1054
1054 1056
1055 1055
1055 1057
1055 1056
1056 1056
1056 1097
1057 1057
1057 1058
1058 1058
1058 1059
1058 1060
1058 1061
1059 1059
1059 1062
1059 1060
1059 1061
1059 1063
1060 1097
1060 1060
1060 1061
1061 1062
1061 1061
1061 1063
1062 1062
1062 1064
1062 1063
1063 1063
1063 1098
1064 1064
1064 1065
1065 1065
1065 1066
1065 1067
1065 1068
1066 1066
1066 1069
1066 1067
1066 1068
1066 1070
1067 1098
1067 1067
1067 1068
1068 1069
1068 1068
1068 1070
1069 1069
1069 1071
1069 1070
1070 1070
1070 1099
1071 1071
1071 1072
1072 1072
1072 1073
1072 1074
1072 1075
1073 1073
1073 1076
1073 1074
1073 1075
1073 1077
1074 1099
1074 1074
1074 1075
1075 1076
1075 1075
1075 1077
1076 1076
1076 1078
1076 1077
1076 1079
1077 1078
1077 1077
1077 1079
1078 1078
1078 1080
1078 1079
1079 1079
1079 1100
1080 1080
1080 1081
1081 1081
1081 1082
1081 1083
1081 1084
1082 1082
1082 1085
1082 1083
1082 1084
1082 1086
1083 1100
1083 1083
1083 1084
1084 1085
1084 1084
1084 1086
1085 1085
1085 1087
1085 1086
1085 1088
1086 1087
1086 1086
1086 1088
1087 1087
1087 1089
1087 1088
1087 1090
1088 1089
1088 1088
1088 1090
1089 1089
1089 1091
1089 1090
1089 1092
1090 1091
1090 1090
1090 1092
1091 1091
1091 1093
1091 1092
1092 1092
1092 1094
1093 1093
1093 1094
1094 1094
1095 1095
1096 1096
1097 1097
1098 1098
1099 1099
1100 1100
1101 1101
1101 1148
1102 1102
1103 1149
1103 1103
1104 1104
1105 1105
1106 1106
1106 1107
1106 1108
1106 1163
1106 1164
1107 1110
1107 1107
1107 1108
1107 1131
1107 1165
1108 1108
1109 1109
1109 1110
1109 1111
1110 1110
1110 1111
1111 1111
1112 1112
1112 1113
1112 1114
1112 1166
1112 1167
1113 1113
1113 1114
1114 1114
1115 1115
1115 1116
1115 1117
1115 1118
1115 1119
1116 1116
1116 1117
1116 1118
1116 1119
1117 1117
1117 1118
1117 1119
1118 1118
1118 1119
1119 1119
1119 1170
1120 1120
1120 1121
1121 1121
1121 1137
1121 1138
1121 1139
1122 1137
1122 1122
1122 1123
1122 1124
1123 1123
1123 1124
1124 1124
1125 1125
1126 1149
1126 1126
1127 1128
1127 1127
1128 1143
1128 1128
1129 1129
1129 1130
1129 1131
1129 1132
1129 1168
1129 1166
1130 1130
1130 1131
1130 1132
1130 1169
1130 1163
1131 1131
1131 1132
1132 1132
1133 1136
1133 1133
1134 1145
1134 1134
1135 1135
1135 1136
1136 1136
1137 1137
1137 1138
1137 1139
1138 1138
1138 1139
1139 1139
1139 1140
1140 1140
1140 1141
1141 1141
1142 1142
1142 1143
1142 1144
1143 1143
1143 1145
1144 1144
1144 1150
1145 1145
1145 1146
1146 1146
1146 1147
1147 1147
1147 1170
1148 1148
1149 1149
1150 1150
1150 1151
1150 1152
1150 1153
1150 1154
1150 1155
1150 1156
1150 1157
1150 1158
1151 1151
1152 1152
1152 1153
1153 1153
1154 1154
1154 1159
1155 1155
1155 1159
1156 1156
1157 1157
1157 1160
1158 1160
1158 1158
1159 1159
1160 1160
1161 1161
1161 1162
1162 1162
1163 1169
1163 1163
1163 1164
1164 1164
1165 1165
1166 1168
1166 1166
1166 1167
1167 1167
1168 1168
1169 1169
1170 1170
1170 1171
1171 1171
1171 1172
1172 1172
1172 1173
1172 1174
1173 1173
1174 1174
1174 1175
1175 1175
