0 1
0 2148
0 4790
1 2
2 4712
2 4810
3 4
3 8
4 5
4 6
5 398
6 432
6 10
7 8
7 9
7 10
9 11
9 12
10 435
11 13
12 14
12 15
13 15
13 32
14 27
14 28
15 31
16 17
16 119
17 18
17 19
18 389
19 120
19 479
20 21
20 51
20 52
21 22
22 1233
22 48
23 24
23 54
23 55
24 25
24 26
25 1219
25 1220
26 2559
26 2563
27 29
27 30
28 441
28 30
29 31
29 139
30 444
31 138
32 136
32 144
33 34
33 109
33 112
34 35
34 36
35 114
35 111
36 386
36 445
37 38
37 40
38 39
39 42
40 41
40 42
41 43
41 44
42 1186
43 66
43 160
44 1186
44 1187
45 46
45 49
45 50
46 47
46 48
47 1542
47 1232
48 1235
49 359
49 52
50 364
50 1542
51 53
52 132
53 132
54 56
54 59
55 1219
55 1216
56 57
56 58
57 62
57 60
58 65
58 2559
59 60
59 61
60 73
61 1212
61 1216
62 63
62 70
63 64
63 65
64 71
64 72
65 2551
66 67
66 133
67 68
67 69
68 134
68 135
69 1188
69 1191
70 73
70 81
71 81
71 86
72 2421
72 2549
73 74
74 79
74 80
75 76
75 82
75 83
76 77
76 78
77 84
78 83
79 82
79 81
80 1209
80 1212
82 85
83 1209
84 91
84 96
85 86
85 91
86 87
87 88
87 92
88 89
88 90
89 93
89 94
90 2417
90 2421
91 95
92 95
92 98
93 102
93 98
94 2408
94 2417
95 97
96 99
97 99
97 101
98 105
99 100
100 131
101 105
101 107
102 103
102 104
103 108
103 106
104 2408
104 110
105 106
106 113
107 113
107 131
108 109
108 111
109 110
110 2704
111 117
112 388
112 2769
113 125
114 115
114 116
115 118
115 121
116 445
116 476
117 121
117 125
118 119
118 120
119 122
120 478
121 124
122 123
123 124
123 127
124 126
125 126
126 129
127 128
128 129
129 130
130 131
132 363
133 174
133 176
134 177
134 178
135 1192
135 181
136 137
137 147
138 144
138 141
139 140
139 141
140 142
140 143
141 146
142 152
142 153
143 444
143 497
144 145
145 149
145 146
146 152
147 148
148 149
149 150
150 151
151 152
151 154
153 155
153 156
154 155
154 160
155 157
156 497
156 498
157 158
157 159
158 162
158 161
159 498
159 512
160 161
161 165
162 163
162 164
163 166
163 167
164 512
164 169
165 172
165 174
166 168
166 169
167 172
167 184
168 170
168 171
169 521
170 187
170 186
171 522
171 524
172 173
173 182
173 185
174 175
175 176
175 182
176 177
177 179
178 180
178 181
179 183
179 192
180 193
180 194
181 1195
182 183
183 191
184 185
184 186
185 190
186 200
187 188
187 189
188 203
188 202
189 524
189 541
190 198
190 201
191 192
191 198
192 193
193 195
194 196
194 197
195 199
195 208
196 208
196 221
197 1236
197 224
198 199
199 207
200 201
200 202
201 206
202 209
203 204
203 205
204 209
204 211
204 204
205 541
205 216
206 212
206 219
207 212
207 214
208 222
209 210
210 219
210 239
211 215
211 216
212 213
213 214
213 227
214 225
215 217
215 218
216 565
217 239
217 252
218 572
218 262
219 220
220 238
220 253
221 223
221 224
222 225
222 226
223 229
223 226
224 1241
225 228
226 232
227 228
227 237
228 232
229 230
229 231
230 234
230 240
231 1241
231 1485
232 233
233 237
233 240
234 235
234 236
235 243
235 247
236 1485
236 1573
237 238
238 242
239 251
240 241
241 242
241 247
242 256
243 244
243 248
244 245
244 246
245 249
245 250
246 1574
246 1573
247 257
248 259
248 281
249 282
249 283
250 1574
250 286
251 253
251 254
252 260
252 254
253 255
254 263
255 264
255 256
256 258
257 258
257 259
258 278
259 280
260 261
260 262
261 263
261 267
262 579
263 265
264 265
264 266
265 268
266 271
266 278
267 268
267 269
268 270
269 274
269 679
270 271
270 272
271 277
272 274
272 291
273 274
273 275
273 276
275 291
275 315
276 316
276 317
277 290
277 309
278 279
279 280
279 289
280 287
281 282
281 287
282 284
283 285
283 286
284 285
284 296
285 292
286 295
287 288
288 289
288 298
289 290
290 299
291 310
292 293
292 297
293 294
293 295
294 301
294 304
295 1570
296 297
296 298
297 300
298 299
299 308
300 304
300 308
301 302
301 303
302 306
302 307
303 1572
303 1570
304 305
305 334
305 336
306 336
306 348
307 1572
307 351
308 312
309 310
309 311
310 314
311 312
311 322
312 313
313 323
313 333
314 320
314 321
315 318
315 320
316 318
316 319
317 679
317 670
318 325
319 670
319 327
320 326
321 329
321 324
322 323
322 324
323 332
324 337
325 326
325 327
326 328
327 680
328 329
328 330
329 331
330 341
330 681
331 337
331 339
332 344
332 346
333 334
333 344
334 335
335 352
335 345
336 349
337 338
338 346
338 362
339 341
339 347
340 341
340 342
340 343
342 370
342 374
343 681
343 683
344 345
345 353
346 353
347 369
347 370
348 350
348 351
349 352
349 350
350 355
351 356
352 354
353 361
354 355
354 357
355 356
356 1559
357 358
357 361
358 359
358 360
359 364
360 1559
360 364
361 363
362 366
362 369
363 365
365 366
366 367
367 368
368 369
368 371
370 372
371 372
372 373
373 377
374 375
374 376
375 377
375 378
376 378
376 683
379 380
379 390
379 391
380 381
381 1050
381 1051
382 383
382 399
382 400
383 384
383 385
384 401
384 402
385 698
385 818
386 387
386 388
387 446
387 447
388 2762
389 604
389 607
390 392
391 393
391 394
392 393
392 396
393 395
394 411
394 1174
395 397
395 396
396 409
397 407
397 408
398 417
398 421
399 403
399 404
400 2716
400 2718
401 632
401 635
402 634
402 833
403 405
403 406
404 635
404 636
405 599
405 600
406 2718
406 2722
407 410
407 411
408 418
408 412
409 414
409 416
410 412
410 413
411 1154
412 422
413 429
413 1154
414 415
415 417
416 418
416 419
417 419
418 420
419 423
420 423
420 422
421 424
421 432
422 425
423 424
424 433
425 426
425 427
426 428
426 429
427 433
427 437
428 430
428 431
429 1102
430 453
430 452
431 1054
431 1102
432 434
433 436
434 438
434 440
435 440
435 441
436 438
436 449
437 449
437 451
438 439
439 442
439 457
440 442
441 443
442 448
443 448
443 460
444 494
445 446
446 477
447 483
447 2761
448 459
449 450
450 451
450 457
451 452
452 456
453 454
453 455
454 461
454 456
455 471
455 1054
456 464
457 458
458 464
458 466
459 466
459 468
460 492
460 494
461 462
461 463
462 465
462 474
463 470
463 491
464 465
465 475
466 467
467 475
467 468
468 492
469 470
469 472
469 473
470 471
471 1053
472 506
472 504
473 814
473 1033
474 493
474 501
475 490
476 478
476 477
477 481
478 480
479 486
479 604
480 484
480 486
481 482
481 483
482 484
482 485
483 2758
484 487
485 488
485 489
486 603
487 603
487 606
488 609
488 610
489 612
489 2758
490 492
490 493
491 501
491 503
493 495
494 496
495 499
495 509
496 497
496 499
498 500
499 500
500 513
501 502
502 509
502 505
503 504
503 505
504 510
505 515
506 507
506 508
507 518
507 525
508 702
508 703
509 511
510 515
510 518
511 513
511 519
512 514
513 514
514 516
515 517
516 521
516 523
517 519
517 518
519 520
520 525
520 528
521 522
522 527
523 527
523 528
524 552
525 526
526 529
526 530
527 531
528 532
529 533
529 532
530 703
530 538
531 550
531 551
532 536
533 534
533 535
534 537
534 538
535 536
535 544
536 550
537 539
537 540
538 924
539 542
539 543
540 926
540 555
541 564
542 545
542 546
543 558
543 544
544 547
545 554
545 555
546 558
546 571
547 548
547 549
548 550
548 560
549 560
549 569
551 552
551 561
552 553
553 564
553 567
554 556
554 557
555 934
556 584
556 587
557 934
557 589
558 559
559 569
559 577
560 562
561 562
561 563
562 568
563 567
563 573
564 565
565 566
566 567
566 572
568 573
568 575
569 570
570 575
570 583
571 584
571 585
572 578
573 574
574 578
574 581
575 576
576 581
576 623
577 583
577 590
578 580
579 580
579 679
580 656
581 582
582 628
582 649
583 592
584 586
585 590
585 591
586 594
586 588
587 588
587 589
588 597
589 942
590 593
591 594
591 593
592 596
592 623
593 596
594 595
595 597
595 617
596 620
597 598
598 618
598 619
599 601
599 602
600 636
600 601
601 641
602 2722
602 653
603 605
604 605
605 608
606 613
606 608
607 677
607 684
608 616
609 611
609 612
610 613
610 614
611 672
611 676
612 2749
613 615
614 676
614 615
615 616
616 677
617 621
617 624
618 625
618 626
619 625
619 624
620 621
620 622
621 627
622 623
622 628
624 637
625 629
626 945
626 633
627 640
627 646
628 647
629 630
629 631
630 632
630 633
631 635
631 637
632 634
633 834
634 834
636 638
637 639
638 639
638 642
639 640
640 645
641 642
641 644
642 643
643 650
643 654
644 652
644 653
645 646
645 650
646 647
647 648
648 649
648 657
649 656
650 651
651 657
651 666
652 654
652 655
653 2732
654 659
655 660
655 661
656 669
657 658
658 669
658 667
659 660
659 663
660 662
661 2732
661 2736
662 664
662 665
663 664
663 668
664 671
665 2736
665 2743
666 667
666 668
667 674
668 676
669 670
671 672
671 673
672 675
673 2743
673 675
674 680
674 678
675 2746
677 678
678 682
680 681
682 683
682 684
685 686
685 701
686 687
687 1889
687 708
688 689
688 693
688 695
689 690
689 691
690 696
690 697
691 965
692 693
692 694
694 712
694 695
695 715
696 715
696 738
697 966
697 968
698 699
698 700
699 819
699 820
700 820
700 2716
701 704
702 813
702 814
703 817
704 705
704 706
705 707
705 708
706 709
707 710
707 711
708 1907
709 724
710 720
710 721
711 724
711 722
712 713
712 714
713 716
714 718
714 736
715 736
716 717
717 718
717 732
718 719
719 737
719 743
720 722
720 723
721 1914
721 1915
722 726
723 1915
723 808
724 725
725 805
725 806
726 727
726 728
727 808
727 809
728 805
728 869
729 730
729 761
730 731
731 762
732 733
733 734
733 739
734 735
735 751
735 753
736 737
737 738
738 740
739 751
739 749
740 741
740 742
741 743
741 744
742 968
742 747
743 748
744 745
744 754
745 746
745 747
746 755
746 756
747 978
748 749
748 750
749 758
750 754
750 766
751 752
752 758
752 760
753 761
753 760
754 757
755 757
755 779
756 986
756 990
757 778
758 759
759 764
759 766
760 764
761 763
762 763
762 768
763 772
764 765
765 772
765 767
766 767
767 774
768 769
769 770
769 771
770 773
770 797
771 799
771 798
772 773
773 776
774 778
774 775
775 776
775 783
776 777
777 787
777 796
778 779
779 780
780 781
780 782
781 784
781 783
782 990
782 994
783 787
784 785
784 786
785 788
785 791
786 994
786 999
787 794
788 789
788 790
789 792
789 793
790 999
790 793
791 794
791 795
792 795
792 822
793 1001
794 803
795 823
796 797
796 801
797 798
798 802
799 800
800 831
800 859
801 803
801 828
802 828
802 830
803 804
804 826
804 849
805 807
806 865
806 861
807 865
807 868
808 2026
809 811
809 2032
810 811
810 869
810 875
811 812
812 880
812 2035
813 815
813 816
814 816
815 912
815 817
816 1034
817 914
818 821
818 819
819 836
820 2712
821 833
821 835
822 824
822 825
823 826
823 827
824 844
824 827
825 1001
825 1071
826 848
827 855
828 829
829 849
829 832
830 831
830 832
831 851
832 858
833 840
834 840
835 836
835 841
836 837
837 838
837 839
838 842
838 843
839 2173
839 2712
840 948
841 962
841 961
842 963
842 962
843 2169
843 2173
844 845
844 852
845 846
845 847
846 853
846 854
847 1071
847 1082
848 850
848 856
849 850
850 870
851 864
851 862
852 891
852 853
853 894
854 1082
854 1084
855 856
855 857
856 871
857 887
857 891
858 862
858 863
859 860
859 864
860 861
862 867
863 870
863 874
864 866
865 866
866 867
867 872
868 869
868 873
870 871
871 885
872 873
872 874
873 876
874 883
875 876
875 878
876 877
877 884
877 900
878 880
878 886
879 880
879 881
879 882
881 923
881 955
882 2035
882 1944
883 884
883 885
884 890
885 888
886 921
886 923
887 888
887 889
888 892
889 893
889 898
890 892
890 905
891 893
892 899
893 894
894 895
895 896
895 897
896 901
896 898
897 1136
897 903
898 904
899 904
899 910
900 919
900 921
901 902
901 903
902 904
902 906
903 1138
905 917
905 919
906 907
906 911
907 908
907 909
908 912
908 915
909 913
909 1060
910 911
910 917
911 915
912 913
913 1057
914 916
914 924
915 916
916 925
917 918
918 925
918 928
919 920
920 928
920 931
921 922
922 938
922 940
923 953
924 926
925 927
926 927
927 929
928 930
929 930
929 933
930 932
931 936
931 938
932 933
932 936
933 935
934 935
935 941
936 937
937 939
937 943
938 939
939 944
940 951
940 953
941 942
941 943
942 945
943 946
944 949
944 951
945 947
946 947
946 949
947 948
948 961
949 950
950 952
950 961
951 952
952 959
953 954
954 955
954 959
955 956
956 957
956 958
957 960
957 963
958 1944
958 2158
959 960
960 962
963 964
964 2158
964 2169
965 966
966 967
967 969
968 970
969 970
969 980
970 979
971 972
971 973
971 971
973 1012
973 1014
974 975
974 976
974 1004
976 977
977 1005
978 979
978 986
979 983
980 981
980 983
981 982
982 984
983 985
984 985
984 988
985 987
986 987
987 989
988 991
989 990
989 992
991 992
991 993
992 996
993 997
994 995
995 996
995 1002
996 998
997 1007
998 1007
998 1061
999 1000
1000 1002
1000 1063
1001 1068
1002 1003
1003 1061
1003 1062
1004 1006
1004 1026
1005 1006
1006 1025
1008 1009
1008 1041
1008 1044
1010 1011
1010 1013
1011 1012
1013 1015
1014 1015
1014 1016
1015 1017
1016 1018
1017 1019
1017 1020
1018 1022
1019 1021
1020 1022
1020 1024
1021 1044
1021 1024
1022 1023
1023 1036
1023 1037
1024 1046
1025 1028
1025 1029
1026 1027
1027 1029
1027 1032
1028 1030
1029 1031
1030 1124
1030 1087
1031 1120
1031 1124
1032 1066
1032 1123
1033 1035
1033 1034
1034 1056
1035 1053
1035 1055
1036 1038
1036 1039
1037 1049
1037 1047
1038 1092
1039 1049
1039 1094
1040 1041
1040 1043
1041 1042
1042 1045
1042 1110
1043 1110
1043 1111
1044 1045
1045 1107
1046 1047
1046 1048
1047 1095
1048 1103
1048 1107
1049 1095
1050 1052
1051 1174
1051 1175
1052 1175
1052 1176
1053 1058
1054 1101
1055 1056
1055 1099
1056 1057
1057 1059
1058 1099
1058 1101
1059 1060
1059 1142
1060 1138
1062 1064
1063 1068
1063 1069
1064 1065
1065 1066
1065 1067
1067 1069
1067 1123
1068 1070
1069 1119
1070 1071
1070 1080
1072 1073
1072 1075
1073 1074
1074 1075
1075 1079
1076 1077
1076 1106
1076 1115
1077 1078
1077 1079
1078 1116
1078 1117
1080 1081
1080 1119
1081 1082
1081 1083
1083 1122
1083 1126
1084 1133
1084 1136
1085 1086
1085 1088
1086 1087
1087 1128
1088 1089
1088 1090
1089 1091
1090 1128
1090 1129
1091 1129
1091 1131
1092 1093
1092 1094
1093 1096
1094 1097
1095 1103
1096 1097
1096 1098
1097 1105
1098 1106
1099 1100
1100 1142
1100 1143
1101 1144
1102 1144
1103 1104
1104 1108
1104 1105
1105 1113
1106 1113
1107 1109
1108 1109
1108 1112
1109 1110
1111 1164
1111 1169
1112 1114
1112 1164
1113 1114
1114 1161
1115 1117
1115 1160
1116 1118
1117 1150
1118 1148
1118 1150
1119 1121
1120 1121
1120 1123
1121 1122
1122 1125
1124 1127
1125 1127
1125 1130
1126 1130
1126 1133
1127 1128
1129 1132
1130 1132
1131 1135
1131 1140
1132 1134
1133 1134
1134 1135
1135 1137
1136 1137
1137 1139
1138 1139
1139 1141
1140 1141
1141 1142
1143 1145
1143 1147
1144 1145
1145 1146
1146 1153
1146 1151
1147 1148
1147 1149
1149 1151
1149 1152
1150 1157
1151 1156
1152 1156
1152 1157
1153 1154
1153 1155
1155 1156
1155 1158
1157 1159
1158 1162
1158 1166
1159 1160
1159 1162
1160 1161
1161 1163
1162 1165
1163 1165
1163 1168
1164 1168
1165 1167
1166 1167
1166 1174
1167 1170
1168 1170
1169 1171
1170 1172
1171 1172
1172 1173
1173 1175
1173 1178
1176 1177
1177 1178
1179 1180
1179 1285
1179 1286
1181 1182
1181 1209
1181 1210
1183 1184
1183 1199
1183 1200
1184 1185
1185 2426
1187 1188
1188 1189
1189 1190
1190 1191
1190 1194
1191 1192
1192 1193
1193 1205
1193 1208
1194 1204
1194 1205
1195 1236
1195 1208
1196 1197
1196 1244
1196 1245
1197 1198
1198 1248
1198 1249
1199 1201
1200 1202
1200 1203
1201 1218
1201 1202
1202 1219
1203 2617
1203 1220
1204 1206
1205 1207
1206 1224
1206 1226
1207 1227
1207 1226
1208 1238
1210 1211
1211 1212
1211 1213
1213 1214
1213 1217
1214 1215
1215 1218
1216 1217
1217 1218
1220 2563
1221 1222
1222 1223
1223 1271
1223 1273
1224 1225
1225 1481
1225 1478
1226 1477
1227 1238
1227 1240
1228 1229
1228 1231
1228 1232
1229 1230
1230 1476
1230 1539
1231 1541
1231 1542
1232 1235
1233 1234
1234 1235
1236 1237
1237 1239
1237 1242
1238 1239
1239 1243
1240 1243
1240 1479
1241 1484
1242 1484
1242 1487
1243 1480
1244 1246
1244 1247
1245 1577
1245 1247
1246 1250
1246 1252
1247 1596
1249 1250
1250 1251
1251 1253
1252 1254
1252 1257
1253 1256
1253 1261
1254 1255
1254 1256
1255 1258
1255 1259
1256 1260
1257 1649
1257 1259
1258 1266
1258 1268
1259 1651
1260 1264
1260 1266
1261 1262
1261 1264
1262 1263
1263 1265
1263 1429
1264 1265
1265 1404
1266 1267
1267 1401
1267 1403
1268 1269
1268 1270
1269 1398
1269 1401
1270 1677
1270 1678
1271 1272
1272 1276
1272 1520
1273 1274
1274 1520
1274 1547
1275 1276
1275 1278
1276 1277
1277 1278
1277 1518
1278 1449
1279 1280
1279 1432
1279 1434
1281 1282
1281 1286
1282 1283
1282 1284
1283 1460
1284 1462
1284 1509
1285 1287
1286 1503
1287 1450
1287 1511
1288 1289
1288 1296
1288 1297
1289 1290
1290 1300
1290 1298
1291 1292
1291 1295
1292 1293
1292 1294
1293 1340
1293 1295
1294 1432
1295 1346
1296 1298
1296 1299
1297 1438
1297 1441
1298 1311
1299 1313
1299 1314
1300 1301
1301 1303
1301 1310
1302 1303
1302 1305
1303 1304
1304 1305
1304 1308
1305 1307
1306 1307
1306 1309
1308 1312
1308 1319
1309 1319
1309 1328
1310 1311
1310 1312
1311 1313
1312 1318
1313 1315
1314 1438
1314 1448
1315 1316
1315 1317
1316 1320
1316 1321
1317 1324
1317 1336
1318 1324
1318 1326
1319 1327
1320 1322
1320 1323
1321 1440
1321 1452
1322 1339
1322 1337
1323 1341
1323 1440
1324 1325
1325 1333
1325 1342
1326 1327
1326 1333
1327 1330
1328 1329
1328 1330
1329 1331
1329 1332
1330 1334
1331 1334
1331 1356
1332 1360
1332 1581
1333 1335
1334 1354
1335 1343
1335 1353
1336 1337
1336 1338
1337 1344
1338 1342
1338 1349
1339 1340
1339 1341
1340 1344
1341 1433
1342 1343
1343 1352
1344 1345
1345 1349
1345 1348
1346 1347
1346 1348
1347 1350
1348 1358
1349 1351
1350 1378
1350 1376
1351 1357
1351 1363
1352 1353
1352 1357
1353 1354
1354 1355
1355 1357
1355 1361
1356 1359
1356 1360
1358 1373
1358 1375
1359 1361
1359 1362
1360 1586
1361 1364
1362 1365
1362 1366
1363 1371
1363 1373
1364 1365
1364 1371
1365 1367
1366 1370
1366 1653
1367 1368
1367 1382
1368 1369
1368 1370
1369 1384
1369 1383
1370 1655
1371 1372
1372 1374
1372 1382
1373 1374
1374 1377
1375 1376
1375 1377
1376 1380
1377 1381
1378 1379
1379 1387
1380 1387
1380 1381
1381 1389
1382 1383
1383 1391
1384 1385
1384 1386
1385 1398
1385 1396
1386 1399
1386 1681
1387 1388
1388 1390
1389 1390
1389 1391
1390 1392
1391 1393
1392 1394
1393 1394
1393 1396
1394 1395
1395 1397
1396 1400
1397 1415
1397 1416
1398 1399
1399 1678
1400 1401
1400 1402
1402 1405
1402 1416
1403 1405
1403 1406
1404 1406
1404 1428
1405 1407
1406 1426
1407 1425
1407 1426
1408 1409
1408 1410
1408 1411
1410 1417
1411 1421
1411 1422
1412 1413
1412 4679
1413 1414
1414 4777
1414 1422
1415 1418
1415 1420
1416 1427
1417 1418
1417 1419
1419 1423
1419 1421
1420 1423
1420 4736
1421 1424
1422 4680
1423 1424
1424 4680
1425 1427
1428 1429
1429 1430
1430 1431
1432 1433
1433 1435
1434 1491
1435 1436
1435 1437
1436 1451
1436 1457
1437 1491
1437 1492
1438 1439
1439 1454
1439 1467
1440 1451
1441 1442
1441 1455
1442 1443
1443 1455
1443 1447
1444 1445
1444 1455
1444 1464
1445 1446
1445 1447
1446 1465
1446 1466
1447 1466
1448 1453
1448 1454
1449 1450
1450 1512
1451 1452
1452 1453
1453 1456
1454 1459
1456 1457
1456 1468
1457 1458
1458 1469
1458 1493
1459 1468
1459 1495
1460 1461
1460 1462
1461 1463
1462 1502
1463 1473
1463 1502
1464 1467
1464 1471
1465 1471
1465 1473
1467 1470
1468 1469
1469 1499
1470 1472
1470 1496
1471 1472
1472 1498
1473 1498
1474 1475
1474 1494
1475 1476
1476 1536
1477 1478
1477 1479
1478 1483
1479 1489
1480 1487
1480 1489
1481 1482
1482 1566
1482 1567
1483 1567
1483 1568
1484 1486
1485 1486
1486 1488
1487 1488
1488 1569
1489 1490
1490 1568
1490 1569
1492 1493
1492 1494
1493 1525
1494 1536
1495 1496
1495 1497
1496 1506
1497 1508
1497 1500
1498 1505
1499 1500
1499 1501
1500 1530
1501 1525
1501 1530
1501 1501
1502 1504
1503 1509
1503 1511
1504 1505
1504 1513
1505 1514
1506 1507
1506 1508
1507 1514
1507 1523
1508 1524
1509 1510
1510 1517
1510 1515
1511 1517
1512 1518
1512 1519
1513 1515
1513 1516
1514 1516
1515 1522
1516 1532
1517 1521
1518 1527
1519 1521
1519 1535
1520 1527
1521 1522
1522 1529
1523 1531
1523 1533
1524 1530
1524 1531
1525 1526
1526 1540
1526 1538
1527 1528
1528 1549
1528 1550
1529 1545
1529 1553
1531 1538
1532 1533
1532 1534
1533 1544
1534 1545
1534 1546
1535 1552
1535 1553
1536 1537
1536 1536
1537 1539
1537 1540
1538 1555
1539 1541
1540 1543
1541 1543
1543 1558
1544 1555
1544 1546
1545 1556
1546 1556
1547 1548
1548 1549
1548 1566
1549 1551
1550 1552
1550 1563
1551 1567
1551 1564
1552 1554
1553 1561
1554 1561
1554 1565
1555 1557
1556 1560
1557 1558
1557 1572
1558 1559
1560 1562
1560 1570
1561 1562
1562 1574
1563 1564
1563 1565
1564 1568
1565 1571
1569 1571
1571 1573
1575 1576
1575 1605
1575 1607
1577 1595
1578 1579
1578 1580
1578 1581
1580 1613
1580 1614
1581 1586
1582 1583
1582 1587
1583 1584
1583 1585
1584 1591
1584 1588
1585 1761
1585 1770
1586 1652
1587 1588
1587 1589
1588 1600
1589 1601
1590 1591
1590 1598
1590 1599
1591 1592
1592 1772
1592 1771
1593 1594
1593 1645
1593 1642
1595 1596
1595 1597
1596 1646
1597 1647
1598 1616
1598 1617
1599 1620
1599 1745
1600 1601
1600 1609
1601 1602
1602 1603
1602 1608
1603 1604
1604 1605
1604 1606
1606 1608
1606 1621
1607 1610
1608 1609
1609 1616
1610 1611
1610 1612
1611 1621
1611 1660
1612 1669
1612 1675
1613 1615
1614 1654
1614 1690
1615 1705
1615 1708
1616 1618
1617 1619
1617 1620
1618 1622
1618 1658
1619 1656
1619 1658
1620 1709
1621 1622
1622 1659
1623 1624
1623 1626
1623 1628
1624 1625
1625 1706
1625 1708
1626 1627
1627 1629
1628 1643
1628 1706
1629 1641
1629 1643
1630 1631
1630 1633
1630 1635
1631 1632
1632 1694
1632 1698
1633 1634
1634 1636
1635 1683
1635 1694
1636 1675
1636 1683
1637 1638
1637 1640
1638 1639
1639 1642
1640 1641
1640 1642
1641 1644
1643 1703
1644 1645
1644 1703
1645 1701
1646 1647
1646 1649
1647 1648
1648 1666
1648 1670
1649 1650
1650 1672
1650 1651
1651 1677
1652 1653
1652 1654
1653 1685
1654 1689
1655 1681
1655 1685
1656 1657
1657 1663
1658 1661
1659 1662
1659 1665
1660 1665
1660 1669
1661 1662
1661 1663
1662 1664
1663 4681
1664 1667
1664 4681
1665 1668
1666 1667
1666 1668
1668 1671
1669 1673
1670 1671
1670 1672
1671 1673
1672 1676
1673 1674
1674 1676
1674 1679
1675 1682
1676 1677
1678 1679
1679 1680
1680 1681
1680 1682
1682 1684
1683 1688
1684 1686
1684 1688
1685 1686
1686 1687
1687 1689
1687 1692
1688 1693
1689 1691
1690 1691
1690 1705
1691 1702
1692 1693
1692 1696
1693 1695
1694 1695
1695 1697
1696 1697
1696 1700
1697 1699
1698 1701
1699 1701
1699 1700
1700 1702
1702 1704
1703 1704
1704 1707
1705 1707
1706 1707
1709 1744
1710 1711
1710 1712
1710 1721
1712 1713
1712 1712
1714 1715
1714 1733
1714 1833
1715 1716
1715 1717
1716 4718
1716 1736
1717 1791
1717 4765
1718 1719
1718 1790
1718 1791
1719 1720
1720 1735
1720 4719
1721 1722
1722 1723
1723 1724
1723 1731
1724 1725
1725 1787
1725 1788
1726 1727
1726 1729
1727 1728
1728 1730
1729 1796
1729 1799
1730 1731
1730 1732
1731 1786
1732 1796
1732 1797
1733 1734
1733 1789
1734 1735
1734 1736
1736 4719
1737 1738
1737 1739
1739 1763
1739 1767
1740 1741
1740 1743
1741 1742
1742 1832
1742 1829
1743 1794
1743 1834
1744 1753
1744 1883
1745 1772
1745 1777
1746 1747
1746 1784
1747 1748
1748 1876
1748 1875
1749 1750
1749 1859
1749 1862
1750 1751
1750 1752
1751 1868
1752 1806
1752 1874
1753 1754
1753 1755
1754 1877
1755 1879
1756 1757
1756 1760
1756 1765
1757 1758
1758 1760
1759 1760
1759 1761
1761 1762
1762 1765
1762 1769
1763 1764
1764 1765
1764 1766
1766 1767
1766 1775
1767 1768
1768 1783
1768 1820
1769 1770
1769 1775
1770 1771
1771 1774
1772 1773
1773 1774
1773 1780
1774 1781
1775 1776
1776 1781
1776 1783
1777 1778
1777 1779
1778 1883
1778 1884
1779 1811
1779 1884
1780 1811
1780 1812
1781 1782
1782 1816
1782 1814
1783 1816
1784 1785
1785 1869
1785 1875
1786 1807
1786 1809
1787 1809
1787 1843
1788 1847
1789 1827
1790 1831
1791 4718
1792 1793
1792 1830
1792 1831
1793 1794
1793 1795
1794 1832
1795 1835
1796 1798
1797 1807
1797 1810
1798 1810
1798 1854
1799 1800
1799 1801
1800 1820
1801 1855
1801 1857
1802 1803
1802 1805
1802 1806
1803 1804
1804 1874
1805 1861
1805 1870
1806 1862
1807 1808
1808 1810
1808 1849
1809 1844
1811 1813
1812 1814
1812 1815
1813 1871
1813 1880
1814 1822
1815 1863
1815 1871
1816 1821
1817 1818
1817 1846
1818 1819
1819 1864
1820 1857
1821 1822
1821 1861
1822 1863
1823 1824
1823 1845
1824 1825
1824 1826
1825 1839
1826 1841
1826 1838
1827 1828
1827 1829
1828 1832
1828 1833
1830 1833
1830 4765
1831 4765
1834 1836
1835 1840
1835 1838
1836 1837
1837 1838
1837 1839
1840 1841
1841 1842
1842 1845
1842 1847
1843 1848
1843 1847
1844 1849
1844 1850
1845 1846
1846 1852
1848 1850
1848 1852
1849 1851
1850 1853
1851 1856
1851 1858
1852 1864
1853 1858
1853 1872
1854 1855
1854 1856
1855 1859
1856 1865
1857 1860
1858 1867
1859 1868
1860 1861
1860 1862
1863 1869
1864 1872
1865 1866
1865 1867
1866 1868
1867 1873
1869 1870
1871 1875
1872 1873
1876 1880
1877 1878
1878 1879
1880 1881
1881 1882
1882 4682
1882 1884
1883 4683
1885 1886
1885 2159
1886 1887
1886 1888
1887 2428
1888 2429
1888 2685
1889 1906
1890 1891
1890 1897
1890 1900
1891 1892
1891 1893
1892 2182
1892 2183
1893 2396
1893 2397
1894 1895
1894 1916
1894 1918
1895 1896
1896 2786
1896 2789
1897 1898
1897 1899
1898 1903
1898 1901
1899 3080
1899 3101
1900 1901
1900 1902
1901 1953
1902 2311
1902 2396
1903 1904
1903 1905
1904 1956
1904 1963
1905 3077
1905 3080
1906 1908
1906 1909
1907 1909
1907 1913
1908 1910
1909 1912
1910 1911
1911 1924
1911 1912
1912 1927
1913 1927
1913 1914
1914 1928
1915 2025
1916 1917
1917 1921
1917 1922
1918 1919
1918 1920
1919 1945
1919 1922
1920 2789
1920 2800
1921 1923
1922 1948
1923 2119
1923 2123
1924 1925
1924 1926
1925 1927
1925 1929
1926 1930
1928 1929
1928 1936
1929 1932
1930 1931
1930 1934
1931 1932
1931 1933
1932 1937
1933 2055
1933 2054
1934 1935
1935 2056
1935 2058
1936 1937
1936 2028
1937 1938
1938 2051
1938 2054
1939 1940
1939 1943
1939 1944
1940 1941
1940 1942
1941 2040
1941 2037
1942 2042
1942 2158
1943 2036
1943 2037
1945 1946
1945 1947
1946 1949
1946 1950
1947 1948
1947 2115
1948 2116
1949 1951
1949 1952
1950 2803
1950 1952
1951 2110
1951 2112
1952 2808
1953 1954
1953 1955
1954 1959
1954 1960
1955 1963
1955 1972
1956 1957
1956 1958
1957 1965
1957 1968
1958 1967
1958 3077
1959 1961
1959 1962
1960 2202
1960 2311
1961 1972
1961 1974
1962 1976
1962 2202
1963 1964
1964 1968
1964 1977
1965 1966
1965 1967
1966 1969
1966 1970
1967 3067
1968 1971
1969 1987
1969 1989
1970 3046
1970 3066
1971 1987
1971 1978
1972 1973
1973 1977
1973 1979
1974 1975
1974 1976
1975 1979
1975 1981
1976 2200
1977 1978
1978 1990
1979 1980
1980 1990
1980 2007
1981 1983
1981 1993
1982 1983
1982 1985
1982 1986
1983 1984
1984 2181
1984 2195
1985 2018
1985 2017
1986 2022
1986 2175
1987 1988
1988 1991
1988 1998
1989 1994
1989 1995
1990 1991
1991 1992
1992 2005
1992 2008
1993 2009
1993 2010
1994 1996
1994 1997
1995 2000
1995 3046
1996 1999
1996 1998
1997 1999
1997 2000
1998 2005
1999 2001
2000 3043
2001 2002
2001 2011
2002 2003
2002 2004
2003 2012
2003 2013
2004 2013
2004 3028
2005 2006
2006 2011
2006 2082
2007 2008
2007 2009
2008 2015
2009 2016
2010 2016
2010 2017
2011 2014
2012 2014
2012 2095
2013 3025
2014 2089
2015 2077
2015 2082
2016 2023
2017 2024
2018 2019
2018 2020
2019 2021
2019 2022
2020 2044
2020 2024
2021 2041
2021 2044
2022 2171
2023 2076
2023 2077
2024 2076
2025 2026
2025 2027
2026 2029
2027 2030
2027 2028
2028 2050
2029 2030
2029 2034
2030 2031
2031 2048
2031 2059
2032 2033
2032 2034
2033 2036
2033 2035
2034 2038
2036 2039
2037 2045
2038 2039
2038 2048
2039 2046
2040 2041
2040 2043
2041 2042
2042 2167
2043 2047
2043 2066
2044 2073
2045 2046
2045 2047
2046 2062
2047 2063
2048 2049
2049 2062
2049 2064
2050 2051
2050 2052
2051 2053
2052 2059
2052 2053
2053 2065
2054 2061
2055 2056
2055 2057
2056 2070
2057 2061
2057 2071
2058 2126
2059 2060
2060 2064
2060 2065
2061 2069
2062 2063
2063 2067
2064 2068
2065 2069
2066 2067
2066 2073
2067 2074
2068 2074
2068 2080
2069 2072
2070 2071
2070 2093
2071 2090
2072 2080
2072 2087
2073 2075
2074 2079
2075 2076
2075 2078
2077 2078
2078 2079
2079 2081
2080 2085
2081 2083
2081 2085
2082 2083
2083 2084
2084 2086
2084 2089
2085 2086
2086 2088
2087 2090
2087 2088
2088 2092
2089 2092
2090 2091
2091 2107
2091 2108
2092 2094
2093 2107
2093 2126
2094 2095
2094 2099
2095 2096
2096 2097
2096 2098
2097 2100
2097 2101
2098 2101
2098 3012
2099 2105
2099 2106
2100 2103
2100 2105
2101 3009
2102 2103
2102 2110
2102 2111
2103 2104
2104 2999
2104 3001
2105 2109
2106 2108
2106 2138
2107 2127
2108 2128
2109 2113
2109 2141
2110 2113
2111 2996
2111 2999
2112 2115
2112 2139
2113 2114
2114 2139
2114 2140
2115 2117
2116 2117
2116 2122
2117 2118
2118 2143
2118 2155
2119 2120
2119 2121
2120 2124
2120 2130
2121 2134
2121 4795
2122 2143
2122 2144
2123 2144
2123 4737
2124 2125
2125 2152
2125 4686
2127 2128
2128 2129
2129 2138
2130 2131
2131 2132
2131 2133
2132 4684
2132 4720
2133 4795
2133 4794
2134 2135
2134 2154
2135 2136
2135 2137
2136 4722
2136 4741
2137 4722
2137 4792
2139 2156
2140 2142
2140 2157
2141 2142
2144 4685
2145 2146
2145 4766
2145 4726
2146 2147
2147 2149
2147 4767
2148 2149
2148 4678
2149 2150
2150 4688
2150 4728
2151 2152
2151 4727
2151 4743
2152 2153
2153 4744
2153 4687
2154 4737
2154 4820
2155 2156
2156 2157
2159 2160
2159 2161
2160 2162
2160 2163
2161 2164
2162 2165
2162 2166
2163 2685
2163 2686
2164 2166
2164 2218
2165 2190
2165 2191
2166 2217
2167 2168
2167 2169
2168 2170
2168 2171
2170 2172
2170 2173
2171 2174
2172 2174
2172 2176
2174 2177
2175 2177
2175 2181
2176 2178
2176 2179
2177 2180
2178 2186
2178 2187
2179 2712
2179 2713
2180 2181
2180 2194
2182 2184
2182 2185
2183 3105
2183 2185
2184 2397
2184 2402
2185 3108
2186 2188
2186 2189
2187 2194
2187 2188
2188 2197
2189 2713
2189 2205
2190 2192
2190 2193
2191 2686
2191 2193
2192 2234
2192 2236
2193 2689
2194 2196
2195 2198
2195 2196
2196 2201
2197 2203
2197 2201
2198 2199
2198 2200
2199 2201
2199 2206
2200 2207
2202 2310
2203 2204
2203 2205
2204 2206
2204 2212
2205 2715
2206 2213
2207 2213
2207 2220
2208 2209
2208 2212
2208 2214
2209 2210
2209 2211
2210 2215
2210 2216
2211 2715
2211 2720
2212 2221
2213 2219
2214 2215
2214 2383
2215 2380
2216 2720
2216 2723
2217 2224
2217 2226
2218 2223
2218 2224
2219 2221
2219 2220
2220 2310
2221 2222
2222 2383
2222 2386
2224 2225
2225 2227
2225 2230
2226 2230
2226 2234
2227 2228
2227 2229
2228 2231
2228 2232
2229 2828
2229 2830
2230 2233
2231 2240
2231 2241
2232 2830
2232 2832
2233 2235
2233 2240
2234 2235
2235 2239
2236 2237
2236 2238
2237 2246
2237 2248
2238 2689
2238 2697
2239 2242
2239 2246
2240 2242
2241 2243
2241 2244
2242 2245
2243 2245
2243 2258
2244 2832
2244 2261
2245 2256
2246 2247
2247 2248
2247 2256
2248 2249
2249 2251
2249 2255
2250 2251
2250 2253
2250 2254
2251 2252
2252 2697
2252 2706
2253 2276
2253 2275
2254 2775
2254 2783
2255 2257
2255 2263
2256 2257
2257 2262
2258 2259
2258 2262
2259 2260
2259 2261
2260 2265
2260 2272
2261 2927
2262 2264
2263 2264
2263 2274
2264 2272
2265 2266
2265 2269
2266 2267
2266 2268
2267 2270
2267 2271
2268 2927
2268 2934
2269 2281
2269 2270
2270 2283
2271 2288
2271 2938
2272 2273
2273 2274
2273 2280
2274 2275
2275 2279
2276 2277
2276 2278
2277 2284
2277 2294
2278 2764
2278 2775
2279 2280
2279 2284
2280 2281
2281 2282
2282 2283
2282 2289
2283 2285
2284 2293
2285 2286
2285 2290
2286 2287
2286 2288
2287 2291
2287 2292
2288 2939
2289 2296
2289 2290
2290 2300
2291 2300
2291 2313
2292 2946
2292 2951
2293 2294
2293 2296
2294 2295
2295 2297
2295 2298
2296 2299
2297 2301
2297 2299
2298 2307
2298 2764
2299 2304
2300 2304
2301 2302
2301 2303
2302 2304
2302 2314
2303 2306
2303 2315
2305 2306
2305 2308
2305 2309
2306 2307
2307 2756
2308 2331
2308 2330
2309 2751
2309 2756
2310 2312
2311 2389
2312 2386
2312 2389
2313 2316
2313 2314
2314 2319
2315 2327
2315 2329
2316 2317
2316 2318
2317 2320
2317 2323
2318 2959
2318 2963
2319 2323
2319 2327
2320 2321
2320 2322
2321 2324
2321 2325
2322 2963
2322 2966
2323 2326
2324 2351
2324 2352
2325 2966
2325 2821
2326 2335
2326 2337
2327 2328
2328 2329
2328 2335
2329 2330
2330 2334
2331 2332
2331 2333
2332 2338
2332 2334
2333 2745
2333 2751
2334 2341
2335 2336
2336 2341
2336 2343
2337 2351
2337 2343
2338 2339
2338 2340
2339 2342
2339 2349
2340 2345
2340 2359
2341 2342
2342 2350
2343 2356
2344 2345
2344 2347
2344 2348
2345 2346
2346 2740
2346 2745
2347 2359
2347 2375
2348 2738
2348 2740
2349 2358
2349 2372
2350 2357
2350 2358
2351 2353
2352 2354
2352 2355
2353 2356
2353 2354
2354 2360
2355 2363
2355 2821
2356 2357
2357 2360
2358 2364
2359 2374
2360 2361
2361 2362
2361 2363
2362 2365
2362 2368
2363 2816
2364 2368
2364 2373
2365 2366
2365 2367
2366 2369
2366 2370
2367 2820
2367 2370
2368 2371
2369 2371
2369 2400
2370 2992
2371 2385
2372 2373
2372 2374
2373 2376
2374 2377
2375 2377
2375 2378
2376 2381
2376 2385
2377 2379
2378 2382
2378 2729
2379 2380
2379 2381
2380 2382
2381 2384
2382 2727
2383 2384
2384 2387
2385 2390
2386 2388
2387 2390
2387 2392
2388 2392
2388 2394
2389 2394
2390 2391
2391 2393
2391 2400
2392 2393
2393 2398
2394 2395
2395 2396
2395 2398
2397 2399
2398 2399
2399 2401
2400 2405
2401 2403
2401 2405
2402 2403
2402 2404
2403 2406
2404 3108
2404 3123
2405 2407
2406 2407
2406 3042
2407 3040
2408 2409
2409 2704
2409 2423
2410 2411
2410 2414
2412 2413
2412 2469
2412 2524
2414 2667
2414 2669
2415 2416
2415 2439
2417 2418
2418 2419
2418 2420
2419 2422
2419 2423
2420 2421
2420 2550
2422 2424
2422 2425
2423 2776
2424 2545
2424 2546
2425 2550
2425 2552
2426 2617
2426 2618
2427 2428
2427 2433
2427 2437
2428 2429
2429 2438
2430 2431
2430 2456
2431 2432
2432 2457
2433 2434
2434 2436
2434 2533
2435 2436
2435 2451
2435 2533
2437 2535
2437 2538
2438 2538
2438 2540
2439 2440
2440 2441
2440 2442
2441 2443
2442 2444
2442 2445
2443 2444
2443 2476
2444 2475
2445 2504
2446 2447
2446 2448
2448 2449
2448 2532
2450 2451
2450 2453
2451 2452
2452 2454
2452 2455
2453 2456
2453 2454
2454 2459
2455 2534
2455 2463
2456 2458
2457 2465
2457 2472
2458 2459
2458 2465
2459 2464
2460 2461
2460 2464
2460 2466
2461 2462
2461 2463
2462 2467
2462 2468
2463 2536
2464 2473
2465 2471
2466 2487
2466 2474
2467 2483
2467 2487
2468 2590
2468 2486
2469 2470
2470 2517
2471 2473
2471 2491
2472 2500
2472 2497
2473 2474
2474 2490
2475 2482
2475 2505
2476 2480
2476 2482
2477 2478
2477 2489
2477 2488
2479 2480
2479 2481
2481 2482
2481 2506
2483 2484
2483 2486
2484 2485
2485 2488
2486 2592
2487 2488
2489 2490
2489 2492
2490 2495
2491 2496
2491 2495
2492 2493
2492 2499
2493 2494
2494 2502
2494 2507
2495 2499
2496 2497
2496 2498
2497 2503
2498 2502
2498 2509
2499 2502
2500 2501
2501 2506
2503 2514
2503 2520
2504 2521
2504 2522
2505 2520
2505 2521
2506 2520
2507 2508
2508 2510
2509 2514
2509 2513
2510 2511
2510 2513
2511 2512
2512 2518
2512 2525
2513 2516
2514 2515
2515 2516
2515 2521
2516 2519
2517 2518
2519 2525
2519 2526
2522 2523
2523 2527
2523 2528
2526 2528
2527 2529
2528 2530
2529 2530
2529 2531
2531 2532
2533 2534
2534 2535
2535 2537
2536 2584
2536 2590
2537 2539
2537 2584
2538 2539
2539 2583
2540 2541
2540 2542
2541 2543
2541 2544
2542 2543
2542 2581
2543 2579
2544 2685
2544 2687
2545 2547
2545 2548
2546 2776
2546 2782
2547 2555
2547 2554
2548 2703
2548 2785
2549 2550
2549 2551
2551 2553
2552 2553
2552 2554
2553 2558
2554 2561
2555 2556
2555 2557
2556 2561
2556 2565
2557 2701
2557 2703
2558 2560
2558 2568
2559 2560
2560 2562
2561 2564
2562 2600
2562 2602
2563 2623
2564 2568
2564 2567
2565 2566
2565 2567
2566 2569
2566 2570
2567 2576
2568 2571
2569 2572
2569 2573
2570 2574
2570 2577
2571 2578
2571 2589
2572 2574
2572 2575
2573 2575
2573 2693
2574 2579
2575 2692
2576 2577
2576 2578
2577 2586
2578 2588
2579 2580
2580 2581
2580 2586
2581 2582
2582 2583
2582 2585
2583 2584
2585 2593
2585 2595
2586 2587
2587 2595
2587 2597
2588 2597
2588 2599
2589 2600
2589 2599
2590 2591
2591 2593
2591 2606
2592 2606
2592 2612
2593 2594
2594 2611
2594 2607
2595 2596
2596 2604
2596 2605
2597 2598
2598 2605
2598 2603
2599 2603
2600 2601
2601 2602
2601 2625
2602 2623
2603 2610
2604 2607
2604 2608
2605 2609
2606 2611
2607 2614
2608 2616
2608 2636
2609 2615
2609 2616
2610 2625
2610 2615
2611 2613
2612 2644
2612 2648
2613 2641
2613 2644
2614 2636
2614 2641
2615 2629
2616 2630
2617 2622
2618 2619
2619 2620
2619 2621
2620 2622
2620 2628
2621 2633
2621 2634
2622 2624
2623 2624
2624 2626
2625 2626
2626 2627
2627 2629
2627 2631
2628 2631
2628 2633
2629 2630
2630 2635
2631 2632
2632 2637
2632 2639
2633 2677
2634 2683
2635 2637
2635 2640
2636 2640
2637 2638
2638 2646
2638 2673
2639 2676
2639 2677
2640 2642
2641 2643
2642 2643
2642 2646
2643 2645
2644 2647
2645 2647
2645 2650
2646 2672
2647 2649
2648 2666
2648 2667
2649 2667
2649 2650
2650 2668
2651 2652
2651 2653
2651 2654
2653 2655
2654 2678
2654 2680
2655 2659
2655 2660
2656 2657
2656 2660
2657 2658
2657 2659
2658 2661
2659 2664
2660 2665
2661 2662
2662 2663
2663 2664
2665 2678
2668 2672
2668 2671
2669 2670
2670 2671
2671 2684
2672 2674
2673 2674
2673 2676
2674 2675
2675 2679
2675 2682
2676 2682
2677 2683
2678 2679
2679 2684
2680 2681
2680 2682
2681 2683
2686 2688
2687 2688
2687 2691
2688 2690
2689 2695
2690 2691
2690 2695
2691 2692
2692 2694
2693 2699
2693 2701
2694 2696
2694 2699
2695 2696
2696 2698
2697 2705
2698 2705
2698 2708
2699 2700
2700 2708
2700 2710
2701 2702
2702 2710
2702 2703
2704 2769
2705 2707
2706 2783
2706 2707
2707 2709
2708 2709
2709 2711
2710 2711
2711 2784
2713 2714
2714 2716
2714 2717
2715 2717
2717 2719
2718 2719
2719 2721
2720 2721
2721 2724
2722 2724
2723 2725
2723 2727
2724 2725
2725 2726
2726 2728
2726 2731
2727 2728
2728 2730
2729 2734
2729 2738
2730 2731
2730 2734
2731 2733
2732 2733
2733 2735
2734 2737
2735 2739
2735 2736
2737 2738
2737 2739
2739 2742
2740 2741
2741 2744
2741 2747
2742 2743
2742 2744
2744 2746
2745 2747
2746 2749
2747 2748
2748 2750
2748 2754
2749 2750
2750 2752
2751 2753
2752 2759
2752 2755
2753 2754
2753 2760
2754 2755
2755 2763
2756 2757
2757 2760
2757 2765
2758 2759
2759 2761
2760 2763
2761 2762
2762 2767
2763 2766
2764 2773
2765 2770
2765 2773
2766 2767
2766 2770
2767 2768
2768 2769
2768 2771
2770 2772
2771 2776
2771 2777
2772 2777
2772 2779
2773 2774
2774 2775
2774 2779
2777 2778
2778 2780
2778 2782
2779 2780
2780 2781
2781 2783
2781 2784
2782 2785
2784 2785
2786 2787
2786 2788
2788 2796
2788 2789
2790 2791
2790 2890
2791 2792
2792 4027
2792 4029
2793 2794
2793 3138
2793 3134
2794 2795
2795 3137
2796 2797
2796 2799
2797 2798
2798 3168
2799 2801
2799 2802
2800 2801
2800 2803
2801 2804
2802 3168
2802 2806
2803 2807
2804 2805
2804 2806
2805 2807
2805 2810
2806 3183
2807 2809
2808 2814
2808 2996
2809 2810
2809 2814
2810 2811
2811 2812
2811 2813
2812 2814
2812 2815
2813 3183
2813 3193
2815 2997
2815 2998
2816 2819
2816 2820
2817 2818
2817 2988
2817 2989
2819 2822
2819 2823
2820 2990
2821 2823
2822 2824
2822 2825
2823 2968
2824 2974
2824 2982
2825 2990
2825 2994
2826 2827
2826 2829
2827 2828
2829 2831
2830 2831
2831 2833
2832 2841
2833 2834
2833 2835
2834 2840
2834 2841
2835 2844
2835 2845
2836 2837
2836 2866
2836 2867
2837 2838
2837 2839
2838 2863
2839 2930
2839 2931
2840 2842
2840 2843
2841 2926
2842 2849
2842 2851
2843 2926
2843 2853
2844 2846
2845 2848
2845 2849
2846 2847
2847 2848
2849 2850
2850 2852
2850 2855
2851 2852
2851 2853
2852 2854
2853 2929
2854 2856
2854 2857
2855 2871
2855 2872
2856 2859
2856 2861
2857 2872
2857 2876
2858 2859
2858 2861
2858 2862
2859 2860
2860 2929
2860 2942
2861 2868
2862 2947
2862 2867
2863 2864
2863 2865
2864 2903
2865 2866
2865 2905
2866 2869
2867 2931
2868 2869
2868 2870
2869 2875
2870 2876
2870 2904
2871 2873
2872 2874
2873 2874
2873 2880
2874 2877
2875 2920
2875 2888
2876 2878
2877 2878
2877 2901
2878 2879
2879 2884
2879 2910
2880 2901
2880 2881
2881 2882
2881 2902
2882 2883
2883 2906
2883 2908
2884 2885
2884 2904
2885 2886
2885 2887
2886 2889
2887 2921
2888 2889
2888 2904
2890 2891
2890 2892
2891 2893
2891 2912
2892 4029
2892 4030
2893 2894
2893 2895
2894 2896
2894 2925
2895 4030
2895 2899
2896 2897
2896 2900
2897 2898
2897 2899
2898 2924
2900 2924
2901 2902
2902 2906
2903 2918
2903 2919
2905 2919
2905 2920
2906 2907
2907 2910
2907 2911
2908 2909
2909 2922
2909 2924
2910 2921
2911 2922
2911 2923
2912 2913
2912 2915
2913 2914
2914 2916
2914 2917
2915 2917
2915 2925
2921 4028
2923 4028
2926 2928
2927 2928
2928 2933
2929 2941
2930 2932
2931 2953
2932 2953
2932 2957
2933 2934
2933 2936
2934 2935
2935 2937
2935 2936
2936 2941
2937 2940
2937 2938
2938 2944
2939 2944
2939 2946
2940 2941
2940 2943
2942 2943
2942 2947
2943 2948
2944 2945
2945 2946
2945 2950
2947 2949
2948 2949
2948 2950
2949 2952
2950 2955
2951 2955
2951 2959
2952 2954
2952 2961
2953 2954
2954 2956
2955 2958
2956 2971
2956 2972
2957 2975
2958 2961
2958 2960
2959 2960
2960 2964
2961 2962
2962 2965
2962 2971
2963 2964
2964 2965
2965 2969
2966 2967
2967 2969
2967 2968
2968 2974
2969 2970
2970 2971
2970 2973
2972 2975
2972 2977
2973 2981
2973 2980
2974 2980
2975 2976
2976 2978
2977 2978
2977 2979
2979 2981
2982 2983
2983 2984
2983 2985
2984 2986
2985 2991
2986 2987
2987 2988
2990 2993
2991 2994
2991 2995
2992 3035
2992 3040
2993 2994
2993 3035
2995 3036
2995 3038
2996 3000
2997 3002
2997 3003
2998 3193
2998 3337
2999 3004
3000 3002
3000 3004
3001 3008
3001 3009
3002 3005
3003 3337
3003 3007
3004 3008
3005 3006
3005 3007
3006 3010
3006 3013
3007 3343
3008 3010
3009 3011
3010 3011
3011 3016
3012 3016
3012 3024
3013 3014
3013 3015
3014 3017
3014 3018
3015 3343
3015 3020
3016 3018
3017 3019
3017 3020
3018 3023
3019 3021
3019 3022
3020 3347
3021 3026
3021 3030
3022 3348
3022 3032
3023 3024
3023 3026
3024 3025
3025 3027
3026 3029
3027 3029
3027 3034
3028 3034
3028 3043
3029 3033
3030 3031
3030 3032
3031 3049
3031 3033
3032 3353
3033 3052
3034 3044
3035 3038
3036 3037
3037 3162
3037 3163
3038 3039
3039 3041
3039 3048
3040 3041
3041 3047
3042 3047
3042 3123
3043 3045
3044 3052
3044 3045
3045 3054
3046 3054
3047 3127
3048 3133
3048 3158
3049 3050
3049 3051
3050 3053
3050 3056
3051 3354
3051 3059
3052 3053
3053 3055
3054 3062
3055 3056
3055 3060
3056 3057
3057 3058
3057 3059
3058 3060
3058 3061
3059 3357
3060 3062
3061 3063
3061 3064
3062 3065
3063 3069
3063 3070
3064 3357
3064 3380
3065 3066
3065 3068
3066 3067
3067 3071
3068 3069
3068 3072
3069 3074
3070 3380
3070 3385
3071 3072
3071 3073
3072 3078
3073 3077
3073 3079
3074 3075
3074 3076
3075 3081
3075 3082
3076 3386
3076 3082
3078 3083
3078 3079
3079 3085
3080 3096
3081 3083
3081 3086
3082 3389
3083 3084
3084 3089
3084 3092
3085 3092
3085 3096
3086 3087
3086 3088
3087 3089
3087 3091
3088 3389
3088 3404
3089 3090
3090 3093
3090 3094
3091 3420
3091 3098
3092 3095
3093 3097
3093 3098
3094 3095
3094 3099
3095 3096
3097 3099
3097 3100
3098 3423
3099 3102
3100 3103
3100 3104
3101 3102
3101 3105
3102 3106
3103 3109
3103 3106
3104 3423
3104 3424
3105 3107
3106 3112
3107 3112
3107 3114
3108 3114
3109 3110
3109 3111
3110 3115
3110 3113
3111 3120
3111 3431
3112 3113
3113 3118
3114 3124
3115 3116
3115 3117
3116 3119
3116 3120
3117 3128
3117 3130
3118 3124
3118 3128
3119 3121
3119 3122
3120 3378
3121 3145
3121 3146
3122 3375
3122 3378
3123 3125
3124 3125
3125 3126
3126 3129
3126 3132
3127 3132
3127 3133
3128 3129
3129 3131
3130 3131
3130 3144
3131 3143
3132 3153
3133 4693
3134 3135
3134 3140
3135 3136
3135 3137
3136 3141
3136 3142
3137 3368
3138 3139
3139 3140
3139 3154
3140 3141
3141 3149
3142 3369
3142 3151
3143 3144
3143 3148
3144 3145
3145 3147
3146 3373
3146 3375
3147 3149
3147 3150
3148 3150
3148 3153
3149 3151
3150 3152
3151 3373
3152 3155
3152 3156
3153 3164
3154 3155
3156 3157
3157 3164
3158 4692
3158 4729
3159 3160
3159 4693
3159 4694
3160 3161
3161 3162
3161 4813
3163 4729
3163 4813
3165 3166
3165 3175
3165 3176
3166 3167
3167 3483
3167 3796
3168 3170
3169 3170
3169 3181
3170 3171
3171 3182
3171 3183
3172 3173
3172 3210
3173 3174
3174 3214
3174 3215
3176 3177
3177 3179
3177 3796
3178 3179
3178 3208
3178 3209
3179 3180
3180 3221
3180 3807
3181 3184
3182 3185
3182 3187
3184 3185
3185 3186
3186 3188
3186 3189
3187 3192
3187 3193
3188 3190
3189 3192
3189 3195
3190 3191
3191 3195
3191 3199
3192 3194
3194 3196
3194 3197
3195 3198
3196 3198
3196 3200
3197 3337
3197 3338
3198 3204
3199 3336
3199 3327
3200 3201
3200 3205
3201 3202
3201 3203
3202 3206
3202 3207
3203 3338
3203 3207
3204 3205
3204 3325
3205 3324
3206 3322
3206 3324
3207 3342
3208 3210
3209 3212
3209 3213
3210 3211
3211 3215
3211 3218
3212 3220
3212 3221
3213 3218
3213 3224
3214 3216
3215 3217
3216 3294
3216 3301
3217 3219
3217 3294
3218 3219
3219 3292
3220 3222
3220 3223
3221 3223
3222 3276
3222 3279
3223 3808
3224 3279
3224 3290
3225 3226
3225 3228
3226 3227
3227 3231
3227 3232
3228 3229
3228 3230
3229 3233
3229 3234
3230 3400
3230 3401
3231 3235
3231 3236
3232 3238
3232 3997
3233 3236
3233 3240
3234 3445
3234 3449
3235 3237
3235 3238
3236 3239
3237 3239
3237 3248
3238 3996
3239 3242
3240 3241
3240 3242
3241 3243
3241 3244
3242 3247
3243 3245
3243 3246
3244 3416
3244 3445
3245 3247
3245 3253
3246 3257
3246 3416
3246 3246
3247 3248
3248 3249
3249 3250
3249 3260
3250 3251
3250 3252
3251 3261
3251 3264
3252 3829
3252 3974
3253 3254
3253 3255
3254 3256
3254 3257
3255 3260
3255 3265
3256 3258
3256 3259
3257 3412
3258 3270
3258 3265
3259 3408
3259 3412
3260 3264
3261 3262
3261 3263
3262 3267
3262 3274
3263 3829
3263 3831
3264 3266
3265 3273
3266 3274
3266 3273
3267 3268
3267 3269
3268 3276
3268 3278
3269 3960
3269 3967
3270 3271
3270 3272
3271 3282
3271 3284
3272 3367
3272 3395
3273 3281
3274 3275
3275 3278
3275 3285
3276 3277
3277 3808
3277 3960
3278 3280
3279 3280
3280 3291
3281 3282
3281 3283
3282 3287
3283 3285
3283 3288
3284 3298
3284 3367
3285 3286
3286 3291
3286 3295
3287 3288
3287 3289
3288 3296
3289 3297
3289 3298
3290 3292
3290 3291
3292 3293
3293 3302
3293 3295
3294 3302
3295 3304
3296 3304
3296 3299
3297 3299
3297 3300
3298 3364
3299 3306
3300 3307
3300 3308
3301 3318
3301 3320
3302 3303
3303 3317
3303 3318
3304 3305
3305 3306
3305 3317
3306 3315
3307 3309
3307 3310
3308 3352
3308 3361
3309 3311
3309 3312
3310 3315
3310 3313
3311 3313
3311 3314
3312 3314
3312 3352
3313 3322
3314 3350
3315 3316
3316 3319
3316 3324
3317 3319
3318 3326
3319 3321
3320 3333
3321 3325
3321 3330
3322 3323
3323 3346
3323 3349
3325 3327
3326 3330
3326 3332
3327 3331
3328 3329
3328 3336
3330 3331
3332 3334
3333 3334
3334 3335
3338 3339
3339 3343
3339 3344
3340 3341
3340 3402
3342 3344
3342 3346
3344 3345
3345 3346
3345 3347
3347 3348
3348 3349
3349 3350
3350 3351
3351 3353
3351 3355
3352 3359
3353 3354
3354 3356
3355 3356
3355 3359
3356 3358
3357 3363
3358 3360
3358 3363
3359 3360
3360 3362
3361 3364
3361 3362
3362 3366
3363 3379
3364 3365
3365 3382
3365 3393
3366 3382
3366 3381
3367 3394
3368 3369
3369 3370
3370 3371
3371 3372
3372 3373
3372 3374
3374 3376
3375 3376
3376 3377
3377 3432
3377 3436
3378 3432
3379 3381
3379 3380
3381 3384
3382 3383
3383 3387
3383 3392
3384 3385
3384 3387
3385 3386
3386 3388
3387 3390
3388 3390
3388 3391
3389 3391
3390 3398
3391 3403
3392 3393
3392 3396
3393 3394
3394 3397
3395 3397
3395 3408
3396 3398
3396 3406
3397 3406
3398 3399
3399 3403
3399 3409
3400 3402
3401 3449
3401 3451
3402 3452
3403 3405
3404 3418
3404 3420
3405 3411
3405 3418
3406 3407
3407 3408
3407 3410
3409 3410
3409 3411
3410 3414
3411 3417
3412 3413
3413 3414
3413 3419
3414 3415
3415 3417
3415 3421
3416 3441
3417 3418
3419 3426
3419 3427
3420 3422
3421 3425
3421 3422
3422 3429
3423 3429
3424 3431
3424 3430
3425 3428
3425 3426
3426 3435
3427 3435
3427 3441
3428 3430
3428 3434
3429 3430
3431 3433
3432 3437
3433 3437
3433 3434
3434 3439
3435 3440
3436 3454
3436 3455
3437 3438
3438 3448
3438 3454
3439 3440
3439 3443
3440 3442
3441 3444
3442 3446
3442 3443
3443 3448
3444 3446
3444 3445
3446 3447
3447 3449
3447 3453
3448 3453
3450 3451
3450 3453
3450 3456
3451 3452
3452 3462
3454 3457
3455 3459
3456 3457
3456 3461
3457 3458
3458 3459
3458 3460
3460 3464
3460 3465
3461 3463
3461 3470
3462 3463
3463 4695
3464 3466
3465 3467
3465 3468
3466 3471
3467 3469
3467 3470
3468 3471
3468 3472
3469 3473
3469 3474
3470 3475
3472 3473
3474 3475
3475 4695
3476 3477
3476 3488
3476 3489
3477 3478
3478 3801
3479 3480
3479 3641
3479 3643
3480 3481
3481 3720
3481 3721
3482 3483
3482 3584
3482 3587
3484 3485
3484 3610
3484 3612
3485 3486
3485 3487
3486 3678
3486 3679
3487 3611
3487 4098
3488 3490
3488 3491
3489 3492
3490 3493
3490 3494
3491 3801
3491 3851
3492 3497
3492 3505
3493 3495
3493 3496
3494 3505
3494 3495
3495 3507
3496 3838
3496 3847
3497 3498
3497 3500
3498 3499
3499 4046
3500 3501
3500 3502
3501 3503
3501 3504
3502 3589
3502 3590
3503 3506
3503 3509
3504 3589
3504 3596
3505 3506
3506 3508
3507 3512
3507 3513
3508 3510
3508 3512
3509 3510
3509 3515
3510 3511
3511 3516
3511 3518
3512 3514
3513 3521
3513 3838
3514 3516
3514 3517
3515 3603
3515 3518
3516 3519
3517 3520
3517 3521
3518 3608
3519 3522
3519 3525
3520 3525
3520 3526
3521 3832
3522 3523
3522 3524
3523 3527
3523 3529
3524 3608
3524 3621
3525 3527
3526 3832
3526 3932
3527 3528
3528 3533
3528 3534
3529 3530
3529 3537
3530 3531
3530 3532
3531 3538
3531 3539
3532 3539
3532 3632
3533 3535
3533 3536
3534 3934
3534 3536
3535 3537
3535 3541
3536 3936
3537 3540
3538 3552
3538 3547
3539 3633
3540 3542
3540 3547
3541 3542
3541 3543
3542 3544
3543 3940
3543 3549
3544 3545
3544 3546
3545 3548
3545 3549
3546 3547
3546 3555
3548 3550
3548 3551
3549 3943
3550 3555
3550 3563
3551 3948
3551 3949
3552 3553
3552 3554
3553 3556
3553 3559
3554 3602
3554 3629
3555 3559
3556 3557
3556 3558
3557 3560
3557 3561
3558 3561
3558 3602
3559 3562
3560 3567
3560 3570
3561 3592
3562 3563
3562 3567
3563 3564
3564 3565
3564 3566
3565 3568
3565 3569
3566 3949
3566 3825
3567 3568
3568 3573
3569 3574
3569 3575
3570 3571
3570 3572
3571 3576
3572 3591
3573 3576
3573 3578
3574 3578
3574 3580
3575 3580
3575 3825
3576 3577
3577 3579
3578 3581
3579 3583
3580 3811
3581 3582
3581 3583
3582 3584
3582 3585
3583 3588
3584 3586
3585 3806
3585 3810
3586 3796
3586 3806
3587 3588
3589 3593
3590 4046
3590 4064
3591 3592
3592 3601
3593 3594
3593 3595
3594 4066
3595 3597
3595 4189
3596 3603
3596 3597
3597 3598
3598 3599
3598 3600
3599 3605
3599 3604
3600 3607
3600 4159
3601 3624
3602 3626
3603 3604
3604 3609
3605 3606
3605 3607
3606 3610
3606 3613
3607 4081
3608 3619
3609 3618
3609 3616
3610 3611
3611 4078
3611 3611
3612 3614
3612 3615
3613 3616
3613 3617
3614 3617
3614 3622
3615 3715
3615 3716
3616 3674
3617 3675
3618 3619
3618 3620
3619 3621
3620 3665
3620 3666
3621 3623
3622 3651
3622 3716
3623 3630
3623 3631
3624 3625
3625 3626
3625 3627
3626 3628
3627 3663
3627 3672
3628 3629
3628 3639
3629 3638
3630 3664
3630 3665
3631 3635
3632 3633
3632 3635
3633 3634
3634 3636
3634 3637
3635 3668
3636 3669
3637 3638
3637 3670
3638 3639
3639 3640
3640 3662
3640 3663
3641 3642
3642 3644
3643 3645
3643 3646
3644 3647
3644 3645
3645 3649
3646 3719
3646 3720
3647 3648
3648 3649
3648 3653
3649 3650
3650 3651
3650 3652
3651 3654
3652 3717
3652 3719
3653 3658
3654 3656
3654 4745
3655 3656
3655 3658
3656 3657
3657 3676
3657 3677
3659 3660
3659 3662
3660 3661
3661 3663
3661 3671
3662 3670
3664 3667
3665 3667
3666 3673
3668 3669
3671 3672
3673 3674
3673 4696
3674 3675
3675 4745
3676 4696
3677 4696
3677 4745
3678 3712
3678 3715
3679 4120
3679 3714
3680 3681
3680 3683
3681 3682
3682 3684
3682 3685
3683 3689
3683 3686
3684 3686
3684 3687
3685 3729
3685 3730
3686 3691
3687 3785
3687 3730
3688 3689
3688 3690
3690 3691
3690 3699
3691 3692
3692 3701
3692 3702
3693 3694
3693 3708
3693 3711
3694 3695
3694 3696
3695 3712
3695 3713
3696 3727
3696 3728
3697 3698
3697 3704
3699 3700
3700 3701
3700 3706
3701 3703
3702 3709
3702 3745
3703 3708
3703 3709
3704 3705
3705 3721
3706 3707
3707 3718
3708 3710
3709 3742
3710 3715
3710 3718
3711 3727
3711 3733
3712 3714
3713 4055
3713 4059
3714 4123
3716 3717
3717 3718
3721 3722
3722 3723
3724 3725
3724 3746
3724 3747
3725 3726
3726 3777
3726 3779
3727 3732
3728 4040
3728 4055
3729 3731
3730 3751
3731 3750
3731 3751
3732 3733
3732 3734
3733 3738
3734 3735
3734 3739
3735 3736
3735 3737
3736 3740
3736 3741
3737 4036
3737 4040
3738 3742
3738 3739
3739 3744
3740 3790
3740 3744
3741 3791
3741 4036
3742 3743
3743 3744
3743 3792
3745 3792
3745 3785
3746 3748
3746 3749
3747 4284
3748 3779
3748 3788
3749 4284
3749 4285
3750 3752
3751 3782
3752 3781
3752 3782
3753 3754
3753 3756
3754 3755
3755 3762
3755 3761
3756 3757
3756 3759
3757 3758
3758 3760
3759 3761
3759 3760
3760 3765
3761 3764
3762 3763
3763 3764
3763 3766
3764 3767
3765 3770
3765 3771
3766 3768
3767 3768
3767 3773
3768 3769
3769 3775
3769 3778
3770 3772
3771 3773
3771 3772
3772 3781
3773 3774
3774 3775
3774 3780
3775 3776
3776 3786
3776 3784
3777 3778
3779 3786
3780 3782
3780 3783
3783 3784
3783 3785
3784 3787
3786 3787
3787 3789
3788 3790
3788 3789
3789 3792
3790 3791
3791 4035
3793 3794
3793 4697
3793 4803
3794 3795
3795 3876
3795 4803
3797 3798
3797 3803
3798 3799
3798 3800
3799 4010
3799 3813
3800 4012
3801 3802
3802 3853
3802 3854
3803 3804
3803 3805
3804 3812
3804 3813
3805 3816
3805 3817
3806 3807
3807 3809
3808 3958
3809 3810
3809 3824
3810 3811
3811 3823
3812 3814
3812 3815
3813 4002
3814 3978
3814 3817
3815 3981
3815 4002
3816 3818
3817 3983
3818 3985
3819 3820
3819 3821
3819 3822
3821 3828
3821 3844
3822 3933
3823 3954
3823 3956
3824 3956
3824 3958
3825 3954
3826 3827
3826 3834
3826 3836
3827 3828
3829 3830
3830 3831
3830 3970
3831 3967
3832 3833
3833 3840
3833 3845
3834 3835
3835 3837
3836 3842
3836 3843
3837 3850
3837 3843
3838 3845
3839 3840
3839 3842
3839 3844
3840 3841
3841 3933
3841 3932
3842 3848
3843 3872
3844 3933
3845 3846
3846 3848
3846 3847
3847 3851
3848 3849
3849 3852
3849 3859
3851 3852
3852 3856
3853 3855
3854 3855
3854 3857
3855 3860
3856 3857
3856 3858
3857 3862
3858 3859
3858 3866
3859 3867
3860 3861
3861 3863
3862 3863
3862 3864
3863 3865
3864 3868
3864 3888
3865 3870
3865 3871
3866 3868
3866 3869
3867 3872
3867 3875
3868 3886
3869 3875
3869 3920
3870 3887
3871 3888
3871 3931
3872 3873
3873 3874
3874 3875
3876 3877
3876 4749
3877 3878
3877 3879
3878 4804
3878 4815
3879 3882
3879 4807
3880 3881
3880 3884
3881 3882
3881 3883
3883 4806
3883 4699
3884 3885
3885 3900
3885 3902
3886 3929
3886 3928
3887 3905
3887 3906
3888 3889
3889 3927
3889 3929
3890 3891
3890 3893
3891 3892
3892 3894
3892 3895
3893 3894
3895 3897
3895 3903
3896 3897
3896 3898
3896 3899
3898 3900
3899 3903
3899 3901
3900 3901
3901 3930
3902 3904
3902 3905
3904 3906
3905 3930
3906 3931
3907 3908
3907 3910
3908 3909
3909 3911
3910 3911
3910 3914
3911 3912
3912 3913
3913 3916
3913 3918
3914 3915
3915 3916
3916 3917
3917 3919
3918 3919
3918 3925
3919 3920
3920 3928
3921 3922
3921 3925
3922 3923
3922 3924
3923 3926
3924 3926
3924 3929
3925 3928
3926 3927
3932 3934
3934 3935
3935 3937
3936 3938
3936 3940
3937 3938
3938 3939
3939 3941
3940 3942
3941 3944
3941 3942
3942 3946
3943 3946
3943 3948
3944 3945
3945 3992
3945 3951
3946 3947
3947 3950
3947 3951
3948 3950
3949 3953
3950 3952
3951 3993
3952 3976
3952 3993
3953 3955
3953 3964
3954 3955
3955 3963
3956 3957
3957 3959
3957 3962
3958 3959
3959 3961
3960 3966
3961 3962
3961 3966
3962 3963
3963 3965
3964 3972
3964 3976
3965 3966
3965 3968
3967 3969
3968 3969
3968 3972
3969 3971
3970 3973
3970 3974
3971 3972
3971 3973
3973 3975
3974 3996
3975 3977
3975 3980
3976 3980
3977 3978
3977 3979
3978 3981
3979 3996
3979 3999
3980 3982
3981 4000
3982 3983
3982 3990
3983 3984
3984 3986
3984 3989
3985 3989
3986 3987
3987 3988
3988 3989
3990 3991
3991 3992
3991 3993
3994 3995
3994 3997
3994 3998
3997 3999
3998 4001
3998 4004
3999 4000
4000 4001
4001 4003
4002 4014
4003 4014
4003 4017
4004 4007
4004 4008
4005 4006
4005 4022
4005 4009
4007 4009
4008 4021
4008 4018
4009 4021
4010 4011
4010 4012
4011 4013
4013 4014
4013 4015
4015 4016
4016 4017
4016 4019
4017 4018
4018 4023
4019 4020
4020 4023
4020 4026
4023 4024
4024 4025
4025 4026
4031 4032
4031 4412
4031 4431
4033 4034
4033 4086
4033 4198
4035 4285
4035 4039
4036 4037
4037 4038
4037 4039
4038 4043
4038 4040
4039 4288
4041 4042
4041 4169
4043 4050
4043 4054
4044 4045
4044 4074
4044 4075
4047 4048
4047 4212
4047 4213
4049 4050
4049 4052
4049 4053
4050 4051
4051 4292
4051 4293
4052 4137
4052 4140
4053 4293
4053 4295
4054 4056
4054 4057
4055 4056
4056 4058
4057 4129
4057 4137
4058 4059
4058 4129
4059 4124
4060 4061
4060 4069
4062 4063
4062 4218
4062 4219
4064 4065
4065 4066
4067 4068
4067 4238
4069 4070
4070 4071
4070 4072
4071 4073
4072 4165
4073 4165
4073 4166
4074 4077
4074 4233
4075 4244
4075 4209
4076 4077
4076 4214
4078 4079
4078 4099
4079 4080
4079 4081
4080 4100
4080 4101
4081 4158
4082 4083
4082 4086
4082 4087
4083 4084
4083 4085
4084 4154
4084 4104
4085 4162
4085 4232
4086 4088
4087 4089
4087 4090
4088 4090
4089 4103
4089 4108
4090 4109
4091 4092
4091 4147
4091 4148
4092 4093
4092 4094
4093 4096
4093 4197
4094 4199
4094 4150
4095 4096
4095 4144
4095 4147
4096 4097
4097 4374
4097 4377
4098 4099
4098 4119
4099 4116
4100 4105
4100 4111
4101 4106
4101 4160
4102 4103
4102 4105
4102 4106
4103 4104
4104 4163
4105 4107
4106 4179
4107 4108
4107 4115
4108 4110
4109 4112
4109 4110
4110 4114
4111 4116
4111 4115
4112 4113
4113 4128
4113 4148
4114 4126
4114 4128
4115 4118
4116 4117
4117 4119
4117 4122
4118 4122
4118 4126
4119 4120
4120 4121
4121 4123
4121 4131
4122 4125
4123 4124
4124 4130
4125 4132
4125 4127
4126 4127
4127 4134
4128 4134
4129 4135
4130 4131
4130 4135
4131 4132
4132 4133
4133 4136
4133 4139
4134 4139
4135 4136
4136 4138
4137 4138
4138 4141
4139 4146
4140 4142
4140 4143
4141 4142
4141 4146
4142 4144
4143 4145
4143 4311
4144 4145
4145 4360
4146 4147
4148 4149
4149 4150
4150 4202
4151 4152
4151 4216
4152 4153
4153 4263
4153 4266
4154 4161
4154 4162
4155 4156
4155 4171
4155 4172
4156 4157
4157 4279
4157 4248
4158 4160
4158 4159
4159 4189
4160 4180
4161 4163
4161 4164
4162 4231
4163 4178
4164 4173
4164 4188
4166 4167
4167 4168
4167 4169
4168 4170
4169 4183
4170 4184
4170 4186
4171 4173
4172 4246
4172 4248
4173 4195
4174 4175
4174 4702
4174 4703
4175 4176
4175 4177
4176 4192
4176 4703
4177 4178
4177 4756
4178 4187
4179 4185
4179 4187
4180 4181
4180 4182
4181 4189
4181 4191
4182 4190
4183 4184
4184 4185
4186 4193
4186 4194
4187 4192
4188 4193
4188 4755
4190 4191
4192 4196
4194 4755
4194 4196
4195 4245
4195 4246
4196 4782
4197 4201
4197 4363
4198 4232
4199 4200
4199 4201
4200 4204
4200 4205
4201 4306
4202 4203
4203 4208
4203 4209
4204 4206
4204 4207
4205 4224
4205 4208
4206 4221
4206 4224
4207 4289
4207 4305
4208 4244
4210 4211
4210 4247
4212 4214
4213 4215
4214 4230
4215 4230
4216 4217
4217 4268
4217 4270
4218 4220
4219 4286
4220 4221
4220 4223
4221 4222
4222 4286
4222 4289
4223 4225
4223 4235
4224 4225
4225 4234
4226 4227
4226 4229
4227 4228
4228 4236
4228 4245
4229 4231
4229 4232
4231 4245
4233 4243
4233 4234
4234 4244
4235 4242
4235 4243
4236 4237
4238 4239
4239 4240
4240 4241
4241 4242
4246 4247
4247 4265
4248 4265
4249 4250
4249 4252
4250 4251
4251 4253
4252 4255
4252 4256
4253 4254
4253 4255
4256 4257
4256 4258
4257 4259
4258 4259
4259 4261
4260 4261
4260 4263
4261 4262
4262 4264
4263 4264
4265 4280
4266 4267
4267 4268
4268 4269
4269 4271
4270 4271
4270 4273
4271 4272
4272 4274
4273 4274
4273 4278
4274 4275
4275 4276
4276 4277
4277 4279
4277 4281
4278 4279
4280 4281
4282 4283
4282 4308
4282 4340
4285 4287
4287 4290
4288 4291
4288 4292
4290 4291
4292 4294
4293 4297
4294 4296
4295 4358
4295 4311
4296 4297
4297 4310
4298 4299
4298 4301
4299 4300
4300 4302
4300 4526
4301 4302
4301 4303
4302 4304
4303 4364
4303 4382
4304 4389
4305 4306
4306 4307
4307 4363
4307 4373
4308 4309
4309 4347
4309 4349
4310 4358
4310 4394
4311 4361
4312 4313
4312 4315
4313 4314
4314 4316
4314 4317
4315 4457
4315 4474
4316 4318
4317 4474
4317 4476
4318 4319
4318 4320
4319 4321
4319 4322
4320 4476
4320 4478
4321 4323
4322 4478
4322 4480
4323 4324
4323 4325
4324 4326
4324 4327
4325 4480
4325 4327
4326 4328
4327 4482
4328 4329
4328 4330
4329 4331
4329 4332
4330 4482
4330 4484
4331 4333
4332 4484
4332 4486
4333 4334
4333 4335
4334 4336
4334 4337
4335 4340
4336 4338
4336 4339
4337 4486
4337 4339
4338 4340
4338 4341
4339 4488
4341 4342
4341 4343
4342 4347
4342 4348
4343 4488
4343 4348
4344 4345
4344 4355
4345 4346
4346 4356
4347 4350
4348 4493
4349 4351
4349 4352
4350 4498
4350 4354
4351 4353
4351 4354
4352 4422
4352 4370
4353 4368
4353 4369
4354 4500
4355 4356
4355 4357
4356 4372
4357 4373
4358 4359
4359 4362
4359 4385
4360 4361
4360 4378
4361 4362
4362 4379
4363 4374
4365 4366
4365 4367
4367 4380
4367 4382
4368 4370
4368 4371
4369 4500
4369 4508
4370 4425
4371 4508
4371 4428
4372 4376
4372 4380
4373 4375
4374 4375
4375 4376
4376 4377
4377 4378
4378 4381
4379 4386
4379 4393
4380 4383
4381 4383
4381 4386
4382 4387
4383 4384
4384 4395
4384 4392
4385 4394
4385 4397
4386 4391
4387 4392
4387 4388
4388 4389
4388 4448
4389 4390
4390 4704
4390 4449
4391 4395
4391 4417
4392 4446
4393 4397
4393 4398
4394 4399
4395 4396
4396 4439
4396 4443
4397 4405
4398 4414
4398 4418
4399 4400
4399 4402
4399 4399
4400 4401
4401 4403
4401 4409
4402 4403
4402 4405
4403 4404
4404 4406
4404 4407
4405 4414
4406 4408
4406 4409
4407 4415
4407 4423
4408 4410
4408 4416
4410 4411
4411 4413
4411 4431
4412 4413
4412 4420
4414 4415
4415 4419
4416 4432
4416 4424
4417 4437
4417 4440
4418 4434
4418 4437
4419 4425
4419 4429
4421 4422
4421 4424
4422 4423
4423 4424
4425 4426
4426 4427
4426 4428
4427 4429
4427 4430
4428 4510
4429 4433
4430 4510
4430 4518
4431 4432
4433 4434
4433 4435
4434 4436
4435 4518
4435 4520
4436 4531
4436 4438
4437 4438
4438 4533
4439 4440
4439 4442
4440 4441
4441 4533
4441 4544
4442 4563
4442 4544
4443 4444
4443 4445
4444 4446
4444 4447
4445 4539
4445 4563
4446 4448
4447 4524
4447 4539
4448 4449
4449 4538
4450 4451
4450 4459
4450 4473
4452 4453
4452 4455
4453 4454
4454 4456
4454 4576
4455 4456
4456 4577
4457 4458
4457 4473
4458 4459
4459 4564
4460 4461
4460 4462
4462 4463
4463 4522
4463 4558
4464 4465
4464 4468
4465 4466
4465 4467
4466 4523
4467 4522
4467 4525
4468 4521
4469 4470
4469 4472
4470 4471
4471 4548
4471 4550
4472 4528
4472 4537
4473 4565
4474 4475
4475 4565
4475 4566
4476 4477
4477 4566
4477 4479
4478 4479
4479 4600
4480 4481
4481 4601
4481 4600
4482 4483
4483 4485
4483 4596
4484 4485
4485 4594
4486 4487
4487 4583
4487 4587
4488 4489
4489 4490
4489 4491
4490 4492
4490 4493
4491 4495
4491 4583
4492 4494
4492 4495
4493 4498
4494 4496
4494 4497
4495 4581
4496 4498
4496 4499
4497 4574
4497 4575
4499 4500
4499 4501
4501 4502
4501 4503
4502 4504
4502 4505
4503 4619
4503 4507
4504 4506
4504 4507
4505 4508
4505 4506
4506 4509
4507 4635
4509 4510
4509 4511
4511 4512
4511 4513
4512 4514
4512 4515
4513 4635
4513 4641
4514 4516
4514 4517
4515 4518
4515 4519
4516 4527
4516 4519
4517 4654
4517 4674
4519 4529
4520 4529
4520 4531
4521 4522
4523 4524
4523 4525
4524 4538
4525 4540
4527 4528
4528 4536
4529 4530
4530 4532
4530 4535
4531 4532
4532 4534
4533 4542
4534 4535
4534 4542
4535 4536
4536 4541
4537 4546
4537 4548
4538 4704
4539 4560
4540 4558
4540 4560
4541 4543
4541 4546
4542 4543
4543 4545
4544 4545
4545 4552
4546 4547
4547 4548
4547 4552
4549 4550
4549 4556
4550 4551
4551 4561
4551 4552
4553 4554
4553 4555
4555 4556
4556 4557
4557 4559
4558 4559
4559 4561
4560 4562
4561 4562
4562 4563
4565 4567
4566 4599
4567 4568
4567 4569
4568 4613
4569 4599
4569 4612
4570 4571
4570 4573
4571 4572
4572 4614
4572 4631
4573 4614
4574 4578
4574 4581
4575 4619
4575 4580
4576 4578
4576 4579
4577 4581
4577 4582
4578 4580
4579 4615
4579 4633
4580 4636
4582 4584
4582 4583
4584 4585
4584 4586
4586 4588
4586 4589
4587 4589
4587 4594
4588 4590
4589 4593
4590 4598
4590 4591
4591 4592
4591 4609
4593 4597
4593 4598
4594 4595
4595 4596
4595 4597
4596 4601
4597 4604
4598 4608
4599 4606
4600 4603
4601 4602
4602 4604
4602 4603
4603 4606
4604 4605
4605 4608
4605 4607
4606 4607
4607 4610
4608 4609
4610 4611
4611 4612
4612 4613
4614 4617
4615 4616
4615 4632
4616 4617
4616 4618
4618 4651
4618 4652
4619 4634
4620 4621
4620 4705
4621 4622
4621 4623
4622 4817
4623 4797
4623 4707
4624 4625
4624 4731
4624 4708
4625 4626
4625 4627
4626 4798
4626 4647
4627 4731
4627 4784
4628 4629
4628 4664
4629 4630
4630 4646
4630 4784
4631 4651
4631 4661
4632 4637
4632 4642
4633 4636
4633 4637
4634 4636
4634 4639
4635 4639
4637 4638
4638 4640
4638 4663
4639 4640
4640 4641
4641 4662
4642 4649
4642 4650
4643 4644
4643 4646
4643 4648
4644 4645
4645 4655
4645 4674
4646 4647
4647 4799
4648 4664
4648 4662
4649 4652
4649 4665
4650 4663
4650 4669
4651 4660
4652 4660
4653 4654
4653 4656
4654 4655
4655 4657
4656 4672
4656 4673
4657 4673
4658 4659
4658 4661
4659 4660
4662 4674
4663 4664
4665 4666
4666 4667
4667 4668
4668 4669
4670 4671
4670 4673
4671 4672
4675 4676
4675 4712
4675 4713
4676 4677
4677 4770
4677 4818
4677 4677
4678 4717
4678 4771
4679 4736
4679 4777
4680 4777
4682 4683
4684 4685
4685 4739
4686 4687
4687 4796
4688 4689
4688 4767
4689 4690
4689 4691
4690 4766
4690 4723
4691 4723
4691 4819
4692 4693
4692 4694
4694 4730
4697 4698
4698 4746
4698 4781
4699 4700
4699 4769
4700 4701
4701 4747
4701 4769
4702 4756
4702 4782
4703 4782
4705 4706
4705 4707
4706 4757
4706 4711
4706 4706
4707 4783
4708 4709
4708 4759
4709 4710
4709 4711
4710 4731
4710 4758
4711 4783
4712 4760
4713 4786
4713 4760
4714 4715
4714 4734
4714 4735
4715 4716
4715 4717
4716 4761
4716 4802
4717 4763
4718 4719
4720 4739
4720 4794
4721 4722
4721 4741
4721 4742
4723 4724
4724 4725
4724 4726
4725 4744
4725 4796
4726 4796
4727 4728
4728 4819
4729 4730
4730 4813
4732 4733
4732 4802
4732 4772
4733 4734
4733 4735
4734 4771
4735 4802
4737 4738
4738 4739
4738 4740
4740 4778
4740 4820
4741 4779
4742 4778
4742 4793
4743 4744
4743 4819
4746 4747
4746 4780
4747 4748
4748 4768
4748 4809
4749 4750
4749 4751
4750 4753
4750 4804
4750 4750
4751 4752
4751 4803
4752 4753
4752 4781
4753 4754
4754 4804
4754 4805
4755 4756
4757 4758
4758 4784
4759 4783
4759 4797
4760 4810
4761 4762
4761 4791
4762 4763
4762 4764
4763 4790
4764 4785
4764 4791
4766 4767
4768 4769
4768 4806
4770 4771
4770 4772
4772 4801
4773 4774
4773 4785
4773 4811
4774 4775
4774 4776
4775 4785
4775 4801
4776 4818
4776 4812
4778 4779
4779 4820
4780 4808
4780 4809
4781 4808
4786 4787
4786 4818
4787 4788
4787 4789
4788 4810
4788 4789
4789 4812
4790 4811
4791 4801
4792 4793
4792 4795
4793 4794
4797 4800
4798 4799
4798 4800
4799 4817
4800 4817
4805 4821
4805 4815
4806 4807
4807 4814
4808 4822
4809 4823
4811 4812
4814 4815
4814 4816
4816 4821
4816 4823
4821 4822
4822 4823
