0 1
0 2
0 3
0 4
0 5
0 6
0 7
0 8
0 9
0 10
0 11
0 12
0 13
0 14
0 15
0 16
0 17
0 18
0 19
0 20
0 21
0 22
0 23
0 24
0 25
0 26
0 27
0 28
0 29
0 30
0 0
1 17
1 31
1 12
1 15
1 9
1 23
1 32
1 33
1 21
1 34
1 2
1 8
1 19
1 35
1 6
1 5
1 7
1 36
1 10
1 3
1 37
1 18
1 1
2 38
2 20
2 39
2 12
2 6
2 7
2 33
2 27
2 22
2 40
2 41
2 42
2 8
2 10
2 3
2 17
2 18
2 43
2 15
2 44
2 45
2 5
2 19
2 26
2 21
2 46
2 47
2 48
2 49
2 11
2 50
2 51
2 52
2 53
2 54
2 55
2 2
3 56
3 57
3 58
3 59
3 45
3 60
3 61
3 62
3 63
3 64
3 65
3 66
3 10
3 67
3 68
3 69
3 70
3 21
3 71
3 3
4 5
4 72
4 73
4 12
4 74
4 75
4 76
4 77
4 78
4 4
5 6
5 27
5 12
5 33
5 79
5 80
5 15
5 17
5 81
5 26
5 82
5 7
5 83
5 84
5 85
5 86
5 21
5 5
6 87
6 88
6 21
6 18
6 89
6 15
6 90
6 91
6 92
6 93
6 27
6 12
6 94
6 95
6 96
6 97
6 98
6 99
6 9
6 75
6 14
6 8
6 6
7 100
7 21
7 101
7 27
7 7
8 21
8 102
8 12
8 103
8 40
8 23
8 20
8 104
8 15
8 105
8 106
8 9
8 29
8 8
9 107
9 108
9 33
9 109
9 110
9 111
9 15
9 112
9 23
9 69
9 113
9 114
9 115
9 29
9 116
9 117
9 118
9 119
9 120
9 121
9 122
9 123
9 124
9 125
9 126
9 127
9 128
9 129
9 9
10 130
10 72
10 44
10 131
10 132
10 133
10 134
10 21
10 135
10 19
10 18
10 17
10 136
10 137
10 26
10 24
10 10
11 138
11 139
11 140
11 141
11 83
11 142
11 143
11 144
11 145
11 146
11 147
11 148
11 149
11 150
11 151
11 152
11 11
12 153
12 154
12 155
12 23
12 156
12 27
12 21
12 157
12 15
12 17
12 158
12 13
12 68
12 44
12 105
12 75
12 152
12 159
12 12
13 14
13 160
13 161
13 162
13 163
13 122
13 32
13 23
13 164
13 165
13 33
13 166
13 123
13 167
13 109
13 168
13 169
13 170
13 171
13 172
13 173
13 79
13 135
13 111
13 174
13 175
13 106
13 176
13 177
13 178
13 15
13 179
13 180
13 181
13 13
14 75
14 182
14 183
14 184
14 185
14 186
14 123
14 32
14 187
14 188
14 189
14 167
14 33
14 190
14 92
14 22
14 14
15 191
15 107
15 23
15 192
15 122
15 193
15 194
15 33
15 195
15 196
15 197
15 198
15 29
15 126
15 199
15 76
15 104
15 200
15 201
15 202
15 203
15 204
15 205
15 206
15 207
15 208
15 209
15 32
15 210
15 211
15 212
15 213
15 214
15 215
15 55
15 216
15 217
15 218
15 219
15 128
15 220
15 221
15 15
16 114
16 23
16 33
16 222
16 223
16 224
16 16
17 24
17 38
17 25
17 225
17 22
17 37
17 226
17 20
17 26
17 18
17 21
17 227
17 17
18 228
18 229
18 37
18 230
18 19
18 26
18 69
18 136
18 231
18 185
18 119
18 81
18 232
18 233
18 234
18 235
18 236
18 237
18 238
18 239
18 40
18 85
18 18
19 232
19 227
19 80
19 49
19 240
19 40
19 241
19 105
19 242
19 42
19 243
19 21
19 19
20 244
20 245
20 39
20 24
20 45
20 40
20 53
20 246
20 247
20 46
20 248
20 249
20 250
20 222
20 251
20 252
20 22
20 49
20 253
20 104
20 254
20 209
20 213
20 205
20 54
20 156
20 255
20 106
20 90
20 238
20 256
20 257
20 258
20 58
20 259
20 38
20 102
20 103
20 260
20 20
21 26
21 37
21 31
21 21
22 261
22 262
22 239
22 263
22 37
22 264
22 265
22 226
22 53
22 181
22 133
22 134
22 24
22 42
22 245
22 44
22 266
22 267
22 38
22 142
22 268
22 269
22 270
22 271
22 45
22 43
22 41
22 272
22 79
22 195
22 254
22 273
22 274
22 275
22 49
22 276
22 277
22 278
22 96
22 279
22 202
22 229
22 280
22 281
22 282
22 283
22 22
23 107
23 284
23 108
23 285
23 181
23 33
23 175
23 286
23 287
23 262
23 288
23 114
23 289
23 166
23 69
23 290
23 118
23 291
23 123
23 57
23 29
23 167
23 32
23 115
23 292
23 293
23 173
23 294
23 109
23 119
23 120
23 295
23 296
23 111
23 23
24 25
24 226
24 38
24 286
24 264
24 297
24 298
24 299
24 300
24 61
24 301
24 125
24 59
24 302
24 237
24 24
25 25
26 94
26 237
26 303
26 234
26 69
26 185
26 231
26 229
26 37
26 304
26 85
26 274
26 305
26 306
26 26
27 33
27 232
27 181
27 307
27 308
27 279
27 27
28 309
28 310
28 311
28 312
28 313
28 146
28 314
28 315
28 28
29 316
29 317
29 318
29 319
29 320
29 321
29 322
29 323
29 48
29 324
29 325
29 177
29 33
29 195
29 326
29 327
29 217
29 199
29 210
29 193
29 200
29 29
30 328
30 44
30 329
30 258
30 250
30 103
30 330
30 201
30 156
30 331
30 332
30 333
30 53
30 334
30 335
30 244
30 336
30 337
30 338
30 339
30 240
30 30
31 340
31 31
32 33
32 119
32 168
32 32
33 307
33 107
33 341
33 342
33 181
33 54
33 69
33 33
34 34
35 35
36 36
37 343
37 344
37 50
37 269
37 236
37 230
37 232
37 345
37 346
37 274
37 347
37 240
37 253
37 348
37 349
37 350
37 351
37 329
37 352
37 37
38 353
38 45
38 226
38 51
38 104
38 249
38 312
38 41
38 244
38 239
38 245
38 42
38 354
38 355
38 356
38 313
38 331
38 357
38 106
38 40
38 44
38 264
38 49
38 38
39 358
39 53
39 54
39 335
39 267
39 353
39 292
39 359
39 45
39 360
39 55
39 361
39 362
39 363
39 48
39 46
39 41
39 364
39 354
39 104
39 156
39 57
39 202
39 365
39 366
39 39
40 353
40 352
40 86
40 367
40 244
40 261
40 259
40 357
40 133
40 269
40 53
40 368
40 249
40 369
40 370
40 209
40 193
40 49
40 371
40 134
40 245
40 331
40 102
40 50
40 372
40 61
40 47
40 45
40 373
40 105
40 93
40 374
40 237
40 375
40 376
40 333
40 246
40 377
40 378
40 354
40 46
40 190
40 234
40 40
41 302
41 379
41 380
41 104
41 381
41 371
41 270
41 382
41 383
41 384
41 385
41 386
41 355
41 387
41 388
41 49
41 389
41 390
41 313
41 391
41 103
41 244
41 332
41 392
41 331
41 43
41 393
41 377
41 394
41 395
41 396
41 336
41 354
41 397
41 353
41 44
41 133
41 334
41 156
41 398
41 399
41 337
41 400
41 83
41 401
41 402
41 403
41 41
42 268
42 45
42 404
42 281
42 229
42 239
42 42
43 340
43 405
43 406
43 407
43 331
43 408
43 409
43 385
43 410
43 411
43 134
43 51
43 382
43 412
43 413
43 43
44 414
44 398
44 72
44 332
44 415
44 354
44 416
44 417
44 250
44 418
44 226
44 419
44 420
44 49
44 421
44 53
44 190
44 422
44 361
44 423
44 348
44 424
44 132
44 258
44 44
45 58
45 398
45 71
45 61
45 57
45 425
45 353
45 63
45 56
45 372
45 70
45 413
45 68
45 80
45 65
45 426
45 281
45 427
45 428
45 67
45 350
45 240
45 429
45 245
45 430
45 51
45 431
45 47
45 45
46 432
46 336
46 103
46 46
47 295
47 331
47 433
47 366
47 47
48 53
48 75
48 184
48 268
48 343
48 240
48 91
48 302
48 327
48 205
48 434
48 54
48 292
48 435
48 104
48 115
48 389
48 436
48 127
48 360
48 78
48 200
48 273
48 316
48 320
48 326
48 437
48 438
48 212
48 201
48 439
48 324
48 321
48 440
48 55
48 441
48 362
48 48
49 258
49 367
49 51
49 227
49 80
49 240
49 353
49 442
49 443
49 190
49 244
49 323
49 366
49 337
49 270
49 313
49 403
49 332
49 49
50 444
50 445
50 104
50 55
50 446
50 353
50 352
50 53
50 447
50 448
50 367
50 277
50 365
50 449
50 337
50 256
50 450
50 339
50 268
50 50
51 451
51 452
51 227
51 240
51 80
51 350
51 268
51 181
51 127
51 453
51 332
51 132
51 364
51 339
51 253
51 454
51 455
51 145
51 456
51 361
51 366
51 457
51 156
51 334
51 247
51 134
51 315
51 458
51 401
51 286
51 459
51 412
51 460
51 51
52 71
52 52
53 186
53 123
53 86
53 182
53 353
53 188
53 267
53 453
53 345
53 75
53 328
53 330
53 184
53 461
53 377
53 462
53 332
53 463
53 315
53 464
53 190
53 465
53 466
53 53
54 467
54 359
54 104
54 258
54 316
54 468
54 323
54 200
54 55
54 127
54 54
55 469
55 334
55 250
55 391
55 331
55 470
55 359
55 363
55 326
55 471
55 288
55 206
55 201
55 195
55 472
55 211
55 212
55 389
55 292
55 200
55 127
55 193
55 436
55 104
55 132
55 473
55 209
55 76
55 213
55 55
56 61
56 57
56 474
56 64
56 475
56 476
56 477
56 478
56 479
56 58
56 281
56 68
56 425
56 71
56 480
56 63
56 65
56 372
56 481
56 482
56 483
56 484
56 419
56 485
56 230
56 486
56 56
57 71
57 58
57 63
57 65
57 68
57 487
57 61
57 425
57 281
57 372
57 191
57 285
57 350
57 392
57 488
57 66
57 489
57 490
57 254
57 438
57 491
57 492
57 205
57 493
57 123
57 106
57 494
57 111
57 57
58 63
58 65
58 70
58 68
58 281
58 61
58 425
58 71
58 429
58 495
58 496
58 497
58 255
58 498
58 58
59 484
59 59
60 469
60 63
60 243
60 499
60 67
60 131
60 500
60 484
60 501
60 60
61 502
61 62
61 63
61 503
61 372
61 340
61 504
61 370
61 139
61 184
61 144
61 266
61 149
61 202
61 71
61 70
61 65
61 475
61 66
61 61
62 426
62 505
62 506
62 507
62 149
62 70
62 508
62 475
62 62
63 484
63 64
63 67
63 89
63 505
63 281
63 509
63 68
63 71
63 482
63 63
64 482
64 67
64 484
64 281
64 509
64 429
64 89
64 476
64 474
64 510
64 511
64 512
64 475
64 480
64 513
64 64
65 315
65 514
65 367
65 68
65 70
65 281
65 425
65 71
65 65
66 429
66 515
66 484
66 285
66 281
66 237
66 489
66 490
66 516
66 517
66 518
66 66
67 469
67 499
67 484
67 509
67 429
67 89
67 281
67 519
67 510
67 68
67 372
67 67
68 443
68 505
68 520
68 521
68 522
68 523
68 524
68 425
68 71
68 525
68 526
68 431
68 508
68 89
68 527
68 361
68 465
68 348
68 218
68 528
68 499
68 68
69 529
69 232
69 107
69 238
69 443
69 329
69 81
69 530
69 116
69 279
69 168
69 354
69 181
69 491
69 531
69 494
69 169
69 69
70 507
70 232
70 426
70 428
70 133
70 532
70 510
70 70
71 533
71 425
71 534
71 535
71 536
71 368
71 506
71 284
71 537
71 499
71 538
71 510
71 539
71 281
71 338
71 454
71 352
71 395
71 540
71 372
71 541
71 267
71 350
71 139
71 422
71 509
71 355
71 71
72 419
72 375
72 542
72 132
72 543
72 466
72 269
72 446
72 527
72 259
72 544
72 545
72 88
72 377
72 412
72 421
72 546
72 547
72 72
73 232
73 133
73 253
73 548
73 465
73 503
73 549
73 286
73 550
73 551
73 193
73 205
73 195
73 127
73 504
73 552
73 185
73 100
73 553
73 554
73 73
74 555
74 556
74 353
74 557
74 151
74 558
74 467
74 559
74 266
74 147
74 560
74 74
75 182
75 186
75 184
75 552
75 83
75 561
75 188
75 395
75 266
75 146
75 116
75 104
75 315
75 268
75 562
75 563
75 564
75 565
75 189
75 566
75 567
75 466
75 149
75 465
75 461
75 232
75 185
75 568
75 123
75 340
75 569
75 79
75 118
75 570
75 571
75 572
75 351
75 75
76 419
76 146
76 573
76 322
76 195
76 76
77 332
77 182
77 112
77 180
77 175
77 161
77 196
77 160
77 574
77 119
77 120
77 77
78 575
78 127
78 132
78 135
78 321
78 200
78 335
78 104
78 399
78 576
78 78
79 183
79 577
79 268
79 578
79 579
79 580
79 581
79 115
79 84
79 400
79 399
79 576
79 104
79 175
79 582
79 126
79 273
79 583
79 193
79 360
79 119
79 160
79 79
80 227
80 133
80 584
80 451
80 240
80 585
80 154
80 586
80 332
80 453
80 459
80 553
80 587
80 307
80 259
80 93
80 242
80 404
80 203
80 80
81 233
81 305
81 232
81 179
81 268
81 236
81 93
81 404
81 181
81 380
81 274
81 175
81 112
81 300
81 519
81 588
81 459
81 276
81 200
81 587
81 81
82 589
82 387
82 238
82 142
82 242
82 82
83 353
83 140
83 142
83 331
83 145
83 590
83 149
83 139
83 572
83 152
83 151
83 83
84 397
84 591
84 592
84 211
84 127
84 218
84 593
84 197
84 594
84 214
84 192
84 290
84 327
84 221
84 204
84 400
84 129
84 326
84 517
84 595
84 84
85 428
85 596
85 597
85 377
85 232
85 94
85 453
85 93
85 85
86 182
86 133
86 566
86 86
87 91
87 598
87 203
87 218
87 599
87 517
87 600
87 192
87 593
87 197
87 258
87 87
88 453
88 463
88 92
88 601
88 602
88 603
88 88
89 426
89 484
89 281
89 509
89 429
89 604
89 605
89 606
89 506
89 607
89 395
89 425
89 603
89 608
89 609
89 284
89 602
89 89
90 610
90 255
90 232
90 611
90 268
90 612
90 368
90 613
90 614
90 443
90 90
91 615
91 616
91 617
91 200
91 283
91 618
91 156
91 619
91 573
91 258
91 91
92 620
92 453
92 601
92 188
92 602
92 621
92 622
92 623
92 624
92 464
92 625
92 626
92 190
92 627
92 117
92 628
92 92
93 629
93 98
93 265
93 630
93 375
93 631
93 230
93 350
93 456
93 136
93 605
93 632
93 232
93 567
93 236
93 130
93 597
93 596
93 240
93 93
94 453
94 631
94 94
95 375
95 611
95 99
95 633
95 609
95 456
95 95
96 96
97 634
97 597
97 635
97 626
97 97
98 134
98 601
98 188
98 98
99 597
99 99
100 264
100 195
100 270
100 636
100 581
100 403
100 131
100 467
100 637
100 127
100 553
100 100
101 338
101 369
101 101
102 638
102 245
102 613
102 102
103 153
103 332
103 134
103 500
103 403
103 127
103 200
103 217
103 639
103 326
103 104
103 103
104 332
104 544
104 334
104 182
104 330
104 419
104 577
104 413
104 235
104 467
104 377
104 226
104 273
104 438
104 399
104 389
104 209
104 445
104 640
104 199
104 213
104 203
104 195
104 205
104 127
104 641
104 642
104 643
104 595
104 644
104 645
104 197
104 646
104 283
104 128
104 202
104 258
104 115
104 647
104 212
104 290
104 204
104 217
104 648
104 649
104 650
104 502
104 250
104 320
104 201
104 360
104 200
104 471
104 216
104 436
104 215
104 306
104 104
105 537
105 587
105 424
105 651
105 652
105 451
105 653
105 654
105 655
105 267
105 414
105 656
105 457
105 657
105 133
105 136
105 357
105 658
105 338
105 659
105 660
105 661
105 662
105 663
105 390
105 466
105 664
105 105
106 665
106 666
106 251
106 181
106 127
106 199
106 205
106 262
106 195
106 667
106 216
106 106
107 119
107 295
107 107
108 108
109 116
109 531
109 568
109 118
109 668
109 181
109 123
109 109
110 110
111 332
111 270
111 178
111 669
111 164
111 279
111 670
111 162
111 119
111 167
111 354
111 113
111 169
111 180
111 166
111 111
112 133
112 671
112 175
112 180
112 123
112 161
112 167
112 531
112 119
112 162
112 112
113 668
113 568
113 116
113 178
113 113
114 453
114 672
114 223
114 667
114 224
114 286
114 254
114 673
114 366
114 674
114 114
115 469
115 675
115 676
115 343
115 677
115 268
115 467
115 592
115 126
115 127
115 273
115 647
115 445
115 304
115 389
115 204
115 678
115 438
115 193
115 214
115 212
115 434
115 641
115 205
115 209
115 213
115 306
115 200
115 288
115 679
115 680
115 203
115 197
115 115
116 134
116 184
116 123
116 568
116 118
116 166
116 681
116 132
116 160
116 531
116 119
116 116
117 682
117 516
117 440
117 628
117 204
117 683
117 468
117 117
118 123
118 168
118 668
118 568
118 118
119 232
119 331
119 684
119 568
119 531
119 165
119 177
119 167
119 164
119 181
119 668
119 173
119 175
119 168
119 169
119 160
119 171
119 162
119 178
119 180
119 562
119 296
119 119
120 177
120 162
120 168
120 562
120 165
120 173
120 164
120 171
120 167
120 120
121 428
121 544
121 685
121 330
121 328
121 542
121 251
121 686
121 687
121 289
121 354
121 688
121 286
121 121
122 122
123 182
123 175
123 554
123 689
123 568
123 690
123 123
124 691
124 136
124 428
124 328
124 366
124 286
124 181
124 254
124 692
124 693
124 124
125 683
125 125
126 646
126 273
126 593
126 694
126 695
126 207
126 445
126 218
126 648
126 647
126 198
126 126
127 302
127 136
127 428
127 230
127 242
127 205
127 320
127 193
127 324
127 292
127 323
127 679
127 216
127 438
127 181
127 434
127 273
127 195
127 304
127 206
127 288
127 200
127 696
127 127
128 640
128 199
128 642
128 316
128 128
129 467
129 671
129 697
129 193
129 326
129 400
129 204
129 698
129 436
129 129
130 134
130 610
130 133
130 296
130 699
130 700
130 584
130 329
130 154
130 535
130 701
130 459
130 702
130 233
130 613
130 480
130 136
130 703
130 676
130 130
131 243
131 312
131 469
131 546
131 500
131 637
131 616
131 330
131 258
131 131
132 474
132 564
132 133
132 281
132 233
132 212
132 445
132 132
133 584
133 134
133 154
133 226
133 337
133 480
133 704
133 705
133 690
133 585
133 350
133 662
133 367
133 376
133 239
133 447
133 139
133 417
133 313
133 706
133 371
133 606
133 707
133 444
133 486
133 708
133 253
133 133
134 195
134 393
134 523
134 605
134 709
134 386
134 710
134 310
134 339
134 597
134 585
134 567
134 430
134 711
134 503
134 396
134 544
134 466
134 712
134 713
134 456
134 147
134 366
134 479
134 692
134 183
134 154
134 714
134 226
134 331
134 134
135 611
135 564
135 301
135 715
135 575
135 716
135 717
135 312
135 532
135 212
135 681
135 135
136 710
136 661
136 451
136 237
136 242
136 268
136 181
136 584
136 137
136 553
136 238
136 375
136 453
136 587
136 412
136 320
136 213
136 361
136 229
136 442
136 519
136 419
136 232
136 458
136 331
136 136
137 229
137 239
137 137
138 146
138 145
138 138
139 146
139 147
139 141
139 149
139 145
139 298
139 266
139 353
139 503
139 142
139 299
139 348
139 718
139 151
139 331
139 328
139 648
139 395
139 719
139 572
139 720
139 504
139 144
139 148
139 721
139 313
139 311
139 312
139 332
139 139
140 353
140 722
140 718
140 141
140 145
140 151
140 140
141 142
141 353
141 151
141 722
141 648
141 590
141 403
141 146
141 147
141 149
141 145
141 723
141 442
141 312
141 503
141 354
141 331
141 577
141 141
142 722
142 146
142 238
142 145
142 724
142 725
142 632
142 503
142 331
142 412
142 726
142 395
142 590
142 380
142 727
142 728
142 729
142 589
142 410
142 298
142 409
142 275
142 730
142 142
143 558
143 731
143 386
143 732
143 733
143 363
143 555
143 143
144 370
144 415
144 330
144 734
144 145
144 735
144 266
144 240
144 572
144 184
144 236
144 353
144 149
144 371
144 151
144 144
145 370
145 572
145 146
145 353
145 149
145 331
145 184
145 736
145 147
145 504
145 148
145 361
145 315
145 238
145 427
145 228
145 151
145 145
146 151
146 313
146 182
146 149
146 737
146 238
146 572
146 506
146 738
146 353
146 719
146 395
146 146
147 205
147 572
147 363
147 718
147 377
147 151
147 147
148 266
148 720
148 736
148 370
148 572
148 184
148 504
148 149
148 151
148 691
148 148
149 151
149 353
149 572
149 240
149 539
149 182
149 242
149 403
149 577
149 149
150 240
150 150
151 738
151 266
151 370
151 734
151 558
151 299
151 556
151 242
151 736
151 572
151 739
151 740
151 184
151 722
151 741
151 151
152 395
152 742
152 743
152 411
152 744
152 745
152 746
152 355
152 589
152 747
152 590
152 152
153 217
153 153
154 376
154 236
154 676
154 361
154 444
154 345
154 414
154 585
154 343
154 417
154 584
154 374
154 377
154 154
155 268
155 686
155 701
155 661
155 267
155 155
156 334
156 740
156 245
156 331
156 332
156 748
156 156
157 749
157 750
157 660
157 751
157 390
157 752
157 394
157 753
157 182
157 754
157 648
157 157
158 755
158 433
158 158
159 756
159 757
159 758
159 159
160 189
160 182
160 184
160 583
160 160
161 583
161 175
161 195
161 326
161 196
161 400
161 698
161 296
161 197
161 161
162 632
162 350
162 759
162 488
162 321
162 162
163 270
163 172
163 166
163 167
163 321
163 164
163 163
164 238
164 171
164 173
164 166
164 562
164 165
164 167
164 296
164 164
165 181
165 491
165 167
165 360
165 177
165 165
166 236
166 531
166 166
167 236
167 562
167 321
167 690
167 531
167 167
168 168
169 489
169 169
170 500
170 583
170 170
171 296
171 562
171 171
172 172
173 173
174 174
175 389
175 583
175 180
175 219
175 196
175 195
175 760
175 181
175 197
175 326
175 175
176 583
176 181
176 176
177 243
177 177
178 279
178 668
178 178
179 179
180 343
180 548
180 313
180 196
180 180
181 230
181 233
181 240
181 236
181 276
181 761
181 531
181 295
181 562
181 286
181 762
181 291
181 181
182 566
182 186
182 763
182 699
182 624
182 383
182 358
182 188
182 392
182 380
182 714
182 340
182 723
182 725
182 366
182 190
182 550
182 764
182 565
182 601
182 603
182 765
182 189
182 184
182 182
183 184
183 268
183 571
183 188
183 190
183 578
183 205
183 183
184 370
184 558
184 299
184 741
184 415
184 572
184 328
184 353
184 363
184 388
184 735
184 766
184 568
184 330
184 577
184 266
184 189
184 184
185 579
185 602
185 548
185 710
185 767
185 428
185 638
185 637
185 413
185 185
186 465
186 566
186 765
186 395
186 588
186 186
187 768
187 659
187 454
187 587
187 769
187 653
187 466
187 770
187 561
187 771
187 662
187 577
187 187
188 453
188 190
188 772
188 463
188 622
188 601
188 621
188 577
188 773
188 188
189 566
189 565
189 572
189 189
190 453
190 463
190 315
190 621
190 190
191 697
191 774
191 775
191 247
191 502
191 445
191 205
191 287
191 223
191 322
191 191
192 362
192 327
192 360
192 591
192 221
192 214
192 593
192 400
192 195
192 774
192 517
192 599
192 600
192 598
192 211
192 445
192 218
192 203
192 192
193 704
193 195
193 209
193 292
193 262
193 648
193 324
193 438
193 360
193 389
193 316
193 203
193 399
193 776
193 193
194 693
194 777
194 254
194 674
194 488
194 670
194 194
195 268
195 332
195 236
195 677
195 598
195 219
195 778
195 273
195 200
195 389
195 196
195 203
195 779
195 262
195 316
195 472
195 288
195 471
195 211
195 326
195 206
195 690
195 776
195 438
195 213
195 780
195 445
195 360
195 209
195 363
195 694
195 217
195 195
196 203
196 326
196 781
196 219
196 389
196 288
196 779
196 211
196 196
197 774
197 511
197 221
197 204
197 214
197 628
197 326
197 206
197 400
197 583
197 646
197 440
197 211
197 593
197 203
197 694
197 205
197 782
197 779
197 697
197 218
197 641
197 197
198 783
198 784
198 288
198 686
198 724
198 285
198 362
198 785
198 214
198 220
198 779
198 215
198 648
198 217
198 198
199 218
199 640
199 644
199 595
199 645
199 641
199 786
199 642
199 270
199 646
199 544
199 469
199 332
199 691
199 787
199 616
199 283
199 258
199 204
199 199
200 257
200 334
200 232
200 649
200 201
200 205
200 360
200 437
200 290
200 273
200 292
200 217
200 324
200 473
200 335
200 200
201 257
201 334
201 250
201 398
201 347
201 585
201 213
201 320
201 473
201 201
202 290
202 502
202 370
202 415
202 572
202 331
202 262
202 788
202 205
202 322
202 202
203 232
203 271
203 334
203 377
203 389
203 216
203 789
203 292
203 204
203 360
203 250
203 210
203 209
203 437
203 208
203 273
203 206
203 593
203 790
203 215
203 262
203 212
203 290
203 217
203 445
203 502
203 213
203 327
203 471
203 203
204 400
204 445
204 216
204 211
204 218
204 207
204 593
204 647
204 791
204 221
204 210
204 335
204 782
204 389
204 215
204 206
204 288
204 290
204 209
204 697
204 273
204 214
204 204
205 694
205 213
205 262
205 209
205 321
205 214
205 221
205 445
205 438
205 326
205 399
205 212
205 360
205 205
206 212
206 389
206 472
206 211
206 363
206 628
206 215
206 697
206 326
206 206
207 467
207 791
207 218
207 211
207 445
207 273
207 647
207 342
207 595
207 207
208 403
208 214
208 595
208 217
208 208
209 403
209 671
209 675
209 424
209 232
209 273
209 438
209 445
209 321
209 360
209 399
209 213
209 697
209 641
209 209
210 577
210 211
210 218
210 400
210 288
210 697
210 791
210 679
210 780
210 214
210 210
211 792
211 221
211 400
211 559
211 218
211 214
211 212
211 697
211 440
211 793
211 327
211 791
211 215
211 471
211 794
211 326
211 211
212 365
212 676
212 285
212 792
212 471
212 436
212 283
212 363
212 795
212 796
212 306
212 473
212 212
213 687
213 691
213 242
213 428
213 292
213 360
213 437
213 262
213 502
213 649
213 273
213 213
214 591
214 288
214 218
214 215
214 362
214 220
214 779
214 641
214 785
214 221
214 400
214 697
214 217
214 517
214 593
214 214
215 779
215 598
215 218
215 288
215 389
215 438
215 220
215 641
215 785
215 217
215 695
215 797
215 215
216 544
216 774
216 242
216 500
216 220
216 292
216 793
216 216
217 798
217 577
217 362
217 779
217 598
217 273
217 628
217 334
217 531
217 438
217 639
217 217
218 400
218 724
218 697
218 694
218 471
218 591
218 649
218 791
218 799
218 221
218 594
218 695
218 691
218 800
218 288
218 789
218 218
219 389
219 801
219 219
220 554
220 598
220 785
220 362
220 779
220 288
220 646
220 220
221 591
221 741
221 802
221 803
221 593
221 221
222 548
222 677
222 494
222 804
222 222
223 494
223 805
223 354
223 673
223 674
223 223
224 805
224 224
225 527
225 225
226 806
226 531
226 323
226 409
226 577
226 517
226 377
226 367
226 226
227 807
227 398
227 240
227 403
227 339
227 270
227 313
227 227
228 453
228 228
229 297
229 442
229 774
229 808
229 238
229 612
229 239
229 232
229 229
230 239
230 242
230 253
230 809
230 345
230 333
230 230
231 231
232 237
232 443
232 281
232 691
232 242
232 253
232 810
232 305
232 811
232 238
232 812
232 304
232 813
232 533
232 814
232 632
232 659
232 589
232 438
232 815
232 377
232 584
232 710
232 239
232 606
232 234
232 254
232 232
233 816
233 375
233 233
234 540
234 661
234 304
234 567
234 414
234 451
234 457
234 455
234 817
234 256
234 234
235 235
236 818
236 339
236 315
236 704
236 304
236 584
236 630
236 632
236 819
236 701
236 268
236 706
236 623
236 443
236 820
236 463
236 821
236 531
236 502
236 354
236 236
237 708
237 563
237 452
237 822
237 427
237 823
237 512
237 459
237 486
237 446
237 237
238 589
238 503
238 242
238 433
238 305
238 811
238 824
238 812
238 329
238 590
238 238
239 442
239 825
239 775
239 443
239 439
239 404
239 247
239 305
239 239
240 339
240 483
240 465
240 242
240 366
240 455
240 414
240 315
240 826
240 451
240 474
240 268
240 587
240 584
240 391
240 240
241 827
241 417
241 577
241 241
242 395
242 430
242 828
242 829
242 302
242 825
242 331
242 590
242 830
242 632
242 372
242 587
242 451
242 503
242 242
243 377
243 831
243 469
243 500
243 243
244 353
244 334
244 245
244 249
244 247
244 244
245 361
245 398
245 584
245 249
245 245
246 246
247 330
247 774
247 378
247 391
247 442
247 832
247 808
247 833
247 511
247 554
247 247
248 305
248 248
249 366
249 686
249 251
249 428
249 701
249 283
249 249
250 332
250 419
250 257
250 330
250 436
250 334
250 834
250 250
251 320
251 710
251 305
251 432
251 251
252 252
253 676
253 809
253 584
253 333
253 337
253 345
253 258
253 268
253 253
254 332
254 835
254 366
254 836
254 837
254 488
254 838
254 693
254 276
254 354
254 286
254 254
255 268
255 613
255 571
255 611
255 715
255 498
255 658
255 768
255 839
255 840
255 841
255 255
256 457
256 353
256 315
256 659
256 842
256 567
256 843
256 368
256 422
256 256
257 347
257 257
258 671
258 665
258 332
258 419
258 471
258 292
258 304
258 258
259 417
259 717
259 844
259 845
259 754
259 457
259 259
260 260
261 376
261 367
261 261
262 438
262 287
262 502
262 445
262 262
263 846
263 847
263 446
263 848
263 563
263 263
264 306
264 271
264 849
264 283
264 264
265 597
265 375
265 265
266 850
266 556
266 709
266 851
266 572
266 555
266 299
266 502
266 718
266 340
266 266
267 424
267 315
267 367
267 658
267 656
267 368
267 766
267 451
267 364
267 353
267 357
267 662
267 394
267 361
267 852
267 414
267 567
267 339
267 267
268 710
268 701
268 853
268 854
268 613
268 700
268 587
268 268
269 584
269 814
269 350
269 855
269 619
269 856
269 828
269 398
269 377
269 815
269 631
269 857
269 269
270 858
270 859
270 860
270 391
270 332
270 749
270 403
270 433
270 355
270 354
270 371
270 313
270 397
270 835
270 270
271 271
272 500
272 861
272 688
272 354
272 272
273 469
273 593
273 445
273 694
273 436
273 389
273 592
273 326
273 862
273 438
273 381
273 273
274 414
274 863
274 450
274 377
274 278
274 457
274 352
274 274
275 755
275 858
275 387
275 864
275 412
275 590
275 392
275 457
275 298
275 865
275 332
275 413
275 275
276 693
276 322
276 866
276 276
277 846
277 823
277 867
277 553
277 563
277 868
277 869
277 870
277 847
277 277
278 871
278 567
278 414
278 653
278 597
278 416
278 371
278 450
278 278
279 371
279 391
279 531
279 670
279 693
279 279
280 338
280 280
281 484
281 509
281 429
281 425
281 426
281 443
281 281
282 494
282 354
282 282
283 728
283 590
283 685
283 724
283 433
283 541
283 392
283 542
283 428
283 328
283 419
283 283
284 539
284 484
284 505
284 499
284 507
284 284
285 288
285 285
286 872
286 564
286 345
286 873
286 294
286 874
286 366
286 875
286 876
286 877
286 878
286 488
286 838
286 286
287 287
288 583
288 400
288 779
288 780
288 785
288 326
288 288
289 670
289 354
289 692
289 879
289 836
289 693
289 837
289 494
289 667
289 289
290 445
290 591
290 335
290 321
290 724
290 546
290 290
291 291
292 413
292 782
292 292
293 293
294 494
294 874
294 294
295 307
295 880
295 295
296 881
296 698
296 440
296 583
296 876
296 296
297 428
297 589
297 442
297 882
297 883
297 297
298 755
298 725
298 430
298 541
298 397
298 729
298 331
298 392
298 395
298 589
298 551
298 884
298 885
298 409
298 787
298 433
298 570
298 886
298 887
298 388
298 883
298 728
298 724
298 315
298 428
298 385
298 408
298 332
298 503
298 298
299 572
299 391
299 544
299 370
299 687
299 413
299 299
300 481
300 848
300 846
300 330
300 300
301 810
301 301
302 379
302 340
302 467
302 381
302 888
302 383
302 384
302 386
302 889
302 890
302 321
302 891
302 892
302 392
302 893
302 894
302 382
302 380
302 385
302 895
302 438
302 302
303 896
303 328
303 303
304 307
304 675
304 329
304 728
304 392
304 519
304 306
304 437
304 304
305 310
305 686
305 897
305 898
305 899
305 748
305 305
306 900
306 437
306 434
306 306
307 760
307 338
307 657
307 377
307 455
307 843
307 816
307 357
307 533
307 457
307 424
307 540
307 880
307 550
307 451
307 307
308 412
308 478
308 308
309 901
309 310
309 902
309 311
309 309
310 311
310 328
310 313
310 898
310 310
311 903
311 904
311 905
311 554
311 906
311 859
311 907
311 328
311 311
312 794
312 314
312 403
312 396
312 711
312 908
312 909
312 456
312 910
312 349
312 710
312 377
312 764
312 717
312 312
313 457
313 901
313 911
313 526
313 522
313 465
313 557
313 437
313 313
314 794
314 456
314 610
314 347
314 395
314 711
314 467
314 314
315 367
315 338
315 353
315 912
315 348
315 826
315 414
315 494
315 531
315 913
315 514
315 377
315 561
315 408
315 357
315 706
315 661
315 315
316 598
316 779
316 321
316 320
316 316
317 317
318 914
318 318
319 696
319 322
319 325
319 516
319 320
319 319
320 915
320 691
320 428
320 362
320 696
320 323
320 321
320 441
320 322
320 324
320 434
320 320
321 567
321 441
321 916
321 399
321 445
321 437
321 914
321 389
321 324
321 438
321 335
321 321
322 696
322 639
322 325
322 322
323 371
323 665
323 324
323 323
324 327
324 362
324 324
325 917
325 628
325 680
325 325
326 591
326 577
326 583
326 389
326 628
326 400
326 594
326 779
326 326
327 362
327 327
328 332
328 580
328 672
328 419
328 414
328 432
328 330
328 542
328 334
328 354
328 541
328 383
328 331
328 328
329 374
329 880
329 377
329 584
329 918
329 710
329 329
330 332
330 419
330 338
330 563
330 335
330 432
330 422
330 542
330 774
330 383
330 826
330 330
331 411
331 430
331 392
331 590
331 406
331 503
331 382
331 729
331 385
331 395
331 723
331 388
331 919
331 433
331 542
331 904
331 380
331 894
331 892
331 331
332 335
332 531
332 542
332 544
332 419
332 371
332 657
332 573
332 860
332 920
332 433
332 389
332 557
332 869
332 640
332 334
332 921
332 336
332 363
332 469
332 563
332 380
332 512
332 383
332 465
332 742
332 456
332 409
332 488
332 332
333 922
333 353
333 367
333 809
333 611
333 923
333 607
333 456
333 375
333 924
333 633
333 333
334 542
334 419
334 649
334 531
334 925
334 334
335 907
335 619
335 468
335 335
336 926
336 382
336 432
336 408
336 355
336 467
336 777
336 502
336 336
337 353
337 602
337 637
337 586
337 660
337 428
337 337
338 927
338 553
338 339
338 353
338 760
338 928
338 929
338 343
338 564
338 930
338 544
338 931
338 367
338 483
338 575
338 932
338 338
339 933
339 353
339 657
339 934
339 361
339 364
339 845
339 760
339 339
340 383
340 935
340 888
340 895
340 890
340 891
340 735
340 384
340 392
340 936
340 415
340 356
340 572
340 907
340 379
340 889
340 570
340 937
340 363
340 577
340 381
340 883
340 412
340 511
340 388
340 370
340 340
341 880
341 341
342 445
342 399
342 697
342 342
343 676
343 488
343 567
343 659
343 540
343 938
343 563
343 465
343 414
343 548
343 343
344 349
344 344
345 417
345 398
345 550
345 367
345 374
345 345
346 589
346 939
346 940
346 941
346 355
346 942
346 742
346 943
346 745
346 944
346 945
346 747
346 346
347 444
347 610
347 584
347 347
348 946
348 522
348 361
348 348
349 947
349 710
349 948
349 365
349 349
350 631
350 726
350 704
350 367
350 686
350 828
350 553
350 869
350 843
350 350
351 659
351 587
351 949
351 466
351 561
351 454
351 768
351 655
351 950
351 653
351 951
351 952
351 351
352 537
352 567
352 500
352 953
352 577
352 391
352 840
352 352
353 355
353 414
353 367
353 929
353 398
353 572
353 858
353 766
353 370
353 504
353 364
353 719
353 357
353 954
353 353
354 356
354 355
354 955
354 665
354 956
354 957
354 500
354 391
354 467
354 401
354 488
354 494
354 693
354 692
354 366
354 415
354 531
354 690
354 958
354 837
354 667
354 670
354 873
354 354
355 590
355 542
355 406
355 724
355 388
355 589
355 944
355 723
355 743
355 398
355 585
355 945
355 959
355 746
355 960
355 744
355 467
355 391
355 409
355 904
355 469
355 749
355 551
355 413
355 355
356 888
356 382
356 415
356 890
356 895
356 356
357 451
357 368
357 920
357 377
357 749
357 514
357 768
357 706
357 961
357 424
357 547
357 357
358 520
358 710
358 764
358 358
359 471
359 360
359 359
360 795
360 399
360 435
360 360
361 465
361 962
361 522
361 431
361 543
361 361
362 785
362 440
362 362
363 471
363 363
364 766
364 953
364 368
364 961
364 364
365 365
366 687
366 686
366 671
366 766
366 467
366 469
366 674
366 963
366 494
366 964
366 531
366 837
366 488
366 965
366 692
366 878
366 366
367 368
367 961
367 391
367 863
367 659
367 371
367 952
367 414
367 928
367 367
368 953
368 451
368 578
368 368
369 394
369 871
369 608
369 416
369 369
370 415
370 502
370 735
370 370
371 537
371 377
371 466
371 729
371 371
372 703
372 428
372 372
373 373
374 390
374 374
375 453
375 611
375 416
375 607
375 966
375 633
375 967
375 609
375 733
375 968
375 396
375 969
375 420
375 629
375 402
375 970
375 605
375 456
375 871
375 428
375 377
375 375
376 971
376 584
376 444
376 428
376 881
376 972
376 376
377 752
377 453
377 660
377 390
377 584
377 647
377 412
377 587
377 973
377 389
377 974
377 712
377 388
377 466
377 749
377 661
377 377
378 832
378 808
378 658
378 378
379 384
379 783
379 380
379 381
379 975
379 386
379 379
380 392
380 503
380 383
380 386
380 382
380 381
380 384
380 889
380 590
380 729
380 385
380 783
380 412
380 551
380 891
380 380
381 386
381 783
381 935
381 383
381 384
381 382
381 385
381 976
381 889
381 577
381 592
381 381
382 383
382 385
382 386
382 503
382 883
382 382
383 891
383 384
383 385
383 392
383 937
383 386
383 783
383 408
383 895
383 542
383 406
383 795
383 577
383 890
383 383
384 889
384 725
384 385
384 783
384 392
384 386
384 895
384 384
385 729
385 503
385 386
385 385
386 937
386 590
386 386
387 403
387 858
387 889
387 957
387 832
387 590
387 395
387 387
388 725
388 433
388 409
388 808
388 883
388 412
388 632
388 787
388 430
388 728
388 395
388 723
388 977
388 884
388 541
388 885
388 755
388 551
388 570
388 886
388 887
388 388
389 724
389 801
389 445
389 785
389 583
389 780
389 389
390 751
390 656
390 457
390 417
390 978
390 834
390 839
390 390
391 979
391 537
391 901
391 952
391 845
391 391
392 503
392 891
392 729
392 894
392 892
392 980
392 919
392 893
392 975
392 981
392 982
392 438
392 442
392 392
393 393
394 660
394 752
394 751
394 766
394 983
394 845
394 394
395 744
395 943
395 411
395 742
395 433
395 755
395 503
395 551
395 409
395 984
395 985
395 957
395 889
395 570
395 723
395 465
395 942
395 746
395 541
395 747
395 891
395 395
396 456
396 420
396 467
396 396
397 975
397 755
397 941
397 957
397 397
398 839
398 959
398 571
398 700
398 398
399 573
399 580
399 399
400 986
400 698
400 583
400 435
400 697
400 801
400 440
400 797
400 400
401 987
401 656
401 433
401 904
401 988
401 401
402 577
402 696
402 544
402 967
402 467
402 402
403 572
403 433
403 676
403 989
403 403
404 428
404 404
405 730
405 406
405 407
405 405
406 407
406 410
406 990
406 409
406 774
406 551
406 729
406 991
406 406
407 903
407 730
407 408
407 907
407 645
407 774
407 724
407 407
408 891
408 430
408 590
408 704
408 725
408 409
408 410
408 433
408 728
408 858
408 408
409 725
409 891
409 992
409 433
409 412
409 787
409 542
409 410
409 541
409 936
409 430
409 409
410 539
410 551
410 772
410 410
411 589
411 942
411 742
411 744
411 551
411 412
411 725
411 723
411 411
412 982
412 883
412 589
412 723
412 551
412 412
413 748
413 433
413 413
414 913
414 826
414 651
414 661
414 548
414 451
414 506
414 537
414 534
414 704
414 567
414 414
415 850
415 572
415 415
416 871
416 749
416 456
416 611
416 416
417 993
417 483
417 604
417 994
417 522
417 754
417 417
418 847
418 485
418 807
418 563
418 512
418 459
418 418
419 542
419 573
419 774
419 419
420 608
420 420
421 823
421 956
421 995
421 553
421 563
421 446
421 421
422 996
422 659
422 422
423 423
424 658
424 839
424 928
424 429
424 816
424 424
425 425
426 507
426 506
426 997
426 508
426 907
426 475
426 863
426 998
426 499
426 867
426 999
426 516
426 426
427 427
428 453
428 897
428 883
428 1000
428 553
428 459
428 918
428 542
428 816
428 774
428 519
428 545
428 631
428 1001
428 428
429 496
429 499
429 498
429 484
429 509
429 429
430 755
430 903
430 891
430 1002
430 430
431 931
431 962
431 906
431 1003
431 1004
431 859
431 609
431 821
431 431
432 686
432 542
432 926
432 801
432 432
433 885
433 570
433 886
433 787
433 725
433 541
433 992
433 884
433 551
433 755
433 887
433 883
433 728
433 747
433 635
433 539
433 723
433 467
433 686
433 503
433 433
434 690
434 434
435 435
436 438
436 436
437 728
437 500
437 724
437 551
437 437
438 1005
438 649
438 438
439 443
439 639
439 439
440 881
440 698
440 697
440 516
440 805
440 583
440 440
441 441
442 808
442 774
442 833
442 748
442 443
442 503
442 538
442 442
443 443
444 585
444 450
444 587
444 460
444 447
444 567
444 444
445 467
445 694
445 914
445 593
445 640
445 445
446 823
446 483
446 563
446 995
446 481
446 1006
446 476
446 474
446 815
446 446
447 447
448 455
448 448
449 458
449 730
449 449
450 506
450 771
450 499
450 949
450 1007
450 661
450 537
450 835
450 450
451 687
451 656
451 653
451 1008
451 454
451 1009
451 514
451 1010
451 913
451 651
451 655
451 662
451 587
451 661
451 455
451 451
452 483
452 563
452 686
452 452
453 622
453 820
453 1011
453 623
453 624
453 602
453 1012
453 621
453 620
453 1013
453 603
453 703
453 463
453 597
453 707
453 577
453 453
454 587
454 653
454 514
454 659
454 454
455 1008
455 816
455 760
455 455
456 922
456 467
456 456
457 1014
457 1000
457 1015
457 602
457 706
457 547
457 631
457 839
457 457
458 1016
458 699
458 1017
458 979
458 1018
458 700
458 839
458 841
458 458
459 756
459 532
459 563
459 553
459 1019
459 994
459 470
459 512
459 483
459 1020
459 485
459 847
459 1021
459 921
459 1022
459 476
459 1023
459 1024
459 486
459 1025
459 1026
459 1001
459 459
460 631
460 460
461 989
461 1008
461 1027
461 817
461 461
462 462
463 820
463 623
463 773
463 625
463 602
463 1028
463 624
463 1012
463 463
464 601
464 544
464 464
465 764
465 710
465 548
465 522
465 637
465 1029
465 1030
465 465
466 659
466 587
466 769
466 768
466 653
466 951
466 818
466 467
466 548
466 469
466 1009
466 466
467 1031
467 931
467 648
467 1032
467 911
467 488
467 835
467 557
467 964
467 572
467 551
467 467
468 468
469 499
469 809
469 500
469 520
469 835
469 469
470 512
470 756
470 807
470 847
470 1033
470 544
470 470
471 695
471 471
472 472
473 473
474 708
474 1019
474 1034
474 1006
474 848
474 553
474 482
474 474
475 869
475 479
475 484
475 507
475 756
475 475
476 995
476 482
476 932
476 1019
476 994
476 1035
476 485
476 476
477 563
477 477
478 479
478 1036
478 956
478 553
478 480
478 848
478 563
478 478
479 1036
479 956
479 482
479 810
479 995
479 874
479 674
479 479
480 708
480 1037
480 486
480 662
480 705
480 690
480 563
480 846
480 1038
480 553
480 480
481 867
481 848
481 994
481 481
482 1039
482 486
482 490
482 521
482 1040
482 496
482 606
482 708
482 483
482 1041
482 1007
482 563
482 498
482 1034
482 1042
482 1021
482 485
482 994
482 868
482 482
483 485
483 708
483 563
483 994
483 548
483 869
483 870
483 1023
483 483
484 509
484 604
484 507
484 484
485 564
485 756
485 921
485 1019
485 994
485 512
485 847
485 1022
485 1035
485 485
486 563
486 756
486 1025
486 1043
486 1044
486 486
487 487
488 494
488 873
488 693
488 674
488 688
488 877
488 1045
488 488
489 490
489 489
490 496
490 606
490 521
490 1040
490 631
490 516
490 490
491 491
492 492
493 493
494 805
494 873
494 688
494 1046
494 874
494 667
494 877
494 693
494 494
495 978
495 495
496 606
496 1040
496 496
497 1047
497 763
497 699
497 978
497 498
497 497
498 1000
498 1048
498 700
498 498
499 606
499 538
499 505
499 536
499 506
499 561
499 729
499 507
499 499
500 659
500 642
500 637
500 820
500 548
500 817
500 500
501 501
502 504
502 572
502 650
502 502
503 1049
503 729
503 892
503 891
503 980
503 919
503 723
503 725
503 894
503 832
503 548
503 551
503 503
504 735
504 572
504 740
504 504
505 524
505 508
505 505
506 508
506 889
506 606
506 561
506 539
506 516
506 998
506 941
506 506
507 510
507 754
507 606
507 717
507 508
507 507
508 520
508 1049
508 711
508 508
509 509
510 510
511 697
511 907
511 903
511 1050
511 888
511 774
511 808
511 833
511 895
511 832
511 991
511 511
512 847
512 807
512 756
512 1033
512 563
512 512
513 1051
513 513
514 770
514 514
515 515
516 516
517 591
517 593
517 599
517 600
517 598
517 531
517 835
517 517
518 518
519 519
520 764
520 710
520 577
520 1015
520 528
520 520
521 606
521 521
522 821
522 1052
522 764
522 527
522 569
522 545
522 522
523 577
523 523
524 524
525 525
526 901
526 528
526 557
526 911
526 1053
526 526
527 764
527 821
527 548
527 527
528 557
528 902
528 528
529 949
529 529
530 880
530 530
531 704
531 686
531 1054
531 830
531 679
531 653
531 531
532 756
532 611
532 532
533 533
534 1055
534 534
535 535
536 536
537 949
537 1056
537 537
538 538
539 539
540 548
540 1008
540 540
541 755
541 724
541 725
541 551
541 728
541 887
541 832
541 885
541 541
542 557
542 616
542 580
542 720
542 686
542 1033
542 708
542 542
543 543
544 580
544 708
544 720
544 640
544 544
545 1052
545 1057
545 568
545 545
546 546
547 547
548 830
548 567
548 563
548 659
548 1058
548 550
548 764
548 815
548 548
549 549
550 764
550 550
551 725
551 884
551 885
551 755
551 787
551 570
551 886
551 887
551 728
551 724
551 729
551 589
551 883
551 551
552 567
552 1059
552 662
552 1060
552 852
552 552
553 868
553 927
553 848
553 1061
553 1006
553 564
553 708
553 823
553 867
553 563
553 553
554 859
554 832
554 686
554 1062
554 1008
554 774
554 591
554 833
554 554
555 572
555 555
556 572
556 720
556 719
556 556
557 911
557 902
557 1053
557 901
557 557
558 740
558 558
559 1063
559 559
560 911
560 901
560 1053
560 1064
560 859
560 1065
560 560
561 587
561 653
561 659
561 567
561 768
561 676
561 577
561 561
562 562
563 995
563 868
563 994
563 761
563 867
563 823
563 848
563 577
563 847
563 708
563 956
563 807
563 659
563 1025
563 563
564 815
564 823
564 1037
564 564
565 566
565 881
565 565
566 566
567 655
567 597
567 1060
567 659
567 953
567 567
568 668
568 568
569 569
570 594
570 887
570 884
570 885
570 787
570 755
570 886
570 725
570 570
571 611
571 959
571 979
571 658
571 571
572 709
572 850
572 572
573 573
574 574
575 575
576 576
577 1066
577 1067
577 610
577 1068
577 670
577 655
577 1069
577 602
577 603
577 658
577 1070
577 810
577 865
577 890
577 714
577 577
578 843
578 578
579 579
580 685
580 580
581 756
581 581
582 582
583 805
583 779
583 698
583 583
584 662
584 676
584 705
584 690
584 982
584 699
584 584
585 882
585 637
585 585
586 1030
586 1071
586 586
587 951
587 653
587 952
587 769
587 768
587 655
587 659
587 950
587 654
587 818
587 771
587 1072
587 953
587 686
587 587
588 661
588 588
589 939
589 742
589 746
589 944
589 743
589 960
589 945
589 747
589 723
589 590
589 755
589 729
589 589
590 723
590 944
590 725
590 743
590 724
590 742
590 745
590 590
591 1073
591 594
591 649
591 593
591 894
591 724
591 591
592 1074
592 744
592 1075
592 694
592 592
593 599
593 647
593 598
593 600
593 694
593 593
594 724
594 594
595 741
595 785
595 595
596 597
596 596
597 707
597 1031
597 714
597 924
597 620
597 1076
597 653
597 1061
597 622
597 740
597 952
597 602
597 597
598 785
598 600
598 779
598 598
599 741
599 724
599 964
599 599
600 1045
600 600
601 622
601 621
601 601
602 620
602 854
602 740
602 629
602 602
603 620
603 603
604 604
605 871
605 605
606 1040
606 606
607 923
607 633
607 984
607 607
608 871
608 608
609 821
609 1077
609 966
609 611
609 1078
609 609
610 1000
610 613
610 610
611 967
611 1079
611 1080
611 984
611 922
611 1081
611 1082
611 1083
611 611
612 1018
612 612
613 853
613 699
613 613
614 614
615 615
616 1084
616 616
617 617
618 618
619 619
620 736
620 620
621 622
621 1012
621 621
622 622
623 820
623 623
624 676
624 624
625 625
626 635
626 626
627 627
628 682
628 639
628 628
629 871
629 629
630 630
631 631
632 729
632 858
632 632
633 984
633 923
633 871
633 968
633 1077
633 633
634 634
635 736
635 1013
635 635
636 636
637 676
637 637
638 638
639 639
640 642
640 641
640 645
640 644
640 640
641 642
641 641
642 644
642 642
643 643
644 644
645 645
646 786
646 782
646 785
646 646
647 791
647 694
647 647
648 659
648 772
648 782
648 648
649 774
649 695
649 697
649 649
650 1085
650 650
651 651
652 852
652 652
653 659
653 769
653 768
653 655
653 771
653 653
654 654
655 768
655 952
655 655
656 824
656 978
656 845
656 660
656 751
656 656
657 934
657 1086
657 1087
657 986
657 1088
657 657
658 852
658 658
659 768
659 771
659 1059
659 961
659 663
659 676
659 659
660 753
660 1083
660 751
660 703
660 983
660 660
661 714
661 661
662 705
662 690
662 1089
662 662
663 1090
663 663
664 989
664 664
665 665
666 666
667 879
667 693
667 667
668 668
669 669
670 835
670 777
670 1091
670 670
671 671
672 672
673 673
674 874
674 1046
674 693
674 674
675 675
676 676
677 677
678 678
679 1092
679 679
680 680
681 681
682 682
683 683
684 684
685 685
686 1006
686 703
686 702
686 691
686 697
686 1066
686 1000
686 686
687 883
687 687
688 693
688 688
689 689
690 974
690 705
690 852
690 690
691 883
691 691
692 1085
692 692
693 1093
693 693
694 695
694 785
694 694
695 695
696 774
696 789
696 696
697 789
697 796
697 800
697 697
698 1094
698 805
698 986
698 878
698 698
699 839
699 699
700 839
700 1095
700 700
701 701
702 782
702 702
703 774
703 703
704 995
704 1096
704 704
705 993
705 846
705 1097
705 1042
705 1037
705 1038
705 754
705 705
706 852
706 1009
706 824
706 953
706 706
707 707
708 815
708 1037
708 1034
708 1097
708 848
708 708
709 720
709 850
709 732
709 731
709 709
710 860
710 1049
710 899
710 710
711 794
711 711
712 712
713 1098
713 987
713 713
714 949
714 714
715 715
716 716
717 811
717 717
718 907
718 718
719 719
720 720
721 721
722 736
722 722
723 944
723 743
723 939
723 746
723 985
723 1099
723 957
723 940
723 745
723 945
723 723
724 725
724 728
724 797
724 786
724 729
724 724
725 728
725 977
725 884
725 885
725 755
725 787
725 886
725 887
725 725
726 726
727 730
727 991
727 1002
727 975
727 727
728 858
728 728
729 755
729 982
729 944
729 981
729 980
729 729
730 973
730 1002
730 991
730 730
731 731
732 732
733 820
733 733
734 734
735 936
735 735
736 736
737 792
737 737
738 738
739 739
740 740
741 964
741 741
742 747
742 944
742 943
742 745
742 742
743 745
743 944
743 744
743 782
743 747
743 743
744 939
744 747
744 944
744 745
744 744
745 944
745 747
745 745
746 746
747 939
747 1074
747 747
748 748
749 871
749 749
750 750
751 751
752 753
752 752
753 811
753 753
754 754
755 884
755 885
755 787
755 886
755 887
755 774
755 755
756 1044
756 1026
756 807
756 1100
756 1019
756 1024
756 847
756 1025
756 756
757 757
758 758
759 759
760 934
760 929
760 760
761 761
762 762
763 1047
763 763
764 794
764 821
764 1101
764 1052
764 764
765 773
765 765
766 766
767 1102
767 767
768 769
768 952
768 768
769 818
769 974
769 1072
769 769
770 1103
770 952
770 770
771 818
771 771
772 975
772 772
773 895
773 773
774 832
774 883
774 808
774 833
774 774
775 775
776 776
777 777
778 778
779 785
779 779
780 780
781 781
782 785
782 782
783 889
783 935
783 884
783 894
783 890
783 783
784 784
785 785
786 786
787 884
787 885
787 886
787 887
787 787
788 788
789 789
790 790
791 791
792 1066
792 1068
792 1004
792 1104
792 1077
792 792
793 808
793 793
794 1065
794 902
794 794
795 795
796 796
797 797
798 925
798 798
799 799
800 800
801 1105
801 801
802 802
803 803
804 804
805 805
806 849
806 806
807 1096
807 847
807 1033
807 1022
807 807
808 832
808 833
808 808
809 809
810 1036
810 956
810 810
811 845
811 811
812 812
813 824
813 813
814 814
815 848
815 846
815 822
815 815
816 816
817 989
817 817
818 952
818 1057
818 951
818 818
819 852
819 819
820 820
821 1052
821 821
822 822
823 1035
823 869
823 867
823 1106
823 823
824 824
825 825
826 826
827 1061
827 827
828 828
829 829
830 975
830 830
831 831
832 833
832 907
832 832
833 1107
833 833
834 834
835 1108
835 858
835 1009
835 1109
835 1110
835 835
836 837
836 879
836 836
837 837
838 838
839 979
839 839
840 840
841 841
842 842
843 843
844 844
845 845
846 1097
846 1042
846 1034
846 1038
846 846
847 1044
847 1097
847 1033
847 847
848 1034
848 1042
848 1036
848 1097
848 848
849 849
850 850
851 851
852 928
852 852
853 868
853 853
854 1111
854 870
854 922
854 867
854 868
854 854
855 855
856 856
857 857
858 1112
858 858
859 962
859 1004
859 906
859 859
860 1049
860 988
860 987
860 860
861 861
862 862
863 863
864 975
864 1112
864 864
865 865
866 866
867 868
867 1111
867 869
867 867
868 1111
868 868
869 1034
869 870
869 1113
869 1037
869 869
870 870
871 871
872 872
873 1114
873 873
874 874
875 875
876 876
877 1094
877 877
878 878
879 879
880 880
881 881
882 882
883 1115
883 883
884 885
884 886
884 887
884 884
885 886
885 887
885 885
886 887
886 886
887 887
888 895
888 935
888 890
888 888
889 1116
889 977
889 889
890 906
890 895
890 890
891 891
892 892
893 980
893 1010
893 982
893 894
893 975
893 919
893 981
893 893
894 980
894 975
894 982
894 919
894 894
895 935
895 923
895 895
896 896
897 1117
897 897
898 899
898 898
899 1057
899 899
900 900
901 1065
901 911
901 901
902 902
903 1050
903 907
903 903
904 904
905 905
906 1003
906 1004
906 1066
906 1068
906 910
906 906
907 991
907 1002
907 907
908 908
909 1068
909 1066
909 1004
909 1104
909 1077
909 909
910 910
911 1065
911 1064
911 1053
911 911
912 912
913 913
914 914
915 915
916 916
917 917
918 1118
918 918
919 980
919 982
919 919
920 1089
920 920
921 1001
921 921
922 1022
922 922
923 984
923 923
924 924
925 925
926 926
927 1061
927 927
928 928
929 1119
929 929
930 1010
930 1120
930 930
931 962
931 1004
931 931
932 932
933 933
934 986
934 1086
934 934
935 935
936 936
937 937
938 938
939 940
939 945
939 939
940 941
940 940
941 957
941 941
942 942
943 943
944 944
945 945
946 946
947 947
948 948
949 951
949 949
950 950
951 951
952 952
953 961
953 953
954 954
955 955
956 1036
956 994
956 995
956 956
957 1062
957 1099
957 985
957 957
958 958
959 1121
959 959
960 960
961 961
962 962
963 963
964 964
965 965
966 966
967 1083
967 1079
967 967
968 968
969 969
970 970
971 971
972 972
973 973
974 974
975 980
975 982
975 975
976 976
977 977
978 1122
978 978
979 1067
979 979
980 1123
980 982
980 980
981 981
982 982
983 983
984 984
985 985
986 1086
986 986
987 1049
987 987
988 1049
988 988
989 1008
989 989
990 990
991 1002
991 991
992 992
993 993
994 1042
994 1111
994 995
994 1025
994 994
995 995
996 1122
996 996
997 1124
997 997
998 998
999 999
1000 1048
1000 1125
1000 1000
1001 1001
1002 1002
1003 1066
1003 1004
1003 1068
1003 1104
1003 1003
1004 1066
1004 1068
1004 1104
1004 1069
1004 1004
1005 1005
1006 1006
1007 1007
1008 1126
1008 1008
1009 1009
1010 1010
1011 1011
1012 1012
1013 1013
1014 1014
1015 1015
1016 1067
1016 1018
1016 1016
1017 1017
1018 1067
1018 1018
1019 1019
1020 1020
1021 1021
1022 1127
1022 1022
1023 1096
1023 1023
1024 1024
1025 1044
1025 1025
1026 1026
1027 1027
1028 1028
1029 1029
1030 1030
1031 1068
1031 1077
1031 1031
1032 1032
1033 1033
1034 1042
1034 1038
1034 1097
1034 1037
1034 1034
1035 1035
1036 1036
1037 1037
1038 1042
1038 1097
1038 1038
1039 1039
1040 1040
1041 1041
1042 1097
1042 1042
1043 1043
1044 1111
1044 1044
1045 1045
1046 1046
1047 1047
1048 1048
1049 1049
1050 1050
1051 1051
1052 1128
1052 1052
1053 1053
1054 1054
1055 1055
1056 1056
1057 1057
1058 1058
1059 1059
1060 1060
1061 1061
1062 1062
1063 1063
1064 1064
1065 1104
1065 1065
1066 1069
1066 1068
1066 1104
1066 1077
1066 1066
1067 1067
1068 1104
1068 1069
1068 1077
1068 1068
1069 1104
1069 1069
1070 1070
1071 1071
1072 1129
1072 1072
1073 1073
1074 1074
1075 1075
1076 1076
1077 1078
1077 1077
1078 1078
1079 1083
1079 1130
1079 1079
1080 1080
1081 1081
1082 1082
1083 1083
1084 1084
1085 1085
1086 1131
1086 1086
1087 1088
1087 1087
1088 1088
1089 1089
1090 1090
1091 1091
1092 1092
1093 1093
1094 1094
1095 1132
1095 1095
1096 1096
1097 1111
1097 1097
1098 1098
1099 1099
1100 1100
1101 1101
1102 1102
1103 1103
1104 1104
1105 1105
1106 1106
1107 1107
1108 1108
1109 1109
1110 1110
1111 1111
1112 1112
1113 1113
1114 1114
1115 1115
1116 1116
1117 1117
1118 1118
1119 1119
1120 1120
1121 1121
1122 1122
1123 1123
1124 1124
1125 1125
1126 1126
1127 1127
1128 1128
1129 1129
1130 1130
1131 1131
1132 1132
