0 0
0 1
0 2
0 3
0 4
0 5
1 1
1 6
1 3
1 4
1 7
2 22
2 2
2 3
2 23
2 5
3 3
3 4
3 5
3 24
3 25
3 26
4 6
4 4
4 7
4 25
4 27
4 28
5 22
5 23
5 5
5 46
5 47
5 26
6 6
6 8
6 7
6 9
7 8
7 7
7 9
7 28
7 29
7 30
8 8
8 10
8 9
8 11
9 10
9 9
9 11
9 30
9 31
9 32
10 10
10 12
10 11
10 13
11 12
11 11
11 13
11 32
11 33
11 34
12 12
12 14
12 13
12 15
13 14
13 13
13 15
13 34
13 35
13 36
14 14
14 16
14 15
14 17
15 16
15 15
15 17
15 36
15 37
15 38
16 16
16 18
16 17
16 19
17 18
17 17
17 19
17 38
17 39
17 40
18 18
18 20
18 19
18 21
19 20
19 19
19 21
19 40
19 41
19 42
20 20
20 22
20 21
20 23
21 22
21 21
21 23
21 42
21 43
21 44
22 22
22 23
23 23
23 44
23 45
23 46
24 24
24 25
24 26
24 48
24 49
24 50
25 25
25 27
25 48
25 49
25 51
26 47
26 26
26 48
26 71
26 50
27 27
27 28
27 49
27 51
27 52
28 28
28 29
28 51
28 52
28 53
29 29
29 30
29 52
29 53
29 54
30 30
30 31
30 53
30 54
30 55
31 31
31 32
31 54
31 55
31 56
32 32
32 33
32 55
32 56
32 57
33 33
33 34
33 56
33 57
33 58
34 34
34 35
34 57
34 58
34 59
35 35
35 36
35 58
35 59
35 60
36 36
36 37
36 59
36 60
36 61
37 37
37 38
37 60
37 61
37 62
38 38
38 39
38 61
38 62
38 63
39 39
39 40
39 62
39 63
39 64
40 40
40 41
40 63
40 64
40 65
41 41
41 42
41 64
41 65
41 66
42 42
42 43
42 65
42 66
42 67
43 43
43 44
43 66
43 67
43 68
44 44
44 45
44 67
44 68
44 69
45 45
45 46
45 68
45 69
45 70
46 46
46 47
46 69
46 70
46 71
47 47
47 70
47 71
47 50
48 48
48 49
48 50
48 72
48 73
48 74
49 49
49 51
49 72
49 73
49 75
50 71
50 50
50 72
50 95
50 74
51 51
51 52
51 73
51 75
51 76
52 52
52 53
52 75
52 76
52 77
53 53
53 54
53 76
53 77
53 78
54 54
54 55
54 77
54 78
54 79
55 55
55 56
55 78
55 79
55 80
56 56
56 57
56 79
56 80
56 81
57 57
57 58
57 80
57 81
57 82
58 58
58 59
58 81
58 82
58 83
59 59
59 60
59 82
59 83
59 84
60 60
60 61
60 83
60 84
60 85
61 61
61 62
61 84
61 85
61 86
62 62
62 63
62 85
62 86
62 87
63 63
63 64
63 86
63 87
63 88
64 64
64 65
64 87
64 88
64 89
65 65
65 66
65 88
65 89
65 90
66 66
66 67
66 89
66 90
66 91
67 67
67 68
67 90
67 91
67 92
68 68
68 69
68 91
68 92
68 93
69 69
69 70
69 92
69 93
69 94
70 70
70 71
70 93
70 94
70 95
71 71
71 94
71 95
71 74
72 72
72 73
72 74
72 96
72 97
72 98
73 73
73 75
73 96
73 97
73 99
74 95
74 74
74 96
74 119
74 98
75 75
75 76
75 97
75 99
75 100
76 76
76 77
76 99
76 100
76 101
77 77
77 78
77 100
77 101
77 102
78 78
78 79
78 101
78 102
78 103
79 79
79 80
79 102
79 103
79 104
80 80
80 81
80 103
80 104
80 105
81 81
81 82
81 104
81 105
81 106
82 82
82 83
82 105
82 106
82 107
83 83
83 84
83 106
83 107
83 108
84 84
84 85
84 107
84 108
84 109
85 85
85 86
85 108
85 109
85 110
86 86
86 87
86 109
86 110
86 111
87 87
87 88
87 110
87 111
87 112
88 88
88 89
88 111
88 112
88 113
89 89
89 90
89 112
89 113
89 114
90 90
90 91
90 113
90 114
90 115
91 91
91 92
91 114
91 115
91 116
92 92
92 93
92 115
92 116
92 117
93 93
93 94
93 116
93 117
93 118
94 94
94 95
94 117
94 118
94 119
95 95
95 118
95 119
95 98
96 96
96 97
96 98
96 120
96 121
96 122
97 97
97 99
97 120
97 121
97 123
98 119
98 98
98 120
98 143
98 122
99 99
99 100
99 121
99 123
99 124
100 100
100 101
100 123
100 124
100 125
101 101
101 102
101 124
101 125
101 126
102 102
102 103
102 125
102 126
102 127
103 103
103 104
103 126
103 127
103 128
104 104
104 105
104 127
104 128
104 129
105 105
105 106
105 128
105 129
105 130
106 106
106 107
106 129
106 130
106 131
107 107
107 108
107 130
107 131
107 132
108 108
108 109
108 131
108 132
108 133
109 109
109 110
109 132
109 133
109 134
110 110
110 111
110 133
110 134
110 135
111 111
111 112
111 134
111 135
111 136
112 112
112 113
112 135
112 136
112 137
113 113
113 114
113 136
113 137
113 138
114 114
114 115
114 137
114 138
114 139
115 115
115 116
115 138
115 139
115 140
116 116
116 117
116 139
116 140
116 141
117 117
117 118
117 140
117 141
117 142
118 118
118 119
118 141
118 142
118 143
119 119
119 142
119 143
119 122
120 120
120 121
120 122
120 144
120 145
120 146
121 121
121 123
121 144
121 145
121 147
122 143
122 122
122 144
122 167
122 146
123 123
123 124
123 145
123 147
123 148
124 124
124 125
124 147
124 148
124 149
125 125
125 126
125 148
125 149
125 150
126 126
126 127
126 149
126 150
126 151
127 127
127 128
127 150
127 151
127 152
128 128
128 129
128 151
128 152
128 153
129 129
129 130
129 152
129 153
129 154
130 130
130 131
130 153
130 154
130 155
131 131
131 132
131 154
131 155
131 156
132 132
132 133
132 155
132 156
132 157
133 133
133 134
133 156
133 157
133 158
134 134
134 135
134 157
134 158
134 159
135 135
135 136
135 158
135 159
135 160
136 136
136 137
136 159
136 160
136 161
137 137
137 138
137 160
137 161
137 162
138 138
138 139
138 161
138 162
138 163
139 139
139 140
139 162
139 163
139 164
140 140
140 141
140 163
140 164
140 165
141 141
141 142
141 164
141 165
141 166
142 142
142 143
142 165
142 166
142 167
143 143
143 166
143 167
143 146
144 144
144 145
144 146
144 168
144 169
144 170
145 145
145 147
145 168
145 169
145 171
146 167
146 146
146 168
146 191
146 170
147 147
147 148
147 169
147 171
147 172
148 148
148 149
148 171
148 172
148 173
149 149
149 150
149 172
149 173
149 174
150 150
150 151
150 173
150 174
150 175
151 151
151 152
151 174
151 175
151 176
152 152
152 153
152 175
152 176
152 177
153 153
153 154
153 176
153 177
153 178
154 154
154 155
154 177
154 178
154 179
155 155
155 156
155 178
155 179
155 180
156 156
156 157
156 179
156 180
156 181
157 157
157 158
157 180
157 181
157 182
158 158
158 159
158 181
158 182
158 183
159 159
159 160
159 182
159 183
159 184
160 160
160 161
160 183
160 184
160 185
161 161
161 162
161 184
161 185
161 186
162 162
162 163
162 185
162 186
162 187
163 163
163 164
163 186
163 187
163 188
164 164
164 165
164 187
164 188
164 189
165 165
165 166
165 188
165 189
165 190
166 166
166 167
166 189
166 190
166 191
167 167
167 190
167 191
167 170
168 168
168 169
168 170
168 192
168 193
168 194
169 169
169 171
169 192
169 193
169 195
170 191
170 170
170 192
170 215
170 194
171 171
171 172
171 193
171 195
171 196
172 172
172 173
172 195
172 196
172 197
173 173
173 174
173 196
173 197
173 198
174 174
174 175
174 197
174 198
174 199
175 175
175 176
175 198
175 199
175 200
176 176
176 177
176 199
176 200
176 201
177 177
177 178
177 200
177 201
177 202
178 178
178 179
178 201
178 202
178 203
179 179
179 180
179 202
179 203
179 204
180 180
180 181
180 203
180 204
180 205
181 181
181 182
181 204
181 205
181 206
182 182
182 183
182 205
182 206
182 207
183 183
183 184
183 206
183 207
183 208
184 184
184 185
184 207
184 208
184 209
185 185
185 186
185 208
185 209
185 210
186 186
186 187
186 209
186 210
186 211
187 187
187 188
187 210
187 211
187 212
188 188
188 189
188 211
188 212
188 213
189 189
189 190
189 212
189 213
189 214
190 190
190 191
190 213
190 214
190 215
191 191
191 214
191 215
191 194
192 192
192 193
192 194
192 216
192 217
192 218
193 193
193 195
193 216
193 217
193 219
194 215
194 194
194 216
194 239
194 218
195 195
195 196
195 217
195 219
195 220
196 196
196 197
196 219
196 220
196 221
197 197
197 198
197 220
197 221
197 222
198 198
198 199
198 221
198 222
198 223
199 199
199 200
199 222
199 223
199 224
200 200
200 201
200 223
200 224
200 225
201 201
201 202
201 224
201 225
201 226
202 202
202 203
202 225
202 226
202 227
203 203
203 204
203 226
203 227
203 228
204 204
204 205
204 227
204 228
204 229
205 205
205 206
205 228
205 229
205 230
206 206
206 207
206 229
206 230
206 231
207 207
207 208
207 230
207 231
207 232
208 208
208 209
208 231
208 232
208 233
209 209
209 210
209 232
209 233
209 234
210 210
210 211
210 233
210 234
210 235
211 211
211 212
211 234
211 235
211 236
212 212
212 213
212 235
212 236
212 237
213 213
213 214
213 236
213 237
213 238
214 214
214 215
214 237
214 238
214 239
215 215
215 238
215 239
215 218
216 216
216 217
216 218
217 217
217 219
217 240
217 241
218 239
218 218
218 265
218 266
219 219
219 220
219 240
219 241
219 242
220 220
220 221
220 241
220 242
220 243
221 221
221 222
221 242
221 243
222 222
222 223
222 243
222 244
222 245
222 246
223 223
223 224
223 247
223 244
223 245
224 224
224 225
224 248
224 249
224 247
224 244
225 225
225 226
225 248
225 250
226 226
226 227
226 248
226 250
226 251
227 227
227 228
227 250
227 251
227 252
228 228
228 229
228 251
228 252
228 253
229 229
229 230
229 252
229 253
229 254
230 230
230 231
230 253
230 254
230 255
231 231
231 232
231 254
231 255
231 256
232 232
232 233
232 255
232 256
232 257
233 233
233 234
233 256
233 257
234 234
234 235
234 257
234 258
234 259
234 260
235 235
235 236
235 261
235 258
235 259
236 236
236 237
236 262
236 263
236 261
236 258
237 237
237 238
237 262
237 264
238 238
238 239
238 262
238 264
238 265
239 239
239 264
239 265
239 266
240 240
240 241
240 267
240 268
240 269
240 270
241 241
241 242
241 271
241 267
241 268
241 269
241 270
241 272
242 242
242 243
242 246
242 271
242 267
242 270
242 272
242 273
243 243
243 245
243 246
243 271
243 272
243 273
244 1090
244 1093
244 1095
244 247
244 244
244 245
244 1114
244 1115
244 1116
245 1093
245 1095
245 1065
245 245
245 246
245 1115
245 1116
245 1117
246 1095
246 1065
246 1066
246 246
246 271
246 1116
246 1117
246 1118
247 248
247 1089
247 1090
247 1093
247 249
247 247
247 1113
247 1114
247 1115
248 248
248 250
248 274
248 249
248 275
248 276
249 250
249 1098
249 1089
249 1090
249 274
249 249
249 1112
249 1113
249 1114
250 250
250 251
250 277
250 274
250 275
250 276
250 278
251 251
251 252
251 279
251 277
251 274
251 276
251 278
251 280
252 252
252 253
252 279
252 277
252 278
252 281
252 280
253 253
253 254
253 281
254 254
254 255
254 282
254 283
254 284
254 281
254 285
255 255
255 256
255 286
255 282
255 283
255 287
255 284
255 285
256 256
256 257
256 260
256 286
256 282
256 288
256 287
256 284
257 257
257 259
257 260
257 286
257 288
257 287
258 1076
258 1078
258 1080
258 261
258 258
258 259
258 1103
258 1104
258 1105
259 1078
259 1080
259 1081
259 259
259 260
259 1104
259 1105
259 1106
260 1080
260 1081
260 1097
260 260
260 286
260 1105
260 1106
260 1107
261 262
261 1075
261 1076
261 1078
261 263
261 261
261 1102
261 1103
261 1104
262 262
262 264
262 289
262 263
262 290
262 291
263 264
263 1074
263 1075
263 1076
263 289
263 263
263 1101
263 1102
263 1103
264 264
264 265
264 292
264 289
264 293
264 290
264 291
265 265
265 266
265 294
265 292
265 289
265 295
265 293
265 290
266 266
266 294
266 292
266 295
266 293
267 1066
267 1067
267 1069
267 271
267 267
267 268
267 1118
267 1119
267 1120
268 1067
268 1069
268 268
268 1119
268 1120
269 269
269 270
270 270
270 272
271 1065
271 1066
271 1067
271 271
271 1117
271 1118
271 1119
272 272
272 273
273 273
274 1088
274 1098
274 1089
274 277
274 274
274 1111
274 1112
274 1113
275 275
275 276
276 276
276 278
277 1086
277 1088
277 1098
277 279
277 277
277 1110
277 1111
277 1112
278 278
278 280
279 1086
279 1088
279 279
279 1110
279 1111
280 281
280 280
281 281
281 285
282 1084
282 1097
282 1085
282 286
282 282
282 1107
282 1108
282 283
282 1109
283 1084
283 1085
283 1108
283 283
283 1109
284 287
284 284
284 285
285 285
286 1081
286 1097
286 1085
286 286
286 1106
286 1107
286 1108
287 288
287 287
288 288
289 1073
289 1074
289 1075
289 292
289 289
289 1100
289 1101
289 1102
290 293
290 290
290 291
291 291
292 1071
292 1073
292 1074
292 294
292 292
292 1099
292 1100
292 1101
293 295
293 293
294 1071
294 1073
294 294
294 1099
294 1100
295 295
296 296
296 297
296 298
296 299
296 300
296 301
297 297
297 302
297 299
297 300
297 303
298 318
298 298
298 299
298 319
298 301
299 299
299 300
299 301
299 320
299 321
299 322
300 302
300 300
300 303
300 321
300 323
300 324
301 318
301 319
301 301
301 342
301 343
301 322
302 302
302 304
302 303
302 305
303 304
303 303
303 305
303 324
303 325
303 326
304 304
304 306
304 305
304 307
305 306
305 305
305 307
305 326
305 327
305 328
306 306
306 308
306 307
306 309
307 308
307 307
307 309
307 328
307 329
307 330
308 308
308 310
308 309
308 311
309 310
309 309
309 311
309 330
309 331
309 332
310 310
310 312
310 311
310 313
311 312
311 311
311 313
311 332
311 333
311 334
312 312
312 314
312 313
312 315
313 314
313 313
313 315
313 334
313 335
313 336
314 314
314 316
314 315
314 317
315 316
315 315
315 317
315 336
315 337
315 338
316 316
316 318
316 317
316 319
317 318
317 317
317 319
317 338
317 339
317 340
318 318
318 319
319 319
319 340
319 341
319 342
320 320
320 321
320 322
320 344
320 345
320 346
321 321
321 323
321 344
321 345
321 347
322 343
322 322
322 344
322 367
322 346
323 323
323 324
323 345
323 347
323 348
324 324
324 325
324 347
324 348
324 349
325 325
325 326
325 348
325 349
325 350
326 326
326 327
326 349
326 350
326 351
327 327
327 328
327 350
327 351
327 352
328 328
328 329
328 351
328 352
328 353
329 329
329 330
329 352
329 353
329 354
330 330
330 331
330 353
330 354
330 355
331 331
331 332
331 354
331 355
331 356
332 332
332 333
332 355
332 356
332 357
333 333
333 334
333 356
333 357
333 358
334 334
334 335
334 357
334 358
334 359
335 335
335 336
335 358
335 359
335 360
336 336
336 337
336 359
336 360
336 361
337 337
337 338
337 360
337 361
337 362
338 338
338 339
338 361
338 362
338 363
339 339
339 340
339 362
339 363
339 364
340 340
340 341
340 363
340 364
340 365
341 341
341 342
341 364
341 365
341 366
342 342
342 343
342 365
342 366
342 367
343 343
343 366
343 367
343 346
344 344
344 345
344 346
344 368
344 369
344 370
345 345
345 347
345 368
345 369
345 371
346 367
346 346
346 368
346 391
346 370
347 347
347 348
347 369
347 371
347 372
348 348
348 349
348 371
348 372
348 373
349 349
349 350
349 372
349 373
349 374
350 350
350 351
350 373
350 374
350 375
351 351
351 352
351 374
351 375
351 376
352 352
352 353
352 375
352 376
352 377
353 353
353 354
353 376
353 377
353 378
354 354
354 355
354 377
354 378
354 379
355 355
355 356
355 378
355 379
355 380
356 356
356 357
356 379
356 380
356 381
357 357
357 358
357 380
357 381
357 382
358 358
358 359
358 381
358 382
358 383
359 359
359 360
359 382
359 383
359 384
360 360
360 361
360 383
360 384
360 385
361 361
361 362
361 384
361 385
361 386
362 362
362 363
362 385
362 386
362 387
363 363
363 364
363 386
363 387
363 388
364 364
364 365
364 387
364 388
364 389
365 365
365 366
365 388
365 389
365 390
366 366
366 367
366 389
366 390
366 391
367 367
367 390
367 391
367 370
368 368
368 369
368 370
368 392
368 393
368 394
369 369
369 371
369 392
369 393
369 395
370 391
370 370
370 392
370 415
370 394
371 371
371 372
371 393
371 395
371 396
372 372
372 373
372 395
372 396
372 397
373 373
373 374
373 396
373 397
373 398
374 374
374 375
374 397
374 398
374 399
375 375
375 376
375 398
375 399
375 400
376 376
376 377
376 399
376 400
376 401
377 377
377 378
377 400
377 401
377 402
378 378
378 379
378 401
378 402
378 403
379 379
379 380
379 402
379 403
379 404
380 380
380 381
380 403
380 404
380 405
381 381
381 382
381 404
381 405
381 406
382 382
382 383
382 405
382 406
382 407
383 383
383 384
383 406
383 407
383 408
384 384
384 385
384 407
384 408
384 409
385 385
385 386
385 408
385 409
385 410
386 386
386 387
386 409
386 410
386 411
387 387
387 388
387 410
387 411
387 412
388 388
388 389
388 411
388 412
388 413
389 389
389 390
389 412
389 413
389 414
390 390
390 391
390 413
390 414
390 415
391 391
391 414
391 415
391 394
392 392
392 393
392 394
392 416
392 417
392 418
393 393
393 395
393 416
393 417
393 419
394 415
394 394
394 416
394 439
394 418
395 395
395 396
395 417
395 419
395 420
396 396
396 397
396 419
396 420
396 421
397 397
397 398
397 420
397 421
397 422
398 398
398 399
398 421
398 422
398 423
399 399
399 400
399 422
399 423
399 424
400 400
400 401
400 423
400 424
400 425
401 401
401 402
401 424
401 425
401 426
402 402
402 403
402 425
402 426
402 427
403 403
403 404
403 426
403 427
403 428
404 404
404 405
404 427
404 428
404 429
405 405
405 406
405 428
405 429
405 430
406 406
406 407
406 429
406 430
406 431
407 407
407 408
407 430
407 431
407 432
408 408
408 409
408 431
408 432
408 433
409 409
409 410
409 432
409 433
409 434
410 410
410 411
410 433
410 434
410 435
411 411
411 412
411 434
411 435
411 436
412 412
412 413
412 435
412 436
412 437
413 413
413 414
413 436
413 437
413 438
414 414
414 415
414 437
414 438
414 439
415 415
415 438
415 439
415 418
416 416
416 417
416 418
416 440
416 441
416 442
417 417
417 419
417 440
417 441
417 443
418 439
418 418
418 440
418 463
418 442
419 419
419 420
419 441
419 443
419 444
420 420
420 421
420 443
420 444
420 445
421 421
421 422
421 444
421 445
421 446
422 422
422 423
422 445
422 446
422 447
423 423
423 424
423 446
423 447
423 448
424 424
424 425
424 447
424 448
424 449
425 425
425 426
425 448
425 449
425 450
426 426
426 427
426 449
426 450
426 451
427 427
427 428
427 450
427 451
427 452
428 428
428 429
428 451
428 452
428 453
429 429
429 430
429 452
429 453
429 454
430 430
430 431
430 453
430 454
430 455
431 431
431 432
431 454
431 455
431 456
432 432
432 433
432 455
432 456
432 457
433 433
433 434
433 456
433 457
433 458
434 434
434 435
434 457
434 458
434 459
435 435
435 436
435 458
435 459
435 460
436 436
436 437
436 459
436 460
436 461
437 437
437 438
437 460
437 461
437 462
438 438
438 439
438 461
438 462
438 463
439 439
439 462
439 463
439 442
440 440
440 441
440 442
440 464
440 465
440 466
441 441
441 443
441 464
441 465
441 467
442 463
442 442
442 464
442 487
442 466
443 443
443 444
443 465
443 467
443 468
444 444
444 445
444 467
444 468
444 469
445 445
445 446
445 468
445 469
445 470
446 446
446 447
446 469
446 470
446 471
447 447
447 448
447 470
447 471
447 472
448 448
448 449
448 471
448 472
448 473
449 449
449 450
449 472
449 473
449 474
450 450
450 451
450 473
450 474
450 475
451 451
451 452
451 474
451 475
451 476
452 452
452 453
452 475
452 476
452 477
453 453
453 454
453 476
453 477
453 478
454 454
454 455
454 477
454 478
454 479
455 455
455 456
455 478
455 479
455 480
456 456
456 457
456 479
456 480
456 481
457 457
457 458
457 480
457 481
457 482
458 458
458 459
458 481
458 482
458 483
459 459
459 460
459 482
459 483
459 484
460 460
460 461
460 483
460 484
460 485
461 461
461 462
461 484
461 485
461 486
462 462
462 463
462 485
462 486
462 487
463 463
463 486
463 487
463 466
464 464
464 465
464 466
464 488
464 489
464 490
465 465
465 467
465 488
465 489
465 491
466 487
466 466
466 488
466 511
466 490
467 467
467 468
467 489
467 491
467 492
468 468
468 469
468 491
468 492
468 493
469 469
469 470
469 492
469 493
469 494
470 470
470 471
470 493
470 494
470 495
471 471
471 472
471 494
471 495
471 496
472 472
472 473
472 495
472 496
472 497
473 473
473 474
473 496
473 497
473 498
474 474
474 475
474 497
474 498
474 499
475 475
475 476
475 498
475 499
475 500
476 476
476 477
476 499
476 500
476 501
477 477
477 478
477 500
477 501
477 502
478 478
478 479
478 501
478 502
478 503
479 479
479 480
479 502
479 503
479 504
480 480
480 481
480 503
480 504
480 505
481 481
481 482
481 504
481 505
481 506
482 482
482 483
482 505
482 506
482 507
483 483
483 484
483 506
483 507
483 508
484 484
484 485
484 507
484 508
484 509
485 485
485 486
485 508
485 509
485 510
486 486
486 487
486 509
486 510
486 511
487 487
487 510
487 511
487 490
488 488
488 489
488 490
488 512
488 513
488 514
489 489
489 491
489 512
489 513
489 515
490 511
490 490
490 512
490 535
490 514
491 491
491 492
491 513
491 515
491 516
492 492
492 493
492 515
492 516
492 517
493 493
493 494
493 516
493 517
493 518
494 494
494 495
494 517
494 518
494 519
495 495
495 496
495 518
495 519
495 520
496 496
496 497
496 519
496 520
496 521
497 497
497 498
497 520
497 521
497 522
498 498
498 499
498 521
498 522
498 523
499 499
499 500
499 522
499 523
499 524
500 500
500 501
500 523
500 524
500 525
501 501
501 502
501 524
501 525
501 526
502 502
502 503
502 525
502 526
502 527
503 503
503 504
503 526
503 527
503 528
504 504
504 505
504 527
504 528
504 529
505 505
505 506
505 528
505 529
505 530
506 506
506 507
506 529
506 530
506 531
507 507
507 508
507 530
507 531
507 532
508 508
508 509
508 531
508 532
508 533
509 509
509 510
509 532
509 533
509 534
510 510
510 511
510 533
510 534
510 535
511 511
511 534
511 535
511 514
512 512
512 513
512 514
512 536
512 537
512 538
513 513
513 515
513 536
513 537
513 539
514 535
514 514
514 536
514 563
514 538
515 515
515 516
515 537
515 539
515 540
516 516
516 517
516 539
516 540
516 541
517 517
517 518
517 540
517 541
518 518
518 519
518 541
518 542
518 543
518 544
519 519
519 520
519 545
519 542
519 543
520 520
520 521
520 546
520 547
520 545
520 542
521 521
521 522
521 546
521 548
522 522
522 523
522 546
522 548
522 549
523 523
523 524
523 548
523 549
523 550
524 524
524 525
524 549
524 550
524 551
525 525
525 526
525 550
525 551
525 552
526 526
526 527
526 551
526 552
526 553
527 527
527 528
527 552
527 553
527 554
528 528
528 529
528 553
528 554
528 555
529 529
529 530
529 554
529 555
530 530
530 531
530 555
530 556
530 557
530 558
531 531
531 532
531 559
531 556
531 557
532 532
532 533
532 560
532 561
532 559
532 556
533 533
533 534
533 560
533 562
534 534
534 535
534 560
534 562
534 563
535 535
535 562
535 563
535 538
536 536
536 537
536 538
536 564
537 537
537 539
537 565
537 566
537 564
537 567
537 568
538 563
538 538
538 592
538 590
538 593
538 564
538 591
539 539
539 540
539 569
539 565
539 566
539 567
539 568
539 570
540 540
540 541
540 544
540 569
540 565
540 568
540 570
540 571
541 541
541 543
541 544
541 569
541 570
541 571
542 861
542 852
542 834
542 545
542 542
542 543
542 958
542 959
542 960
543 852
543 834
543 825
543 543
543 544
543 959
543 960
543 961
544 834
544 825
544 811
544 544
544 569
544 960
544 961
544 962
545 546
545 870
545 861
545 852
545 547
545 545
545 957
545 958
545 959
546 546
546 548
546 572
546 547
546 573
546 574
547 548
547 879
547 870
547 861
547 572
547 547
547 956
547 957
547 958
548 548
548 549
548 575
548 572
548 573
548 574
548 576
549 549
549 550
549 577
549 575
549 572
549 574
549 576
549 578
550 550
550 551
550 577
550 575
550 576
550 579
550 578
551 551
551 552
551 579
552 552
552 553
552 580
552 581
552 582
552 583
552 579
553 553
553 554
553 584
553 580
553 581
553 585
553 582
553 583
554 554
554 555
554 558
554 584
554 580
554 586
554 585
554 582
555 555
555 557
555 558
555 584
555 586
555 585
556 837
556 855
556 864
556 559
556 556
556 557
556 969
556 970
556 971
557 855
557 864
557 873
557 557
557 558
557 970
557 971
557 972
558 864
558 873
558 882
558 558
558 584
558 971
558 972
558 973
559 560
559 828
559 837
559 855
559 561
559 559
559 968
559 969
559 970
560 560
560 562
560 587
560 561
560 588
560 589
561 562
561 818
561 828
561 837
561 587
561 561
561 967
561 968
561 969
562 562
562 563
562 590
562 587
562 591
562 588
562 589
563 563
563 592
563 590
563 587
563 593
563 591
563 588
564 782
564 814
564 1160
564 784
564 1161
564 593
564 564
564 567
565 811
565 812
565 813
565 569
565 565
565 566
565 962
565 963
565 964
566 812
566 813
566 566
566 963
566 964
567 784
567 1161
567 567
567 568
568 568
568 570
569 825
569 811
569 812
569 569
569 961
569 962
569 963
570 570
570 571
571 571
572 898
572 879
572 870
572 575
572 572
572 955
572 956
572 957
573 573
573 574
574 574
574 576
575 910
575 898
575 879
575 577
575 575
575 954
575 955
575 956
576 576
576 578
577 910
577 898
577 577
577 954
577 955
578 579
578 578
578 927
578 1163
579 923
579 925
579 583
579 579
579 1162
579 927
579 1163
580 882
580 902
580 914
580 584
580 580
580 581
580 973
580 974
580 975
581 902
581 914
581 581
581 974
581 975
582 585
582 582
582 583
583 583
583 1162
583 927
584 873
584 882
584 902
584 584
584 972
584 973
584 974
585 586
585 585
586 586
587 816
587 818
587 828
587 590
587 587
587 966
587 967
587 968
588 591
588 588
588 589
589 589
590 815
590 816
590 818
590 592
590 590
590 965
590 966
590 967
591 593
591 591
592 815
592 816
592 592
592 965
592 966
593 1160
593 784
593 593
594 594
594 595
594 596
594 597
595 595
595 598
595 596
595 597
595 599
596 596
596 597
596 640
596 641
597 598
597 597
597 599
597 640
597 641
597 642
598 598
598 600
598 599
598 601
598 602
598 603
599 600
599 599
599 601
599 641
599 642
599 643
599 602
599 603
599 644
600 600
600 604
600 601
600 605
601 604
601 601
601 605
601 642
601 643
601 645
602 602
602 603
603 642
603 603
603 644
604 604
604 606
604 605
604 607
605 606
605 605
605 607
605 643
605 645
605 646
606 606
606 608
606 607
606 609
607 608
607 607
607 609
607 645
607 646
607 647
608 608
608 610
608 609
608 611
608 612
608 613
609 610
609 609
609 611
609 646
609 647
609 648
609 612
609 613
609 649
610 610
610 614
610 611
610 615
611 614
611 611
611 615
611 647
611 648
611 650
612 1144
612 612
612 1146
612 1145
612 613
612 1147
613 647
613 1144
613 1146
613 1145
613 613
613 1147
613 1148
613 649
613 1149
614 614
614 616
614 615
614 617
615 616
615 615
615 617
615 648
615 650
615 651
616 616
616 618
616 617
616 619
616 620
616 621
617 618
617 617
617 619
617 650
617 651
617 652
617 620
617 653
617 621
618 618
618 622
618 619
618 623
619 622
619 619
619 623
619 651
619 652
619 654
620 651
620 620
620 653
620 621
621 621
622 622
622 624
622 623
622 625
623 624
623 623
623 625
623 652
623 654
623 655
624 624
624 626
624 625
624 627
624 628
624 629
625 626
625 625
625 627
625 654
625 655
625 656
625 628
625 629
625 657
626 626
626 630
626 627
626 631
627 630
627 627
627 631
627 655
627 656
627 658
628 1176
628 628
628 1178
628 1177
628 629
628 1179
629 655
629 1176
629 1178
629 1177
629 629
629 1179
629 1180
629 657
629 1181
630 630
630 632
630 631
630 633
631 632
631 631
631 633
631 656
631 658
631 659
632 632
632 634
632 633
632 635
632 636
632 637
633 634
633 633
633 635
633 658
633 659
633 660
633 636
633 637
633 661
634 634
634 638
634 635
634 639
635 638
635 635
635 639
635 659
635 660
635 662
636 636
636 637
637 659
637 637
637 661
638 638
638 639
639 639
639 660
639 662
640 640
640 641
640 663
640 664
641 641
641 642
641 663
641 664
641 665
642 642
642 643
642 664
642 665
642 666
642 644
642 667
643 643
643 645
643 665
643 666
643 668
644 665
644 644
644 667
645 645
645 646
645 666
645 668
645 669
646 646
646 647
646 668
646 669
646 670
647 647
647 648
647 669
647 670
647 671
647 649
647 672
648 648
648 650
648 670
648 671
648 673
649 670
649 1145
649 1147
649 1148
649 649
649 1149
649 1150
649 672
649 1151
650 650
650 651
650 671
650 673
650 674
651 651
651 652
651 673
651 674
651 675
651 653
651 676
652 652
652 654
652 674
652 675
652 677
653 674
653 653
653 676
654 654
654 655
654 675
654 677
654 678
655 655
655 656
655 677
655 678
655 679
655 657
655 680
656 656
656 658
656 678
656 679
656 681
657 678
657 1177
657 1179
657 1180
657 657
657 1181
657 1182
657 680
657 1183
658 658
658 659
658 679
658 681
658 682
659 659
659 660
659 681
659 682
659 683
659 661
659 684
660 660
660 662
660 682
660 683
660 685
661 682
661 661
661 684
662 662
662 683
662 685
663 663
663 664
663 686
663 687
664 664
664 665
664 686
664 687
664 688
665 665
665 666
665 687
665 688
665 689
665 667
665 690
666 666
666 668
666 688
666 689
666 691
667 688
667 667
667 690
668 668
668 669
668 689
668 691
668 692
669 669
669 670
669 691
669 692
669 693
670 670
670 671
670 692
670 693
670 694
670 672
670 695
671 671
671 673
671 693
671 694
671 696
672 693
672 1148
672 1149
672 1150
672 672
672 1151
672 1152
672 695
672 1153
673 673
673 674
673 694
673 696
673 697
674 674
674 675
674 696
674 697
674 698
674 676
674 699
675 675
675 677
675 697
675 698
675 700
676 697
676 676
676 699
677 677
677 678
677 698
677 700
677 701
678 678
678 679
678 700
678 701
678 702
678 680
678 703
679 679
679 681
679 701
679 702
679 704
680 701
680 1180
680 1181
680 1182
680 680
680 1183
680 1184
680 703
680 1185
681 681
681 682
681 702
681 704
681 705
682 682
682 683
682 704
682 705
682 706
682 684
682 707
683 683
683 685
683 705
683 706
683 708
684 705
684 684
684 707
685 685
685 706
685 708
686 686
686 687
686 709
686 710
687 687
687 688
687 709
687 710
687 711
688 688
688 689
688 710
688 711
688 712
688 690
688 713
689 689
689 691
689 711
689 712
689 714
690 711
690 690
690 713
691 691
691 692
691 712
691 714
691 715
692 692
692 693
692 714
692 715
692 716
693 693
693 694
693 715
693 716
693 717
693 695
693 718
694 694
694 696
694 716
694 717
694 719
695 716
695 1150
695 1151
695 1152
695 695
695 1153
695 1154
695 718
695 1155
696 696
696 697
696 717
696 719
696 720
697 697
697 698
697 719
697 720
697 721
697 699
697 722
698 698
698 700
698 720
698 721
698 723
699 720
699 699
699 722
700 700
700 701
700 721
700 723
700 724
701 701
701 702
701 723
701 724
701 725
701 703
701 726
702 702
702 704
702 724
702 725
702 727
703 724
703 1182
703 1183
703 1184
703 703
703 1185
703 1186
703 726
703 1187
704 704
704 705
704 725
704 727
704 728
705 705
705 706
705 727
705 728
705 729
705 707
705 730
706 706
706 708
706 728
706 729
706 731
707 728
707 707
707 730
708 708
708 729
708 731
709 709
709 710
709 732
709 733
710 710
710 711
710 732
710 733
711 711
711 712
711 713
712 712
712 714
712 734
712 735
713 713
713 1121
714 714
714 715
714 734
714 735
714 736
715 715
715 716
715 735
715 736
715 737
716 716
716 717
716 736
716 737
716 738
716 718
716 739
717 717
717 719
717 737
717 738
717 740
718 737
718 1152
718 1153
718 1154
718 718
718 1155
718 1156
718 739
718 1157
719 719
719 720
719 738
719 740
719 741
720 720
720 721
720 740
720 741
720 742
720 722
720 743
721 721
721 723
721 741
721 742
721 744
722 741
722 722
722 743
723 723
723 724
723 742
723 744
723 745
724 724
724 725
724 744
724 745
724 746
724 726
724 747
725 725
725 727
725 745
725 746
725 748
726 745
726 1184
726 1185
726 1186
726 726
726 1187
726 1188
726 747
726 1189
727 727
727 728
727 746
727 748
727 749
728 728
728 729
728 748
728 749
728 750
728 730
728 751
729 729
729 731
729 749
729 750
729 752
730 749
730 730
730 751
731 731
731 750
731 752
732 732
732 733
732 753
732 754
733 733
733 753
733 754
734 734
734 735
734 755
734 756
735 735
735 736
735 755
735 756
735 757
736 736
736 737
736 756
736 757
736 758
737 737
737 738
737 757
737 758
737 759
737 739
737 760
738 738
738 740
738 758
738 759
738 761
739 758
739 1154
739 1155
739 1156
739 739
739 1157
739 1158
739 760
739 1159
740 740
740 741
740 759
740 761
740 762
741 741
741 742
741 761
741 762
741 763
741 743
741 764
742 742
742 744
742 762
742 763
742 765
743 762
743 743
743 764
744 744
744 745
744 763
744 765
744 766
745 745
745 746
745 765
745 766
745 767
745 747
745 768
746 746
746 748
746 766
746 767
746 769
747 766
747 1186
747 1187
747 1188
747 747
747 1189
747 1190
747 768
747 1191
748 748
748 749
748 767
748 769
748 770
749 749
749 750
749 769
749 770
749 771
749 751
749 772
750 750
750 752
750 770
750 771
750 773
751 770
751 751
751 772
752 752
752 771
752 773
753 753
753 754
753 774
753 775
754 754
754 776
754 777
754 774
754 775
755 776
755 755
755 756
755 777
755 778
755 780
756 756
756 757
756 778
756 780
756 781
757 757
757 758
757 780
757 781
757 782
758 758
758 759
758 781
758 782
758 783
758 760
758 784
759 759
759 761
759 785
759 782
759 783
760 782
760 1156
760 1157
760 1158
760 760
760 1159
760 1160
760 784
760 1161
761 761
761 762
761 785
761 786
761 783
762 762
762 763
762 786
762 787
762 764
762 788
763 763
763 765
763 787
763 789
764 787
764 764
764 788
765 765
765 766
765 789
765 790
765 791
766 766
766 767
766 790
766 791
766 792
766 768
766 793
767 767
767 769
767 791
767 792
767 794
768 791
768 1188
768 1189
768 1190
768 768
768 1191
768 1192
768 793
768 1193
769 769
769 770
769 792
769 794
769 795
770 770
770 771
770 794
770 795
770 796
770 772
770 797
771 771
771 773
771 795
771 796
771 798
772 795
772 772
772 797
773 773
773 796
773 798
774 774
774 775
774 807
774 808
775 777
775 775
775 799
775 809
775 807
775 808
776 776
776 777
776 778
776 779
777 777
777 778
777 799
777 800
777 779
777 801
778 778
778 780
778 799
778 800
778 802
779 779
779 1122
779 801
779 1124
780 780
780 800
780 802
780 781
781 802
781 781
781 782
781 812
781 813
781 814
782 782
782 783
782 813
782 814
782 815
782 784
783 785
783 783
783 803
783 814
783 815
783 816
784 814
784 1158
784 1159
784 1160
784 784
784 1161
785 785
785 786
785 803
785 804
786 786
786 787
786 803
786 804
786 805
787 787
787 804
787 805
787 789
787 788
787 806
788 805
788 788
788 806
789 805
789 789
789 819
789 821
789 790
790 821
790 790
790 791
790 839
790 840
790 841
791 791
791 792
791 840
791 841
791 842
791 793
791 843
792 792
792 794
792 841
792 842
792 844
793 841
793 1190
793 1191
793 1192
793 793
793 1193
793 1194
793 843
793 1195
794 794
794 795
794 842
794 844
794 845
795 795
795 796
795 844
795 845
795 846
795 797
795 847
796 796
796 798
796 845
796 846
796 848
797 845
797 797
797 847
798 798
798 846
798 848
799 799
799 800
799 809
799 810
799 801
800 800
800 802
800 809
800 810
801 809
801 1122
801 801
801 1124
801 824
801 1127
802 802
802 810
802 811
802 812
802 813
803 803
803 804
803 817
803 815
803 816
803 818
804 804
804 805
804 817
804 819
805 805
805 817
805 819
805 806
805 820
806 819
806 806
806 820
807 807
807 808
807 830
807 831
808 809
808 808
808 822
808 832
808 830
808 831
809 809
809 810
809 822
809 823
809 824
810 810
810 822
810 823
810 825
810 811
810 812
811 823
811 825
811 811
811 812
812 812
812 813
813 813
813 814
814 814
814 815
815 815
815 816
816 817
816 816
816 818
817 817
817 819
817 826
817 827
817 818
817 828
818 826
818 818
818 828
819 819
819 826
819 827
819 821
819 820
819 829
820 827
820 820
820 829
821 827
821 821
821 836
821 839
822 822
822 823
822 832
822 833
822 824
823 823
823 832
823 833
823 834
823 825
824 832
824 1124
824 824
824 1127
824 851
824 1128
825 833
825 834
825 825
826 826
826 827
826 835
826 836
826 828
826 837
827 827
827 835
827 836
827 829
827 838
828 835
828 828
828 837
829 836
829 829
829 838
830 830
830 831
830 857
830 858
831 832
831 831
831 849
831 859
831 857
831 858
832 832
832 833
832 849
832 850
832 851
833 833
833 849
833 850
833 852
833 834
834 850
834 852
834 834
835 835
835 836
835 853
835 854
835 837
835 855
836 836
836 853
836 854
836 839
836 838
836 856
837 853
837 837
837 855
838 854
838 838
838 856
839 854
839 839
839 863
839 866
839 840
840 866
840 840
840 841
840 884
840 885
840 886
841 841
841 842
841 885
841 886
841 887
841 843
841 888
842 842
842 844
842 886
842 887
842 889
843 886
843 1192
843 1193
843 1194
843 843
843 1195
843 1196
843 888
843 1197
844 844
844 845
844 887
844 889
844 890
845 845
845 846
845 889
845 890
845 891
845 847
845 892
846 846
846 848
846 890
846 891
846 893
847 890
847 847
847 892
847 1204
847 1205
848 848
848 891
848 893
849 849
849 850
849 859
849 860
849 851
850 850
850 859
850 860
850 861
850 852
851 859
851 1127
851 851
851 1128
851 869
851 1132
852 860
852 861
852 852
853 853
853 854
853 862
853 863
853 855
853 864
854 854
854 862
854 863
854 856
854 865
855 862
855 855
855 864
856 863
856 856
856 865
857 857
857 858
857 875
857 876
858 859
858 858
858 867
858 877
858 875
858 876
859 859
859 860
859 867
859 868
859 869
860 860
860 867
860 868
860 870
860 861
861 868
861 870
861 861
862 862
862 863
862 871
862 872
862 864
862 873
863 863
863 871
863 872
863 866
863 865
863 874
864 871
864 864
864 873
865 872
865 865
865 874
866 872
866 866
866 881
866 884
867 867
867 868
867 877
867 878
867 869
868 868
868 877
868 878
868 879
868 870
869 877
869 1128
869 869
869 1132
869 896
869 1133
870 878
870 879
870 870
871 871
871 872
871 880
871 881
871 873
871 882
872 872
872 880
872 881
872 874
872 883
873 880
873 873
873 882
874 881
874 874
874 883
875 875
875 876
875 904
875 905
876 877
876 876
876 894
876 906
876 904
876 905
877 877
877 878
877 894
877 895
877 896
878 878
878 894
878 895
878 897
878 898
878 879
879 897
879 898
879 879
880 880
880 881
880 899
880 900
880 901
880 882
880 902
881 881
881 900
881 901
881 884
881 883
881 903
882 899
882 882
882 902
883 901
883 883
883 903
884 901
884 884
884 915
884 917
884 885
885 917
885 885
885 886
885 943
885 945
885 946
886 886
886 887
886 945
886 946
886 947
886 888
886 948
887 887
887 889
887 946
887 947
887 949
888 946
888 1194
888 1195
888 1196
888 888
888 1197
888 1198
888 948
888 1199
889 889
889 890
889 947
889 949
889 950
890 890
890 891
890 949
890 950
890 951
890 892
890 952
891 891
891 893
891 950
891 951
891 953
892 950
892 892
892 1204
892 952
892 1206
893 893
893 951
893 953
894 894
894 895
894 906
894 907
894 896
895 895
895 897
895 906
895 907
895 908
896 906
896 1132
896 896
896 1133
896 920
896 1134
897 897
897 907
897 908
897 909
897 910
897 898
898 909
898 910
898 898
899 899
899 900
899 911
899 912
899 913
899 902
899 914
900 900
900 901
900 912
900 913
900 915
901 901
901 913
901 915
901 903
901 916
902 911
902 902
902 914
903 915
903 903
903 916
904 904
904 905
904 932
904 933
905 906
905 905
905 918
905 932
905 933
905 934
906 906
906 907
906 918
906 919
906 920
907 907
907 908
907 918
907 919
907 921
908 908
908 909
908 919
908 921
908 922
909 909
909 923
909 921
909 922
909 924
909 925
909 910
910 923
910 925
910 910
911 923
911 911
911 912
911 924
911 926
911 929
911 925
911 914
912 912
912 913
912 926
912 929
913 913
913 915
913 929
913 930
914 923
914 925
914 914
915 915
915 930
915 917
915 916
915 931
916 930
916 916
916 931
917 930
917 917
917 942
917 943
917 945
918 918
918 919
918 933
918 934
918 935
918 920
919 919
919 921
919 934
919 935
919 936
920 934
920 1133
920 920
920 1134
920 980
921 921
921 922
921 935
921 936
921 937
922 923
922 922
922 924
922 936
922 937
922 938
923 923
923 924
923 926
923 925
923 927
923 928
924 924
924 926
924 937
924 938
924 939
924 927
924 928
924 940
925 925
925 927
926 926
926 929
926 938
926 939
926 941
927 1162
927 927
927 1163
927 1164
927 928
927 1165
928 938
928 1162
928 1163
928 1164
928 928
928 1165
928 1166
928 940
928 1167
929 929
929 930
929 939
929 941
929 942
930 930
930 941
930 942
930 943
930 931
930 944
931 942
931 931
931 944
932 932
932 933
932 976
932 977
933 933
933 934
933 976
933 977
933 978
934 934
934 935
934 977
934 978
934 979
934 980
934 981
935 935
935 936
935 978
935 979
935 982
936 936
936 937
936 979
936 982
936 983
937 937
937 938
937 982
937 983
937 984
938 938
938 939
938 983
938 984
938 985
938 940
938 986
939 939
939 941
939 984
939 987
939 985
940 984
940 1164
940 1165
940 1166
940 940
940 1167
940 1168
940 986
940 1169
941 941
941 942
941 988
941 987
942 942
942 943
942 988
942 989
942 944
942 990
943 943
943 945
943 988
943 989
944 988
944 944
944 990
945 945
945 946
945 989
945 991
945 992
946 946
946 947
946 991
946 992
946 993
946 948
946 994
947 947
947 949
947 995
947 992
947 993
948 992
948 1196
948 1197
948 1198
948 948
948 1199
948 1200
948 994
948 1201
949 949
949 950
949 995
949 996
950 950
950 951
950 995
950 996
950 952
951 951
951 953
951 996
951 997
951 998
952 996
952 1204
952 952
952 1206
952 1026
952 1208
953 953
953 997
953 998
954 954
954 955
955 955
955 956
956 956
956 957
957 957
957 958
958 958
958 959
959 959
959 960
960 960
960 961
961 961
961 962
962 962
962 963
963 963
963 964
964 964
965 965
965 966
966 966
966 967
967 967
967 968
968 968
968 969
969 969
969 970
970 970
970 971
971 971
971 972
972 972
972 973
973 973
973 974
974 974
974 975
975 975
976 976
976 977
976 999
976 1000
977 977
977 978
977 999
977 1000
977 1001
978 978
978 979
978 1000
978 1001
978 1002
978 980
978 981
978 1003
979 979
979 982
979 1001
979 1002
979 1004
980 1134
980 980
980 1136
980 981
980 1138
981 1001
981 1136
981 981
981 1138
981 1003
981 1140
982 982
982 983
982 1002
982 1004
982 1005
983 983
983 984
983 1004
983 1005
983 1006
984 984
984 1005
984 1006
984 985
984 1007
984 986
984 1008
985 987
985 985
985 1027
985 1007
985 1033
986 1006
986 1166
986 1167
986 1168
986 986
986 1169
986 1170
986 1008
986 1171
987 988
987 987
987 1021
987 1027
987 1028
988 988
988 989
988 1021
988 990
988 1022
989 989
989 1021
989 1023
989 991
990 1021
990 990
990 1022
991 1023
991 991
991 992
991 1070
991 1067
991 1069
992 992
992 993
992 1070
992 1071
992 1069
992 994
992 1072
993 995
993 993
993 1025
993 1070
993 1071
993 1073
994 1070
994 1198
994 1199
994 1200
994 994
994 1201
994 1202
994 1072
994 1203
995 995
995 996
995 1024
995 1025
996 996
996 1024
996 997
996 1025
996 1026
997 1024
997 997
997 998
997 1030
997 1031
997 1032
998 998
998 1031
998 1032
999 999
999 1000
999 1009
999 1010
1000 1000
1000 1001
1000 1009
1000 1010
1000 1011
1001 1001
1001 1002
1001 1010
1001 1011
1001 1012
1001 1003
1001 1013
1002 1002
1002 1004
1002 1011
1002 1012
1002 1014
1003 1011
1003 1138
1003 1003
1003 1140
1003 1013
1003 1142
1004 1004
1004 1005
1004 1012
1004 1014
1004 1015
1005 1005
1005 1006
1005 1014
1005 1015
1005 1016
1006 1006
1006 1015
1006 1016
1006 1007
1006 1017
1006 1018
1006 1008
1006 1019
1007 1007
1007 1033
1007 1042
1007 1017
1007 1043
1008 1016
1008 1168
1008 1169
1008 1170
1008 1008
1008 1171
1008 1172
1008 1019
1008 1173
1009 1009
1009 1010
1010 1010
1010 1011
1011 1011
1011 1012
1011 1013
1012 1012
1012 1014
1013 1140
1013 1013
1013 1142
1014 1014
1014 1015
1015 1015
1015 1016
1016 1016
1016 1018
1016 1020
1016 1019
1017 1017
1017 1043
1017 1051
1017 1052
1017 1018
1018 1052
1018 1018
1018 1055
1018 1020
1019 1170
1019 1171
1019 1172
1019 1019
1019 1173
1020 1055
1020 1020
1020 1061
1021 1021
1021 1028
1021 1023
1021 1022
1021 1029
1022 1028
1022 1022
1022 1029
1023 1028
1023 1034
1023 1023
1023 1066
1023 1067
1023 1069
1024 1024
1024 1030
1024 1025
1024 1026
1025 1030
1025 1025
1025 1037
1025 1071
1025 1073
1025 1074
1026 1030
1026 1206
1026 1026
1026 1208
1026 1038
1026 1210
1027 1027
1027 1028
1027 1033
1027 1034
1027 1035
1028 1028
1028 1034
1028 1029
1028 1036
1029 1034
1029 1029
1029 1036
1030 1030
1030 1031
1030 1037
1030 1038
1031 1031
1031 1032
1031 1039
1031 1040
1031 1037
1031 1041
1032 1032
1032 1039
1032 1040
1033 1033
1033 1042
1033 1034
1033 1044
1033 1035
1034 1034
1034 1035
1034 1065
1034 1066
1034 1067
1034 1036
1034 1068
1035 1042
1035 1044
1035 1035
1035 1095
1035 1065
1035 1066
1035 1036
1035 1068
1035 1096
1036 1036
1036 1068
1037 1039
1037 1037
1037 1041
1037 1073
1037 1074
1037 1075
1037 1038
1038 1041
1038 1208
1038 1038
1038 1210
1038 1077
1039 1039
1039 1040
1039 1046
1039 1041
1039 1047
1040 1040
1040 1046
1040 1048
1040 1049
1041 1046
1041 1041
1041 1047
1041 1074
1041 1075
1041 1076
1041 1077
1042 1042
1042 1043
1042 1045
1042 1044
1043 1043
1043 1051
1043 1053
1043 1045
1043 1044
1044 1045
1044 1044
1044 1093
1044 1095
1044 1065
1044 1068
1044 1096
1044 1094
1045 1051
1045 1053
1045 1045
1045 1090
1045 1093
1045 1095
1045 1096
1045 1094
1045 1091
1046 1046
1046 1048
1046 1047
1046 1050
1047 1048
1047 1047
1047 1050
1047 1075
1047 1076
1047 1078
1047 1077
1047 1079
1048 1048
1048 1056
1048 1049
1048 1050
1048 1057
1049 1056
1049 1049
1049 1058
1049 1060
1050 1056
1050 1050
1050 1057
1050 1076
1050 1078
1050 1080
1050 1077
1050 1079
1051 1051
1051 1052
1051 1054
1051 1053
1052 1052
1052 1055
1052 1054
1052 1053
1053 1054
1053 1053
1053 1089
1053 1090
1053 1093
1053 1094
1053 1091
1053 1092
1054 1054
1054 1089
1054 1090
1054 1091
1054 1092
1055 1055
1055 1061
1056 1056
1056 1058
1056 1057
1056 1059
1057 1058
1057 1057
1057 1059
1057 1078
1057 1080
1057 1081
1057 1079
1057 1082
1058 1058
1058 1062
1058 1060
1058 1059
1059 1059
1059 1080
1059 1081
1059 1082
1060 1062
1060 1060
1060 1063
1060 1064
1061 1061
1062 1062
1062 1063
1062 1064
1063 1063
1063 1064
1064 1064
1065 1095
1065 1065
1065 1066
1066 1066
1066 1067
1067 1067
1067 1069
1068 1068
1068 1096
1069 1070
1069 1069
1070 1070
1070 1071
1070 1072
1071 1071
1071 1073
1072 1200
1072 1201
1072 1202
1072 1072
1072 1203
1073 1073
1073 1074
1074 1074
1074 1075
1075 1075
1075 1076
1076 1076
1076 1078
1077 1210
1077 1077
1077 1079
1077 1212
1078 1078
1078 1080
1079 1079
1079 1212
1079 1082
1080 1080
1080 1081
1081 1081
1081 1097
1082 1212
1082 1082
1082 1216
1082 1214
1083 1083
1083 1084
1083 1085
1084 1084
1084 1085
1085 1097
1085 1085
1086 1086
1086 1087
1086 1088
1087 1087
1087 1088
1088 1088
1088 1098
1089 1098
1089 1089
1089 1090
1090 1090
1090 1093
1091 1094
1091 1091
1091 1092
1092 1092
1092 1174
1093 1093
1093 1095
1094 1096
1094 1094
1095 1095
1096 1096
1097 1097
1098 1098
1099 1099
1099 1100
1100 1100
1100 1101
1101 1101
1101 1102
1102 1102
1102 1103
1103 1103
1103 1104
1104 1104
1104 1105
1105 1105
1105 1106
1106 1106
1106 1107
1107 1107
1107 1108
1108 1108
1108 1109
1109 1109
1110 1110
1110 1111
1111 1111
1111 1112
1112 1112
1112 1113
1113 1113
1113 1114
1114 1114
1114 1115
1115 1115
1115 1116
1116 1116
1116 1117
1117 1117
1117 1118
1118 1118
1118 1119
1119 1119
1119 1120
1120 1120
1121 1121
1121 1122
1121 1123
1122 1122
1122 1123
1122 1124
1123 1123
1123 1124
1123 1125
1123 1126
1124 1124
1124 1127
1124 1126
1125 1127
1125 1125
1125 1128
1125 1129
1125 1130
1125 1131
1125 1126
1126 1127
1126 1130
1126 1131
1126 1126
1127 1127
1127 1128
1128 1128
1128 1132
1128 1129
1129 1132
1129 1129
1129 1133
1129 1134
1129 1135
1129 1130
1129 1131
1130 1130
1130 1131
1130 1220
1130 1221
1130 1222
1130 1223
1130 1224
1131 1131
1131 1220
1131 1221
1131 1222
1131 1223
1131 1225
1132 1132
1132 1133
1133 1133
1133 1134
1134 1134
1134 1135
1134 1136
1135 1135
1135 1136
1135 1137
1136 1136
1136 1137
1136 1138
1136 1139
1137 1137
1137 1138
1137 1139
1138 1138
1138 1139
1138 1140
1138 1141
1139 1139
1139 1140
1139 1141
1140 1140
1140 1141
1140 1142
1140 1143
1141 1141
1141 1142
1141 1143
1142 1142
1142 1143
1143 1143
1144 1144
1144 1145
1145 1145
1145 1148
1146 1146
1146 1147
1147 1147
1147 1149
1148 1148
1148 1150
1149 1149
1149 1151
1150 1150
1150 1152
1151 1151
1151 1153
1152 1152
1152 1154
1153 1153
1153 1155
1154 1154
1154 1156
1155 1155
1155 1157
1156 1156
1156 1158
1157 1157
1157 1159
1158 1158
1158 1160
1159 1159
1159 1161
1160 1160
1161 1161
1162 1162
1162 1164
1163 1163
1163 1165
1164 1164
1164 1166
1165 1165
1165 1167
1166 1166
1166 1168
1167 1167
1167 1169
1168 1168
1168 1170
1169 1169
1169 1171
1170 1170
1170 1172
1171 1171
1171 1173
1172 1172
1173 1173
1174 1174
1174 1175
1175 1175
1176 1176
1176 1177
1177 1177
1177 1180
1178 1178
1178 1179
1179 1179
1179 1181
1180 1180
1180 1182
1181 1181
1181 1183
1182 1182
1182 1184
1183 1183
1183 1185
1184 1184
1184 1186
1185 1185
1185 1187
1186 1186
1186 1188
1187 1187
1187 1189
1188 1188
1188 1190
1189 1189
1189 1191
1190 1190
1190 1192
1191 1191
1191 1193
1192 1192
1192 1194
1193 1193
1193 1195
1194 1194
1194 1196
1195 1195
1195 1197
1196 1196
1196 1198
1197 1197
1197 1199
1198 1198
1198 1200
1199 1199
1199 1201
1200 1200
1200 1202
1201 1201
1201 1203
1202 1202
1203 1203
1204 1204
1204 1206
1204 1205
1204 1207
1205 1230
1205 1231
1205 1232
1205 1205
1205 1207
1205 1235
1206 1206
1206 1208
1206 1209
1206 1207
1207 1230
1207 1231
1207 1207
1208 1208
1208 1209
1208 1210
1208 1211
1209 1209
1209 1210
1209 1211
1210 1210
1210 1211
1210 1212
1210 1213
1211 1211
1211 1212
1211 1213
1212 1212
1212 1213
1212 1214
1212 1215
1213 1213
1213 1214
1213 1215
1214 1217
1214 1218
1214 1216
1214 1219
1214 1214
1214 1215
1215 1217
1215 1218
1215 1215
1216 1217
1216 1216
1216 1219
1217 1217
1217 1218
1217 1219
1218 1218
1219 1219
1220 1220
1220 1221
1220 1223
1220 1225
1220 1224
1221 1221
1221 1222
1221 1225
1221 1224
1222 1222
1222 1223
1222 1225
1222 1224
1222 1226
1222 1227
1222 1228
1223 1223
1223 1225
1223 1224
1223 1226
1223 1227
1223 1229
1224 1225
1224 1224
1224 1226
1224 1229
1224 1228
1225 1225
1225 1227
1225 1229
1225 1228
1226 1226
1226 1227
1226 1229
1226 1228
1226 1230
1226 1231
1226 1232
1227 1227
1227 1229
1227 1228
1227 1230
1227 1231
1228 1229
1228 1228
1228 1233
1228 1234
1228 1232
1229 1229
1229 1233
1229 1234
1230 1230
1230 1231
1230 1232
1230 1235
1231 1231
1232 1234
1232 1232
1232 1237
1232 1235
1233 1233
1233 1234
1233 1236
1233 1237
1233 1238
1233 1239
1234 1234
1234 1236
1234 1237
1234 1235
1235 1237
1235 1235
1236 1236
1236 1237
1236 1238
1236 1239
1237 1237
1238 1238
1238 1239
1238 1240
1238 1241
1239 1239
1239 1240
1239 1241
1240 1240
1240 1241
1241 1241
