0 1
0 5
0 4
0 7
0 27
0 12
0 31
0 29
0 2
0 10
0 11
0 13
0 30
0 32
0 33
0 34
0 35
0 36
0 37
0 38
0 39
0 40
0 41
0 42
0 43
1 2
1 3
3 76
4 5
4 6
4 12
4 9
4 10
4 13
4 14
4 15
5 6
5 7
5 8
5 9
5 10
5 11
7 25
7 26
8 50
9 28
9 27
9 51
9 15
10 27
10 65
10 71
10 14
10 72
10 35
10 73
10 74
11 35
11 37
11 75
13 49
13 35
13 37
14 34
14 42
15 66
15 109
15 111
15 15
16 17
16 27
16 65
16 76
16 72
16 44
16 45
16 184
16 88
16 57
16 185
16 186
16 187
16 188
16 18
16 113
17 18
17 19
17 20
17 21
17 22
17 23
17 24
17 17
18 56
18 69
18 129
18 80
18 149
18 197
18 104
18 220
18 22
18 221
18 222
19 168
19 64
19 307
19 308
19 309
19 248
19 310
19 128
20 76
20 70
20 296
20 149
20 158
20 357
20 281
20 492
21 82
21 252
21 471
21 444
21 21
22 274
22 158
22 75
22 367
22 423
22 441
22 309
22 400
22 247
22 82
22 373
22 171
22 374
22 455
22 253
22 654
22 255
22 277
22 459
22 460
22 310
22 127
22 407
22 429
22 408
22 258
22 259
22 530
22 598
22 467
23 244
23 427
23 283
23 751
23 23
24 308
24 562
24 646
24 393
24 781
24 24
25 51
27 28
27 34
27 36
27 44
27 45
27 46
27 47
27 48
27 27
28 29
28 30
29 36
30 95
30 96
34 42
35 51
37 37
38 50
38 38
39 76
40 50
42 50
42 108
44 73
44 88
44 113
44 114
44 61
44 115
45 65
45 72
45 47
45 134
45 129
45 135
45 136
45 137
45 138
45 45
46 56
46 79
46 129
46 131
46 114
47 86
47 141
47 68
47 139
47 142
47 129
47 101
47 130
47 80
47 131
47 154
47 155
47 59
47 149
48 86
50 97
50 66
50 116
50 110
50 117
50 98
51 52
51 53
51 54
51 55
51 56
51 57
51 58
51 59
51 60
51 61
51 62
51 63
51 64
52 52
53 97
55 68
55 57
55 60
55 179
55 64
56 87
56 56
57 64
59 141
59 134
59 69
59 80
59 146
59 102
59 147
59 237
60 86
60 148
60 114
60 149
60 312
60 197
60 313
60 292
60 200
60 64
60 294
61 115
61 349
62 181
62 147
62 240
62 241
62 355
63 76
63 119
63 146
63 198
63 348
63 64
64 119
64 168
64 192
64 137
64 114
64 197
64 158
64 292
64 394
64 359
64 164
64 202
64 403
64 404
64 400
64 370
64 405
64 160
64 249
64 374
64 252
64 406
64 407
64 390
64 408
64 409
64 410
65 66
65 67
65 68
65 69
65 70
66 109
66 77
66 110
66 111
66 112
67 139
67 111
67 89
67 140
67 67
68 135
68 94
68 147
68 157
69 76
69 100
69 141
69 169
69 190
69 79
69 129
69 144
69 192
69 80
69 136
69 154
69 149
69 103
70 78
70 113
70 80
70 173
70 149
70 201
70 202
72 86
72 87
72 88
72 89
72 90
72 91
72 92
72 93
72 94
74 74
75 100
75 244
75 102
75 299
75 81
75 149
75 152
75 236
75 239
75 106
75 118
75 158
75 200
75 385
75 240
75 262
75 265
75 105
75 323
75 325
75 326
75 418
75 448
75 170
75 449
75 228
75 303
75 366
75 450
75 245
75 230
75 367
75 308
75 309
75 246
75 400
75 369
75 341
75 247
75 160
75 451
75 248
75 82
75 125
75 250
75 452
75 453
75 454
75 411
75 171
75 455
75 456
75 251
75 252
75 457
75 277
75 406
75 458
75 459
75 460
75 221
75 461
75 407
75 462
75 412
75 463
75 128
75 464
75 465
75 466
75 467
75 468
75 83
75 469
75 470
75 471
75 444
75 472
75 177
75 473
75 211
75 474
75 85
75 475
75 476
75 477
75 478
75 440
75 479
75 272
76 77
76 78
76 79
76 80
76 81
76 82
76 83
76 84
76 85
77 161
78 165
78 118
78 166
78 167
79 141
79 130
79 80
79 147
79 189
79 133
79 149
79 150
80 86
80 141
80 142
80 129
80 192
80 187
80 145
80 91
80 131
80 196
80 150
80 174
80 234
81 141
81 144
81 149
81 198
81 158
81 303
81 81
82 123
82 329
82 370
82 451
82 500
82 455
82 253
82 221
82 127
82 410
82 83
82 471
82 222
82 537
83 244
83 158
83 350
83 360
83 368
83 548
83 370
83 451
83 248
83 531
83 250
83 539
83 577
83 171
83 505
83 457
83 574
83 253
83 277
83 550
83 310
83 543
83 221
83 601
83 127
83 538
83 513
83 258
83 259
83 410
83 489
83 378
83 379
83 469
83 534
83 553
83 208
83 471
83 444
83 210
83 579
83 473
83 211
83 685
83 619
83 580
83 708
83 658
83 683
83 621
83 709
83 222
83 555
83 567
83 437
83 528
83 710
84 158
84 248
84 607
84 654
84 210
84 703
85 244
85 427
85 309
85 207
85 699
85 468
85 208
85 470
85 444
85 472
85 283
85 714
85 682
85 749
85 518
85 703
85 730
85 738
85 704
85 739
85 610
85 722
85 217
85 393
85 756
85 725
85 477
85 478
85 440
85 741
86 129
86 130
86 131
86 132
86 133
87 90
88 181
88 144
88 189
88 149
90 90
91 131
91 92
91 235
94 134
95 98
97 97
98 98
99 100
99 99
100 101
100 102
100 103
100 104
100 105
100 100
101 197
101 198
102 106
102 262
102 280
102 105
102 286
102 287
102 288
102 289
103 194
103 195
103 189
103 149
104 119
104 192
104 149
104 106
104 201
104 200
104 280
104 319
104 163
104 359
104 386
104 387
104 202
104 388
104 389
104 248
104 390
105 302
105 240
105 433
105 167
105 286
105 431
105 418
105 288
106 107
106 299
106 149
106 158
106 357
106 295
106 240
106 262
106 265
106 345
106 227
106 319
106 163
106 358
106 359
106 326
106 327
106 360
106 228
106 361
106 202
106 300
106 268
108 109
108 108
111 125
113 141
113 134
113 139
113 144
113 192
113 130
113 172
113 231
113 232
113 233
114 304
114 202
114 114
115 182
115 149
115 349
115 322
115 325
115 352
115 353
115 268
115 281
115 354
116 176
118 119
118 149
119 120
119 121
119 122
119 123
119 124
119 125
119 126
119 127
119 128
120 192
120 182
120 149
120 198
120 237
120 297
121 274
121 158
121 411
121 171
121 254
121 412
121 121
123 226
123 241
123 303
123 125
123 424
123 495
124 425
124 359
124 332
125 385
125 441
125 547
125 370
125 510
125 453
125 374
125 251
125 458
125 578
125 495
125 377
126 262
126 304
126 452
127 244
127 399
127 524
127 367
127 370
127 372
127 250
127 510
127 252
127 543
127 412
127 258
127 259
127 409
127 260
127 378
127 380
127 553
127 208
127 575
127 444
127 210
127 473
127 599
127 682
127 620
127 683
127 655
127 684
127 487
128 168
128 400
128 370
128 160
128 374
128 455
128 276
128 457
128 256
128 408
128 177
129 195
129 196
129 129
130 141
130 156
130 144
130 150
130 151
131 141
131 131
132 197
134 141
135 186
136 139
137 202
137 137
138 144
138 147
138 278
139 172
139 173
139 174
139 175
141 142
141 143
141 144
141 145
141 146
141 147
141 148
141 149
141 150
141 151
141 152
141 153
141 141
142 191
142 142
144 192
144 145
144 150
144 199
144 198
145 192
146 195
146 261
146 175
146 237
146 279
146 263
146 280
147 182
147 198
147 301
147 302
148 193
148 149
149 195
149 173
149 261
149 264
149 311
149 236
149 314
149 315
149 158
149 237
149 316
149 166
149 317
149 240
149 318
149 265
149 167
149 227
149 319
149 320
149 321
149 322
149 323
149 324
149 242
149 243
149 325
149 326
149 266
149 220
149 327
149 328
149 170
149 228
149 303
149 275
149 329
149 330
149 331
149 332
149 333
149 281
149 334
149 245
149 335
149 230
149 336
149 337
150 195
152 266
152 330
153 345
153 153
154 154
157 385
157 241
158 159
158 162
158 244
158 316
158 241
158 262
158 364
158 163
158 365
158 366
158 281
158 245
158 230
158 367
158 307
158 308
158 368
158 369
158 247
158 370
158 248
158 371
158 372
158 249
158 250
158 373
158 171
158 374
158 276
158 252
158 375
158 253
158 254
158 255
158 277
158 256
158 221
158 257
158 376
158 377
158 378
158 379
158 380
158 177
158 381
159 160
160 427
160 490
160 441
160 571
160 250
160 171
160 253
160 401
160 513
160 572
160 160
162 163
162 164
163 236
163 201
163 240
163 262
163 430
163 319
163 326
163 266
163 327
163 228
163 303
163 300
163 248
163 446
163 419
164 243
164 328
164 303
164 400
165 165
166 182
166 293
166 356
166 200
166 240
166 241
166 294
166 167
166 227
166 391
166 324
166 392
167 237
167 302
167 200
167 265
167 391
167 324
167 326
169 170
169 171
170 288
170 228
170 404
171 204
171 274
171 262
171 421
171 413
171 503
171 515
171 450
171 245
171 398
171 367
171 308
171 369
171 247
171 248
171 583
171 371
171 446
171 372
171 250
171 373
171 411
171 590
171 611
171 252
171 375
171 254
171 255
171 406
171 458
171 459
171 310
171 612
171 601
171 462
171 257
171 412
171 613
171 568
171 464
171 614
171 258
171 615
171 378
171 593
171 616
171 469
171 552
171 617
171 208
171 470
171 471
171 444
171 603
171 618
171 619
171 474
171 620
171 621
171 622
171 504
171 222
171 623
171 525
171 567
171 624
171 625
171 215
171 475
171 588
171 216
171 477
171 219
171 478
171 626
171 627
171 628
171 629
171 630
171 631
171 632
171 633
171 634
171 635
171 270
171 636
171 637
171 272
171 638
171 639
171 640
171 641
171 273
171 642
171 643
172 172
173 195
173 238
173 239
173 200
173 179
173 240
173 241
173 242
173 243
175 261
175 200
176 180
177 178
177 244
177 450
177 499
177 248
177 455
177 569
177 254
177 460
177 408
177 603
179 402
182 183
182 291
182 198
182 237
182 292
185 185
186 187
187 195
187 187
189 195
189 305
189 306
191 191
192 193
192 199
192 198
192 200
193 193
194 194
195 236
195 237
197 234
198 348
200 261
200 240
200 241
200 263
200 265
200 280
200 319
200 286
200 326
201 223
201 240
201 319
201 326
201 328
201 396
201 397
201 398
201 371
201 253
201 201
202 290
202 359
202 389
203 204
203 217
203 508
203 509
204 205
204 206
204 207
204 208
204 209
204 210
204 211
204 212
204 213
204 214
204 215
204 216
204 217
204 218
204 219
205 368
205 409
205 444
205 558
205 594
205 595
205 508
205 205
206 678
206 476
206 679
206 206
207 374
207 409
207 444
207 696
207 682
207 697
208 503
208 553
208 470
208 444
208 283
208 599
208 682
208 655
208 557
209 250
209 553
209 444
209 602
209 622
209 518
209 438
209 719
210 244
210 248
210 250
210 252
210 569
210 601
210 462
210 463
210 378
210 469
210 471
210 444
210 473
210 685
210 652
210 619
210 580
210 734
210 474
210 682
210 735
210 621
210 736
210 737
210 567
210 624
210 718
211 367
211 369
211 531
211 619
211 474
211 479
211 705
212 648
212 701
212 212
213 539
213 621
213 720
213 649
213 646
213 594
213 588
213 768
214 538
214 546
214 472
214 648
214 747
214 758
214 677
214 703
214 732
214 660
214 738
214 610
214 673
214 393
214 792
214 477
214 793
214 627
214 794
215 269
215 444
215 714
215 677
215 703
215 659
215 802
215 594
215 217
215 626
215 627
215 628
215 702
215 809
215 523
215 810
215 786
215 270
215 271
215 788
215 641
215 754
215 215
216 677
216 703
216 739
216 217
216 756
216 477
216 627
216 628
216 630
216 522
216 270
216 664
216 705
216 788
216 819
216 754
216 823
216 824
217 365
217 506
217 444
217 703
217 782
217 594
217 822
217 700
217 477
217 478
217 628
217 702
217 809
217 826
217 509
217 522
217 523
218 427
218 257
218 741
218 686
219 444
219 731
219 525
219 677
219 724
219 803
219 815
219 588
219 610
219 762
219 477
219 478
219 726
219 741
219 509
219 522
219 838
220 324
220 352
220 220
221 398
221 400
221 451
221 249
221 539
221 577
221 455
221 569
221 406
221 407
221 671
221 410
221 567
221 519
222 527
222 309
222 584
222 539
222 472
222 682
222 555
222 684
222 585
222 750
222 738
222 475
222 478
222 479
223 224
224 420
225 226
226 227
226 228
226 229
226 230
226 226
227 261
227 237
227 240
227 319
227 358
227 391
227 324
227 359
227 266
227 418
227 228
227 416
227 403
227 229
227 268
227 441
227 248
227 249
228 239
228 262
228 318
228 319
228 480
228 359
228 418
228 327
228 353
228 268
228 230
229 418
229 327
229 303
229 336
229 229
230 413
230 326
230 266
230 327
230 416
230 367
230 248
230 535
230 276
232 233
233 347
234 339
235 279
236 350
236 303
236 248
236 351
237 261
237 312
237 362
237 316
237 292
237 241
237 280
237 319
237 382
237 383
237 320
239 356
239 265
239 326
239 331
240 302
240 241
240 265
240 294
240 319
240 391
240 413
240 326
240 414
241 343
241 385
241 265
241 319
241 417
241 418
241 275
241 341
241 371
241 254
241 419
241 376
241 377
242 289
243 402
243 331
244 245
244 246
244 247
244 248
244 249
244 250
244 251
244 252
244 253
244 254
244 255
244 256
244 257
244 258
244 259
244 260
245 385
245 364
245 360
245 452
245 374
245 401
246 455
246 457
246 254
246 277
246 258
246 560
246 561
247 548
247 370
247 249
247 254
247 255
247 277
247 310
247 568
247 534
248 326
248 266
248 303
248 281
248 337
248 541
248 423
248 309
248 341
248 370
248 250
248 500
248 373
248 577
248 453
248 455
248 424
248 505
248 251
248 252
248 253
248 277
248 458
248 419
248 460
248 310
248 578
248 462
248 513
248 463
248 258
248 259
248 409
248 466
248 378
248 379
248 469
248 579
248 473
248 580
248 525
248 581
249 327
249 403
249 300
249 400
249 411
249 374
249 252
249 457
249 569
249 253
249 459
249 513
249 408
249 410
249 473
249 249
250 385
250 413
250 399
250 303
250 398
250 308
250 370
250 371
250 373
250 453
250 411
250 251
250 252
250 457
250 569
250 253
250 254
250 255
250 550
250 256
250 459
250 419
250 310
250 538
250 390
250 257
250 464
250 408
250 258
250 259
250 533
250 530
250 597
250 598
250 489
250 260
250 534
250 599
250 600
251 411
251 406
251 412
251 259
251 600
252 399
252 529
252 371
252 455
252 457
252 253
252 255
252 277
252 550
252 419
252 572
252 568
252 408
252 258
252 259
252 530
252 260
252 593
252 380
252 471
252 473
252 652
252 599
252 621
252 655
252 252
253 274
253 275
253 373
253 452
253 374
253 255
253 459
253 461
253 671
253 464
253 260
253 379
253 469
253 602
253 603
254 274
254 374
254 457
254 256
254 459
254 258
254 466
255 274
255 308
255 457
255 256
255 612
255 259
256 373
256 276
256 429
256 258
257 686
257 687
258 529
258 308
258 371
258 607
258 457
258 550
258 406
258 310
258 259
258 377
258 530
258 410
258 489
258 260
258 593
258 617
258 473
258 680
258 599
258 655
258 258
259 308
259 400
259 451
259 455
259 601
259 390
259 471
259 693
260 370
260 455
260 550
260 530
260 378
260 473
260 599
260 701
261 262
261 263
261 261
262 274
262 350
262 421
262 364
262 422
262 300
262 333
262 423
262 424
263 312
263 319
264 265
264 266
264 267
264 268
265 305
265 394
265 319
265 324
265 325
265 431
265 418
266 325
266 416
266 303
266 366
266 423
266 405
267 281
268 311
268 349
268 322
268 326
268 289
268 416
268 300
268 353
268 281
268 526
269 270
269 271
269 272
269 273
270 616
270 477
270 627
270 742
270 702
270 630
270 874
270 668
270 712
270 270
271 798
271 588
271 627
271 639
271 640
271 754
271 271
272 519
272 272
273 627
273 664
273 787
274 275
274 276
274 277
274 274
275 385
275 400
275 458
276 423
276 400
276 374
276 455
276 460
276 647
276 513
276 276
277 450
277 370
277 373
277 452
277 374
277 457
277 569
277 310
277 568
277 464
277 380
277 617
278 392
278 278
280 320
280 435
281 282
281 346
281 289
281 416
281 300
281 353
281 366
281 389
281 531
283 284
283 503
283 308
283 596
283 494
283 616
283 444
283 731
283 732
283 540
283 733
283 393
283 477
284 285
285 541
285 519
285 660
285 700
285 809
285 727
286 305
286 394
286 433
289 416
289 300
289 404
289 499
291 292
293 294
295 296
295 299
295 297
295 359
295 332
296 297
296 296
297 317
297 297
298 299
299 300
300 311
300 316
300 322
300 325
300 326
300 366
300 354
300 514
300 300
302 319
302 382
303 326
303 423
303 400
303 373
303 453
303 505
303 506
303 507
304 405
304 500
304 510
305 320
305 338
306 382
308 357
308 397
308 529
308 548
308 549
308 505
308 550
308 458
308 538
308 409
308 530
308 489
308 551
308 469
308 552
308 553
308 470
308 471
308 473
308 554
308 555
308 420
308 556
308 557
308 558
309 326
309 400
309 542
309 539
309 473
310 367
310 456
310 569
310 464
310 408
310 598
310 469
310 534
310 380
312 340
315 363
316 384
317 399
317 332
319 345
319 320
319 324
319 392
319 418
319 327
319 442
320 445
321 343
321 321
322 326
322 435
322 416
323 345
324 327
325 326
325 423
326 353
326 404
326 367
326 483
326 400
327 480
327 359
327 418
327 448
327 403
327 366
327 405
327 327
328 353
329 373
330 353
330 367
331 402
331 331
332 425
332 332
335 535
336 336
337 537
338 490
338 502
341 342
341 493
341 563
343 344
345 359
345 418
345 361
345 345
346 346
347 347
348 356
348 348
349 416
349 353
350 393
352 512
353 425
355 421
355 374
355 429
359 395
359 418
359 481
360 500
360 406
360 473
360 501
364 436
364 437
364 438
364 439
364 440
365 412
365 518
367 369
367 370
367 539
367 463
367 474
367 540
369 562
370 500
370 452
370 453
370 457
370 569
370 419
370 543
370 568
370 377
371 511
371 453
371 454
371 457
371 377
371 530
371 489
371 589
372 538
372 498
372 554
372 372
373 457
373 419
373 593
373 469
374 423
374 502
374 452
374 644
374 457
374 459
374 495
374 598
374 468
374 617
374 645
374 374
375 658
375 659
375 660
375 594
375 627
375 631
375 661
375 662
375 635
375 663
375 664
375 665
375 666
375 667
375 668
375 669
375 670
376 559
376 452
377 398
377 495
377 530
378 583
378 457
378 593
378 473
378 683
379 451
379 390
379 513
379 380
379 474
380 427
380 455
380 461
380 462
380 593
380 444
380 567
382 443
383 444
383 383
385 400
385 401
385 385
390 460
390 469
391 447
393 506
393 538
393 677
393 649
393 588
393 722
393 827
393 700
393 764
394 395
396 415
397 398
397 397
398 441
398 538
398 495
398 464
398 429
398 398
399 489
400 430
400 404
400 423
400 446
400 542
400 500
400 411
400 513
400 400
403 513
404 532
406 457
407 457
408 570
408 455
408 651
409 495
409 694
410 490
410 499
410 569
410 693
410 588
410 661
410 695
411 505
411 507
411 574
411 411
412 507
412 647
413 443
413 413
415 415
416 416
418 418
419 424
419 513
419 593
419 534
419 419
420 553
420 470
420 471
420 575
420 745
420 585
420 420
421 421
423 482
423 542
423 456
423 543
423 423
425 426
427 428
427 427
428 596
428 609
428 798
428 725
429 441
429 458
429 495
432 433
432 434
433 434
434 434
436 703
436 753
436 754
437 555
437 558
438 439
438 438
439 698
439 444
439 731
439 718
439 477
439 753
439 791
440 731
440 608
440 594
440 785
440 846
441 546
441 441
442 493
444 503
444 584
444 531
444 607
444 672
444 550
444 543
444 675
444 465
444 546
444 551
444 617
444 553
444 470
444 472
444 579
444 658
444 599
444 608
444 709
444 624
444 537
444 677
444 609
444 649
444 704
444 721
444 475
444 588
444 610
444 722
444 723
446 517
446 590
448 448
449 494
449 449
450 525
451 539
451 574
451 464
451 575
451 576
451 474
451 567
451 451
452 500
452 486
452 601
453 500
453 507
453 486
453 453
454 454
455 460
455 513
455 469
455 455
456 483
456 460
456 456
457 569
457 459
457 464
457 466
457 656
457 534
457 618
457 657
458 559
458 494
459 489
460 505
460 513
462 469
462 552
462 471
462 473
462 685
462 680
462 525
464 534
464 689
464 690
465 692
465 677
466 466
468 494
468 553
468 703
468 704
469 531
469 543
469 513
469 593
469 707
469 471
469 603
469 473
469 714
469 685
469 619
469 621
469 567
469 701
469 715
469 469
470 553
470 682
470 622
470 525
470 585
470 528
470 716
470 720
470 719
470 540
470 649
471 536
471 539
471 590
471 601
471 685
471 645
471 555
471 720
471 710
472 564
472 677
472 528
472 649
472 724
472 725
472 477
472 726
472 727
472 728
472 729
472 509
473 577
473 505
473 601
473 615
473 693
473 685
473 619
473 658
473 734
473 682
473 504
473 567
473 473
474 680
475 531
475 709
475 649
475 760
475 739
475 722
475 725
475 811
475 479
475 812
475 475
476 502
476 494
476 781
477 494
477 711
477 731
477 677
477 703
477 659
477 660
477 738
477 808
477 739
477 588
477 830
477 763
477 772
477 478
477 726
477 627
477 628
477 773
477 702
477 809
477 727
477 728
477 766
477 661
477 775
477 521
477 633
477 522
477 817
477 638
477 640
478 660
478 739
478 588
478 833
478 839
478 627
478 628
478 728
478 785
478 521
478 509
478 522
478 845
478 523
478 817
478 663
478 478
479 539
481 486
483 542
484 485
484 544
484 545
484 484
487 488
487 531
487 701
487 759
487 487
489 619
490 491
490 533
490 534
493 493
494 691
496 497
497 498
499 514
500 582
501 501
502 591
502 605
503 504
506 607
506 648
506 649
506 650
506 506
507 652
507 653
508 731
508 861
509 660
509 588
509 627
509 728
509 806
510 578
510 601
510 602
510 603
510 604
511 511
513 652
515 516
516 516
517 517
518 648
518 649
518 704
519 520
519 621
519 649
519 566
519 780
519 628
520 521
520 522
520 523
520 520
521 627
521 633
521 523
521 639
522 644
522 739
522 633
522 817
522 869
522 522
523 834
523 626
523 627
523 856
523 702
523 741
523 862
523 630
523 864
523 794
523 845
523 870
523 695
523 639
525 553
525 627
527 528
528 553
528 716
528 649
528 528
529 530
529 529
530 550
530 599
530 655
531 539
531 588
532 532
533 559
534 569
534 676
534 552
535 535
537 707
537 624
537 537
538 552
538 677
538 649
538 610
538 673
539 541
539 579
539 555
539 610
540 549
540 714
540 557
540 716
540 703
543 610
543 543
544 769
545 757
545 557
546 606
546 578
546 702
546 546
548 567
548 548
549 646
550 599
550 655
550 550
551 573
551 552
551 551
552 553
552 677
552 716
553 584
553 575
553 682
553 567
553 684
553 557
553 718
553 703
553 719
553 649
553 625
553 586
555 682
555 585
555 752
556 683
556 755
556 556
557 717
557 557
559 559
560 648
560 645
564 565
564 566
565 677
565 739
565 588
565 740
565 628
565 741
566 649
566 588
566 610
566 771
566 727
566 799
567 619
569 618
570 570
571 592
571 593
572 572
574 574
575 622
576 730
578 588
578 610
578 674
581 581
584 585
584 586
584 587
584 588
585 645
585 752
585 721
586 649
586 795
588 647
588 731
588 703
588 609
588 760
588 594
588 751
588 796
588 753
588 628
588 702
588 728
588 794
588 816
588 817
588 810
588 786
588 695
588 806
588 638
588 818
588 819
593 622
593 593
594 731
594 804
594 805
594 806
594 666
598 598
599 682
599 655
601 652
601 680
601 681
601 601
602 603
605 731
605 660
605 700
607 608
607 609
608 738
608 608
609 650
610 731
610 709
610 677
610 744
610 751
611 651
616 635
616 705
616 616
619 680
619 621
621 647
622 622
623 624
625 682
625 790
626 753
626 638
626 639
626 787
626 754
627 688
627 711
627 677
627 724
627 839
627 726
627 628
627 629
627 742
627 702
627 809
627 848
627 728
627 630
627 631
627 774
627 817
627 695
627 636
627 838
627 849
627 664
627 787
627 640
627 788
627 818
627 641
627 754
627 850
628 703
628 834
628 726
628 702
628 633
628 851
629 784
629 633
629 852
629 664
629 853
629 854
629 855
629 629
630 711
630 771
630 847
630 702
630 809
630 766
630 863
630 810
630 787
630 640
630 641
630 754
631 860
631 788
631 754
631 667
631 712
631 855
631 866
631 631
632 641
632 712
633 834
633 765
633 702
633 863
633 799
633 786
633 635
633 636
633 637
633 849
633 664
633 868
635 830
635 695
635 873
635 853
635 635
636 711
636 639
636 640
637 764
637 639
637 641
638 702
639 702
639 809
639 806
640 664
640 641
640 878
641 659
641 798
641 664
641 787
641 819
641 878
641 754
641 886
641 669
643 788
643 853
644 644
645 648
645 710
646 659
647 677
648 714
648 677
648 704
649 682
649 659
649 725
649 789
649 691
650 677
650 703
650 777
650 821
652 653
652 652
655 682
655 719
655 746
655 655
656 683
658 677
659 731
659 677
659 783
659 784
659 785
659 786
659 787
659 788
659 754
660 677
660 716
660 724
660 738
660 704
660 796
660 695
661 706
661 677
661 754
661 712
661 850
663 798
663 848
664 711
664 801
664 798
664 784
664 705
664 878
664 667
664 823
664 879
665 787
665 883
666 806
666 884
667 787
667 754
668 668
669 819
669 879
672 673
677 731
677 703
677 760
677 704
677 761
677 722
677 762
677 751
677 763
677 764
677 725
677 765
677 702
677 728
677 766
677 767
678 702
678 741
679 740
679 860
681 681
682 732
682 719
682 743
682 704
682 744
682 682
683 716
689 689
691 691
695 828
695 857
695 766
695 729
695 872
695 754
697 697
699 700
700 825
701 701
702 798
702 763
702 742
702 741
702 859
702 806
703 772
703 773
703 774
704 760
705 705
706 706
709 709
711 712
711 713
711 711
712 754
712 884
712 850
714 742
716 738
718 743
721 721
722 778
724 796
724 741
725 731
725 767
726 738
726 728
726 806
727 728
727 817
727 837
728 839
728 806
731 738
732 779
737 737
738 762
738 763
739 770
739 813
739 794
739 814
739 799
739 810
740 820
741 791
741 860
743 743
744 825
746 746
747 748
748 748
754 800
754 836
754 774
754 787
754 853
754 886
754 850
754 887
754 880
754 888
760 800
762 762
764 785
764 831
766 817
766 766
769 769
770 771
771 832
771 785
772 844
773 794
774 806
774 774
775 776
775 806
775 775
777 778
777 797
780 805
781 781
782 782
783 829
785 794
786 817
786 852
786 853
786 786
787 873
787 853
787 868
787 880
787 787
788 875
788 881
788 788
793 793
794 832
794 816
794 865
797 797
798 805
799 832
804 807
805 842
806 873
806 877
806 806
807 842
809 839
811 811
816 853
817 843
818 834
819 885
822 822
831 831
834 835
836 837
838 843
838 838
839 840
839 841
840 845
846 867
848 851
852 852
853 855
855 855
857 858
858 858
859 859
860 860
861 861
864 864
865 871
873 882
873 873
874 880
875 876
877 877
882 882
