0 1
0 2
0 3
0 4
0 5
0 6
0 7
0 8
0 9
0 10
0 11
0 12
0 13
0 14
0 15
0 16
0 17
0 18
0 19
0 20
0 21
0 22
0 23
0 24
0 25
0 26
0 0
1 1
2 3
2 4
2 5
2 6
2 7
2 8
2 67
2 20
2 2
3 4
3 5
3 6
3 7
3 8
3 67
3 12
3 15
3 23
3 3
4 5
4 6
4 7
4 8
4 4
5 6
5 7
5 8
5 17
5 5
6 7
6 8
6 67
6 12
6 13
6 6
7 8
7 67
7 15
7 23
7 7
8 67
8 15
8 8
9 40
9 42
9 17
9 43
9 9
10 27
10 30
10 40
10 31
10 41
10 57
10 28
10 65
10 47
10 48
10 29
10 49
10 59
10 66
10 50
10 60
10 61
10 42
10 15
10 51
10 52
10 17
10 75
10 53
10 18
10 19
10 20
10 21
10 77
10 22
10 54
10 23
10 26
10 55
10 44
10 62
10 10
11 11
12 13
12 15
12 16
12 17
12 23
12 12
13 15
13 16
13 17
13 22
13 23
13 26
13 13
14 25
14 79
14 14
15 16
15 22
15 26
15 15
16 22
16 26
16 16
17 40
17 31
17 28
17 74
17 78
17 42
17 43
17 18
17 21
17 69
17 23
17 26
17 64
17 17
18 57
18 22
18 79
18 70
18 18
19 59
19 21
19 23
19 37
19 38
19 19
20 31
20 59
20 35
20 80
20 22
20 70
20 20
21 33
21 35
21 39
21 21
22 28
22 59
22 72
22 68
22 80
22 54
22 38
22 64
22 22
23 31
23 26
23 23
24 24
25 79
25 25
26 26
27 28
27 29
27 27
28 40
28 31
28 41
28 49
28 50
28 51
28 44
28 62
28 28
29 29
30 31
30 30
31 40
31 41
31 45
31 46
31 47
31 48
31 49
31 50
31 42
31 51
31 52
31 53
31 54
31 55
31 44
31 31
32 33
32 34
32 35
32 36
32 37
32 38
32 39
32 32
33 34
33 35
33 68
33 69
33 38
33 39
33 70
33 33
34 35
34 72
34 68
34 73
34 69
34 37
34 38
34 39
34 70
34 34
35 72
35 68
35 73
35 69
35 37
35 38
35 39
35 35
36 39
36 36
37 72
37 68
37 69
37 38
37 70
37 37
38 72
38 68
38 69
38 39
38 70
38 38
39 70
39 39
40 41
40 42
40 43
40 44
40 40
41 49
41 56
41 50
41 42
41 51
41 52
41 54
41 55
41 44
41 41
42 78
42 42
43 47
43 76
43 43
44 49
44 50
44 55
44 44
45 45
46 63
46 64
46 46
47 52
47 47
48 57
48 53
48 48
49 50
49 55
49 49
50 52
50 54
50 55
50 50
51 52
51 64
51 55
51 51
52 55
52 62
52 52
53 57
53 58
53 53
54 55
54 62
54 54
55 62
55 55
56 71
56 56
57 58
57 59
57 60
57 61
57 57
58 58
59 66
59 59
60 61
60 75
60 60
61 75
61 61
62 62
63 64
63 81
63 63
64 74
64 64
65 65
66 66
67 67
68 72
68 73
68 80
68 69
68 70
68 68
69 72
69 73
69 70
69 69
70 72
70 70
71 71
72 73
72 72
73 73
74 74
75 75
76 76
77 77
78 78
79 79
80 80
81 81
