0 0
0 1
0 1
0 2
0 3
0 4
0 5
0 6
0 7
0 8
0 9
0 10
0 11
0 12
0 13
0 14
0 15
0 16
0 17
0 18
0 19
0 20
0 21
0 22
0 23
0 24
0 25
0 26
0 27
0 28
0 29
0 30
0 31
0 32
0 33
0 34
0 35
0 36
0 37
0 38
0 39
0 40
0 41
0 42
0 674
0 675
0 776
0 1192
0 1193
0 1211
1 1
1 2
1 3
1 4
1 5
1 6
1 7
1 8
1 9
1 10
1 11
1 12
1 13
1 14
1 15
1 16
1 17
1 18
1 19
1 20
1 21
1 22
1 23
1 24
1 25
1 26
1 27
1 28
1 29
1 30
1 31
1 32
1 33
1 34
1 35
1 36
1 37
1 38
1 39
1 40
1 41
1 42
1 674
1 675
1 776
1 1192
1 1193
1 1211
2 42
2 344
2 345
2 346
2 347
2 348
2 349
2 350
2 351
2 352
2 353
2 354
2 355
2 356
2 357
2 358
2 359
2 360
2 361
2 362
2 363
2 777
2 792
2 793
2 1212
2 1242
2 1243
3 42
3 344
3 345
3 346
3 347
3 348
3 349
3 350
3 351
3 352
3 353
3 354
3 355
3 356
3 357
3 358
3 359
3 360
3 361
3 362
3 363
3 777
3 792
3 793
3 1212
3 1242
3 1243
4 42
4 517
4 537
4 649
4 650
4 651
4 652
4 653
4 654
4 655
4 656
4 657
4 658
4 660
4 662
4 664
4 666
4 668
4 812
4 813
4 840
4 1272
4 1273
4 1302
5 42
5 538
5 540
5 670
5 671
5 672
5 673
5 674
5 675
5 676
5 677
5 678
5 679
5 680
5 681
5 682
5 683
5 684
5 685
5 686
5 687
5 812
5 813
5 840
5 1272
5 1273
5 1302
6 42
6 941
6 943
6 944
6 945
6 946
6 947
6 948
6 949
6 950
6 951
6 952
6 953
6 954
6 955
6 956
6 957
6 958
6 959
6 841
6 868
6 869
6 1303
6 1332
6 1333
7 42
7 941
7 943
7 944
7 945
7 946
7 947
7 949
7 951
7 953
7 954
7 955
7 956
7 957
7 958
7 959
7 841
7 868
7 869
7 1303
7 1332
7 1333
8 42
8 342
8 343
8 648
8 669
8 940
8 942
8 1154
8 1155
8 1156
8 1157
8 1158
8 1159
8 1160
8 1161
8 1162
8 1163
8 1164
8 1165
8 1166
8 1167
8 896
8 897
8 1168
8 1362
8 1363
8 782
9 42
9 342
9 343
9 648
9 669
9 940
9 942
9 1154
9 1155
9 1156
9 1157
9 1159
9 1161
9 1163
9 1165
9 1167
9 896
9 897
9 1168
9 1362
9 1363
9 782
10 42
10 1169
10 1188
10 1189
10 925
10 926
10 946
10 947
10 964
10 965
10 982
10 983
10 1000
10 1001
10 1018
10 1019
10 1036
10 1037
10 1054
10 1055
10 1072
10 1073
10 1090
10 1091
10 1108
10 1109
10 1126
10 1127
10 1140
10 1141
10 1154
10 1155
10 783
10 798
10 799
11 42
11 1169
11 1188
11 1189
11 925
11 926
11 946
11 947
11 964
11 965
11 982
11 983
11 1000
11 1001
11 1018
11 1019
11 1036
11 1037
11 1054
11 1055
11 1072
11 1073
11 1090
11 1091
11 1108
11 1109
11 1126
11 1127
11 1140
11 1141
11 1154
11 1155
11 783
11 798
11 799
12 42
12 1208
12 1236
12 1238
12 36
12 37
12 78
12 79
12 121
12 122
12 164
12 165
12 207
12 208
12 250
12 251
12 293
12 294
12 336
12 337
12 360
12 361
12 380
12 381
12 400
12 401
12 420
12 421
12 527
12 528
12 550
12 551
12 728
12 729
12 744
12 745
12 832
12 833
12 860
12 861
12 888
12 889
12 916
12 917
12 1226
12 1227
12 1258
12 1266
12 1283
12 1284
12 1313
12 1314
12 1343
12 1344
12 1373
12 1374
12 1174
12 1175
12 1194
13 42
13 1208
13 1236
13 1238
13 38
13 39
13 80
13 81
13 123
13 124
13 166
13 167
13 209
13 210
13 252
13 253
13 295
13 296
13 338
13 339
13 362
13 363
13 382
13 383
13 402
13 403
13 422
13 423
13 529
13 530
13 552
13 553
13 730
13 731
13 746
13 747
13 834
13 835
13 862
13 863
13 890
13 891
13 918
13 919
13 1228
13 1229
13 1259
13 1260
13 1285
13 1286
13 1315
13 1316
13 1345
13 1346
13 1375
13 1376
13 1174
13 1175
13 1194
14 138
14 139
14 941
14 943
14 960
15 42
15 138
15 139
15 181
15 941
15 943
15 960
16 182
16 224
16 961
16 978
16 979
17 42
17 182
17 224
17 225
17 961
17 978
17 979
18 267
18 268
18 996
18 997
18 1014
19 42
19 267
19 268
19 310
19 996
19 997
19 1014
20 311
20 569
20 1015
20 1032
20 1033
21 42
21 311
21 569
21 570
21 1015
21 1032
21 1033
22 590
22 591
22 1050
22 1051
22 1068
23 42
23 590
23 591
23 611
23 1050
23 1051
23 1068
24 612
24 632
24 1069
24 1086
24 1087
25 42
25 612
25 632
25 633
25 1069
25 1086
25 1087
26 655
26 656
26 1104
26 1105
26 1122
27 42
27 655
27 656
27 676
27 1104
27 1105
27 1122
28 42
28 1190
28 1191
28 1209
28 1366
28 1367
28 424
29 42
29 1190
29 1191
29 1209
29 1366
29 1367
29 424
30 42
30 1210
30 1240
30 1241
30 425
30 491
30 493
31 42
31 1210
31 1240
31 1241
31 425
31 491
31 493
32 42
32 1270
32 1271
32 1300
32 634
32 635
32 657
33 42
33 1270
33 1271
33 1300
33 634
33 635
33 657
34 42
34 1301
34 1330
34 1331
34 658
34 923
34 924
35 42
35 1301
35 1330
35 1331
35 658
35 923
35 924
36 42
36 1360
36 1361
36 944
36 945
36 962
37 42
37 1360
37 1361
37 944
37 945
37 962
38 42
38 54
38 55
38 963
38 980
38 981
39 42
39 54
39 55
39 963
39 980
39 981
40 42
40 97
40 98
40 140
40 998
40 999
40 1016
41 42
41 97
41 98
41 140
41 998
41 999
41 1016
42 43
42 84
42 85
42 674
42 675
42 776
42 1192
42 1193
42 1211
43 43
43 44
43 45
43 46
43 47
43 48
43 49
43 50
43 51
43 52
43 53
43 54
43 55
43 56
43 57
43 58
43 59
43 60
43 61
43 62
43 63
43 64
43 65
43 66
43 67
43 68
43 69
43 70
43 71
43 72
43 73
43 74
43 75
43 76
43 77
43 78
43 79
43 80
43 81
43 82
43 83
43 84
43 85
43 674
43 675
43 776
43 1192
43 1193
43 1211
44 84
44 85
44 345
44 347
44 349
44 351
44 353
44 354
44 355
44 356
44 357
44 358
44 359
44 360
44 361
44 362
44 363
44 777
44 792
44 793
44 1212
44 1242
44 1243
45 84
45 85
45 364
45 365
45 366
45 367
45 368
45 369
45 370
45 371
45 372
45 373
45 374
45 375
45 376
45 377
45 378
45 379
45 380
45 381
45 382
45 383
45 777
45 792
45 793
45 1212
45 1242
45 1243
46 84
46 85
46 538
46 540
46 670
46 671
46 672
46 673
46 674
46 675
46 676
46 677
46 678
46 679
46 680
46 681
46 682
46 683
46 684
46 685
46 686
46 687
46 812
46 813
46 840
46 1272
46 1273
46 1302
47 84
47 85
47 538
47 540
47 670
47 671
47 672
47 673
47 674
47 675
47 676
47 677
47 679
47 681
47 683
47 685
47 687
47 812
47 813
47 840
47 1272
47 1273
47 1302
48 84
48 85
48 960
48 961
48 962
48 963
48 964
48 965
48 966
48 967
48 968
48 969
48 970
48 971
48 972
48 973
48 974
48 975
48 976
48 977
48 841
48 868
48 869
48 1303
48 1332
48 1333
49 84
49 85
49 960
49 961
49 962
49 963
49 964
49 965
49 966
49 967
49 968
49 969
49 970
49 971
49 972
49 973
49 974
49 975
49 976
49 977
49 841
49 868
49 869
49 1303
49 1332
49 1333
50 84
50 85
50 1168
50 1168
50 1169
50 1170
50 1171
50 1172
50 1173
50 1174
50 1175
50 1176
50 1177
50 1178
50 1179
50 1180
50 1181
50 1182
50 1183
50 1184
50 1185
50 1186
50 1187
50 896
50 897
50 1362
50 1363
50 782
51 84
51 85
51 1168
51 1168
51 1169
51 1170
51 1171
51 1172
51 1173
51 1174
51 1175
51 1176
51 1177
51 1178
51 1179
51 1180
51 1181
51 1182
51 1183
51 1184
51 1185
51 1186
51 1187
51 896
51 897
51 1362
51 1363
51 782
52 84
52 85
52 1169
52 1188
52 1189
52 925
52 926
52 946
52 947
52 964
52 965
52 982
52 983
52 1000
52 1001
52 1018
52 1019
52 1036
52 1037
52 1054
52 1055
52 1072
52 1073
52 1090
52 1091
52 1108
52 1109
52 1126
52 1127
52 1140
52 1141
52 1154
52 1155
52 783
52 798
52 799
53 84
53 85
53 1169
53 1188
53 1189
53 754
53 755
53 766
53 767
53 1142
53 1143
53 1156
53 1157
53 783
53 798
53 799
54 84
54 85
54 1208
54 1236
54 1238
54 80
54 81
54 123
54 124
54 166
54 167
54 209
54 210
54 252
54 253
54 295
54 296
54 338
54 339
54 362
54 363
54 382
54 383
54 402
54 403
54 422
54 423
54 529
54 530
54 552
54 553
54 730
54 731
54 746
54 747
54 834
54 835
54 862
54 863
54 890
54 891
54 918
54 919
54 1228
54 1229
54 1259
54 1285
54 1286
54 1315
54 1316
54 1345
54 1346
54 1375
54 1376
54 1174
54 1175
54 1194
55 84
55 85
55 1208
55 1236
55 1238
55 80
55 81
55 123
55 124
55 166
55 167
55 209
55 210
55 252
55 253
55 295
55 296
55 338
55 339
55 362
55 363
55 382
55 383
55 402
55 403
55 422
55 423
55 529
55 530
55 552
55 553
55 730
55 731
55 746
55 747
55 834
55 835
55 862
55 863
55 890
55 891
55 918
55 919
55 1228
55 1229
55 1259
55 1260
55 1285
55 1286
55 1315
55 1316
55 1345
55 1346
55 1375
55 1376
55 1174
55 1175
55 1194
56 84
56 138
56 139
56 941
56 943
56 960
57 84
57 85
57 138
57 139
57 181
57 941
57 943
57 960
58 84
58 182
58 224
58 961
58 978
58 979
59 84
59 85
59 182
59 224
59 225
59 961
59 978
59 979
60 84
60 267
60 268
60 996
60 997
60 1014
61 84
61 85
61 267
61 268
61 310
61 996
61 997
61 1014
62 84
62 311
62 569
62 1015
62 1032
62 1033
63 84
63 85
63 311
63 569
63 570
63 1015
63 1032
63 1033
64 84
64 590
64 591
64 1050
64 1051
64 1068
65 84
65 85
65 590
65 591
65 611
65 1050
65 1051
65 1068
66 84
66 612
66 632
66 1069
66 1086
66 1087
67 84
67 85
67 612
67 632
67 633
67 1069
67 1086
67 1087
68 84
68 655
68 656
68 1104
68 1105
68 1122
69 84
69 85
69 655
69 656
69 676
69 1104
69 1105
69 1122
70 84
70 85
70 1190
70 1191
70 1209
70 1366
70 1367
70 424
71 84
71 85
71 1190
71 1191
71 1209
71 1366
71 1367
71 424
72 84
72 85
72 1210
72 1240
72 1241
72 425
72 491
72 493
73 84
73 85
73 1210
73 1240
73 1241
73 425
73 491
73 493
74 84
74 85
74 1270
74 1271
74 1300
74 634
74 635
74 657
75 84
75 85
75 1270
75 1271
75 1300
75 634
75 635
75 657
76 84
76 85
76 1301
76 1330
76 1331
76 658
76 923
76 924
77 84
77 85
77 1301
77 1330
77 1331
77 658
77 923
77 924
78 84
78 85
78 1360
78 1361
78 944
78 945
78 962
79 84
79 85
79 1360
79 1361
79 944
79 945
79 962
80 84
80 85
80 963
80 980
80 981
81 84
81 85
81 963
81 980
81 981
82 84
82 85
82 97
82 98
82 140
82 998
82 999
82 1016
83 84
83 85
83 97
83 98
83 140
83 998
83 999
83 1016
84 86
84 127
84 128
84 674
84 675
84 776
84 1192
84 1193
84 1211
85 86
85 127
85 128
85 674
85 675
85 776
85 1192
85 1193
85 1211
86 87
86 88
86 89
86 90
86 91
86 92
86 93
86 94
86 95
86 96
86 97
86 98
86 99
86 100
86 101
86 102
86 103
86 104
86 105
86 106
86 107
86 108
86 109
86 110
86 111
86 112
86 113
86 114
86 115
86 116
86 117
86 118
86 119
86 120
86 121
86 122
86 123
86 124
86 125
86 126
86 129
86 170
86 171
86 674
86 675
86 776
86 1192
86 1193
86 1211
87 127
87 128
87 364
87 365
87 366
87 367
87 368
87 369
87 370
87 371
87 372
87 373
87 374
87 375
87 376
87 377
87 378
87 379
87 380
87 381
87 382
87 383
87 777
87 792
87 793
87 1212
87 1242
87 1243
88 127
88 128
88 365
88 367
88 369
88 371
88 373
88 374
88 375
88 376
88 377
88 378
88 379
88 380
88 381
88 382
88 383
88 777
88 792
88 793
88 1212
88 1242
88 1243
89 127
89 128
89 688
89 689
89 690
89 691
89 692
89 693
89 694
89 695
89 696
89 697
89 698
89 699
89 700
89 701
89 702
89 703
89 812
89 813
89 840
89 1272
89 1273
89 1302
90 127
90 128
90 688
90 689
90 690
90 691
90 692
90 693
90 694
90 695
90 696
90 697
90 698
90 699
90 700
90 701
90 702
90 703
90 812
90 813
90 840
90 1272
90 1273
90 1302
91 127
91 128
91 960
91 961
91 962
91 963
91 964
91 965
91 967
91 969
91 971
91 972
91 973
91 974
91 975
91 976
91 977
91 841
91 868
91 869
91 1303
91 1332
91 1333
92 127
92 128
92 978
92 979
92 980
92 981
92 982
92 983
92 984
92 985
92 986
92 987
92 988
92 989
92 990
92 991
92 992
92 993
92 994
92 995
92 841
92 868
92 869
92 1303
92 1332
92 1333
93 127
93 128
93 1168
93 1168
93 1169
93 1170
93 1171
93 1172
93 1173
93 1174
93 1175
93 1176
93 1177
93 1179
93 1181
93 1183
93 1185
93 1187
93 896
93 897
93 1362
93 1363
93 782
94 127
94 128
94 1188
94 1189
94 1190
94 1191
94 1192
94 1193
94 1194
94 1195
94 1196
94 1197
94 1198
94 1199
94 1200
94 1201
94 1202
94 1203
94 1204
94 1205
94 1206
94 1207
94 896
94 897
94 1168
94 1362
94 1363
94 782
95 127
95 128
95 1169
95 1188
95 1189
95 754
95 755
95 766
95 767
95 1142
95 1143
95 1156
95 1157
95 783
95 798
95 799
96 127
96 128
96 1169
96 1188
96 1189
96 754
96 755
96 766
96 767
96 1142
96 1143
96 1156
96 1157
96 783
96 798
96 799
97 127
97 128
97 1208
97 1236
97 1238
97 125
97 126
97 168
97 169
97 211
97 212
97 254
97 255
97 297
97 298
97 340
97 341
97 531
97 532
97 554
97 555
97 732
97 733
97 748
97 749
97 1230
97 1231
97 1261
97 1287
97 1288
97 1317
97 1318
97 1347
97 1348
97 1377
97 1378
97 1174
97 1175
97 1194
98 127
98 128
98 1208
98 1236
98 1238
98 125
98 126
98 168
98 169
98 211
98 212
98 254
98 255
98 297
98 298
98 340
98 341
98 531
98 532
98 554
98 555
98 732
98 733
98 748
98 749
98 1230
98 1231
98 1261
98 1262
98 1287
98 1288
98 1317
98 1318
98 1347
98 1348
98 1377
98 1378
98 1174
98 1175
98 1194
99 127
99 138
99 139
99 941
99 943
99 960
100 127
100 128
100 138
100 139
100 181
100 941
100 943
100 960
101 127
101 182
101 224
101 961
101 978
101 979
102 127
102 128
102 182
102 224
102 225
102 961
102 978
102 979
103 127
103 267
103 268
103 996
103 997
103 1014
104 127
104 128
104 267
104 268
104 310
104 996
104 997
104 1014
105 127
105 311
105 569
105 1015
105 1032
105 1033
106 127
106 128
106 311
106 569
106 570
106 1015
106 1032
106 1033
107 127
107 590
107 591
107 1050
107 1051
107 1068
108 127
108 128
108 590
108 591
108 611
108 1050
108 1051
108 1068
109 127
109 612
109 632
109 1069
109 1086
109 1087
110 127
110 128
110 612
110 632
110 633
110 1069
110 1086
110 1087
111 127
111 655
111 656
111 1104
111 1105
111 1122
112 127
112 128
112 655
112 656
112 676
112 1104
112 1105
112 1122
113 127
113 128
113 1190
113 1191
113 1209
113 1366
113 1367
113 424
114 127
114 128
114 1190
114 1191
114 1209
114 1366
114 1367
114 424
115 127
115 128
115 1210
115 1240
115 1241
115 425
115 491
115 493
116 127
116 128
116 1210
116 1240
116 1241
116 425
116 491
116 493
117 127
117 128
117 1270
117 1271
117 1300
117 634
117 635
117 657
118 127
118 128
118 1270
118 1271
118 1300
118 634
118 635
118 657
119 127
119 128
119 1301
119 1330
119 1331
119 658
119 923
119 924
120 127
120 128
120 1301
120 1330
120 1331
120 658
120 923
120 924
121 127
121 128
121 1360
121 1361
121 944
121 945
121 962
122 127
122 128
122 1360
122 1361
122 944
122 945
122 962
123 127
123 128
123 963
123 980
123 981
124 127
124 128
124 963
124 980
124 981
125 127
125 128
125 140
125 998
125 999
125 1016
126 127
126 128
126 140
126 998
126 999
126 1016
127 129
127 170
127 171
127 674
127 675
127 776
127 1192
127 1193
127 1211
128 172
128 213
128 214
128 674
128 675
128 776
128 1192
128 1193
128 1211
129 130
129 131
129 132
129 133
129 134
129 135
129 136
129 137
129 138
129 139
129 140
129 141
129 142
129 143
129 144
129 145
129 146
129 147
129 148
129 149
129 150
129 151
129 152
129 153
129 154
129 155
129 156
129 157
129 158
129 159
129 160
129 161
129 162
129 163
129 164
129 165
129 166
129 167
129 168
129 169
129 172
129 213
129 214
129 674
129 675
129 776
129 1192
129 1193
129 1211
130 170
130 171
130 384
130 385
130 386
130 387
130 388
130 389
130 390
130 391
130 392
130 393
130 394
130 395
130 396
130 397
130 398
130 399
130 400
130 401
130 402
130 403
130 777
130 792
130 793
130 1212
130 1242
130 1243
131 170
131 171
131 384
131 385
131 386
131 387
131 388
131 389
131 390
131 391
131 392
131 393
131 394
131 395
131 396
131 397
131 398
131 399
131 400
131 401
131 402
131 403
131 777
131 792
131 793
131 1212
131 1242
131 1243
132 170
132 171
132 689
132 691
132 693
132 695
132 696
132 697
132 698
132 699
132 700
132 701
132 702
132 703
132 812
132 813
132 840
132 1272
132 1273
132 1302
133 170
133 171
133 704
133 705
133 706
133 707
133 708
133 709
133 710
133 711
133 712
133 713
133 714
133 715
133 716
133 717
133 718
133 719
133 812
133 813
133 840
133 1272
133 1273
133 1302
134 170
134 171
134 978
134 979
134 980
134 981
134 982
134 983
134 984
134 985
134 986
134 987
134 988
134 989
134 990
134 991
134 992
134 993
134 994
134 995
134 841
134 868
134 869
134 1303
134 1332
134 1333
135 170
135 171
135 978
135 979
135 980
135 981
135 982
135 983
135 985
135 987
135 989
135 990
135 991
135 992
135 993
135 994
135 995
135 841
135 868
135 869
135 1303
135 1332
135 1333
136 170
136 171
136 1188
136 1189
136 1190
136 1191
136 1192
136 1193
136 1194
136 1195
136 1196
136 1197
136 1198
136 1199
136 1200
136 1201
136 1202
136 1203
136 1204
136 1205
136 1206
136 1207
136 896
136 897
136 1168
136 1362
136 1363
136 782
137 170
137 171
137 1188
137 1189
137 1190
137 1191
137 1192
137 1193
137 1194
137 1195
137 1196
137 1197
137 1199
137 1201
137 1203
137 1205
137 1207
137 896
137 897
137 1168
137 1362
137 1363
137 782
138 170
138 171
138 1169
138 1188
138 1189
138 142
138 143
138 185
138 186
138 228
138 229
138 271
138 272
138 314
138 315
138 688
138 689
138 704
138 705
138 756
138 757
138 768
138 769
138 1144
138 1145
138 1158
138 1159
138 783
138 798
138 799
139 170
139 171
139 1169
139 1188
139 1189
139 142
139 143
139 185
139 186
139 228
139 229
139 271
139 272
139 314
139 315
139 688
139 689
139 704
139 705
139 756
139 757
139 768
139 769
139 1144
139 1145
139 1158
139 1159
139 783
139 798
139 799
140 170
140 171
140 1208
140 1236
140 1238
140 168
140 169
140 211
140 212
140 254
140 255
140 297
140 298
140 340
140 341
140 531
140 532
140 554
140 555
140 732
140 733
140 748
140 749
140 1230
140 1231
140 1261
140 1262
140 1287
140 1288
140 1317
140 1318
140 1347
140 1348
140 1377
140 1378
140 1174
140 1175
140 1194
141 170
141 171
141 1208
141 1236
141 1238
141 436
141 437
141 456
141 457
141 479
141 480
141 504
141 505
141 533
141 534
141 556
141 557
141 734
141 735
141 750
141 751
141 1232
141 1233
141 1263
141 1289
141 1290
141 1319
141 1320
141 1349
141 1350
141 1379
141 1380
141 1174
141 1175
141 1194
142 170
142 941
142 943
142 960
143 170
143 171
143 181
143 941
143 943
143 960
144 170
144 182
144 224
144 961
144 978
144 979
145 170
145 171
145 182
145 224
145 225
145 961
145 978
145 979
146 170
146 267
146 268
146 996
146 997
146 1014
147 170
147 171
147 267
147 268
147 310
147 996
147 997
147 1014
148 170
148 311
148 569
148 1015
148 1032
148 1033
149 170
149 171
149 311
149 569
149 570
149 1015
149 1032
149 1033
150 170
150 590
150 591
150 1050
150 1051
150 1068
151 170
151 171
151 590
151 591
151 611
151 1050
151 1051
151 1068
152 170
152 612
152 632
152 1069
152 1086
152 1087
153 170
153 171
153 612
153 632
153 633
153 1069
153 1086
153 1087
154 170
154 655
154 656
154 1104
154 1105
154 1122
155 170
155 171
155 655
155 656
155 676
155 1104
155 1105
155 1122
156 170
156 171
156 1190
156 1191
156 1209
156 1366
156 1367
156 424
157 170
157 171
157 1190
157 1191
157 1209
157 1366
157 1367
157 424
158 170
158 171
158 1210
158 1240
158 1241
158 425
158 491
158 493
159 170
159 171
159 1210
159 1240
159 1241
159 425
159 491
159 493
160 170
160 171
160 1270
160 1271
160 1300
160 634
160 635
160 657
161 170
161 171
161 1270
161 1271
161 1300
161 634
161 635
161 657
162 170
162 171
162 1301
162 1330
162 1331
162 658
162 923
162 924
163 170
163 171
163 1301
163 1330
163 1331
163 658
163 923
163 924
164 170
164 171
164 1360
164 1361
164 944
164 945
164 962
165 170
165 171
165 1360
165 1361
165 944
165 945
165 962
166 170
166 171
166 963
166 980
166 981
167 170
167 171
167 963
167 980
167 981
168 170
168 171
168 998
168 999
168 1016
169 170
169 171
169 998
169 999
169 1016
170 215
170 256
170 257
170 674
170 675
170 776
170 1192
170 1193
170 1211
171 215
171 256
171 257
171 674
171 675
171 776
171 1192
171 1193
171 1211
172 173
172 174
172 175
172 176
172 177
172 178
172 179
172 180
172 181
172 182
172 183
172 184
172 185
172 186
172 187
172 188
172 189
172 190
172 191
172 192
172 193
172 194
172 195
172 196
172 197
172 198
172 199
172 200
172 201
172 202
172 203
172 204
172 205
172 206
172 207
172 208
172 209
172 210
172 211
172 212
172 258
172 299
172 300
172 674
172 675
172 776
172 1192
172 1193
172 1211
173 213
173 214
173 385
173 387
173 389
173 391
173 393
173 394
173 395
173 396
173 397
173 398
173 399
173 400
173 401
173 402
173 403
173 777
173 792
173 793
173 1212
173 1242
173 1243
174 213
174 214
174 404
174 405
174 406
174 407
174 408
174 409
174 410
174 411
174 412
174 413
174 414
174 415
174 416
174 417
174 418
174 419
174 420
174 421
174 422
174 423
174 777
174 792
174 793
174 1212
174 1242
174 1243
175 213
175 214
175 704
175 705
175 706
175 707
175 708
175 709
175 710
175 711
175 712
175 713
175 714
175 715
175 716
175 717
175 718
175 719
175 812
175 813
175 840
175 1272
175 1273
175 1302
176 213
176 214
176 705
176 707
176 709
176 711
176 712
176 713
176 714
176 715
176 716
176 717
176 718
176 719
176 812
176 813
176 840
176 1272
176 1273
176 1302
177 213
177 214
177 996
177 997
177 998
177 999
177 1000
177 1001
177 1002
177 1003
177 1004
177 1005
177 1006
177 1007
177 1008
177 1009
177 1010
177 1011
177 1012
177 1013
177 841
177 868
177 869
177 1303
177 1332
177 1333
178 213
178 214
178 996
178 997
178 998
178 999
178 1000
178 1001
178 1002
178 1003
178 1004
178 1005
178 1006
178 1007
178 1008
178 1009
178 1010
178 1011
178 1012
178 1013
178 841
178 868
178 869
178 1303
178 1332
178 1333
179 213
179 214
179 1208
179 1209
179 1210
179 1211
179 1212
179 1213
179 1214
179 1215
179 1216
179 1217
179 1218
179 1219
179 1220
179 1221
179 1222
179 1223
179 1224
179 1225
179 1226
179 1227
179 1228
179 1229
179 1230
179 1231
179 1232
179 1233
179 1234
179 1235
179 896
179 897
179 1168
179 1362
179 1363
179 782
180 213
180 214
180 1208
180 1209
180 1211
180 1213
180 1214
180 1216
180 1217
180 1218
180 1219
180 1220
180 1221
180 1222
180 1223
180 1224
180 1225
180 1226
180 1227
180 1228
180 1229
180 1230
180 1231
180 1232
180 1233
180 1234
180 1235
180 896
180 897
180 1168
180 1362
180 1363
180 782
181 213
181 214
181 1169
181 1188
181 1189
181 186
181 229
181 272
181 315
181 689
181 705
181 757
181 769
181 1145
181 1159
181 783
181 798
181 799
182 213
182 214
182 1169
182 1188
182 1189
182 187
182 188
182 230
182 231
182 273
182 274
182 316
182 317
182 344
182 345
182 364
182 365
182 384
182 385
182 404
182 405
182 571
182 572
182 592
182 593
182 613
182 614
182 636
182 637
182 659
182 660
182 678
182 679
182 690
182 691
182 706
182 707
182 758
182 759
182 770
182 771
182 816
182 817
182 844
182 845
182 872
182 873
182 900
182 901
182 1146
182 1147
182 1160
182 1161
182 783
182 798
182 799
183 213
183 214
183 1208
183 1236
183 1238
183 436
183 437
183 456
183 457
183 479
183 480
183 504
183 505
183 533
183 534
183 556
183 557
183 734
183 735
183 750
183 751
183 1232
183 1233
183 1263
183 1267
183 1289
183 1290
183 1319
183 1320
183 1349
183 1350
183 1379
183 1380
183 1174
183 1175
183 1194
184 213
184 214
184 1208
184 1236
184 1238
184 436
184 437
184 456
184 457
184 479
184 480
184 504
184 505
184 533
184 534
184 556
184 557
184 734
184 735
184 750
184 751
184 1232
184 1233
184 1263
184 1267
184 1289
184 1290
184 1319
184 1320
184 1349
184 1350
184 1379
184 1380
184 1174
184 1175
184 1194
185 213
185 941
185 943
185 960
186 213
186 214
186 941
186 943
186 960
187 213
187 224
187 961
187 978
187 979
188 213
188 214
188 224
188 225
188 961
188 978
188 979
189 213
189 267
189 268
189 996
189 997
189 1014
190 213
190 214
190 267
190 268
190 310
190 996
190 997
190 1014
191 213
191 311
191 569
191 1015
191 1032
191 1033
192 213
192 214
192 311
192 569
192 570
192 1015
192 1032
192 1033
193 213
193 590
193 591
193 1050
193 1051
193 1068
194 213
194 214
194 590
194 591
194 611
194 1050
194 1051
194 1068
195 213
195 612
195 632
195 1069
195 1086
195 1087
196 213
196 214
196 612
196 632
196 633
196 1069
196 1086
196 1087
197 213
197 655
197 656
197 1104
197 1105
197 1122
198 213
198 214
198 655
198 656
198 676
198 1104
198 1105
198 1122
199 213
199 214
199 1190
199 1191
199 1209
199 1366
199 1367
199 424
200 213
200 214
200 1190
200 1191
200 1209
200 1366
200 1367
200 424
201 213
201 214
201 1210
201 1240
201 1241
201 425
201 491
201 493
202 213
202 214
202 1210
202 1240
202 1241
202 425
202 491
202 493
203 213
203 214
203 1270
203 1271
203 1300
203 634
203 635
203 657
204 213
204 214
204 1270
204 1271
204 1300
204 634
204 635
204 657
205 213
205 214
205 1301
205 1330
205 1331
205 658
205 923
205 924
206 213
206 214
206 1301
206 1330
206 1331
206 658
206 923
206 924
207 213
207 214
207 1360
207 1361
207 944
207 945
207 962
208 213
208 214
208 1360
208 1361
208 944
208 945
208 962
209 213
209 214
209 963
209 980
209 981
210 213
210 214
210 963
210 980
210 981
211 213
211 214
211 998
211 999
211 1016
212 213
212 214
212 998
212 999
212 1016
213 258
213 299
213 300
213 674
213 675
213 776
213 1192
213 1193
213 1211
214 301
214 342
214 343
214 674
214 675
214 776
214 1192
214 1193
214 1211
215 216
215 217
215 218
215 219
215 220
215 221
215 222
215 223
215 224
215 225
215 226
215 227
215 228
215 229
215 230
215 231
215 232
215 233
215 234
215 235
215 236
215 237
215 238
215 239
215 240
215 241
215 242
215 243
215 244
215 245
215 246
215 247
215 248
215 249
215 250
215 251
215 252
215 253
215 254
215 255
215 301
215 342
215 343
215 674
215 675
215 776
215 1192
215 1193
215 1211
216 256
216 257
216 404
216 405
216 406
216 407
216 408
216 409
216 410
216 411
216 412
216 413
216 414
216 415
216 416
216 417
216 418
216 419
216 420
216 421
216 422
216 423
216 777
216 792
216 793
216 1212
216 1242
216 1243
217 256
217 257
217 405
217 407
217 409
217 411
217 413
217 414
217 415
217 416
217 417
217 418
217 419
217 420
217 421
217 422
217 423
217 777
217 792
217 793
217 1212
217 1242
217 1243
218 256
218 257
218 720
218 721
218 722
218 723
218 724
218 725
218 726
218 727
218 728
218 729
218 730
218 731
218 732
218 733
218 734
218 735
218 812
218 813
218 840
218 1272
218 1273
218 1302
219 256
219 257
219 720
219 721
219 722
219 723
219 724
219 725
219 726
219 727
219 728
219 729
219 730
219 731
219 732
219 733
219 734
219 735
219 812
219 813
219 840
219 1272
219 1273
219 1302
220 256
220 257
220 996
220 997
220 998
220 999
220 1000
220 1001
220 1003
220 1005
220 1007
220 1008
220 1009
220 1010
220 1011
220 1012
220 1013
220 841
220 868
220 869
220 1303
220 1332
220 1333
221 256
221 257
221 1014
221 1015
221 1016
221 1017
221 1018
221 1019
221 1020
221 1021
221 1022
221 1023
221 1024
221 1025
221 1026
221 1027
221 1028
221 1029
221 1030
221 1031
221 841
221 868
221 869
221 1303
221 1332
221 1333
222 256
222 257
222 1208
222 1236
222 1209
222 1210
222 1211
222 1212
222 1213
222 1237
222 1214
222 1215
222 1217
222 1219
222 1221
222 1223
222 1225
222 1226
222 1227
222 1228
222 1229
222 1230
222 1231
222 1232
222 1233
222 1234
222 1235
222 896
222 897
222 1168
222 1362
222 1363
222 782
223 256
223 257
223 1238
223 1239
223 1240
223 1241
223 1242
223 1243
223 1244
223 1245
223 1246
223 1247
223 1248
223 1249
223 1250
223 1251
223 1252
223 1253
223 1254
223 1255
223 1256
223 1257
223 1258
223 1259
223 1260
223 1261
223 1262
223 1263
223 1264
223 1265
223 896
223 897
223 1168
223 1362
223 1363
223 782
224 256
224 257
224 1169
224 1188
224 1189
224 230
224 231
224 273
224 274
224 316
224 317
224 344
224 345
224 364
224 365
224 384
224 385
224 404
224 405
224 571
224 572
224 592
224 593
224 613
224 614
224 636
224 637
224 659
224 660
224 678
224 679
224 690
224 691
224 706
224 707
224 758
224 759
224 770
224 771
224 816
224 817
224 844
224 845
224 872
224 873
224 900
224 901
224 1146
224 1147
224 1160
224 1161
224 783
224 798
224 799
225 256
225 257
225 1169
225 1188
225 1189
225 231
225 274
225 317
225 345
225 365
225 385
225 405
225 572
225 593
225 614
225 637
225 660
225 679
225 691
225 707
225 759
225 771
225 817
225 845
225 873
225 901
225 1147
225 1161
225 783
225 798
225 799
226 256
226 257
226 1208
226 1236
226 1238
226 438
226 439
226 458
226 459
226 481
226 482
226 506
226 507
226 535
226 536
226 558
226 559
226 933
226 934
226 954
226 955
226 972
226 973
226 990
226 991
226 1008
226 1009
226 1026
226 1027
226 1044
226 1045
226 1062
226 1063
226 1080
226 1081
226 1098
226 1099
226 1116
226 1117
226 1134
226 1135
226 1234
226 1235
226 1264
226 1291
226 1292
226 1321
226 1322
226 1351
226 1352
226 1381
226 1382
226 1174
226 1175
226 1194
227 256
227 257
227 1208
227 1236
227 1238
227 438
227 439
227 458
227 459
227 481
227 482
227 506
227 507
227 535
227 536
227 558
227 559
227 933
227 934
227 954
227 955
227 972
227 973
227 990
227 991
227 1008
227 1009
227 1026
227 1027
227 1044
227 1045
227 1062
227 1063
227 1080
227 1081
227 1098
227 1099
227 1116
227 1117
227 1134
227 1135
227 1234
227 1235
227 1264
227 1291
227 1292
227 1321
227 1322
227 1351
227 1352
227 1381
227 1382
227 1174
227 1175
227 1194
228 256
228 941
228 943
228 960
229 256
229 257
229 941
229 943
229 960
230 256
230 961
230 978
230 979
231 256
231 257
231 961
231 978
231 979
232 256
232 267
232 268
232 996
232 997
232 1014
233 256
233 257
233 267
233 268
233 310
233 996
233 997
233 1014
234 256
234 311
234 569
234 1015
234 1032
234 1033
235 256
235 257
235 311
235 569
235 570
235 1015
235 1032
235 1033
236 256
236 590
236 591
236 1050
236 1051
236 1068
237 256
237 257
237 590
237 591
237 611
237 1050
237 1051
237 1068
238 256
238 612
238 632
238 1069
238 1086
238 1087
239 256
239 257
239 612
239 632
239 633
239 1069
239 1086
239 1087
240 256
240 655
240 656
240 1104
240 1105
240 1122
241 256
241 257
241 655
241 656
241 676
241 1104
241 1105
241 1122
242 256
242 257
242 1190
242 1191
242 1209
242 1366
242 1367
242 424
243 256
243 257
243 1190
243 1191
243 1209
243 1366
243 1367
243 424
244 256
244 257
244 1210
244 1240
244 1241
244 425
244 491
244 493
245 256
245 257
245 1210
245 1240
245 1241
245 425
245 491
245 493
246 256
246 257
246 1270
246 1271
246 1300
246 634
246 635
246 657
247 256
247 257
247 1270
247 1271
247 1300
247 634
247 635
247 657
248 256
248 257
248 1301
248 1330
248 1331
248 658
248 923
248 924
249 256
249 257
249 1301
249 1330
249 1331
249 658
249 923
249 924
250 256
250 257
250 1360
250 1361
250 944
250 945
250 962
251 256
251 257
251 1360
251 1361
251 944
251 945
251 962
252 256
252 257
252 963
252 980
252 981
253 256
253 257
253 963
253 980
253 981
254 256
254 257
254 998
254 999
254 1016
255 256
255 257
255 998
255 999
255 1016
256 563
256 564
256 584
256 674
256 675
256 776
256 1192
256 1193
256 1211
257 563
257 564
257 584
257 674
257 675
257 776
257 1192
257 1193
257 1211
258 259
258 260
258 261
258 262
258 263
258 264
258 265
258 266
258 267
258 268
258 269
258 270
258 271
258 272
258 273
258 274
258 275
258 276
258 277
258 278
258 279
258 280
258 281
258 282
258 283
258 284
258 285
258 286
258 287
258 288
258 289
258 290
258 291
258 292
258 293
258 294
258 295
258 296
258 297
258 298
258 585
258 605
258 606
258 674
258 675
258 776
258 1192
258 1193
258 1211
259 299
259 300
259 424
259 425
259 426
259 427
259 428
259 429
259 430
259 431
259 432
259 433
259 434
259 435
259 436
259 437
259 438
259 439
259 440
259 441
259 442
259 443
259 444
259 445
259 777
259 792
259 793
259 1212
259 1242
259 1243
260 299
260 300
260 424
260 425
260 426
260 427
260 428
260 429
260 430
260 431
260 432
260 433
260 434
260 435
260 436
260 437
260 438
260 439
260 440
260 441
260 442
260 443
260 444
260 445
260 777
260 792
260 793
260 1212
260 1242
260 1243
261 299
261 300
261 721
261 723
261 725
261 727
261 728
261 729
261 730
261 731
261 732
261 733
261 734
261 735
261 812
261 813
261 840
261 1272
261 1273
261 1302
262 299
262 300
262 736
262 737
262 738
262 739
262 740
262 741
262 742
262 743
262 744
262 745
262 746
262 747
262 748
262 749
262 750
262 751
262 812
262 813
262 840
262 1272
262 1273
262 1302
263 299
263 300
263 1014
263 1015
263 1016
263 1017
263 1018
263 1019
263 1020
263 1021
263 1022
263 1023
263 1024
263 1025
263 1026
263 1027
263 1028
263 1029
263 1030
263 1031
263 841
263 868
263 869
263 1303
263 1332
263 1333
264 299
264 300
264 1014
264 1015
264 1016
264 1017
264 1018
264 1019
264 1021
264 1023
264 1025
264 1026
264 1027
264 1028
264 1029
264 1030
264 1031
264 841
264 868
264 869
264 1303
264 1332
264 1333
265 299
265 300
265 1238
265 1239
265 1240
265 1241
265 1242
265 1243
265 1244
265 1245
265 1246
265 1247
265 1248
265 1249
265 1250
265 1251
265 1252
265 1253
265 1254
265 1255
265 1256
265 1257
265 1258
265 1259
265 1261
265 1263
265 1264
265 896
265 897
265 1168
265 1362
265 1363
265 782
266 299
266 300
266 1238
266 1239
266 1240
266 1241
266 1242
266 1243
266 1244
266 1245
266 1246
266 1247
266 1249
266 1251
266 1253
266 1255
266 1257
266 1258
266 1266
266 1259
266 1260
266 1261
266 1262
266 1263
266 1267
266 1264
266 1265
266 896
266 897
266 1168
266 1362
266 1363
266 782
267 299
267 300
267 1169
267 1188
267 1189
267 275
267 276
267 318
267 319
267 346
267 347
267 366
267 367
267 386
267 387
267 406
267 407
267 573
267 574
267 594
267 595
267 615
267 616
267 638
267 639
267 661
267 662
267 680
267 681
267 692
267 693
267 708
267 709
267 760
267 761
267 772
267 773
267 818
267 819
267 846
267 847
267 874
267 875
267 902
267 903
267 1148
267 1149
267 1162
267 1163
267 783
267 798
267 799
268 299
268 300
268 1169
268 1188
268 1189
268 275
268 276
268 318
268 319
268 346
268 347
268 366
268 367
268 386
268 387
268 406
268 407
268 573
268 574
268 594
268 595
268 615
268 616
268 638
268 639
268 661
268 662
268 680
268 681
268 692
268 693
268 708
268 709
268 760
268 761
268 772
268 773
268 818
268 819
268 846
268 847
268 874
268 875
268 902
268 903
268 1148
268 1149
268 1162
268 1163
268 783
268 798
268 799
269 299
269 300
269 1208
269 1236
269 1238
269 438
269 439
269 458
269 459
269 481
269 482
269 506
269 507
269 535
269 536
269 558
269 559
269 933
269 934
269 954
269 955
269 972
269 973
269 990
269 991
269 1008
269 1009
269 1026
269 1027
269 1044
269 1045
269 1062
269 1063
269 1080
269 1081
269 1098
269 1099
269 1116
269 1117
269 1134
269 1135
269 1234
269 1235
269 1264
269 1265
269 1291
269 1292
269 1321
269 1322
269 1351
269 1352
269 1381
269 1382
269 1174
269 1175
269 1194
270 299
270 300
270 1208
270 1236
270 1238
270 440
270 441
270 460
270 461
270 483
270 484
270 508
270 509
270 935
270 936
270 956
270 957
270 974
270 975
270 992
270 993
270 1010
270 1011
270 1028
270 1029
270 1046
270 1047
270 1064
270 1065
270 1082
270 1083
270 1100
270 1101
270 1118
270 1119
270 1136
270 1137
270 1174
270 1175
270 1194
271 299
271 941
271 943
271 960
272 299
272 300
272 941
272 943
272 960
273 299
273 961
273 978
273 979
274 299
274 300
274 961
274 978
274 979
275 299
275 996
275 997
275 1014
276 299
276 300
276 310
276 996
276 997
276 1014
277 299
277 311
277 569
277 1015
277 1032
277 1033
278 299
278 300
278 311
278 569
278 570
278 1015
278 1032
278 1033
279 299
279 590
279 591
279 1050
279 1051
279 1068
280 299
280 300
280 590
280 591
280 611
280 1050
280 1051
280 1068
281 299
281 612
281 632
281 1069
281 1086
281 1087
282 299
282 300
282 612
282 632
282 633
282 1069
282 1086
282 1087
283 299
283 655
283 656
283 1104
283 1105
283 1122
284 299
284 300
284 655
284 656
284 676
284 1104
284 1105
284 1122
285 299
285 300
285 1190
285 1191
285 1209
285 1366
285 1367
285 424
286 299
286 300
286 1190
286 1191
286 1209
286 1366
286 1367
286 424
287 299
287 300
287 1210
287 1240
287 1241
287 425
287 491
287 493
288 299
288 300
288 1210
288 1240
288 1241
288 425
288 491
288 493
289 299
289 300
289 1270
289 1271
289 1300
289 634
289 635
289 657
290 299
290 300
290 1270
290 1271
290 1300
290 634
290 635
290 657
291 299
291 300
291 1301
291 1330
291 1331
291 658
291 923
291 924
292 299
292 300
292 1301
292 1330
292 1331
292 658
292 923
292 924
293 299
293 300
293 1360
293 1361
293 944
293 945
293 962
294 299
294 300
294 1360
294 1361
294 944
294 945
294 962
295 299
295 300
295 963
295 980
295 981
296 299
296 300
296 963
296 980
296 981
297 299
297 300
297 998
297 999
297 1016
298 299
298 300
298 998
298 999
298 1016
299 585
299 605
299 606
299 674
299 675
299 776
299 1192
299 1193
299 1211
300 866
300 867
300 894
300 674
300 675
300 776
300 1192
300 1193
300 1211
301 302
301 303
301 304
301 305
301 306
301 307
301 308
301 309
301 310
301 311
301 312
301 313
301 314
301 315
301 316
301 317
301 318
301 319
301 320
301 321
301 322
301 323
301 324
301 325
301 326
301 327
301 328
301 329
301 330
301 331
301 332
301 333
301 334
301 335
301 336
301 337
301 338
301 339
301 340
301 341
301 866
301 867
301 894
301 674
301 675
301 776
301 1192
301 1193
301 1211
302 342
302 343
302 424
302 425
302 427
302 429
302 431
302 433
302 435
302 436
302 437
302 438
302 439
302 440
302 441
302 442
302 443
302 444
302 445
302 777
302 792
302 793
302 1212
302 1242
302 1243
303 342
303 343
303 446
303 447
303 448
303 449
303 450
303 451
303 452
303 453
303 454
303 455
303 456
303 457
303 458
303 459
303 460
303 461
303 462
303 463
303 464
303 465
303 777
303 792
303 793
303 1212
303 1242
303 1243
304 342
304 343
304 736
304 737
304 738
304 739
304 740
304 741
304 742
304 743
304 744
304 745
304 746
304 747
304 748
304 749
304 750
304 751
304 812
304 813
304 840
304 1272
304 1273
304 1302
305 342
305 343
305 737
305 739
305 741
305 743
305 744
305 745
305 746
305 747
305 748
305 749
305 750
305 751
305 812
305 813
305 840
305 1272
305 1273
305 1302
306 342
306 343
306 1032
306 1033
306 1034
306 1035
306 1036
306 1037
306 1038
306 1039
306 1040
306 1041
306 1042
306 1043
306 1044
306 1045
306 1046
306 1047
306 1048
306 1049
306 841
306 868
306 869
306 1303
306 1332
306 1333
307 342
307 343
307 1032
307 1033
307 1034
307 1035
307 1036
307 1037
307 1038
307 1039
307 1040
307 1041
307 1042
307 1043
307 1044
307 1045
307 1046
307 1047
307 1048
307 1049
307 841
307 868
307 869
307 1303
307 1332
307 1333
308 342
308 343
308 1268
308 1269
308 1270
308 1271
308 1272
308 1273
308 1274
308 1275
308 1276
308 1277
308 1278
308 1279
308 1280
308 1281
308 1282
308 1283
308 1284
308 1285
308 1286
308 1287
308 1288
308 1289
308 1290
308 1291
308 1292
308 896
308 897
308 1168
308 1362
308 1363
308 782
309 342
309 343
309 1268
309 1269
309 1270
309 1271
309 1272
309 1273
309 1274
309 1275
309 1276
309 1277
309 1278
309 1279
309 1280
309 1281
309 1282
309 1283
309 1284
309 1285
309 1286
309 1287
309 1288
309 1289
309 1290
309 1291
309 1292
309 896
309 897
309 1168
309 1362
309 1363
309 782
310 342
310 343
310 1169
310 1188
310 1189
310 319
310 347
310 367
310 387
310 407
310 574
310 595
310 616
310 639
310 662
310 681
310 693
310 709
310 761
310 773
310 819
310 847
310 875
310 903
310 1149
310 1163
310 783
310 798
310 799
311 342
311 343
311 1169
311 1188
311 1189
311 320
311 321
311 348
311 349
311 368
311 369
311 388
311 389
311 408
311 409
311 575
311 576
311 596
311 597
311 617
311 618
311 640
311 641
311 663
311 664
311 682
311 683
311 820
311 821
311 848
311 849
311 876
311 877
311 904
311 905
311 783
311 798
311 799
312 342
312 343
312 1208
312 1236
312 1238
312 440
312 441
312 460
312 461
312 483
312 484
312 508
312 509
312 935
312 936
312 956
312 957
312 974
312 975
312 992
312 993
312 1010
312 1011
312 1028
312 1029
312 1046
312 1047
312 1064
312 1065
312 1082
312 1083
312 1100
312 1101
312 1118
312 1119
312 1136
312 1137
312 1174
312 1175
312 1194
313 342
313 343
313 1208
313 1236
313 1238
313 440
313 441
313 460
313 461
313 483
313 484
313 508
313 509
313 935
313 936
313 956
313 957
313 974
313 975
313 992
313 993
313 1010
313 1011
313 1028
313 1029
313 1046
313 1047
313 1064
313 1065
313 1082
313 1083
313 1100
313 1101
313 1118
313 1119
313 1136
313 1137
313 1174
313 1175
313 1194
314 342
314 941
314 943
314 960
315 342
315 343
315 941
315 943
315 960
316 342
316 961
316 978
316 979
317 342
317 343
317 961
317 978
317 979
318 342
318 996
318 997
318 1014
319 342
319 343
319 996
319 997
319 1014
320 342
320 569
320 1015
320 1032
320 1033
321 342
321 343
321 569
321 570
321 1015
321 1032
321 1033
322 342
322 590
322 591
322 1050
322 1051
322 1068
323 342
323 343
323 590
323 591
323 611
323 1050
323 1051
323 1068
324 342
324 612
324 632
324 1069
324 1086
324 1087
325 342
325 343
325 612
325 632
325 633
325 1069
325 1086
325 1087
326 342
326 655
326 656
326 1104
326 1105
326 1122
327 342
327 343
327 655
327 656
327 676
327 1104
327 1105
327 1122
328 342
328 343
328 1190
328 1191
328 1209
328 1366
328 1367
328 424
329 342
329 343
329 1190
329 1191
329 1209
329 1366
329 1367
329 424
330 342
330 343
330 1210
330 1240
330 1241
330 425
330 491
330 493
331 342
331 343
331 1210
331 1240
331 1241
331 425
331 491
331 493
332 342
332 343
332 1270
332 1271
332 1300
332 634
332 635
332 657
333 342
333 343
333 1270
333 1271
333 1300
333 634
333 635
333 657
334 342
334 343
334 1301
334 1330
334 1331
334 658
334 923
334 924
335 342
335 343
335 1301
335 1330
335 1331
335 658
335 923
335 924
336 342
336 343
336 1360
336 1361
336 944
336 945
336 962
337 342
337 343
337 1360
337 1361
337 944
337 945
337 962
338 342
338 343
338 963
338 980
338 981
339 342
339 343
339 963
339 980
339 981
340 342
340 343
340 998
340 999
340 1016
341 342
341 343
341 998
341 999
341 1016
342 895
342 674
342 675
342 776
342 1192
342 1193
342 1211
343 895
343 674
343 675
343 776
343 1192
343 1193
343 1211
344 961
344 978
344 979
345 961
345 978
345 979
346 996
346 997
346 1014
347 996
347 997
347 1014
348 569
348 1015
348 1032
348 1033
349 569
349 570
349 1015
349 1032
349 1033
350 590
350 591
350 1050
350 1051
350 1068
351 590
351 591
351 611
351 1050
351 1051
351 1068
352 612
352 632
352 1069
352 1086
352 1087
353 612
353 632
353 633
353 1069
353 1086
353 1087
354 1210
354 1240
354 1241
354 425
354 491
354 493
355 1210
355 1240
355 1241
355 425
355 491
355 493
356 1270
356 1271
356 1300
356 634
356 635
356 657
357 1270
357 1271
357 1300
357 634
357 635
357 657
358 1301
358 1330
358 1331
358 658
358 923
358 924
359 1301
359 1330
359 1331
359 658
359 923
359 924
360 1360
360 1361
360 944
360 945
360 962
361 1360
361 1361
361 944
361 945
361 962
362 963
362 980
362 981
363 963
363 980
363 981
364 961
364 978
364 979
365 961
365 978
365 979
366 996
366 997
366 1014
367 996
367 997
367 1014
368 569
368 1015
368 1032
368 1033
369 569
369 570
369 1015
369 1032
369 1033
370 590
370 591
370 1050
370 1051
370 1068
371 590
371 591
371 611
371 1050
371 1051
371 1068
372 612
372 632
372 1069
372 1086
372 1087
373 612
373 632
373 633
373 1069
373 1086
373 1087
374 1210
374 1240
374 1241
374 425
374 491
374 493
375 1210
375 1240
375 1241
375 425
375 491
375 493
376 1270
376 1271
376 1300
376 634
376 635
376 657
377 1270
377 1271
377 1300
377 634
377 635
377 657
378 1301
378 1330
378 1331
378 658
378 923
378 924
379 1301
379 1330
379 1331
379 658
379 923
379 924
380 1360
380 1361
380 944
380 945
380 962
381 1360
381 1361
381 944
381 945
381 962
382 963
382 980
382 981
383 963
383 980
383 981
384 961
384 978
384 979
385 961
385 978
385 979
386 996
386 997
386 1014
387 996
387 997
387 1014
388 569
388 1015
388 1032
388 1033
389 569
389 570
389 1015
389 1032
389 1033
390 590
390 591
390 1050
390 1051
390 1068
391 590
391 591
391 611
391 1050
391 1051
391 1068
392 612
392 632
392 1069
392 1086
392 1087
393 612
393 632
393 633
393 1069
393 1086
393 1087
394 1210
394 1240
394 1241
394 425
394 491
394 493
395 1210
395 1240
395 1241
395 425
395 491
395 493
396 1270
396 1271
396 1300
396 634
396 635
396 657
397 1270
397 1271
397 1300
397 634
397 635
397 657
398 1301
398 1330
398 1331
398 658
398 923
398 924
399 1301
399 1330
399 1331
399 658
399 923
399 924
400 1360
400 1361
400 944
400 945
400 962
401 1360
401 1361
401 944
401 945
401 962
402 963
402 980
402 981
403 963
403 980
403 981
404 961
404 978
404 979
405 961
405 978
405 979
406 996
406 997
406 1014
407 996
407 997
407 1014
408 569
408 1015
408 1032
408 1033
409 569
409 570
409 1015
409 1032
409 1033
410 590
410 591
410 1050
410 1051
410 1068
411 590
411 591
411 611
411 1050
411 1051
411 1068
412 612
412 632
412 1069
412 1086
412 1087
413 612
413 632
413 633
413 1069
413 1086
413 1087
414 1210
414 1240
414 1241
414 425
414 491
414 493
415 1210
415 1240
415 1241
415 425
415 491
415 493
416 1270
416 1271
416 1300
416 634
416 635
416 657
417 1270
417 1271
417 1300
417 634
417 635
417 657
418 1301
418 1330
418 1331
418 658
418 923
418 924
419 1301
419 1330
419 1331
419 658
419 923
419 924
420 1360
420 1361
420 944
420 945
420 962
421 1360
421 1361
421 944
421 945
421 962
422 963
422 980
422 981
423 963
423 980
423 981
424 1329
424 1358
424 1359
424 1275
424 1304
424 1305
424 696
424 697
424 712
424 713
425 1329
425 1358
425 1359
425 1275
425 1304
425 1305
425 698
425 699
425 714
425 715
425 826
425 827
425 854
425 855
425 882
425 883
425 910
425 911
426 677
426 778
426 1123
426 1176
426 1177
427 677
427 778
427 779
427 1123
427 1176
427 1177
428 794
428 795
428 1196
428 1197
428 1214
429 794
429 795
429 814
429 1196
429 1197
429 1214
430 815
430 842
430 1215
430 1246
430 1247
431 815
431 842
431 843
431 1215
431 1246
431 1247
432 870
432 871
432 1276
432 1277
432 1306
433 870
433 871
433 898
433 1276
433 1277
433 1306
434 899
434 1170
434 1307
434 1336
434 1337
435 899
435 1170
435 1171
435 1307
435 1336
435 1337
436 1017
436 1034
436 1035
437 1017
437 1034
437 1035
438 1052
438 1053
438 1070
439 1052
439 1053
439 1070
440 1071
440 1088
440 1089
441 1071
441 1088
441 1089
442 780
442 781
442 796
442 1106
442 1107
442 1124
443 780
443 781
443 796
443 1106
443 1107
443 1124
444 797
444 1172
444 1173
444 1125
444 925
444 926
445 797
445 1172
445 1173
445 1125
445 925
445 926
446 466
446 677
446 778
446 1123
446 1176
446 1177
447 466
447 467
447 677
447 778
447 779
447 1123
447 1176
447 1177
448 466
448 794
448 795
448 1196
448 1197
448 1214
449 466
449 467
449 794
449 795
449 814
449 1196
449 1197
449 1214
450 466
450 815
450 842
450 1215
450 1246
450 1247
451 466
451 467
451 815
451 842
451 843
451 1215
451 1246
451 1247
452 466
452 870
452 871
452 1276
452 1277
452 1306
453 466
453 467
453 870
453 871
453 898
453 1276
453 1277
453 1306
454 466
454 899
454 1170
454 1307
454 1336
454 1337
455 466
455 467
455 899
455 1170
455 1171
455 1307
455 1336
455 1337
456 466
456 467
456 1017
456 1034
456 1035
457 466
457 467
457 1017
457 1034
457 1035
458 466
458 467
458 1052
458 1053
458 1070
459 466
459 467
459 1052
459 1053
459 1070
460 466
460 467
460 1071
460 1088
460 1089
461 466
461 467
461 1071
461 1088
461 1089
462 466
462 467
462 780
462 781
462 796
462 1106
462 1107
462 1124
463 466
463 467
463 780
463 781
463 796
463 1106
463 1107
463 1124
464 466
464 467
464 797
464 1172
464 1173
464 1125
464 925
464 926
465 466
465 467
465 797
465 1172
465 1173
465 1125
465 925
465 926
466 562
466 581
466 582
466 777
466 792
466 793
466 1212
466 1242
466 1243
467 562
467 581
467 582
467 777
467 792
467 793
467 1212
467 1242
467 1243
468 469
468 489
468 677
468 778
468 1123
468 1176
468 1177
469 470
469 471
469 472
469 473
469 474
469 475
469 476
469 477
469 478
469 479
469 480
469 481
469 482
469 483
469 484
469 485
469 486
469 487
469 488
469 583
469 602
469 603
469 777
469 792
469 793
469 1212
469 1242
469 1243
470 489
470 490
470 677
470 778
470 779
470 1123
470 1176
470 1177
471 489
471 794
471 795
471 1196
471 1197
471 1214
472 489
472 490
472 794
472 795
472 814
472 1196
472 1197
472 1214
473 489
473 815
473 842
473 1215
473 1246
473 1247
474 489
474 490
474 815
474 842
474 843
474 1215
474 1246
474 1247
475 489
475 870
475 871
475 1276
475 1277
475 1306
476 489
476 490
476 870
476 871
476 898
476 1276
476 1277
476 1306
477 489
477 899
477 1170
477 1307
477 1336
477 1337
478 489
478 490
478 899
478 1170
478 1171
478 1307
478 1336
478 1337
479 489
479 490
479 1017
479 1034
479 1035
480 489
480 490
480 1017
480 1034
480 1035
481 489
481 490
481 1052
481 1053
481 1070
482 489
482 490
482 1052
482 1053
482 1070
483 489
483 490
483 1071
483 1088
483 1089
484 489
484 490
484 1071
484 1088
484 1089
485 489
485 490
485 780
485 781
485 796
485 1106
485 1107
485 1124
486 489
486 490
486 780
486 781
486 796
486 1106
486 1107
486 1124
487 489
487 490
487 797
487 1172
487 1173
487 1125
487 925
487 926
488 489
488 490
488 797
488 1172
488 1173
488 1125
488 925
488 926
489 583
489 602
489 603
489 777
489 792
489 793
489 1212
489 1242
489 1243
490 604
490 623
490 624
490 777
490 792
490 793
490 1212
490 1242
490 1243
491 492
491 514
491 515
491 1329
491 1358
491 1359
491 1275
491 1304
491 1305
491 698
491 699
491 714
491 715
491 826
491 827
491 854
491 855
491 882
491 883
491 910
491 911
492 493
492 494
492 495
492 496
492 497
492 498
492 499
492 500
492 501
492 502
492 503
492 504
492 505
492 506
492 507
492 508
492 509
492 510
492 511
492 512
492 513
492 604
492 623
492 624
492 777
492 792
492 793
492 1212
492 1242
492 1243
493 514
493 515
493 1329
493 1358
493 1359
493 1275
493 1304
493 1305
493 698
493 699
493 714
493 715
493 826
493 827
493 854
493 855
493 882
493 883
493 910
493 911
494 514
494 677
494 778
494 1123
494 1176
494 1177
495 514
495 515
495 677
495 778
495 779
495 1123
495 1176
495 1177
496 514
496 794
496 795
496 1196
496 1197
496 1214
497 514
497 515
497 794
497 795
497 814
497 1196
497 1197
497 1214
498 514
498 815
498 842
498 1215
498 1246
498 1247
499 514
499 515
499 815
499 842
499 843
499 1215
499 1246
499 1247
500 514
500 870
500 871
500 1276
500 1277
500 1306
501 514
501 515
501 870
501 871
501 898
501 1276
501 1277
501 1306
502 514
502 899
502 1170
502 1307
502 1336
502 1337
503 514
503 515
503 899
503 1170
503 1171
503 1307
503 1336
503 1337
504 514
504 515
504 1017
504 1034
504 1035
505 514
505 515
505 1017
505 1034
505 1035
506 514
506 515
506 1052
506 1053
506 1070
507 514
507 515
507 1052
507 1053
507 1070
508 514
508 515
508 1071
508 1088
508 1089
509 514
509 515
509 1071
509 1088
509 1089
510 514
510 515
510 780
510 781
510 796
510 1106
510 1107
510 1124
511 514
511 515
511 780
511 781
511 796
511 1106
511 1107
511 1124
512 514
512 515
512 797
512 1172
512 1173
512 1125
512 925
512 926
513 514
513 515
513 797
513 1172
513 1173
513 1125
513 925
513 926
514 625
514 646
514 647
514 777
514 792
514 793
514 1212
514 1242
514 1243
515 625
515 646
515 647
515 777
515 792
515 793
515 1212
515 1242
515 1243
516 517
516 537
516 590
516 591
516 1050
516 1051
516 1068
517 518
517 519
517 520
517 521
517 522
517 523
517 524
517 525
517 526
517 527
517 528
517 529
517 530
517 531
517 532
517 533
517 534
517 535
517 536
517 648
517 669
517 777
517 792
517 793
517 1212
517 1242
517 1243
518 537
518 538
518 590
518 591
518 611
518 1050
518 1051
518 1068
519 537
519 612
519 632
519 1069
519 1086
519 1087
520 537
520 538
520 612
520 632
520 633
520 1069
520 1086
520 1087
521 537
521 655
521 656
521 1104
521 1105
521 1122
522 537
522 538
522 655
522 656
522 676
522 1104
522 1105
522 1122
523 537
523 677
523 778
523 1123
523 1176
523 1177
524 537
524 538
524 677
524 778
524 779
524 1123
524 1176
524 1177
525 537
525 794
525 795
525 1196
525 1197
525 1214
526 537
526 538
526 794
526 795
526 814
526 1196
526 1197
526 1214
527 537
527 538
527 1360
527 1361
527 944
527 945
527 962
528 537
528 538
528 1360
528 1361
528 944
528 945
528 962
529 537
529 538
529 963
529 980
529 981
530 537
530 538
530 963
530 980
530 981
531 537
531 538
531 998
531 999
531 1016
532 537
532 538
532 998
532 999
532 1016
533 537
533 538
533 1017
533 1034
533 1035
534 537
534 538
534 1017
534 1034
534 1035
535 537
535 538
535 1052
535 1053
535 1070
536 537
536 538
536 1052
536 1053
536 1070
537 648
537 669
537 777
537 792
537 793
537 1212
537 1242
537 1243
538 777
538 792
538 793
538 1212
538 1242
538 1243
539 540
539 560
539 590
539 591
539 1050
539 1051
539 1068
540 541
540 542
540 543
540 544
540 545
540 546
540 547
540 548
540 549
540 550
540 551
540 552
540 553
540 554
540 555
540 556
540 557
540 558
540 559
540 777
540 792
540 793
540 1212
540 1242
540 1243
541 560
541 561
541 590
541 591
541 611
541 1050
541 1051
541 1068
542 560
542 612
542 632
542 1069
542 1086
542 1087
543 560
543 561
543 612
543 632
543 633
543 1069
543 1086
543 1087
544 560
544 655
544 656
544 1104
544 1105
544 1122
545 560
545 561
545 655
545 656
545 676
545 1104
545 1105
545 1122
546 560
546 677
546 778
546 1123
546 1176
546 1177
547 560
547 561
547 677
547 778
547 779
547 1123
547 1176
547 1177
548 560
548 794
548 795
548 1196
548 1197
548 1214
549 560
549 561
549 794
549 795
549 814
549 1196
549 1197
549 1214
550 560
550 561
550 1360
550 1361
550 944
550 945
550 962
551 560
551 561
551 1360
551 1361
551 944
551 945
551 962
552 560
552 561
552 963
552 980
552 981
553 560
553 561
553 963
553 980
553 981
554 560
554 561
554 998
554 999
554 1016
555 560
555 561
555 998
555 999
555 1016
556 560
556 561
556 1017
556 1034
556 1035
557 560
557 561
557 1017
557 1034
557 1035
558 560
558 561
558 1052
558 1053
558 1070
559 560
559 561
559 1052
559 1053
559 1070
560 563
560 564
560 584
560 777
560 792
560 793
560 1212
560 1242
560 1243
561 563
561 564
561 584
561 777
561 792
561 793
561 1212
561 1242
561 1243
562 563
562 564
562 565
562 566
562 567
562 568
562 569
562 570
562 571
562 572
562 573
562 574
562 575
562 576
562 577
562 578
562 579
562 580
562 585
562 605
562 606
562 777
562 792
562 793
562 1212
562 1242
562 1243
563 581
563 582
563 752
563 753
563 754
563 755
563 756
563 757
563 758
563 759
563 760
563 761
563 762
563 763
563 812
563 813
563 840
563 1272
563 1273
563 1302
564 581
564 582
564 752
564 753
564 754
564 755
564 756
564 757
564 758
564 759
564 760
564 761
564 762
564 763
564 812
564 813
564 840
564 1272
564 1273
564 1302
565 581
565 582
565 1032
565 1033
565 1034
565 1035
565 1036
565 1037
565 1039
565 1041
565 1043
565 1044
565 1045
565 1046
565 1047
565 1048
565 1049
565 841
565 868
565 869
565 1303
565 1332
565 1333
566 581
566 582
566 1050
566 1051
566 1052
566 1053
566 1054
566 1055
566 1056
566 1057
566 1058
566 1059
566 1060
566 1061
566 1062
566 1063
566 1064
566 1065
566 1066
566 1067
566 841
566 868
566 869
566 1303
566 1332
566 1333
567 581
567 582
567 1268
567 1269
567 1270
567 1271
567 1272
567 1273
567 1274
567 1275
567 1276
567 1277
567 1293
567 1294
567 1295
567 1296
567 1297
567 1283
567 1284
567 1285
567 1286
567 1287
567 1288
567 1289
567 1290
567 1291
567 1292
567 896
567 897
567 1168
567 1362
567 1363
567 782
568 581
568 582
568 1298
568 1299
568 1300
568 1301
568 1302
568 1303
568 1304
568 1305
568 1306
568 1307
568 1308
568 1309
568 1310
568 1311
568 1312
568 1313
568 1314
568 1315
568 1316
568 1317
568 1318
568 1319
568 1320
568 1321
568 1322
568 896
568 897
568 1168
568 1362
568 1363
568 782
569 581
569 582
569 1169
569 1188
569 1189
569 575
569 576
569 596
569 597
569 617
569 618
569 640
569 641
569 663
569 664
569 682
569 683
569 820
569 821
569 848
569 849
569 876
569 877
569 904
569 905
569 783
569 798
569 799
570 581
570 582
570 1169
570 1188
570 1189
570 576
570 597
570 618
570 641
570 664
570 683
570 821
570 849
570 877
570 905
570 783
570 798
570 799
571 581
571 961
571 978
571 979
572 581
572 582
572 961
572 978
572 979
573 581
573 996
573 997
573 1014
574 581
574 582
574 996
574 997
574 1014
575 581
575 1015
575 1032
575 1033
576 581
576 582
576 1015
576 1032
576 1033
577 581
577 590
577 591
577 1050
577 1051
577 1068
578 581
578 582
578 590
578 591
578 611
578 1050
578 1051
578 1068
579 581
579 612
579 632
579 1069
579 1086
579 1087
580 581
580 582
580 612
580 632
580 633
580 1069
580 1086
580 1087
581 585
581 605
581 606
581 777
581 792
581 793
581 1212
581 1242
581 1243
582 752
582 753
582 764
582 777
582 792
582 793
582 1212
582 1242
582 1243
583 584
583 585
583 586
583 587
583 588
583 589
583 590
583 591
583 592
583 593
583 594
583 595
583 596
583 597
583 598
583 599
583 600
583 601
583 752
583 753
583 764
583 777
583 792
583 793
583 1212
583 1242
583 1243
584 602
584 603
584 752
584 753
584 754
584 755
584 757
584 759
584 761
584 763
584 812
584 813
584 840
584 1272
584 1273
584 1302
585 602
585 603
585 764
585 765
585 766
585 767
585 768
585 769
585 770
585 771
585 772
585 773
585 774
585 775
585 812
585 813
585 840
585 1272
585 1273
585 1302
586 602
586 603
586 1050
586 1051
586 1052
586 1053
586 1054
586 1055
586 1056
586 1057
586 1058
586 1059
586 1060
586 1061
586 1062
586 1063
586 1064
586 1065
586 1066
586 1067
586 841
586 868
586 869
586 1303
586 1332
586 1333
587 602
587 603
587 1050
587 1051
587 1052
587 1053
587 1054
587 1055
587 1057
587 1059
587 1061
587 1062
587 1063
587 1064
587 1065
587 1066
587 1067
587 841
587 868
587 869
587 1303
587 1332
587 1333
588 602
588 603
588 1298
588 1299
588 1300
588 1301
588 1302
588 1303
588 1304
588 1305
588 1306
588 1307
588 1308
588 1309
588 1310
588 1311
588 1312
588 1313
588 1314
588 1315
588 1316
588 1317
588 1318
588 1319
588 1320
588 1321
588 1322
588 896
588 897
588 1168
588 1362
588 1363
588 782
589 602
589 603
589 1298
589 1299
589 1300
589 1301
589 1302
589 1303
589 1304
589 1305
589 1306
589 1307
589 1323
589 1324
589 1325
589 1326
589 1327
589 1313
589 1314
589 1315
589 1316
589 1317
589 1318
589 1319
589 1320
589 1321
589 1322
589 896
589 897
589 1168
589 1362
589 1363
589 782
590 602
590 603
590 1169
590 1188
590 1189
590 598
590 599
590 619
590 620
590 642
590 643
590 665
590 666
590 684
590 685
590 720
590 721
590 736
590 737
590 784
590 785
590 800
590 801
590 822
590 823
590 850
590 851
590 878
590 879
590 906
590 907
590 1178
590 1179
590 1198
590 1199
590 1216
590 1217
590 1248
590 1249
590 1278
590 1308
590 1338
590 1368
590 783
590 798
590 799
591 602
591 603
591 1169
591 1188
591 1189
591 598
591 599
591 619
591 620
591 642
591 643
591 665
591 666
591 684
591 685
591 720
591 721
591 736
591 737
591 784
591 785
591 800
591 801
591 822
591 823
591 850
591 851
591 878
591 879
591 906
591 907
591 1178
591 1179
591 1198
591 1199
591 1216
591 1217
591 1248
591 1249
591 1278
591 1308
591 1338
591 1368
591 783
591 798
591 799
592 602
592 961
592 978
592 979
593 602
593 603
593 961
593 978
593 979
594 602
594 996
594 997
594 1014
595 602
595 603
595 996
595 997
595 1014
596 602
596 1015
596 1032
596 1033
597 602
597 603
597 1015
597 1032
597 1033
598 602
598 1050
598 1051
598 1068
599 602
599 603
599 611
599 1050
599 1051
599 1068
600 602
600 612
600 632
600 1069
600 1086
600 1087
601 602
601 603
601 612
601 632
601 633
601 1069
601 1086
601 1087
602 765
602 808
602 809
602 777
602 792
602 793
602 1212
602 1242
602 1243
603 765
603 808
603 809
603 777
603 792
603 793
603 1212
603 1242
603 1243
604 605
604 606
604 607
604 608
604 609
604 610
604 611
604 612
604 613
604 614
604 615
604 616
604 617
604 618
604 619
604 620
604 621
604 622
604 836
604 837
604 864
604 777
604 792
604 793
604 1212
604 1242
604 1243
605 623
605 624
605 764
605 765
605 766
605 767
605 768
605 769
605 770
605 771
605 772
605 773
605 774
605 775
605 812
605 813
605 840
605 1272
605 1273
605 1302
606 623
606 624
606 764
606 765
606 766
606 767
606 769
606 771
606 773
606 775
606 812
606 813
606 840
606 1272
606 1273
606 1302
607 623
607 624
607 1068
607 1069
607 1070
607 1071
607 1072
607 1073
607 1074
607 1075
607 1076
607 1077
607 1078
607 1079
607 1080
607 1081
607 1082
607 1083
607 1084
607 1085
607 841
607 868
607 869
607 1303
607 1332
607 1333
608 623
608 624
608 1068
608 1069
608 1070
608 1071
608 1072
608 1073
608 1074
608 1075
608 1076
608 1077
608 1078
608 1079
608 1080
608 1081
608 1082
608 1083
608 1084
608 1085
608 841
608 868
608 869
608 1303
608 1332
608 1333
609 623
609 624
609 1328
609 1329
609 1330
609 1331
609 1332
609 1333
609 1334
609 1335
609 1336
609 1337
609 1338
609 1339
609 1340
609 1341
609 1342
609 1343
609 1344
609 1345
609 1346
609 1347
609 1348
609 1349
609 1350
609 1351
609 1352
609 896
609 897
609 1168
609 1362
609 1363
609 782
610 623
610 624
610 1328
610 1329
610 1330
610 1331
610 1332
610 1333
610 1334
610 1335
610 1336
610 1337
610 1338
610 1339
610 1340
610 1341
610 1342
610 1343
610 1344
610 1345
610 1346
610 1347
610 1348
610 1349
610 1350
610 1351
610 1352
610 896
610 897
610 1168
610 1362
610 1363
610 782
611 623
611 624
611 1169
611 1188
611 1189
611 620
611 643
611 666
611 685
611 721
611 737
611 785
611 801
611 823
611 851
611 879
611 907
611 1179
611 1199
611 1217
611 1249
611 1293
611 1323
611 1353
611 1383
611 783
611 798
611 799
612 623
612 624
612 1169
612 1188
612 1189
612 621
612 622
612 644
612 645
612 667
612 668
612 686
612 687
612 722
612 723
612 738
612 739
612 786
612 787
612 802
612 803
612 824
612 825
612 852
612 853
612 880
612 881
612 908
612 909
612 1180
612 1181
612 1200
612 1201
612 1218
612 1219
612 1250
612 1251
612 1279
612 1309
612 1339
612 1369
612 783
612 798
612 799
613 623
613 961
613 978
613 979
614 623
614 624
614 961
614 978
614 979
615 623
615 996
615 997
615 1014
616 623
616 624
616 996
616 997
616 1014
617 623
617 1015
617 1032
617 1033
618 623
618 624
618 1015
618 1032
618 1033
619 623
619 1050
619 1051
619 1068
620 623
620 624
620 1050
620 1051
620 1068
621 623
621 632
621 1069
621 1086
621 1087
622 623
622 624
622 632
622 633
622 1069
622 1086
622 1087
623 836
623 837
623 864
623 777
623 792
623 793
623 1212
623 1242
623 1243
624 865
624 892
624 893
624 777
624 792
624 793
624 1212
624 1242
624 1243
625 626
625 627
625 628
625 629
625 630
625 631
625 632
625 633
625 634
625 635
625 636
625 637
625 638
625 639
625 640
625 641
625 642
625 643
625 644
625 645
625 865
625 892
625 893
625 777
625 792
625 793
625 1212
625 1242
625 1243
626 646
626 647
626 776
626 777
626 778
626 779
626 780
626 781
626 782
626 783
626 784
626 785
626 786
626 787
626 788
626 789
626 790
626 791
626 812
626 813
626 840
626 1272
626 1273
626 1302
627 646
627 647
627 776
627 777
627 778
627 779
627 780
627 781
627 782
627 783
627 784
627 785
627 786
627 787
627 788
627 789
627 790
627 791
627 812
627 813
627 840
627 1272
627 1273
627 1302
628 646
628 647
628 1068
628 1069
628 1070
628 1071
628 1072
628 1073
628 1075
628 1077
628 1079
628 1080
628 1081
628 1082
628 1083
628 1084
628 1085
628 841
628 868
628 869
628 1303
628 1332
628 1333
629 646
629 647
629 1086
629 1087
629 1088
629 1089
629 1090
629 1091
629 1092
629 1093
629 1094
629 1095
629 1096
629 1097
629 1098
629 1099
629 1100
629 1101
629 1102
629 1103
629 841
629 868
629 869
629 1303
629 1332
629 1333
630 646
630 647
630 1328
630 1329
630 1330
630 1331
630 1332
630 1333
630 1334
630 1335
630 1336
630 1337
630 1353
630 1354
630 1355
630 1356
630 1357
630 1343
630 1344
630 1345
630 1346
630 1347
630 1348
630 1349
630 1350
630 1351
630 1352
630 896
630 897
630 1168
630 1362
630 1363
630 782
631 646
631 647
631 1358
631 1359
631 1360
631 1361
631 1362
631 1362
631 1363
631 1363
631 1364
631 1365
631 1366
631 1367
631 1368
631 1369
631 1370
631 1371
631 1372
631 1373
631 1374
631 1375
631 1376
631 1377
631 1378
631 1379
631 1380
631 1381
631 1382
631 896
631 897
631 1168
631 782
632 646
632 647
632 1169
632 1188
632 1189
632 644
632 645
632 667
632 668
632 686
632 687
632 722
632 723
632 738
632 739
632 786
632 787
632 802
632 803
632 824
632 825
632 852
632 853
632 880
632 881
632 908
632 909
632 1180
632 1181
632 1200
632 1201
632 1218
632 1219
632 1250
632 1251
632 1279
632 1309
632 1339
632 1369
632 783
632 798
632 799
633 646
633 647
633 1169
633 1188
633 1189
633 645
633 668
633 687
633 723
633 739
633 787
633 803
633 825
633 853
633 881
633 909
633 1181
633 1201
633 1219
633 1251
633 1294
633 1324
633 1354
633 1384
633 783
633 798
633 799
634 646
634 647
634 1329
634 1358
634 1359
634 1275
634 1304
634 1305
634 700
634 701
634 716
634 717
634 828
634 829
634 856
634 857
634 884
634 885
634 912
634 913
635 646
635 647
635 1329
635 1358
635 1359
635 1275
635 1304
635 1305
635 700
635 701
635 716
635 717
635 828
635 829
635 856
635 857
635 884
635 885
635 912
635 913
636 646
636 961
636 978
636 979
637 646
637 647
637 961
637 978
637 979
638 646
638 996
638 997
638 1014
639 646
639 647
639 996
639 997
639 1014
640 646
640 1015
640 1032
640 1033
641 646
641 647
641 1015
641 1032
641 1033
642 646
642 1050
642 1051
642 1068
643 646
643 647
643 1050
643 1051
643 1068
644 646
644 1069
644 1086
644 1087
645 646
645 647
645 1069
645 1086
645 1087
646 866
646 867
646 894
646 777
646 792
646 793
646 1212
646 1242
646 1243
647 866
647 867
647 894
647 777
647 792
647 793
647 1212
647 1242
647 1243
648 649
648 650
648 651
648 652
648 653
648 654
648 655
648 656
648 657
648 658
648 659
648 660
648 661
648 662
648 663
648 664
648 665
648 666
648 667
648 668
648 895
648 777
648 792
648 793
648 1212
648 1242
648 1243
649 669
649 776
649 777
649 778
649 779
649 780
649 781
649 782
649 783
649 785
649 787
649 789
649 791
649 812
649 813
649 840
649 1272
649 1273
649 1302
650 669
650 792
650 793
650 794
650 795
650 796
650 797
650 798
650 799
650 800
650 801
650 802
650 803
650 804
650 805
650 806
650 807
650 812
650 813
650 840
650 1272
650 1273
650 1302
651 669
651 1086
651 1087
651 1088
651 1089
651 1090
651 1091
651 1092
651 1093
651 1094
651 1095
651 1096
651 1097
651 1098
651 1099
651 1100
651 1101
651 1102
651 1103
651 841
651 868
651 869
651 1303
651 1332
651 1333
652 669
652 1086
652 1087
652 1088
652 1089
652 1090
652 1091
652 1093
652 1095
652 1097
652 1098
652 1099
652 1100
652 1101
652 1102
652 1103
652 841
652 868
652 869
652 1303
652 1332
652 1333
653 669
653 1358
653 1359
653 1360
653 1361
653 1362
653 1362
653 1363
653 1363
653 1364
653 1365
653 1366
653 1367
653 1368
653 1369
653 1370
653 1371
653 1372
653 1373
653 1374
653 1375
653 1376
653 1377
653 1378
653 1379
653 1380
653 1381
653 1382
653 896
653 897
653 1168
653 782
654 669
654 1358
654 1359
654 1360
654 1361
654 1362
654 1362
654 1363
654 1363
654 1364
654 1365
654 1366
654 1367
654 1383
654 1384
654 1385
654 1386
654 1387
654 1373
654 1374
654 1375
654 1376
654 1377
654 1378
654 1379
654 1380
654 1381
654 1382
654 896
654 897
654 1168
654 782
655 669
655 1169
655 1188
655 1189
655 724
655 725
655 740
655 741
655 788
655 789
655 804
655 805
655 1182
655 1183
655 1202
655 1203
655 1220
655 1221
655 1252
655 1253
655 1280
655 1310
655 1340
655 1370
655 783
655 798
655 799
656 669
656 1169
656 1188
656 1189
656 724
656 725
656 740
656 741
656 788
656 789
656 804
656 805
656 1182
656 1183
656 1202
656 1203
656 1220
656 1221
656 1252
656 1253
656 1280
656 1310
656 1340
656 1370
656 783
656 798
656 799
657 669
657 1329
657 1358
657 1359
657 1275
657 1304
657 1305
657 700
657 701
657 716
657 717
657 828
657 829
657 856
657 857
657 884
657 885
657 912
657 913
658 669
658 1329
658 1358
658 1359
658 1275
658 1304
658 1305
658 830
658 831
658 858
658 859
658 886
658 887
658 914
658 915
659 669
659 961
659 978
659 979
660 669
660 961
660 978
660 979
661 669
661 996
661 997
661 1014
662 669
662 996
662 997
662 1014
663 669
663 1015
663 1032
663 1033
664 669
664 1015
664 1032
664 1033
665 669
665 1050
665 1051
665 1068
666 669
666 1050
666 1051
666 1068
667 669
667 1069
667 1086
667 1087
668 669
668 1069
668 1086
668 1087
669 895
669 777
669 792
669 793
669 1212
669 1242
669 1243
670 792
670 793
670 794
670 795
670 796
670 797
670 798
670 799
670 800
670 801
670 802
670 803
670 804
670 805
670 806
670 807
670 812
670 813
670 840
670 1272
670 1273
670 1302
671 792
671 793
671 794
671 795
671 796
671 797
671 798
671 799
671 801
671 803
671 805
671 807
671 812
671 813
671 840
671 1272
671 1273
671 1302
672 1104
672 1105
672 1106
672 1107
672 1108
672 1109
672 1110
672 1111
672 1112
672 1113
672 1114
672 1115
672 1116
672 1117
672 1118
672 1119
672 1120
672 1121
672 841
672 868
672 869
672 1303
672 1332
672 1333
673 1104
673 1105
673 1106
673 1107
673 1108
673 1109
673 1110
673 1111
673 1112
673 1113
673 1114
673 1115
673 1116
673 1117
673 1118
673 1119
673 1120
673 1121
673 841
673 868
673 869
673 1303
673 1332
673 1333
674 896
674 897
674 1168
674 1362
674 1363
674 782
675 896
675 897
675 1168
675 1362
675 1363
675 782
676 1169
676 1188
676 1189
676 725
676 741
676 789
676 805
676 1183
676 1203
676 1221
676 1253
676 1295
676 1325
676 1355
676 1385
676 783
676 798
676 799
677 1169
677 1188
677 1189
677 726
677 727
677 742
677 743
677 790
677 791
677 806
677 807
677 1184
677 1185
677 1204
677 1205
677 1222
677 1223
677 1254
677 1255
677 1281
677 1311
677 1341
677 1371
677 783
677 798
677 799
678 961
678 978
678 979
679 961
679 978
679 979
680 996
680 997
680 1014
681 996
681 997
681 1014
682 1015
682 1032
682 1033
683 1015
683 1032
683 1033
684 1050
684 1051
684 1068
685 1050
685 1051
685 1068
686 1069
686 1086
686 1087
687 1069
687 1086
687 1087
688 941
688 943
688 960
689 941
689 943
689 960
690 961
690 978
690 979
691 961
691 978
691 979
692 996
692 997
692 1014
693 996
693 997
693 1014
694 899
694 1170
694 1307
694 1336
694 1337
695 899
695 1170
695 1171
695 1307
695 1336
695 1337
696 1190
696 1191
696 1209
696 1366
696 1367
697 1190
697 1191
697 1209
697 1366
697 1367
698 1210
698 1240
698 1241
699 1210
699 1240
699 1241
700 1270
700 1271
700 1300
701 1270
701 1271
701 1300
702 797
702 1172
702 1173
702 1125
702 925
702 926
703 797
703 1172
703 1173
703 1125
703 925
703 926
704 941
704 943
704 960
705 941
705 943
705 960
706 961
706 978
706 979
707 961
707 978
707 979
708 996
708 997
708 1014
709 996
709 997
709 1014
710 899
710 1170
710 1307
710 1336
710 1337
711 899
711 1170
711 1171
711 1307
711 1336
711 1337
712 1190
712 1191
712 1209
712 1366
712 1367
713 1190
713 1191
713 1209
713 1366
713 1367
714 1210
714 1240
714 1241
715 1210
715 1240
715 1241
716 1270
716 1271
716 1300
717 1270
717 1271
717 1300
718 797
718 1172
718 1173
718 1125
718 925
718 926
719 797
719 1172
719 1173
719 1125
719 925
719 926
720 1050
720 1051
720 1068
721 1050
721 1051
721 1068
722 1069
722 1086
722 1087
723 1069
723 1086
723 1087
724 1104
724 1105
724 1122
725 1104
725 1105
725 1122
726 778
726 1123
726 1176
726 1177
727 778
727 779
727 1123
727 1176
727 1177
728 1360
728 1361
728 944
728 945
728 962
729 1360
729 1361
729 944
729 945
729 962
730 963
730 980
730 981
731 963
731 980
731 981
732 998
732 999
732 1016
733 998
733 999
733 1016
734 1017
734 1034
734 1035
735 1017
735 1034
735 1035
736 1050
736 1051
736 1068
737 1050
737 1051
737 1068
738 1069
738 1086
738 1087
739 1069
739 1086
739 1087
740 1104
740 1105
740 1122
741 1104
741 1105
741 1122
742 778
742 1123
742 1176
742 1177
743 778
743 779
743 1123
743 1176
743 1177
744 1360
744 1361
744 944
744 945
744 962
745 1360
745 1361
745 944
745 945
745 962
746 963
746 980
746 981
747 963
747 980
747 981
748 998
748 999
748 1016
749 998
749 999
749 1016
750 1017
750 1034
750 1035
751 1017
751 1034
751 1035
752 808
752 809
752 810
752 811
752 812
752 812
752 813
752 813
752 814
752 815
752 816
752 817
752 818
752 819
752 820
752 821
752 822
752 823
752 824
752 825
752 826
752 827
752 828
752 829
752 830
752 831
752 832
752 833
752 834
752 835
752 840
752 1272
752 1273
752 1302
753 808
753 809
753 810
753 811
753 812
753 812
753 813
753 813
753 814
753 815
753 816
753 817
753 818
753 819
753 820
753 821
753 822
753 823
753 824
753 825
753 826
753 827
753 828
753 829
753 830
753 831
753 832
753 833
753 834
753 835
753 840
753 1272
753 1273
753 1302
754 1365
754 920
754 922
755 1365
755 920
755 922
756 941
756 943
756 960
757 941
757 943
757 960
758 961
758 978
758 979
759 961
759 978
759 979
760 996
760 997
760 1014
761 996
761 997
761 1014
762 899
762 1170
762 1307
762 1336
762 1337
763 899
763 1170
763 1171
763 1307
763 1336
763 1337
764 808
764 809
764 810
764 811
764 812
764 812
764 813
764 813
764 814
764 815
764 817
764 819
764 821
764 823
764 825
764 826
764 827
764 828
764 829
764 830
764 831
764 832
764 833
764 834
764 835
764 840
764 1272
764 1273
764 1302
765 836
765 837
765 838
765 839
765 840
765 840
765 841
765 842
765 843
765 844
765 845
765 846
765 847
765 848
765 849
765 850
765 851
765 852
765 853
765 854
765 855
765 856
765 857
765 858
765 859
765 860
765 861
765 862
765 863
765 812
765 813
765 1272
765 1273
765 1302
766 1365
766 920
766 922
767 1365
767 920
767 922
768 941
768 943
768 960
769 941
769 943
769 960
770 961
770 978
770 979
771 961
771 978
771 979
772 996
772 997
772 1014
773 996
773 997
773 1014
774 899
774 1170
774 1307
774 1336
774 1337
775 899
775 1170
775 1171
775 1307
775 1336
775 1337
776 896
776 897
776 1168
776 1362
776 1363
776 782
777 896
777 897
777 1168
777 1362
777 1363
777 782
778 1169
778 1188
778 1189
778 790
778 791
778 806
778 807
778 1184
778 1185
778 1204
778 1205
778 1222
778 1223
778 1254
778 1255
778 1281
778 1311
778 1341
778 1371
778 783
778 798
778 799
779 1169
779 1188
779 1189
779 791
779 807
779 1185
779 1205
779 1223
779 1255
779 1296
779 1326
779 1356
779 1386
779 783
779 798
779 799
780 1208
780 1236
780 1238
780 937
780 938
780 958
780 959
780 976
780 977
780 994
780 995
780 1012
780 1013
780 1030
780 1031
780 1048
780 1049
780 1066
780 1067
780 1084
780 1085
780 1102
780 1103
780 1120
780 1121
780 1138
780 1139
780 1174
780 1175
780 1194
781 1208
781 1236
781 1238
781 937
781 938
781 958
781 959
781 976
781 977
781 994
781 995
781 1012
781 1013
781 1030
781 1031
781 1048
781 1049
781 1066
781 1067
781 1084
781 1085
781 1102
781 1103
781 1120
781 1121
781 1138
781 1139
781 1174
781 1175
781 1194
782 1239
782 1239
782 1268
782 1268
782 1269
782 1269
782 792
782 793
782 812
782 813
782 840
782 841
782 868
782 869
782 896
782 897
782 1168
782 1169
782 1188
782 1189
782 1208
782 1236
782 1238
782 1298
782 1299
782 1328
782 1329
782 1358
782 1359
782 1195
782 1213
782 1237
783 1239
783 1268
783 1269
783 794
783 795
783 814
783 815
783 842
783 843
783 870
783 871
783 898
783 899
783 1170
783 1171
783 1190
783 1191
783 1209
783 1210
783 1240
783 1241
783 1270
783 1271
783 1300
783 1301
783 1330
783 1331
783 1360
783 1361
783 1195
783 1213
783 1237
784 1050
784 1051
784 1068
785 1050
785 1051
785 1068
786 1069
786 1086
786 1087
787 1069
787 1086
787 1087
788 1104
788 1105
788 1122
789 1104
789 1105
789 1122
790 1123
790 1176
790 1177
791 1123
791 1176
791 1177
792 896
792 897
792 1168
792 1362
792 1363
793 896
793 897
793 1168
793 1362
793 1363
794 1169
794 1188
794 1189
794 927
794 928
794 948
794 949
794 966
794 967
794 984
794 985
794 1002
794 1003
794 1020
794 1021
794 1038
794 1039
794 1056
794 1057
794 1074
794 1075
794 1092
794 1093
794 1110
794 1111
794 1128
794 1129
794 1186
794 1187
794 1206
794 1207
794 1224
794 1225
794 1256
794 1257
794 1282
794 1312
794 1342
794 1372
794 798
794 799
795 1169
795 1188
795 1189
795 927
795 928
795 948
795 949
795 966
795 967
795 984
795 985
795 1002
795 1003
795 1020
795 1021
795 1038
795 1039
795 1056
795 1057
795 1074
795 1075
795 1092
795 1093
795 1110
795 1111
795 1128
795 1129
795 1186
795 1187
795 1206
795 1207
795 1224
795 1225
795 1256
795 1257
795 1282
795 1312
795 1342
795 1372
795 798
795 799
796 1208
796 1236
796 1238
796 937
796 938
796 958
796 959
796 976
796 977
796 994
796 995
796 1012
796 1013
796 1030
796 1031
796 1048
796 1049
796 1066
796 1067
796 1084
796 1085
796 1102
796 1103
796 1120
796 1121
796 1138
796 1139
796 1174
796 1175
796 1194
797 1208
797 1236
797 1238
797 1174
797 1175
797 1194
798 1239
798 1268
798 1269
798 814
798 815
798 842
798 843
798 870
798 871
798 898
798 899
798 1170
798 1171
798 1190
798 1191
798 1209
798 1210
798 1240
798 1241
798 1270
798 1271
798 1300
798 1301
798 1330
798 1331
798 1360
798 1361
798 1195
798 1213
798 1237
799 1239
799 1268
799 1269
799 814
799 815
799 842
799 843
799 870
799 871
799 898
799 899
799 1170
799 1171
799 1190
799 1191
799 1209
799 1210
799 1240
799 1241
799 1270
799 1271
799 1300
799 1301
799 1330
799 1331
799 1360
799 1361
799 1195
799 1213
799 1237
800 1050
800 1051
800 1068
801 1050
801 1051
801 1068
802 1069
802 1086
802 1087
803 1069
803 1086
803 1087
804 1104
804 1105
804 1122
805 1104
805 1105
805 1122
806 1123
806 1176
806 1177
807 1123
807 1176
807 1177
808 836
808 837
808 838
808 839
808 840
808 840
808 841
808 842
808 843
808 844
808 845
808 846
808 847
808 848
808 849
808 850
808 851
808 852
808 853
808 854
808 855
808 856
808 857
808 858
808 859
808 860
808 861
808 862
808 863
808 812
808 813
808 1272
808 1273
808 1302
809 836
809 837
809 838
809 839
809 840
809 840
809 841
809 842
809 843
809 845
809 847
809 849
809 851
809 853
809 854
809 855
809 856
809 857
809 858
809 859
809 860
809 861
809 862
809 863
809 812
809 813
809 1272
809 1273
809 1302
810 1104
810 1105
810 1106
810 1107
810 1108
810 1109
810 1111
810 1113
810 1115
810 1116
810 1117
810 1118
810 1119
810 1120
810 1121
810 841
810 868
810 869
810 1303
810 1332
810 1333
811 1122
811 1123
811 1124
811 1125
811 1126
811 1127
811 1128
811 1129
811 1130
811 1131
811 1132
811 1133
811 1134
811 1135
811 1136
811 1137
811 1138
811 1139
811 841
811 868
811 869
811 1303
811 1332
811 1333
812 836
812 837
812 864
812 865
812 892
812 893
812 921
812 939
812 940
812 942
812 896
812 897
812 1168
812 1362
812 1363
813 836
813 837
813 864
813 865
813 892
813 893
813 921
813 939
813 940
813 942
813 896
813 897
813 1168
813 1362
813 1363
814 1169
814 1188
814 1189
814 928
814 949
814 967
814 985
814 1003
814 1021
814 1039
814 1057
814 1075
814 1093
814 1111
814 1129
814 1187
814 1207
814 1225
814 1257
814 1297
814 1327
814 1357
814 1387
815 1169
815 1188
815 1189
815 929
815 930
815 950
815 951
815 968
815 969
815 986
815 987
815 1004
815 1005
815 1022
815 1023
815 1040
815 1041
815 1058
815 1059
815 1076
815 1077
815 1094
815 1095
815 1112
815 1113
815 1130
815 1131
816 961
816 978
816 979
817 961
817 978
817 979
818 996
818 997
818 1014
819 996
819 997
819 1014
820 1015
820 1032
820 1033
821 1015
821 1032
821 1033
822 1050
822 1051
822 1068
823 1050
823 1051
823 1068
824 1069
824 1086
824 1087
825 1069
825 1086
825 1087
826 1210
826 1240
826 1241
827 1210
827 1240
827 1241
828 1270
828 1271
828 1300
829 1270
829 1271
829 1300
830 1301
830 1330
830 1331
830 923
830 924
831 1301
831 1330
831 1331
831 923
831 924
832 1360
832 1361
832 944
832 945
832 962
833 1360
833 1361
833 944
833 945
833 962
834 963
834 980
834 981
835 963
835 980
835 981
836 864
836 865
836 866
836 867
836 868
836 869
836 870
836 871
836 872
836 873
836 874
836 875
836 876
836 877
836 878
836 879
836 880
836 881
836 882
836 883
836 884
836 885
836 886
836 887
836 888
836 889
836 890
836 891
836 840
836 1272
836 1273
836 1302
837 864
837 865
837 866
837 867
837 868
837 869
837 870
837 871
837 872
837 873
837 874
837 875
837 876
837 877
837 878
837 879
837 880
837 881
837 882
837 883
837 884
837 885
837 886
837 887
837 888
837 889
837 890
837 891
837 840
837 1272
837 1273
837 1302
838 1122
838 1123
838 1124
838 1125
838 1126
838 1127
838 1128
838 1129
838 1130
838 1131
838 1132
838 1133
838 1134
838 1135
838 1136
838 1137
838 1138
838 1139
838 841
838 868
838 869
838 1303
838 1332
838 1333
839 1122
839 1123
839 1124
839 1125
839 1126
839 1127
839 1129
839 1131
839 1133
839 1134
839 1135
839 1136
839 1137
839 1138
839 1139
839 841
839 868
839 869
839 1303
839 1332
839 1333
840 864
840 865
840 892
840 893
840 921
840 939
840 940
840 942
840 896
840 897
840 1168
840 1362
840 1363
841 866
841 867
841 894
841 895
841 896
841 897
841 1168
841 1362
841 1363
842 1169
842 1188
842 1189
842 929
842 930
842 950
842 951
842 968
842 969
842 986
842 987
842 1004
842 1005
842 1022
842 1023
842 1040
842 1041
842 1058
842 1059
842 1076
842 1077
842 1094
842 1095
842 1112
842 1113
842 1130
842 1131
843 1169
843 1188
843 1189
843 930
843 951
843 969
843 987
843 1005
843 1023
843 1041
843 1059
843 1077
843 1095
843 1113
843 1131
844 961
844 978
844 979
845 961
845 978
845 979
846 996
846 997
846 1014
847 996
847 997
847 1014
848 1015
848 1032
848 1033
849 1015
849 1032
849 1033
850 1050
850 1051
850 1068
851 1050
851 1051
851 1068
852 1069
852 1086
852 1087
853 1069
853 1086
853 1087
854 1210
854 1240
854 1241
855 1210
855 1240
855 1241
856 1270
856 1271
856 1300
857 1270
857 1271
857 1300
858 1301
858 1330
858 1331
858 923
858 924
859 1301
859 1330
859 1331
859 923
859 924
860 1360
860 1361
860 944
860 945
860 962
861 1360
861 1361
861 944
861 945
861 962
862 963
862 980
862 981
863 963
863 980
863 981
864 864
864 865
864 866
864 867
864 868
864 869
864 870
864 871
864 873
864 875
864 877
864 879
864 881
864 882
864 883
864 884
864 885
864 886
864 887
864 888
864 889
864 890
864 891
864 1272
864 1273
864 1302
865 892
865 893
865 894
865 895
865 896
865 897
865 898
865 899
865 900
865 901
865 902
865 903
865 904
865 905
865 906
865 907
865 908
865 909
865 910
865 911
865 912
865 913
865 914
865 915
865 916
865 917
865 918
865 919
865 1272
865 1273
865 1302
866 921
866 939
866 1140
866 1141
866 1142
866 1143
866 1144
866 1145
866 1146
866 1147
866 1148
866 1149
866 1150
866 1151
866 1152
866 1153
866 868
866 869
866 1303
866 1332
866 1333
867 921
867 939
867 1140
867 1141
867 1142
867 1143
867 1144
867 1145
867 1146
867 1147
867 1148
867 1149
867 1150
867 1151
867 1152
867 1153
867 868
867 869
867 1303
867 1332
867 1333
868 894
868 895
868 896
868 897
868 1168
868 1362
868 1363
869 894
869 895
869 896
869 897
869 1168
869 1362
869 1363
870 1169
870 1188
870 1189
870 931
870 932
870 952
870 953
870 970
870 971
870 988
870 989
870 1006
870 1007
870 1024
870 1025
870 1042
870 1043
870 1060
870 1061
870 1078
870 1079
870 1096
870 1097
870 1114
870 1115
870 1132
870 1133
870 1150
870 1151
870 1164
870 1165
871 1169
871 1188
871 1189
871 931
871 932
871 952
871 953
871 970
871 971
871 988
871 989
871 1006
871 1007
871 1024
871 1025
871 1042
871 1043
871 1060
871 1061
871 1078
871 1079
871 1096
871 1097
871 1114
871 1115
871 1132
871 1133
871 1150
871 1151
871 1164
871 1165
872 961
872 978
872 979
873 961
873 978
873 979
874 996
874 997
874 1014
875 996
875 997
875 1014
876 1015
876 1032
876 1033
877 1015
877 1032
877 1033
878 1050
878 1051
878 1068
879 1050
879 1051
879 1068
880 1069
880 1086
880 1087
881 1069
881 1086
881 1087
882 1210
882 1240
882 1241
883 1210
883 1240
883 1241
884 1270
884 1271
884 1300
885 1270
885 1271
885 1300
886 1301
886 1330
886 1331
886 923
886 924
887 1301
887 1330
887 1331
887 923
887 924
888 1360
888 1361
888 944
888 945
888 962
889 1360
889 1361
889 944
889 945
889 962
890 963
890 980
890 981
891 963
891 980
891 981
892 892
892 893
892 893
892 894
892 895
892 896
892 897
892 898
892 899
892 900
892 901
892 902
892 903
892 904
892 905
892 906
892 907
892 908
892 909
892 910
892 911
892 912
892 913
892 914
892 915
892 916
892 917
892 918
892 919
892 1272
892 1273
892 1302
893 893
893 894
893 895
893 896
893 897
893 898
893 899
893 901
893 903
893 905
893 907
893 909
893 910
893 911
893 912
893 913
893 914
893 915
893 916
893 917
893 918
893 919
893 1272
893 1273
893 1302
894 921
894 939
894 1140
894 1141
894 1142
894 1143
894 1145
894 1147
894 1149
894 1151
894 1153
894 1303
894 1332
894 1333
895 940
895 942
895 1154
895 1155
895 1156
895 1157
895 1158
895 1159
895 1160
895 1161
895 1162
895 1163
895 1164
895 1165
895 1166
895 1167
895 1303
895 1332
895 1333
896 896
896 897
896 897
896 1168
896 1168
896 1169
896 1188
896 1189
896 1208
896 1238
896 1239
896 1268
896 1269
896 1298
896 1299
896 1328
896 1329
896 1358
896 1359
896 1362
896 1363
897 897
897 1168
897 1168
897 1169
897 1188
897 1189
897 1208
897 1238
897 1239
897 1268
897 1269
897 1298
897 1299
897 1328
897 1329
897 1358
897 1359
897 1362
897 1363
898 1169
898 1188
898 1189
898 932
898 953
898 971
898 989
898 1007
898 1025
898 1043
898 1061
898 1079
898 1097
898 1115
898 1133
898 1151
898 1165
899 1169
899 1188
899 1189
899 1152
899 1153
899 1166
899 1167
900 961
900 978
900 979
901 961
901 978
901 979
902 996
902 997
902 1014
903 996
903 997
903 1014
904 1015
904 1032
904 1033
905 1015
905 1032
905 1033
906 1050
906 1051
906 1068
907 1050
907 1051
907 1068
908 1069
908 1086
908 1087
909 1069
909 1086
909 1087
910 1210
910 1240
910 1241
911 1210
911 1240
911 1241
912 1270
912 1271
912 1300
913 1270
913 1271
913 1300
914 1301
914 1330
914 1331
914 923
914 924
915 1301
915 1330
915 1331
915 923
915 924
916 1360
916 1361
916 944
916 945
916 962
917 1360
917 1361
917 944
917 945
917 962
918 963
918 980
918 981
919 963
919 980
919 981
920 921
920 939
920 940
920 1298
920 1299
920 1328
920 1244
920 1245
920 1274
920 1142
920 1143
920 1156
920 1157
921 922
921 923
921 924
921 925
921 926
921 927
921 928
921 929
921 930
921 931
921 932
921 933
921 934
921 935
921 936
921 937
921 938
921 1272
921 1273
921 1302
922 939
922 940
922 1298
922 1299
922 1328
922 1244
922 1245
922 1274
922 1142
922 1143
922 1156
922 1157
923 939
923 940
923 1329
923 1358
923 1359
923 1275
923 1304
923 1305
924 939
924 940
924 1329
924 1358
924 1359
924 1275
924 1304
924 1305
925 939
925 940
925 1334
925 1335
925 1364
926 939
926 940
926 1334
926 1335
926 1364
927 939
927 1196
927 1197
927 1214
928 939
928 940
928 1196
928 1197
928 1214
929 939
929 1215
929 1246
929 1247
930 939
930 940
930 1215
930 1246
930 1247
931 939
931 1276
931 1277
931 1306
932 939
932 940
932 1276
932 1277
932 1306
933 939
933 940
933 1052
933 1053
933 1070
934 939
934 940
934 1052
934 1053
934 1070
935 939
935 940
935 1071
935 1088
935 1089
936 939
936 940
936 1071
936 1088
936 1089
937 939
937 940
937 1106
937 1107
937 1124
938 939
938 940
938 1106
938 1107
938 1124
939 1272
939 1273
939 1302
940 1272
940 1273
940 1302
941 942
941 1298
941 1299
941 1328
941 1244
941 1245
941 1274
941 1144
941 1145
941 1158
941 1159
942 943
942 944
942 945
942 946
942 947
942 948
942 949
942 950
942 951
942 952
942 953
942 954
942 955
942 956
942 957
942 958
942 959
942 1272
942 1273
942 1302
943 1298
943 1299
943 1328
943 1244
943 1245
943 1274
943 1144
943 1145
943 1158
943 1159
944 1329
944 1358
944 1359
944 1275
944 1304
944 1305
944 1226
944 1227
944 1258
944 1266
944 1283
944 1284
944 1313
944 1314
944 1343
944 1344
944 1373
944 1374
945 1329
945 1358
945 1359
945 1275
945 1304
945 1305
945 1226
945 1227
945 1258
945 1266
945 1283
945 1284
945 1313
945 1314
945 1343
945 1344
945 1373
945 1374
946 1334
946 1335
946 1364
947 1334
947 1335
947 1364
948 1196
948 1197
948 1214
949 1196
949 1197
949 1214
950 1215
950 1246
950 1247
951 1215
951 1246
951 1247
952 1276
952 1277
952 1306
953 1276
953 1277
953 1306
954 1052
954 1053
954 1070
955 1052
955 1053
955 1070
956 1071
956 1088
956 1089
957 1071
957 1088
957 1089
958 1106
958 1107
958 1124
959 1106
959 1107
959 1124
960 1298
960 1299
960 1328
960 1244
960 1245
960 1274
960 1144
960 1145
960 1158
960 1159
961 1298
961 1299
961 1328
961 1244
961 1245
961 1274
961 1146
961 1147
961 1160
961 1161
962 1329
962 1358
962 1359
962 1275
962 1304
962 1305
962 1226
962 1227
962 1258
962 1266
962 1283
962 1284
962 1313
962 1314
962 1343
962 1344
962 1373
962 1374
963 1329
963 1358
963 1359
963 1275
963 1304
963 1305
963 1228
963 1229
963 1259
963 1260
963 1285
963 1286
963 1315
963 1316
963 1345
963 1346
963 1375
963 1376
964 1334
964 1335
964 1364
965 1334
965 1335
965 1364
966 1196
966 1197
966 1214
967 1196
967 1197
967 1214
968 1215
968 1246
968 1247
969 1215
969 1246
969 1247
970 1276
970 1277
970 1306
971 1276
971 1277
971 1306
972 1052
972 1053
972 1070
973 1052
973 1053
973 1070
974 1071
974 1088
974 1089
975 1071
975 1088
975 1089
976 1106
976 1107
976 1124
977 1106
977 1107
977 1124
978 1298
978 1299
978 1328
978 1244
978 1245
978 1274
978 1146
978 1147
978 1160
978 1161
979 1298
979 1299
979 1328
979 1244
979 1245
979 1274
979 1146
979 1147
979 1160
979 1161
980 1329
980 1358
980 1359
980 1275
980 1304
980 1305
980 1228
980 1229
980 1259
980 1260
980 1285
980 1286
980 1315
980 1316
980 1345
980 1346
980 1375
980 1376
981 1329
981 1358
981 1359
981 1275
981 1304
981 1305
981 1228
981 1229
981 1259
981 1260
981 1285
981 1286
981 1315
981 1316
981 1345
981 1346
981 1375
981 1376
982 1334
982 1335
982 1364
983 1334
983 1335
983 1364
984 1196
984 1197
984 1214
985 1196
985 1197
985 1214
986 1215
986 1246
986 1247
987 1215
987 1246
987 1247
988 1276
988 1277
988 1306
989 1276
989 1277
989 1306
990 1052
990 1053
990 1070
991 1052
991 1053
991 1070
992 1071
992 1088
992 1089
993 1071
993 1088
993 1089
994 1106
994 1107
994 1124
995 1106
995 1107
995 1124
996 1298
996 1299
996 1328
996 1244
996 1245
996 1274
996 1148
996 1149
996 1162
996 1163
997 1298
997 1299
997 1328
997 1244
997 1245
997 1274
997 1148
997 1149
997 1162
997 1163
998 1329
998 1358
998 1359
998 1275
998 1304
998 1305
998 1230
998 1231
998 1261
998 1262
998 1287
998 1288
998 1317
998 1318
998 1347
998 1348
998 1377
998 1378
999 1329
999 1358
999 1359
999 1275
999 1304
999 1305
999 1230
999 1231
999 1261
999 1262
999 1287
999 1288
999 1317
999 1318
999 1347
999 1348
999 1377
999 1378
1000 1334
1000 1335
1000 1364
1001 1334
1001 1335
1001 1364
1002 1196
1002 1197
1002 1214
1003 1196
1003 1197
1003 1214
1004 1215
1004 1246
1004 1247
1005 1215
1005 1246
1005 1247
1006 1276
1006 1277
1006 1306
1007 1276
1007 1277
1007 1306
1008 1052
1008 1053
1008 1070
1009 1052
1009 1053
1009 1070
1010 1071
1010 1088
1010 1089
1011 1071
1011 1088
1011 1089
1012 1106
1012 1107
1012 1124
1013 1106
1013 1107
1013 1124
1014 1298
1014 1299
1014 1328
1014 1244
1014 1245
1014 1274
1014 1148
1014 1149
1014 1162
1014 1163
1015 1298
1015 1299
1015 1328
1015 1244
1015 1245
1015 1274
1016 1329
1016 1358
1016 1359
1016 1275
1016 1304
1016 1305
1016 1230
1016 1231
1016 1261
1016 1262
1016 1287
1016 1288
1016 1317
1016 1318
1016 1347
1016 1348
1016 1377
1016 1378
1017 1329
1017 1358
1017 1359
1017 1275
1017 1304
1017 1305
1017 1232
1017 1233
1017 1263
1017 1267
1017 1289
1017 1290
1017 1319
1017 1320
1017 1349
1017 1350
1017 1379
1017 1380
1018 1334
1018 1335
1018 1364
1019 1334
1019 1335
1019 1364
1020 1196
1020 1197
1020 1214
1021 1196
1021 1197
1021 1214
1022 1215
1022 1246
1022 1247
1023 1215
1023 1246
1023 1247
1024 1276
1024 1277
1024 1306
1025 1276
1025 1277
1025 1306
1026 1052
1026 1053
1026 1070
1027 1052
1027 1053
1027 1070
1028 1071
1028 1088
1028 1089
1029 1071
1029 1088
1029 1089
1030 1106
1030 1107
1030 1124
1031 1106
1031 1107
1031 1124
1032 1298
1032 1299
1032 1328
1032 1244
1032 1245
1032 1274
1033 1298
1033 1299
1033 1328
1033 1244
1033 1245
1033 1274
1034 1329
1034 1358
1034 1359
1034 1275
1034 1304
1034 1305
1034 1232
1034 1233
1034 1263
1034 1267
1034 1289
1034 1290
1034 1319
1034 1320
1034 1349
1034 1350
1034 1379
1034 1380
1035 1329
1035 1358
1035 1359
1035 1275
1035 1304
1035 1305
1035 1232
1035 1233
1035 1263
1035 1267
1035 1289
1035 1290
1035 1319
1035 1320
1035 1349
1035 1350
1035 1379
1035 1380
1036 1334
1036 1335
1036 1364
1037 1334
1037 1335
1037 1364
1038 1196
1038 1197
1038 1214
1039 1196
1039 1197
1039 1214
1040 1215
1040 1246
1040 1247
1041 1215
1041 1246
1041 1247
1042 1276
1042 1277
1042 1306
1043 1276
1043 1277
1043 1306
1044 1052
1044 1053
1044 1070
1045 1052
1045 1053
1045 1070
1046 1071
1046 1088
1046 1089
1047 1071
1047 1088
1047 1089
1048 1106
1048 1107
1048 1124
1049 1106
1049 1107
1049 1124
1050 1298
1050 1299
1050 1328
1050 1244
1050 1245
1050 1274
1050 1178
1050 1179
1050 1198
1050 1199
1050 1216
1050 1217
1050 1248
1050 1249
1050 1278
1050 1293
1050 1308
1050 1323
1050 1338
1050 1353
1050 1368
1050 1383
1051 1298
1051 1299
1051 1328
1051 1244
1051 1245
1051 1274
1051 1178
1051 1179
1051 1198
1051 1199
1051 1216
1051 1217
1051 1248
1051 1249
1051 1278
1051 1308
1051 1338
1051 1368
1052 1329
1052 1358
1052 1359
1052 1275
1052 1304
1052 1305
1052 1062
1052 1063
1052 1080
1052 1081
1052 1098
1052 1099
1052 1116
1052 1117
1052 1134
1052 1135
1052 1234
1052 1235
1052 1264
1052 1265
1052 1291
1052 1292
1052 1321
1052 1322
1052 1351
1052 1352
1052 1381
1052 1382
1053 1329
1053 1358
1053 1359
1053 1275
1053 1304
1053 1305
1053 1062
1053 1063
1053 1080
1053 1081
1053 1098
1053 1099
1053 1116
1053 1117
1053 1134
1053 1135
1053 1234
1053 1235
1053 1264
1053 1265
1053 1291
1053 1292
1053 1321
1053 1322
1053 1351
1053 1352
1053 1381
1053 1382
1054 1334
1054 1335
1054 1364
1055 1334
1055 1335
1055 1364
1056 1196
1056 1197
1056 1214
1057 1196
1057 1197
1057 1214
1058 1215
1058 1246
1058 1247
1059 1215
1059 1246
1059 1247
1060 1276
1060 1277
1060 1306
1061 1276
1061 1277
1061 1306
1062 1070
1063 1070
1064 1071
1064 1088
1064 1089
1065 1071
1065 1088
1065 1089
1066 1106
1066 1107
1066 1124
1067 1106
1067 1107
1067 1124
1068 1298
1068 1299
1068 1328
1068 1244
1068 1245
1068 1274
1068 1178
1068 1179
1068 1198
1068 1199
1068 1216
1068 1217
1068 1248
1068 1249
1068 1278
1068 1293
1068 1308
1068 1323
1068 1338
1068 1353
1068 1368
1068 1383
1069 1298
1069 1299
1069 1328
1069 1244
1069 1245
1069 1274
1069 1180
1069 1181
1069 1200
1069 1201
1069 1218
1069 1219
1069 1250
1069 1251
1069 1279
1069 1294
1069 1309
1069 1324
1069 1339
1069 1354
1069 1369
1069 1384
1070 1329
1070 1358
1070 1359
1070 1275
1070 1304
1070 1305
1070 1080
1070 1081
1070 1098
1070 1099
1070 1116
1070 1117
1070 1134
1070 1135
1070 1234
1070 1235
1070 1264
1070 1265
1070 1291
1070 1292
1070 1321
1070 1322
1070 1351
1070 1352
1070 1381
1070 1382
1071 1329
1071 1358
1071 1359
1071 1275
1071 1304
1071 1305
1071 1082
1071 1083
1071 1100
1071 1101
1071 1118
1071 1119
1071 1136
1071 1137
1072 1334
1072 1335
1072 1364
1073 1334
1073 1335
1073 1364
1074 1196
1074 1197
1074 1214
1075 1196
1075 1197
1075 1214
1076 1215
1076 1246
1076 1247
1077 1215
1077 1246
1077 1247
1078 1276
1078 1277
1078 1306
1079 1276
1079 1277
1079 1306
1082 1088
1082 1089
1083 1088
1083 1089
1084 1106
1084 1107
1084 1124
1085 1106
1085 1107
1085 1124
1086 1298
1086 1299
1086 1328
1086 1244
1086 1245
1086 1274
1086 1180
1086 1181
1086 1200
1086 1201
1086 1218
1086 1219
1086 1250
1086 1251
1086 1279
1086 1309
1086 1339
1086 1369
1087 1298
1087 1299
1087 1328
1087 1244
1087 1245
1087 1274
1087 1180
1087 1181
1087 1200
1087 1201
1087 1218
1087 1219
1087 1250
1087 1251
1087 1279
1087 1294
1087 1309
1087 1324
1087 1339
1087 1354
1087 1369
1087 1384
1088 1329
1088 1358
1088 1359
1088 1275
1088 1304
1088 1305
1088 1100
1088 1101
1088 1118
1088 1119
1088 1136
1088 1137
1089 1329
1089 1358
1089 1359
1089 1275
1089 1304
1089 1305
1089 1100
1089 1101
1089 1118
1089 1119
1089 1136
1089 1137
1090 1334
1090 1335
1090 1364
1091 1334
1091 1335
1091 1364
1092 1196
1092 1197
1092 1214
1093 1196
1093 1197
1093 1214
1094 1215
1094 1246
1094 1247
1095 1215
1095 1246
1095 1247
1096 1276
1096 1277
1096 1306
1097 1276
1097 1277
1097 1306
1102 1106
1102 1107
1102 1124
1103 1106
1103 1107
1103 1124
1104 1298
1104 1299
1104 1328
1104 1244
1104 1245
1104 1274
1104 1182
1104 1183
1104 1202
1104 1203
1104 1220
1104 1221
1104 1252
1104 1253
1104 1280
1104 1295
1104 1310
1104 1325
1104 1340
1104 1355
1104 1370
1104 1385
1105 1298
1105 1299
1105 1328
1105 1244
1105 1245
1105 1274
1105 1182
1105 1183
1105 1202
1105 1203
1105 1220
1105 1221
1105 1252
1105 1253
1105 1280
1105 1310
1105 1340
1105 1370
1106 1329
1106 1358
1106 1359
1106 1275
1106 1304
1106 1305
1106 1120
1106 1121
1106 1138
1106 1139
1107 1329
1107 1358
1107 1359
1107 1275
1107 1304
1107 1305
1107 1120
1107 1121
1107 1138
1107 1139
1108 1334
1108 1335
1108 1364
1109 1334
1109 1335
1109 1364
1110 1196
1110 1197
1110 1214
1111 1196
1111 1197
1111 1214
1112 1215
1112 1246
1112 1247
1113 1215
1113 1246
1113 1247
1114 1276
1114 1277
1114 1306
1115 1276
1115 1277
1115 1306
1120 1124
1121 1124
1122 1298
1122 1299
1122 1328
1122 1244
1122 1245
1122 1274
1122 1182
1122 1183
1122 1202
1122 1203
1122 1220
1122 1221
1122 1252
1122 1253
1122 1280
1122 1295
1122 1310
1122 1325
1122 1340
1122 1355
1122 1370
1122 1385
1123 1298
1123 1299
1123 1328
1123 1244
1123 1245
1123 1274
1123 1184
1123 1185
1123 1204
1123 1205
1123 1222
1123 1223
1123 1254
1123 1255
1123 1281
1123 1296
1123 1311
1123 1326
1123 1341
1123 1356
1123 1371
1123 1386
1124 1329
1124 1358
1124 1359
1124 1275
1124 1304
1124 1305
1124 1138
1124 1139
1125 1329
1125 1358
1125 1359
1125 1275
1125 1304
1125 1305
1126 1334
1126 1335
1126 1364
1127 1334
1127 1335
1127 1364
1128 1196
1128 1197
1128 1214
1129 1196
1129 1197
1129 1214
1130 1215
1130 1246
1130 1247
1131 1215
1131 1246
1131 1247
1132 1276
1132 1277
1132 1306
1133 1276
1133 1277
1133 1306
1140 1334
1140 1335
1140 1364
1141 1334
1141 1335
1141 1364
1142 1365
1143 1365
1150 1276
1150 1277
1150 1306
1151 1276
1151 1277
1151 1306
1152 1170
1152 1307
1152 1336
1152 1337
1153 1170
1153 1171
1153 1307
1153 1336
1153 1337
1154 1334
1154 1335
1154 1364
1155 1334
1155 1335
1155 1364
1156 1365
1157 1365
1164 1276
1164 1277
1164 1306
1165 1276
1165 1277
1165 1306
1166 1170
1166 1307
1166 1336
1166 1337
1167 1170
1167 1171
1167 1307
1167 1336
1167 1337
1168 1168
1168 1169
1168 1188
1168 1189
1168 1208
1168 1236
1168 1238
1168 1239
1168 1268
1168 1269
1168 1298
1168 1299
1168 1328
1168 1329
1168 1358
1168 1359
1168 1362
1168 1363
1169 1170
1169 1171
1169 1190
1169 1191
1169 1209
1169 1210
1169 1240
1169 1241
1169 1270
1169 1271
1169 1300
1169 1301
1169 1330
1169 1331
1169 1360
1169 1361
1169 1362
1169 1363
1170 1188
1170 1189
1171 1188
1171 1189
1172 1208
1172 1236
1172 1238
1172 1174
1172 1175
1172 1194
1173 1208
1173 1236
1173 1238
1173 1174
1173 1175
1173 1194
1174 1239
1174 1268
1174 1269
1174 1192
1174 1193
1174 1211
1174 1212
1174 1242
1174 1243
1174 1272
1174 1273
1174 1302
1174 1303
1174 1332
1174 1333
1174 1362
1174 1363
1174 1195
1174 1213
1174 1237
1175 1239
1175 1268
1175 1269
1175 1192
1175 1193
1175 1211
1175 1212
1175 1242
1175 1243
1175 1272
1175 1273
1175 1302
1175 1303
1175 1332
1175 1333
1175 1362
1175 1363
1175 1195
1175 1213
1175 1237
1176 1298
1176 1299
1176 1328
1176 1244
1176 1245
1176 1274
1176 1184
1176 1185
1176 1204
1176 1205
1176 1222
1176 1223
1176 1254
1176 1255
1176 1281
1176 1311
1176 1341
1176 1371
1177 1298
1177 1299
1177 1328
1177 1244
1177 1245
1177 1274
1177 1184
1177 1185
1177 1204
1177 1205
1177 1222
1177 1223
1177 1254
1177 1255
1177 1281
1177 1296
1177 1311
1177 1326
1177 1341
1177 1356
1177 1371
1177 1386
1186 1196
1186 1197
1186 1214
1187 1196
1187 1197
1187 1214
1188 1190
1188 1191
1188 1209
1188 1240
1188 1241
1188 1270
1188 1271
1188 1300
1188 1301
1188 1330
1188 1331
1188 1360
1188 1361
1188 1362
1188 1363
1189 1190
1189 1191
1189 1209
1189 1210
1189 1240
1189 1241
1189 1270
1189 1271
1189 1300
1189 1301
1189 1330
1189 1331
1189 1360
1189 1361
1189 1362
1189 1363
1192 1208
1192 1236
1192 1238
1192 1194
1193 1208
1193 1236
1193 1238
1193 1194
1194 1239
1194 1268
1194 1269
1194 1211
1194 1212
1194 1242
1194 1243
1194 1272
1194 1273
1194 1302
1194 1303
1194 1332
1194 1333
1194 1362
1194 1363
1194 1195
1194 1213
1194 1237
1195 1239
1195 1268
1195 1269
1195 1195
1195 1213
1195 1213
1195 1237
1195 1237
1195 1244
1195 1245
1195 1274
1195 1275
1195 1304
1195 1305
1195 1334
1195 1335
1195 1364
1195 1365
1196 1298
1196 1299
1196 1328
1196 1244
1196 1245
1196 1274
1196 1206
1196 1207
1196 1224
1196 1225
1196 1256
1196 1257
1196 1282
1196 1297
1196 1312
1196 1327
1196 1342
1196 1357
1196 1372
1196 1387
1197 1298
1197 1299
1197 1328
1197 1244
1197 1245
1197 1274
1197 1206
1197 1207
1197 1224
1197 1225
1197 1256
1197 1257
1197 1282
1197 1312
1197 1342
1197 1372
1206 1214
1207 1214
1208 1211
1208 1242
1208 1243
1208 1272
1208 1273
1208 1302
1208 1303
1208 1332
1208 1333
1208 1362
1208 1362
1208 1363
1208 1363
1211 1236
1211 1238
1212 1236
1212 1238
1213 1239
1213 1268
1213 1269
1213 1213
1213 1237
1213 1237
1213 1244
1213 1245
1213 1274
1213 1275
1213 1304
1213 1305
1213 1334
1213 1335
1213 1364
1213 1365
1214 1298
1214 1299
1214 1328
1214 1244
1214 1245
1214 1274
1214 1224
1214 1225
1214 1256
1214 1257
1214 1282
1214 1297
1214 1312
1214 1327
1214 1342
1214 1357
1214 1372
1214 1387
1215 1328
1215 1244
1215 1245
1215 1274
1226 1360
1226 1361
1227 1360
1227 1361
1236 1242
1236 1243
1236 1272
1236 1273
1236 1302
1236 1303
1236 1332
1236 1333
1236 1362
1236 1362
1236 1363
1236 1363
1237 1268
1237 1269
1237 1237
1237 1244
1237 1245
1237 1274
1237 1275
1237 1304
1237 1305
1237 1334
1237 1335
1237 1364
1237 1365
1238 1242
1238 1243
1238 1272
1238 1273
1238 1302
1238 1303
1238 1332
1238 1333
1238 1362
1238 1362
1238 1363
1238 1363
1239 1244
1239 1245
1239 1274
1239 1275
1239 1304
1239 1305
1239 1334
1239 1335
1239 1364
1239 1365
1239 1362
1239 1363
1244 1268
1244 1269
1244 1246
1244 1247
1244 1276
1244 1277
1244 1306
1244 1307
1244 1336
1244 1337
1244 1366
1244 1367
1245 1268
1245 1269
1245 1246
1245 1247
1245 1276
1245 1277
1245 1306
1245 1307
1245 1336
1245 1337
1245 1366
1245 1367
1246 1298
1246 1299
1246 1328
1246 1274
1247 1298
1247 1299
1247 1328
1247 1274
1258 1360
1258 1361
1268 1274
1268 1275
1268 1304
1268 1305
1268 1334
1268 1335
1268 1364
1268 1365
1268 1362
1268 1363
1269 1274
1269 1275
1269 1304
1269 1305
1269 1334
1269 1335
1269 1364
1269 1365
1269 1362
1269 1363
1274 1276
1274 1277
1274 1306
1274 1307
1274 1336
1274 1337
1274 1366
1274 1367
1276 1298
1276 1299
1276 1328
1277 1298
1277 1299
1277 1328
1283 1360
1283 1361
1284 1360
1284 1361
1298 1306
1298 1307
1298 1336
1298 1337
1298 1366
1298 1367
1298 1362
1298 1363
1299 1306
1299 1307
1299 1336
1299 1337
1299 1366
1299 1367
1299 1362
1299 1363
1306 1328
1307 1328
1313 1360
1313 1361
1314 1360
1314 1361
1328 1336
1328 1337
1328 1366
1328 1367
1328 1362
1328 1363
1329 1362
1329 1363
1343 1360
1343 1361
1344 1360
1344 1361
1358 1362
1358 1363
1359 1362
1359 1363
1360 1373
1360 1374
1361 1373
1361 1374
