0 0
0 1
0 1
0 2
0 2
1 1
1 3
1 3
1 4
1 4
2 2
2 4
2 4
2 65
2 65
3 3
3 5
3 5
3 6
3 6
4 4
4 6
4 6
4 66
4 66
5 5
5 7
5 7
5 8
5 8
6 6
6 8
6 8
6 67
6 67
7 7
7 9
7 9
7 10
7 10
8 8
8 10
8 10
8 68
8 68
9 9
9 11
9 11
9 12
9 12
10 10
10 12
10 12
10 69
10 69
11 11
11 13
11 13
11 14
11 14
12 12
12 14
12 14
12 70
12 70
13 13
13 15
13 15
13 16
13 16
14 14
14 16
14 16
14 71
14 71
15 15
15 17
15 17
15 18
15 18
16 16
16 18
16 18
16 72
16 72
17 17
17 19
17 19
17 20
17 20
18 18
18 20
18 20
18 73
18 73
19 19
19 21
19 21
19 22
19 22
20 20
20 22
20 22
20 74
20 74
21 21
21 23
21 23
21 24
21 24
21 25
22 22
22 24
22 24
22 75
22 75
23 23
23 26
23 26
23 27
23 27
24 24
24 27
24 27
24 76
24 76
24 77
24 78
25 76
25 77
25 77
25 1088
25 1088
25 25
25 1091
25 1091
25 78
25 78
26 26
26 28
26 28
26 29
26 29
27 27
27 29
27 29
27 79
27 79
28 28
28 30
28 30
28 31
28 31
29 29
29 31
29 31
29 80
29 80
30 30
30 32
30 32
30 33
30 33
31 31
31 33
31 33
31 81
31 81
32 32
32 34
32 34
32 35
32 35
33 33
33 35
33 35
33 82
33 82
34 34
34 36
34 36
34 37
34 37
35 35
35 37
35 37
35 83
35 83
36 36
36 38
36 38
36 39
36 39
37 37
37 39
37 39
37 84
37 84
38 38
38 40
38 40
38 41
38 41
39 39
39 41
39 41
39 85
39 85
40 40
40 42
40 42
40 43
40 43
41 41
41 43
41 43
41 86
41 86
42 42
42 44
42 44
42 45
42 45
43 43
43 45
43 45
43 87
43 87
44 44
44 46
44 46
44 47
44 47
45 45
45 47
45 47
45 88
45 88
46 46
46 48
46 48
46 49
46 49
47 47
47 49
47 49
47 89
47 89
48 48
48 50
48 50
48 51
48 51
49 49
49 51
49 51
49 90
49 90
50 50
50 52
50 52
50 53
50 53
51 51
51 53
51 53
51 91
51 91
52 52
52 54
52 54
52 55
52 55
53 53
53 55
53 55
53 92
53 92
54 54
54 56
54 56
54 57
54 57
55 55
55 57
55 57
55 93
55 93
56 56
56 58
56 58
56 59
56 59
57 57
57 59
57 59
57 94
57 94
58 58
58 60
58 60
58 61
58 61
59 59
59 61
59 61
59 95
59 95
60 60
60 62
60 62
60 63
60 63
61 61
61 63
61 63
61 96
61 96
62 62
62 64
62 64
63 63
63 64
63 64
63 97
63 97
64 64
64 98
64 98
65 65
65 66
65 66
65 99
65 99
66 66
66 67
66 67
66 100
66 100
67 67
67 68
67 68
67 101
67 101
68 68
68 69
68 69
68 102
68 102
69 69
69 70
69 70
69 103
69 103
70 70
70 71
70 71
70 104
70 104
71 71
71 72
71 72
71 105
71 105
72 72
72 73
72 73
72 106
72 106
73 73
73 74
73 74
73 107
73 107
74 74
74 75
74 75
74 108
74 108
75 75
75 76
75 76
75 109
75 109
76 76
76 79
76 79
76 110
76 110
76 111
77 1086
77 1086
77 77
77 1089
77 1089
78 110
78 1139
78 1139
78 78
78 1140
78 1140
78 111
78 111
79 79
79 80
79 80
79 112
79 112
80 80
80 81
80 81
80 113
80 113
81 81
81 82
81 82
81 114
81 114
82 82
82 83
82 83
82 115
82 115
83 83
83 84
83 84
83 116
83 116
84 84
84 85
84 85
84 117
84 117
85 85
85 86
85 86
85 118
85 118
86 86
86 87
86 87
86 119
86 119
87 87
87 88
87 88
87 120
87 120
88 88
88 89
88 89
88 121
88 121
89 89
89 90
89 90
89 122
89 122
90 90
90 91
90 91
90 123
90 123
91 91
91 92
91 92
91 124
91 124
92 92
92 93
92 93
92 125
92 125
93 93
93 94
93 94
93 126
93 126
94 94
94 95
94 95
94 127
94 127
95 95
95 96
95 96
95 128
95 128
96 96
96 97
96 97
96 129
96 129
97 97
97 98
97 98
97 130
97 130
98 98
98 131
98 131
99 99
99 100
99 100
99 132
99 132
100 100
100 101
100 101
100 133
100 133
101 101
101 102
101 102
101 134
101 134
102 102
102 103
102 103
102 135
102 135
103 103
103 104
103 104
103 136
103 136
104 104
104 105
104 105
104 137
104 137
105 105
105 106
105 106
105 138
105 138
106 106
106 107
106 107
106 139
106 139
107 107
107 108
107 108
107 140
107 140
108 108
108 109
108 109
108 141
108 141
109 109
109 110
109 110
109 142
109 142
110 110
110 112
110 112
110 143
110 143
110 144
111 143
111 1170
111 1170
111 111
111 1171
111 1171
111 144
111 144
112 112
112 113
112 113
112 145
112 145
113 113
113 114
113 114
113 146
113 146
114 114
114 115
114 115
114 147
114 147
115 115
115 116
115 116
115 148
115 148
116 116
116 117
116 117
116 149
116 149
117 117
117 118
117 118
117 150
117 150
118 118
118 119
118 119
118 151
118 151
119 119
119 120
119 120
119 152
119 152
120 120
120 121
120 121
120 153
120 153
121 121
121 122
121 122
121 154
121 154
122 122
122 123
122 123
122 155
122 155
123 123
123 124
123 124
123 156
123 156
124 124
124 125
124 125
124 157
124 157
125 125
125 126
125 126
125 158
125 158
126 126
126 127
126 127
126 159
126 159
127 127
127 128
127 128
127 160
127 160
128 128
128 129
128 129
128 161
128 161
129 129
129 130
129 130
129 162
129 162
130 130
130 131
130 131
130 163
130 163
131 131
131 164
131 164
132 132
132 133
132 133
132 165
132 165
133 133
133 134
133 134
133 166
133 166
134 134
134 135
134 135
134 167
134 167
135 135
135 136
135 136
135 168
135 168
136 136
136 137
136 137
136 169
136 169
137 137
137 138
137 138
137 170
137 170
138 138
138 139
138 139
138 171
138 171
139 139
139 140
139 140
139 172
139 172
140 140
140 141
140 141
140 173
140 173
141 141
141 142
141 142
141 174
141 174
142 142
142 143
142 143
142 175
142 175
143 143
143 145
143 145
143 176
143 176
143 177
144 176
144 1201
144 1201
144 144
144 1202
144 1202
144 177
144 177
145 145
145 146
145 146
145 178
145 178
146 146
146 147
146 147
146 179
146 179
147 147
147 148
147 148
147 180
147 180
148 148
148 149
148 149
148 181
148 181
149 149
149 150
149 150
149 182
149 182
150 150
150 151
150 151
150 183
150 183
151 151
151 152
151 152
151 184
151 184
152 152
152 153
152 153
152 185
152 185
153 153
153 154
153 154
153 186
153 186
154 154
154 155
154 155
154 187
154 187
155 155
155 156
155 156
155 188
155 188
156 156
156 157
156 157
156 189
156 189
157 157
157 158
157 158
157 190
157 190
158 158
158 159
158 159
158 191
158 191
159 159
159 160
159 160
159 192
159 192
160 160
160 161
160 161
160 193
160 193
161 161
161 162
161 162
161 194
161 194
162 162
162 163
162 163
162 195
162 195
163 163
163 164
163 164
163 196
163 196
164 164
164 197
164 197
165 165
165 166
165 166
165 198
165 198
166 166
166 167
166 167
166 199
166 199
167 167
167 168
167 168
167 200
167 200
168 168
168 169
168 169
168 201
168 201
169 169
169 170
169 170
169 202
169 202
170 170
170 171
170 171
170 203
170 203
171 171
171 172
171 172
171 204
171 204
172 172
172 173
172 173
172 205
172 205
173 173
173 174
173 174
173 206
173 206
174 174
174 175
174 175
174 207
174 207
175 175
175 176
175 176
175 208
175 208
176 176
176 178
176 178
176 209
176 209
176 210
177 209
177 1232
177 1232
177 177
177 1233
177 1233
177 210
177 210
178 178
178 179
178 179
178 211
178 211
179 179
179 180
179 180
179 212
179 212
180 180
180 181
180 181
180 213
180 213
181 181
181 182
181 182
181 214
181 214
182 182
182 183
182 183
182 215
182 215
183 183
183 184
183 184
183 216
183 216
184 184
184 185
184 185
184 217
184 217
185 185
185 186
185 186
185 218
185 218
186 186
186 187
186 187
186 219
186 219
187 187
187 188
187 188
187 220
187 220
188 188
188 189
188 189
188 221
188 221
189 189
189 190
189 190
189 222
189 222
190 190
190 191
190 191
190 223
190 223
191 191
191 192
191 192
191 224
191 224
192 192
192 193
192 193
192 225
192 225
193 193
193 194
193 194
193 226
193 226
194 194
194 195
194 195
194 227
194 227
195 195
195 196
195 196
195 228
195 228
196 196
196 197
196 197
196 229
196 229
197 197
197 230
197 230
198 198
198 199
198 199
198 231
198 231
199 199
199 200
199 200
199 232
199 232
200 200
200 201
200 201
200 233
200 233
201 201
201 202
201 202
201 234
201 234
202 202
202 203
202 203
202 235
202 235
203 203
203 204
203 204
203 236
203 236
204 204
204 205
204 205
204 237
204 237
205 205
205 206
205 206
205 238
205 238
206 206
206 207
206 207
206 239
206 239
207 207
207 208
207 208
207 240
207 240
208 208
208 209
208 209
208 241
208 241
209 209
209 211
209 211
209 242
209 242
209 243
210 242
210 1263
210 1263
210 210
210 1264
210 1264
210 243
210 243
211 211
211 212
211 212
211 244
211 244
212 212
212 213
212 213
212 245
212 245
213 213
213 214
213 214
213 246
213 246
214 214
214 215
214 215
214 247
214 247
215 215
215 216
215 216
215 248
215 248
216 216
216 217
216 217
216 249
216 249
217 217
217 218
217 218
217 250
217 250
218 218
218 219
218 219
218 251
218 251
219 219
219 220
219 220
219 252
219 252
220 220
220 221
220 221
220 253
220 253
221 221
221 222
221 222
221 254
221 254
222 222
222 223
222 223
222 255
222 255
223 223
223 224
223 224
223 256
223 256
224 224
224 225
224 225
224 257
224 257
225 225
225 226
225 226
225 258
225 258
226 226
226 227
226 227
226 259
226 259
227 227
227 228
227 228
227 260
227 260
228 228
228 229
228 229
228 261
228 261
229 229
229 230
229 230
229 262
229 262
230 230
230 263
230 263
231 231
231 232
231 232
231 264
231 264
232 232
232 233
232 233
232 265
232 265
233 233
233 234
233 234
233 266
233 266
234 234
234 235
234 235
234 267
234 267
235 235
235 236
235 236
235 268
235 268
236 236
236 237
236 237
236 269
236 269
237 237
237 238
237 238
237 270
237 270
238 238
238 239
238 239
238 271
238 271
239 239
239 240
239 240
239 272
239 272
240 240
240 241
240 241
240 273
240 273
241 241
241 242
241 242
241 274
241 274
242 242
242 244
242 244
242 275
242 275
242 276
243 275
243 1294
243 1294
243 243
243 1295
243 1295
243 276
243 276
244 244
244 245
244 245
244 277
244 277
245 245
245 246
245 246
245 278
245 278
246 246
246 247
246 247
246 279
246 279
247 247
247 248
247 248
247 280
247 280
248 248
248 249
248 249
248 281
248 281
249 249
249 250
249 250
249 282
249 282
250 250
250 251
250 251
250 283
250 283
251 251
251 252
251 252
251 284
251 284
252 252
252 253
252 253
252 285
252 285
253 253
253 254
253 254
253 286
253 286
254 254
254 255
254 255
254 287
254 287
255 255
255 256
255 256
255 288
255 288
256 256
256 257
256 257
256 289
256 289
257 257
257 258
257 258
257 290
257 290
258 258
258 259
258 259
258 291
258 291
259 259
259 260
259 260
259 292
259 292
260 260
260 261
260 261
260 293
260 293
261 261
261 262
261 262
261 294
261 294
262 262
262 263
262 263
262 295
262 295
263 263
263 296
263 296
264 264
264 265
264 265
264 297
264 297
265 265
265 266
265 266
265 298
265 298
266 266
266 267
266 267
266 299
266 299
267 267
267 268
267 268
267 300
267 300
268 268
268 269
268 269
268 301
268 301
269 269
269 270
269 270
269 302
269 302
270 270
270 271
270 271
270 303
270 303
271 271
271 272
271 272
271 304
271 304
272 272
272 273
272 273
272 305
272 305
273 273
273 274
273 274
273 306
273 306
274 274
274 275
274 275
274 307
274 307
275 275
275 277
275 277
275 308
275 308
275 309
276 308
276 1325
276 1325
276 276
276 1326
276 1326
276 309
276 309
277 277
277 278
277 278
277 310
277 310
278 278
278 279
278 279
278 311
278 311
279 279
279 280
279 280
279 312
279 312
280 280
280 281
280 281
280 313
280 313
281 281
281 282
281 282
281 314
281 314
282 282
282 283
282 283
282 315
282 315
283 283
283 284
283 284
283 316
283 316
284 284
284 285
284 285
284 317
284 317
285 285
285 286
285 286
285 318
285 318
286 286
286 287
286 287
286 319
286 319
287 287
287 288
287 288
287 320
287 320
288 288
288 289
288 289
288 321
288 321
289 289
289 290
289 290
289 322
289 322
290 290
290 291
290 291
290 323
290 323
291 291
291 292
291 292
291 324
291 324
292 292
292 293
292 293
292 325
292 325
293 293
293 294
293 294
293 326
293 326
294 294
294 295
294 295
294 327
294 327
295 295
295 296
295 296
295 328
295 328
296 296
296 329
296 329
297 297
297 298
297 298
297 330
297 330
298 298
298 299
298 299
298 331
298 331
299 299
299 300
299 300
299 332
299 332
300 300
300 301
300 301
300 333
300 333
301 301
301 302
301 302
301 334
301 334
302 302
302 303
302 303
302 335
302 335
303 303
303 304
303 304
303 336
303 336
304 304
304 305
304 305
304 337
304 337
305 305
305 306
305 306
305 338
305 338
306 306
306 307
306 307
306 339
306 339
307 307
307 308
307 308
307 340
307 340
308 308
308 310
308 310
308 341
308 341
308 342
309 341
309 1356
309 1356
309 309
309 1357
309 1357
309 342
309 342
310 310
310 311
310 311
310 343
310 343
311 311
311 312
311 312
311 344
311 344
312 312
312 313
312 313
312 345
312 345
313 313
313 314
313 314
313 346
313 346
314 314
314 315
314 315
314 347
314 347
315 315
315 316
315 316
315 348
315 348
316 316
316 317
316 317
316 349
316 349
317 317
317 318
317 318
317 350
317 350
318 318
318 319
318 319
318 351
318 351
319 319
319 320
319 320
319 352
319 352
320 320
320 321
320 321
320 353
320 353
321 321
321 322
321 322
321 354
321 354
322 322
322 323
322 323
322 355
322 355
323 323
323 324
323 324
323 356
323 356
324 324
324 325
324 325
324 357
324 357
325 325
325 326
325 326
325 358
325 358
326 326
326 327
326 327
326 359
326 359
327 327
327 328
327 328
327 360
327 360
328 328
328 329
328 329
328 361
328 361
329 329
329 362
329 362
330 330
330 331
330 331
330 363
330 363
331 331
331 332
331 332
331 364
331 364
332 332
332 333
332 333
332 365
332 365
333 333
333 334
333 334
333 366
333 366
334 334
334 335
334 335
334 367
334 367
335 335
335 336
335 336
335 368
335 368
336 336
336 337
336 337
336 369
336 369
337 337
337 338
337 338
337 370
337 370
338 338
338 339
338 339
338 371
338 371
339 339
339 340
339 340
339 372
339 372
340 340
340 341
340 341
340 373
340 373
341 341
341 343
341 343
341 374
341 374
341 375
342 374
342 1387
342 1387
342 342
342 1388
342 1388
342 375
342 375
343 343
343 344
343 344
343 376
343 376
344 344
344 345
344 345
344 377
344 377
345 345
345 346
345 346
345 378
345 378
346 346
346 347
346 347
346 379
346 379
347 347
347 348
347 348
347 380
347 380
348 348
348 349
348 349
348 381
348 381
349 349
349 350
349 350
349 382
349 382
350 350
350 351
350 351
350 383
350 383
351 351
351 352
351 352
351 384
351 384
352 352
352 353
352 353
352 385
352 385
353 353
353 354
353 354
353 386
353 386
354 354
354 355
354 355
354 387
354 387
355 355
355 356
355 356
355 388
355 388
356 356
356 357
356 357
356 389
356 389
357 357
357 358
357 358
357 390
357 390
358 358
358 359
358 359
358 391
358 391
359 359
359 360
359 360
359 392
359 392
360 360
360 361
360 361
360 393
360 393
361 361
361 362
361 362
361 394
361 394
362 362
362 395
362 395
363 363
363 364
363 364
363 396
363 396
364 364
364 365
364 365
364 397
364 397
365 365
365 366
365 366
365 398
365 398
366 366
366 367
366 367
366 399
366 399
367 367
367 368
367 368
367 400
367 400
368 368
368 369
368 369
368 401
368 401
369 369
369 370
369 370
369 402
369 402
370 370
370 371
370 371
370 403
370 403
371 371
371 372
371 372
371 404
371 404
372 372
372 373
372 373
372 405
372 405
373 373
373 374
373 374
373 406
373 406
374 374
374 376
374 376
374 407
374 407
374 375
374 375
374 408
374 1419
375 407
375 1418
375 1418
375 376
375 375
375 1419
375 1419
375 408
375 408
376 376
376 377
376 377
376 409
376 409
376 1420
377 377
377 378
377 378
377 410
377 410
377 1419
377 1421
378 378
378 379
378 379
378 411
378 411
378 1420
378 1422
379 379
379 380
379 380
379 412
379 412
379 1421
379 1423
380 380
380 381
380 381
380 413
380 413
380 1422
380 1424
381 381
381 382
381 382
381 414
381 414
381 1423
381 1425
382 382
382 383
382 383
382 415
382 415
382 1424
382 1426
383 383
383 384
383 384
383 416
383 416
383 1425
383 1427
384 384
384 385
384 385
384 417
384 417
384 1426
384 419
385 385
385 386
385 386
385 418
385 418
385 419
385 419
385 420
385 1427
386 386
386 387
386 387
386 421
386 421
387 387
387 388
387 388
387 422
387 422
388 388
388 389
388 389
388 423
388 423
389 389
389 390
389 390
389 424
389 424
390 390
390 391
390 391
390 425
390 425
391 391
391 392
391 392
391 426
391 426
392 392
392 393
392 393
392 427
392 427
393 393
393 394
393 394
393 428
393 428
394 394
394 395
394 395
394 429
394 429
395 395
395 430
395 430
396 396
396 397
396 397
396 431
396 431
397 397
397 398
397 398
397 432
397 432
398 398
398 399
398 399
398 433
398 433
399 399
399 400
399 400
399 434
399 434
400 400
400 401
400 401
400 435
400 435
401 401
401 402
401 402
401 436
401 436
402 402
402 403
402 403
402 437
402 437
403 403
403 404
403 404
403 438
403 438
404 404
404 405
404 405
404 439
404 439
405 405
405 406
405 406
405 440
405 440
406 406
406 407
406 407
406 441
406 441
407 407
407 409
407 409
407 442
407 442
407 443
408 442
408 1448
408 1448
408 408
408 1449
408 1449
408 443
408 443
409 409
409 410
409 410
409 444
409 444
410 410
410 411
410 411
410 445
410 445
411 411
411 412
411 412
411 446
411 446
412 412
412 413
412 413
412 447
412 447
413 413
413 414
413 414
413 448
413 448
414 414
414 415
414 415
414 449
414 449
415 415
415 416
415 416
415 450
415 450
416 416
416 417
416 417
416 451
416 451
417 417
417 418
417 418
417 452
417 452
418 418
418 421
418 421
418 453
418 453
418 419
418 454
419 1397
419 1397
419 1427
419 1427
419 419
419 1428
419 1428
419 420
419 420
420 453
420 1457
420 1457
420 420
420 1458
420 1458
420 454
420 454
421 421
421 422
421 422
421 455
421 455
422 422
422 423
422 423
422 456
422 456
423 423
423 424
423 424
423 457
423 457
424 424
424 425
424 425
424 458
424 458
425 425
425 426
425 426
425 459
425 459
426 426
426 427
426 427
426 460
426 460
427 427
427 428
427 428
427 461
427 461
428 428
428 429
428 429
428 462
428 462
429 429
429 430
429 430
429 463
429 463
430 430
430 464
430 464
431 431
431 432
431 432
431 465
431 465
432 432
432 433
432 433
432 466
432 466
433 433
433 434
433 434
433 467
433 467
434 434
434 435
434 435
434 468
434 468
435 435
435 436
435 436
435 469
435 469
436 436
436 437
436 437
436 470
436 470
437 437
437 438
437 438
437 471
437 471
438 438
438 439
438 439
438 472
438 472
439 439
439 440
439 440
439 473
439 473
440 440
440 441
440 441
440 474
440 474
441 441
441 442
441 442
441 475
441 475
442 442
442 444
442 444
442 476
442 476
442 477
443 476
443 1478
443 1478
443 443
443 1479
443 1479
443 477
443 477
444 444
444 445
444 445
444 478
444 478
445 445
445 446
445 446
445 479
445 479
446 446
446 447
446 447
446 480
446 480
447 447
447 448
447 448
447 481
447 481
448 448
448 449
448 449
448 482
448 482
449 449
449 450
449 450
449 483
449 483
450 450
450 451
450 451
450 484
450 484
451 451
451 452
451 452
451 485
451 485
452 452
452 453
452 453
452 486
452 486
453 453
453 455
453 455
453 487
453 487
453 488
454 487
454 1487
454 1487
454 454
454 1488
454 1488
454 488
454 488
455 455
455 456
455 456
455 489
455 489
456 456
456 457
456 457
456 490
456 490
457 457
457 458
457 458
457 491
457 491
458 458
458 459
458 459
458 492
458 492
459 459
459 460
459 460
459 493
459 493
460 460
460 461
460 461
460 494
460 494
461 461
461 462
461 462
461 495
461 495
462 462
462 463
462 463
462 496
462 496
463 463
463 464
463 464
463 497
463 497
464 464
464 498
464 498
465 465
465 466
465 466
465 499
465 499
466 466
466 467
466 467
466 500
466 500
467 467
467 468
467 468
467 501
467 501
468 468
468 469
468 469
468 502
468 502
469 469
469 470
469 470
469 503
469 503
470 470
470 471
470 471
470 504
470 504
471 471
471 472
471 472
471 505
471 505
472 472
472 473
472 473
472 506
472 506
473 473
473 474
473 474
473 507
473 507
474 474
474 475
474 475
474 508
474 508
475 475
475 476
475 476
475 509
475 509
476 476
476 478
476 478
476 510
476 510
476 511
477 510
477 1508
477 1508
477 477
477 1509
477 1509
477 511
477 511
478 478
478 479
478 479
478 512
478 512
479 479
479 480
479 480
479 513
479 513
480 480
480 481
480 481
480 514
480 514
481 481
481 482
481 482
481 515
481 515
482 482
482 483
482 483
482 516
482 516
483 483
483 484
483 484
483 517
483 517
484 484
484 485
484 485
484 518
484 518
485 485
485 486
485 486
485 519
485 519
486 486
486 487
486 487
486 520
486 520
487 487
487 489
487 489
487 521
487 521
487 522
488 521
488 1517
488 1517
488 488
488 1518
488 1518
488 522
488 522
489 489
489 490
489 490
489 523
489 523
490 490
490 491
490 491
490 524
490 524
491 491
491 492
491 492
491 525
491 525
492 492
492 493
492 493
492 526
492 526
493 493
493 494
493 494
493 527
493 527
494 494
494 495
494 495
494 528
494 528
495 495
495 496
495 496
495 529
495 529
496 496
496 497
496 497
496 530
496 530
497 497
497 498
497 498
497 531
497 531
498 498
498 532
498 532
499 499
499 500
499 500
499 533
499 533
500 500
500 501
500 501
500 534
500 534
501 501
501 502
501 502
501 535
501 535
502 502
502 503
502 503
502 536
502 536
503 503
503 504
503 504
503 537
503 537
504 504
504 505
504 505
504 538
504 538
505 505
505 506
505 506
505 539
505 539
506 506
506 507
506 507
506 540
506 540
507 507
507 508
507 508
507 541
507 541
508 508
508 509
508 509
508 542
508 542
509 509
509 510
509 510
509 543
509 543
510 510
510 512
510 512
510 544
510 544
510 545
511 544
511 1538
511 1538
511 511
511 1539
511 1539
511 545
511 545
512 512
512 513
512 513
512 546
512 546
513 513
513 514
513 514
513 547
513 547
514 514
514 515
514 515
514 548
514 548
515 515
515 516
515 516
515 549
515 549
516 516
516 517
516 517
516 550
516 550
517 517
517 518
517 518
517 551
517 551
518 518
518 519
518 519
518 552
518 552
519 519
519 520
519 520
519 553
519 553
520 520
520 521
520 521
520 554
520 554
521 521
521 523
521 523
521 555
521 555
521 556
522 555
522 1547
522 1547
522 522
522 1548
522 1548
522 556
522 556
523 523
523 524
523 524
523 557
523 557
524 524
524 525
524 525
524 558
524 558
525 525
525 526
525 526
525 559
525 559
526 526
526 527
526 527
526 560
526 560
527 527
527 528
527 528
527 561
527 561
528 528
528 529
528 529
528 562
528 562
529 529
529 530
529 530
529 563
529 563
530 530
530 531
530 531
530 564
530 564
531 531
531 532
531 532
531 565
531 565
532 532
532 566
532 566
533 533
533 534
533 534
533 567
533 567
534 534
534 535
534 535
534 568
534 568
535 535
535 536
535 536
535 569
535 569
536 536
536 537
536 537
536 570
536 570
537 537
537 538
537 538
537 571
537 571
538 538
538 539
538 539
538 572
538 572
539 539
539 540
539 540
539 573
539 573
540 540
540 541
540 541
540 574
540 574
541 541
541 542
541 542
541 575
541 575
542 542
542 543
542 543
542 576
542 576
543 543
543 544
543 544
543 577
543 577
544 544
544 546
544 546
544 578
544 578
544 579
545 578
545 1568
545 1568
545 545
545 1569
545 1569
545 579
545 579
546 546
546 547
546 547
546 580
546 580
547 547
547 548
547 548
547 581
547 581
548 548
548 549
548 549
548 582
548 582
549 549
549 550
549 550
549 583
549 583
550 550
550 551
550 551
550 584
550 584
551 551
551 552
551 552
551 585
551 585
552 552
552 553
552 553
552 586
552 586
553 553
553 554
553 554
553 587
553 587
554 554
554 555
554 555
554 588
554 588
555 555
555 557
555 557
555 589
555 589
555 590
556 589
556 1577
556 1577
556 556
556 1578
556 1578
556 590
556 590
557 557
557 558
557 558
557 591
557 591
558 558
558 559
558 559
558 592
558 592
559 559
559 560
559 560
559 593
559 593
560 560
560 561
560 561
560 594
560 594
561 561
561 562
561 562
561 595
561 595
562 562
562 563
562 563
562 596
562 596
563 563
563 564
563 564
563 597
563 597
564 564
564 565
564 565
564 598
564 598
565 565
565 566
565 566
565 599
565 599
566 566
566 600
566 600
567 567
567 568
567 568
567 601
567 601
568 568
568 569
568 569
568 602
568 602
569 569
569 570
569 570
569 603
569 603
570 570
570 571
570 571
570 604
570 604
571 571
571 572
571 572
571 605
571 605
572 572
572 573
572 573
572 606
572 606
573 573
573 574
573 574
573 607
573 607
574 574
574 575
574 575
574 608
574 608
575 575
575 576
575 576
575 609
575 609
576 576
576 577
576 577
576 610
576 610
577 577
577 578
577 578
577 611
577 611
578 578
578 580
578 580
578 612
578 612
578 613
579 612
579 1598
579 1598
579 579
579 1599
579 1599
579 613
579 613
580 580
580 581
580 581
580 614
580 614
581 581
581 582
581 582
581 615
581 615
582 582
582 583
582 583
582 616
582 616
583 583
583 584
583 584
583 617
583 617
584 584
584 585
584 585
584 618
584 618
585 585
585 586
585 586
585 619
585 619
586 586
586 587
586 587
586 620
586 620
587 587
587 588
587 588
587 621
587 621
588 588
588 589
588 589
588 622
588 622
589 589
589 591
589 591
589 623
589 623
589 624
590 623
590 1607
590 1607
590 590
590 1608
590 1608
590 624
590 624
591 591
591 592
591 592
591 625
591 625
592 592
592 593
592 593
592 626
592 626
593 593
593 594
593 594
593 627
593 627
594 594
594 595
594 595
594 628
594 628
595 595
595 596
595 596
595 629
595 629
596 596
596 597
596 597
596 630
596 630
597 597
597 598
597 598
597 631
597 631
598 598
598 599
598 599
598 632
598 632
599 599
599 600
599 600
599 633
599 633
600 600
600 634
600 634
601 601
601 602
601 602
601 635
601 635
602 602
602 603
602 603
602 636
602 636
603 603
603 604
603 604
603 637
603 637
604 604
604 605
604 605
604 638
604 638
605 605
605 606
605 606
605 639
605 639
606 606
606 607
606 607
606 640
606 640
607 607
607 608
607 608
607 641
607 641
608 608
608 609
608 609
608 642
608 642
609 609
609 610
609 610
609 643
609 643
610 610
610 611
610 611
610 644
610 644
611 611
611 612
611 612
611 645
611 645
612 612
612 614
612 614
612 646
612 646
612 647
613 646
613 1628
613 1628
613 613
613 1629
613 1629
613 647
613 647
614 614
614 615
614 615
614 648
614 648
615 615
615 616
615 616
615 649
615 649
616 616
616 617
616 617
616 650
616 650
617 617
617 618
617 618
617 651
617 651
618 618
618 619
618 619
618 652
618 652
619 619
619 620
619 620
619 653
619 653
620 620
620 621
620 621
620 654
620 654
621 621
621 622
621 622
621 655
621 655
622 622
622 623
622 623
622 656
622 656
623 623
623 625
623 625
623 657
623 657
623 658
624 657
624 1637
624 1637
624 624
624 1638
624 1638
624 658
624 658
625 625
625 626
625 626
625 659
625 659
626 626
626 627
626 627
626 660
626 660
627 627
627 628
627 628
627 661
627 661
628 628
628 629
628 629
628 662
628 662
629 629
629 630
629 630
629 663
629 663
630 630
630 631
630 631
630 664
630 664
631 631
631 632
631 632
631 665
631 665
632 632
632 633
632 633
632 666
632 666
633 633
633 634
633 634
633 667
633 667
634 634
634 668
634 668
635 635
635 636
635 636
635 669
635 669
636 636
636 637
636 637
636 670
636 670
637 637
637 638
637 638
637 671
637 671
638 638
638 639
638 639
638 672
638 672
639 639
639 640
639 640
639 673
639 673
640 640
640 641
640 641
640 674
640 674
641 641
641 642
641 642
641 675
641 675
642 642
642 643
642 643
642 676
642 676
643 643
643 644
643 644
643 677
643 677
644 644
644 645
644 645
644 678
644 678
645 645
645 646
645 646
645 679
645 679
646 646
646 648
646 648
646 680
646 680
646 681
647 680
647 1658
647 1658
647 647
647 1659
647 1659
647 681
647 681
648 648
648 649
648 649
648 682
648 682
649 649
649 650
649 650
649 683
649 683
650 650
650 651
650 651
650 684
650 684
651 651
651 652
651 652
651 685
651 685
652 652
652 653
652 653
652 686
652 686
653 653
653 654
653 654
653 687
653 687
654 654
654 655
654 655
654 688
654 688
655 655
655 656
655 656
655 689
655 689
656 656
656 657
656 657
656 690
656 690
657 657
657 659
657 659
657 691
657 691
657 692
658 691
658 1667
658 1667
658 658
658 1668
658 1668
658 692
658 692
659 659
659 660
659 660
659 693
659 693
660 660
660 661
660 661
660 694
660 694
661 661
661 662
661 662
661 695
661 695
662 662
662 663
662 663
662 696
662 696
663 663
663 664
663 664
663 697
663 697
664 664
664 665
664 665
664 698
664 698
665 665
665 666
665 666
665 699
665 699
666 666
666 667
666 667
666 700
666 700
667 667
667 668
667 668
667 701
667 701
668 668
668 702
668 702
669 669
669 670
669 670
669 703
669 703
670 670
670 671
670 671
670 704
670 704
671 671
671 672
671 672
671 705
671 705
672 672
672 673
672 673
672 706
672 706
673 673
673 674
673 674
673 707
673 707
674 674
674 675
674 675
674 708
674 708
675 675
675 676
675 676
675 709
675 709
676 676
676 677
676 677
676 710
676 710
677 677
677 678
677 678
677 711
677 711
678 678
678 679
678 679
678 712
678 712
679 679
679 680
679 680
679 713
679 713
680 680
680 682
680 682
680 714
680 714
680 715
681 714
681 1688
681 1688
681 681
681 1689
681 1689
681 715
681 715
682 682
682 683
682 683
682 716
682 716
683 683
683 684
683 684
683 717
683 717
684 684
684 685
684 685
684 718
684 718
685 685
685 686
685 686
685 719
685 719
686 686
686 687
686 687
686 720
686 720
687 687
687 688
687 688
687 721
687 721
688 688
688 689
688 689
688 722
688 722
689 689
689 690
689 690
689 723
689 723
690 690
690 691
690 691
690 724
690 724
691 691
691 693
691 693
691 725
691 725
691 726
692 725
692 1697
692 1697
692 692
692 1698
692 1698
692 726
692 726
693 693
693 694
693 694
693 727
693 727
694 694
694 695
694 695
694 728
694 728
695 695
695 696
695 696
695 729
695 729
696 696
696 697
696 697
696 730
696 730
697 697
697 698
697 698
697 731
697 731
698 698
698 699
698 699
698 732
698 732
699 699
699 700
699 700
699 733
699 733
700 700
700 701
700 701
700 734
700 734
701 701
701 702
701 702
701 735
701 735
702 702
702 736
702 736
703 703
703 704
703 704
703 737
703 737
704 704
704 705
704 705
704 738
704 738
705 705
705 706
705 706
705 739
705 739
706 706
706 707
706 707
706 740
706 740
707 707
707 708
707 708
707 741
707 741
708 708
708 709
708 709
708 742
708 742
709 709
709 710
709 710
709 743
709 743
710 710
710 711
710 711
710 744
710 744
711 711
711 712
711 712
711 745
711 745
712 712
712 713
712 713
712 746
712 746
713 713
713 714
713 714
713 747
713 747
714 714
714 716
714 716
714 748
714 748
714 715
714 715
714 749
714 1719
715 748
715 1718
715 1718
715 716
715 715
715 1719
715 1719
715 749
715 749
716 716
716 717
716 717
716 750
716 750
716 1720
717 717
717 718
717 718
717 751
717 751
717 1719
717 1721
718 718
718 719
718 719
718 752
718 752
718 1720
718 1722
719 719
719 720
719 720
719 753
719 753
719 1721
719 1723
720 720
720 721
720 721
720 754
720 754
720 1722
720 1724
721 721
721 722
721 722
721 755
721 755
721 1723
721 1725
722 722
722 723
722 723
722 756
722 756
722 1724
722 1726
723 723
723 724
723 724
723 757
723 757
723 1725
723 1727
724 724
724 725
724 725
724 758
724 758
724 1726
724 726
725 725
725 727
725 727
725 759
725 759
725 726
725 726
725 1727
726 1727
726 1727
726 726
726 1728
726 1728
726 1758
726 1758
727 727
727 728
727 728
727 760
727 760
728 728
728 729
728 729
728 761
728 761
729 729
729 730
729 730
729 762
729 762
730 730
730 731
730 731
730 763
730 763
731 731
731 732
731 732
731 764
731 764
732 732
732 733
732 733
732 765
732 765
733 733
733 734
733 734
733 766
733 766
734 734
734 735
734 735
734 767
734 767
735 735
735 736
735 736
735 768
735 768
736 736
736 769
736 769
737 737
737 738
737 738
737 770
737 770
738 738
738 739
738 739
738 771
738 771
739 739
739 740
739 740
739 772
739 772
740 740
740 741
740 741
740 773
740 773
741 741
741 742
741 742
741 774
741 774
742 742
742 743
742 743
742 775
742 775
743 743
743 744
743 744
743 776
743 776
744 744
744 745
744 745
744 777
744 777
745 745
745 746
745 746
745 778
745 778
746 746
746 747
746 747
746 779
746 779
747 747
747 748
747 748
747 780
747 780
748 748
748 750
748 750
748 781
748 781
748 782
749 781
749 1748
749 1748
749 749
749 1749
749 1749
749 782
749 782
750 750
750 751
750 751
750 783
750 783
751 751
751 752
751 752
751 784
751 784
752 752
752 753
752 753
752 785
752 785
753 753
753 754
753 754
753 786
753 786
754 754
754 755
754 755
754 787
754 787
755 755
755 756
755 756
755 788
755 788
756 756
756 757
756 757
756 789
756 789
757 757
757 758
757 758
757 790
757 790
758 758
758 759
758 759
758 791
758 791
759 759
759 760
759 760
759 792
759 792
760 760
760 761
760 761
760 793
760 793
761 761
761 762
761 762
761 794
761 794
762 762
762 763
762 763
762 795
762 795
763 763
763 764
763 764
763 796
763 796
764 764
764 765
764 765
764 797
764 797
765 765
765 766
765 766
765 798
765 798
766 766
766 767
766 767
766 799
766 799
767 767
767 768
767 768
767 800
767 800
768 768
768 769
768 769
768 801
768 801
769 769
769 802
769 802
770 770
770 771
770 771
770 803
770 803
771 771
771 772
771 772
771 804
771 804
772 772
772 773
772 773
772 805
772 805
773 773
773 774
773 774
773 806
773 806
774 774
774 775
774 775
774 807
774 807
775 775
775 776
775 776
775 808
775 808
776 776
776 777
776 777
776 809
776 809
777 777
777 778
777 778
777 810
777 810
778 778
778 779
778 779
778 811
778 811
779 779
779 780
779 780
779 812
779 812
780 780
780 781
780 781
780 813
780 813
781 781
781 783
781 783
781 814
781 814
781 815
782 814
782 1779
782 1779
782 782
782 1780
782 1780
782 815
782 815
783 783
783 784
783 784
783 816
783 816
784 784
784 785
784 785
784 817
784 817
785 785
785 786
785 786
785 818
785 818
786 786
786 787
786 787
786 819
786 819
787 787
787 788
787 788
787 820
787 820
788 788
788 789
788 789
788 821
788 821
789 789
789 790
789 790
789 822
789 822
790 790
790 791
790 791
790 823
790 823
791 791
791 792
791 792
791 824
791 824
792 792
792 793
792 793
792 825
792 825
793 793
793 794
793 794
793 826
793 826
794 794
794 795
794 795
794 827
794 827
795 795
795 796
795 796
795 828
795 828
796 796
796 797
796 797
796 829
796 829
797 797
797 798
797 798
797 830
797 830
798 798
798 799
798 799
798 831
798 831
799 799
799 800
799 800
799 832
799 832
800 800
800 801
800 801
800 833
800 833
801 801
801 802
801 802
801 834
801 834
802 802
802 835
802 835
803 803
803 804
803 804
803 836
803 836
804 804
804 805
804 805
804 837
804 837
805 805
805 806
805 806
805 838
805 838
806 806
806 807
806 807
806 839
806 839
807 807
807 808
807 808
807 840
807 840
808 808
808 809
808 809
808 841
808 841
809 809
809 810
809 810
809 842
809 842
810 810
810 811
810 811
810 843
810 843
811 811
811 812
811 812
811 844
811 844
812 812
812 813
812 813
812 845
812 845
813 813
813 814
813 814
813 846
813 846
814 814
814 816
814 816
814 847
814 847
814 848
815 847
815 1810
815 1810
815 815
815 1811
815 1811
815 848
815 848
816 816
816 817
816 817
816 849
816 849
817 817
817 818
817 818
817 850
817 850
818 818
818 819
818 819
818 851
818 851
819 819
819 820
819 820
819 852
819 852
820 820
820 821
820 821
820 853
820 853
821 821
821 822
821 822
821 854
821 854
822 822
822 823
822 823
822 855
822 855
823 823
823 824
823 824
823 856
823 856
824 824
824 825
824 825
824 857
824 857
825 825
825 826
825 826
825 858
825 858
826 826
826 827
826 827
826 859
826 859
827 827
827 828
827 828
827 860
827 860
828 828
828 829
828 829
828 861
828 861
829 829
829 830
829 830
829 862
829 862
830 830
830 831
830 831
830 863
830 863
831 831
831 832
831 832
831 864
831 864
832 832
832 833
832 833
832 865
832 865
833 833
833 834
833 834
833 866
833 866
834 834
834 835
834 835
834 867
834 867
835 835
835 868
835 868
836 836
836 837
836 837
836 869
836 869
837 837
837 838
837 838
837 870
837 870
838 838
838 839
838 839
838 871
838 871
839 839
839 840
839 840
839 872
839 872
840 840
840 841
840 841
840 873
840 873
841 841
841 842
841 842
841 874
841 874
842 842
842 843
842 843
842 875
842 875
843 843
843 844
843 844
843 876
843 876
844 844
844 845
844 845
844 877
844 877
845 845
845 846
845 846
845 878
845 878
846 846
846 847
846 847
846 879
846 879
847 847
847 849
847 849
847 880
847 880
847 881
848 880
848 1841
848 1841
848 848
848 1842
848 1842
848 881
848 881
849 849
849 850
849 850
849 882
849 882
850 850
850 851
850 851
850 883
850 883
851 851
851 852
851 852
851 884
851 884
852 852
852 853
852 853
852 885
852 885
853 853
853 854
853 854
853 886
853 886
854 854
854 855
854 855
854 887
854 887
855 855
855 856
855 856
855 888
855 888
856 856
856 857
856 857
856 889
856 889
857 857
857 858
857 858
857 890
857 890
858 858
858 859
858 859
858 891
858 891
859 859
859 860
859 860
859 892
859 892
860 860
860 861
860 861
860 893
860 893
861 861
861 862
861 862
861 894
861 894
862 862
862 863
862 863
862 895
862 895
863 863
863 864
863 864
863 896
863 896
864 864
864 865
864 865
864 897
864 897
865 865
865 866
865 866
865 898
865 898
866 866
866 867
866 867
866 899
866 899
867 867
867 868
867 868
867 900
867 900
868 868
868 901
868 901
869 869
869 870
869 870
869 902
869 902
870 870
870 871
870 871
870 903
870 903
871 871
871 872
871 872
871 904
871 904
872 872
872 873
872 873
872 905
872 905
873 873
873 874
873 874
873 906
873 906
874 874
874 875
874 875
874 907
874 907
875 875
875 876
875 876
875 908
875 908
876 876
876 877
876 877
876 909
876 909
877 877
877 878
877 878
877 910
877 910
878 878
878 879
878 879
878 911
878 911
879 879
879 880
879 880
879 912
879 912
880 880
880 882
880 882
880 913
880 913
880 914
881 913
881 1872
881 1872
881 881
881 1873
881 1873
881 914
881 914
882 882
882 883
882 883
882 915
882 915
883 883
883 884
883 884
883 916
883 916
884 884
884 885
884 885
884 917
884 917
885 885
885 886
885 886
885 918
885 918
886 886
886 887
886 887
886 919
886 919
887 887
887 888
887 888
887 920
887 920
888 888
888 889
888 889
888 921
888 921
889 889
889 890
889 890
889 922
889 922
890 890
890 891
890 891
890 923
890 923
891 891
891 892
891 892
891 924
891 924
892 892
892 893
892 893
892 925
892 925
893 893
893 894
893 894
893 926
893 926
894 894
894 895
894 895
894 927
894 927
895 895
895 896
895 896
895 928
895 928
896 896
896 897
896 897
896 929
896 929
897 897
897 898
897 898
897 930
897 930
898 898
898 899
898 899
898 931
898 931
899 899
899 900
899 900
899 932
899 932
900 900
900 901
900 901
900 933
900 933
901 901
901 934
901 934
902 902
902 903
902 903
902 935
902 935
903 903
903 904
903 904
903 936
903 936
904 904
904 905
904 905
904 937
904 937
905 905
905 906
905 906
905 938
905 938
906 906
906 907
906 907
906 939
906 939
907 907
907 908
907 908
907 940
907 940
908 908
908 909
908 909
908 941
908 941
909 909
909 910
909 910
909 942
909 942
910 910
910 911
910 911
910 943
910 943
911 911
911 912
911 912
911 944
911 944
912 912
912 913
912 913
912 945
912 945
913 913
913 915
913 915
913 946
913 946
913 947
914 946
914 1903
914 1903
914 914
914 1904
914 1904
914 947
914 947
915 915
915 916
915 916
915 948
915 948
916 916
916 917
916 917
916 949
916 949
917 917
917 918
917 918
917 950
917 950
918 918
918 919
918 919
918 951
918 951
919 919
919 920
919 920
919 952
919 952
920 920
920 921
920 921
920 953
920 953
921 921
921 922
921 922
921 954
921 954
922 922
922 923
922 923
922 955
922 955
923 923
923 924
923 924
923 956
923 956
924 924
924 925
924 925
924 957
924 957
925 925
925 926
925 926
925 958
925 958
926 926
926 927
926 927
926 959
926 959
927 927
927 928
927 928
927 960
927 960
928 928
928 929
928 929
928 961
928 961
929 929
929 930
929 930
929 962
929 962
930 930
930 931
930 931
930 963
930 963
931 931
931 932
931 932
931 964
931 964
932 932
932 933
932 933
932 965
932 965
933 933
933 934
933 934
933 966
933 966
934 934
934 967
934 967
935 935
935 936
935 936
935 968
935 968
936 936
936 937
936 937
936 969
936 969
937 937
937 938
937 938
937 970
937 970
938 938
938 939
938 939
938 971
938 971
939 939
939 940
939 940
939 972
939 972
940 940
940 941
940 941
940 973
940 973
941 941
941 942
941 942
941 974
941 974
942 942
942 943
942 943
942 975
942 975
943 943
943 944
943 944
943 976
943 976
944 944
944 945
944 945
944 977
944 977
945 945
945 946
945 946
945 978
945 978
946 946
946 948
946 948
946 979
946 979
946 980
947 979
947 1934
947 1934
947 947
947 1935
947 1935
947 980
947 980
948 948
948 949
948 949
948 981
948 981
949 949
949 950
949 950
949 982
949 982
950 950
950 951
950 951
950 983
950 983
951 951
951 952
951 952
951 984
951 984
952 952
952 953
952 953
952 985
952 985
953 953
953 954
953 954
953 986
953 986
954 954
954 955
954 955
954 987
954 987
955 955
955 956
955 956
955 988
955 988
956 956
956 957
956 957
956 989
956 989
957 957
957 958
957 958
957 990
957 990
958 958
958 959
958 959
958 991
958 991
959 959
959 960
959 960
959 992
959 992
960 960
960 961
960 961
960 993
960 993
961 961
961 962
961 962
961 994
961 994
962 962
962 963
962 963
962 995
962 995
963 963
963 964
963 964
963 996
963 996
964 964
964 965
964 965
964 997
964 997
965 965
965 966
965 966
965 998
965 998
966 966
966 967
966 967
966 999
966 999
967 967
967 1000
967 1000
968 968
968 969
968 969
968 1001
968 1001
969 969
969 970
969 970
969 1002
969 1002
970 970
970 971
970 971
970 1003
970 1003
971 971
971 972
971 972
971 1004
971 1004
972 972
972 973
972 973
972 1005
972 1005
973 973
973 974
973 974
973 1006
973 1006
974 974
974 975
974 975
974 1007
974 1007
975 975
975 976
975 976
975 1008
975 1008
976 976
976 977
976 977
976 1009
976 1009
977 977
977 978
977 978
977 1010
977 1010
978 978
978 979
978 979
978 1011
978 1011
979 979
979 981
979 981
979 1012
979 1012
979 1013
980 1012
980 1965
980 1965
980 980
980 1966
980 1966
980 1013
980 1013
981 981
981 982
981 982
981 1014
981 1014
982 982
982 983
982 983
982 1015
982 1015
983 983
983 984
983 984
983 1016
983 1016
984 984
984 985
984 985
984 1017
984 1017
985 985
985 986
985 986
985 1018
985 1018
986 986
986 987
986 987
986 1019
986 1019
987 987
987 988
987 988
987 1020
987 1020
988 988
988 989
988 989
988 1021
988 1021
989 989
989 990
989 990
989 1022
989 1022
990 990
990 991
990 991
990 1023
990 1023
991 991
991 992
991 992
991 1024
991 1024
992 992
992 993
992 993
992 1025
992 1025
993 993
993 994
993 994
993 1026
993 1026
994 994
994 995
994 995
994 1027
994 1027
995 995
995 996
995 996
995 1028
995 1028
996 996
996 997
996 997
996 1029
996 1029
997 997
997 998
997 998
997 1030
997 1030
998 998
998 999
998 999
998 1031
998 1031
999 999
999 1000
999 1000
999 1032
999 1032
1000 1000
1000 1033
1000 1033
1001 1001
1001 1002
1001 1002
1001 1034
1001 1034
1002 1002
1002 1003
1002 1003
1002 1035
1002 1035
1003 1003
1003 1004
1003 1004
1003 1036
1003 1036
1004 1004
1004 1005
1004 1005
1004 1037
1004 1037
1005 1005
1005 1006
1005 1006
1005 1038
1005 1038
1006 1006
1006 1007
1006 1007
1006 1039
1006 1039
1007 1007
1007 1008
1007 1008
1007 1040
1007 1040
1008 1008
1008 1009
1008 1009
1008 1041
1008 1041
1009 1009
1009 1010
1009 1010
1009 1042
1009 1042
1010 1010
1010 1011
1010 1011
1010 1043
1010 1043
1011 1011
1011 1012
1011 1012
1011 1044
1011 1044
1012 1012
1012 1014
1012 1014
1012 1045
1012 1045
1012 1046
1013 1045
1013 1996
1013 1996
1013 1013
1013 1997
1013 1997
1013 1046
1013 1046
1014 1014
1014 1015
1014 1015
1014 1047
1014 1047
1015 1015
1015 1016
1015 1016
1015 1048
1015 1048
1016 1016
1016 1017
1016 1017
1016 1049
1016 1049
1017 1017
1017 1018
1017 1018
1017 1050
1017 1050
1018 1018
1018 1019
1018 1019
1018 1051
1018 1051
1019 1019
1019 1020
1019 1020
1019 1052
1019 1052
1020 1020
1020 1021
1020 1021
1020 1053
1020 1053
1021 1021
1021 1022
1021 1022
1021 1054
1021 1054
1022 1022
1022 1023
1022 1023
1022 1055
1022 1055
1023 1023
1023 1024
1023 1024
1023 1056
1023 1056
1024 1024
1024 1025
1024 1025
1024 1057
1024 1057
1025 1025
1025 1026
1025 1026
1025 1058
1025 1058
1026 1026
1026 1027
1026 1027
1026 1059
1026 1059
1027 1027
1027 1028
1027 1028
1027 1060
1027 1060
1028 1028
1028 1029
1028 1029
1028 1061
1028 1061
1029 1029
1029 1030
1029 1030
1029 1062
1029 1062
1030 1030
1030 1031
1030 1031
1030 1063
1030 1063
1031 1031
1031 1032
1031 1032
1031 1064
1031 1064
1032 1032
1032 1033
1032 1033
1032 1065
1032 1065
1033 1033
1033 1066
1033 1066
1034 1034
1034 1035
1034 1035
1035 1035
1035 1036
1035 1036
1036 1036
1036 1037
1036 1037
1037 1037
1037 1038
1037 1038
1038 1038
1038 1039
1038 1039
1039 1039
1039 1040
1039 1040
1040 1040
1040 1041
1040 1041
1041 1041
1041 1042
1041 1042
1042 1042
1042 1043
1042 1043
1043 1043
1043 1044
1043 1044
1044 1044
1044 1045
1044 1045
1045 1045
1045 1047
1045 1047
1046 2027
1046 2027
1046 1046
1046 2028
1046 2028
1047 1047
1047 1048
1047 1048
1048 1048
1048 1049
1048 1049
1049 1049
1049 1050
1049 1050
1050 1050
1050 1051
1050 1051
1051 1051
1051 1052
1051 1052
1052 1052
1052 1053
1052 1053
1053 1053
1053 1054
1053 1054
1054 1054
1054 1055
1054 1055
1055 1055
1055 1056
1055 1056
1056 1056
1056 1057
1056 1057
1057 1057
1057 1058
1057 1058
1058 1058
1058 1059
1058 1059
1059 1059
1059 1060
1059 1060
1060 1060
1060 1061
1060 1061
1061 1061
1061 1062
1061 1062
1062 1062
1062 1063
1062 1063
1063 1063
1063 1064
1063 1064
1064 1064
1064 1065
1064 1065
1065 1065
1065 1066
1065 1066
1066 1066
1067 1067
1067 1068
1067 1068
1067 1069
1067 1069
1068 1068
1068 1070
1068 1070
1068 1071
1068 1071
1069 1069
1069 1071
1069 1071
1069 1129
1069 1129
1070 1070
1070 1072
1070 1072
1070 1073
1070 1073
1071 1071
1071 1073
1071 1073
1071 1130
1071 1130
1072 1072
1072 1074
1072 1074
1072 1075
1072 1075
1073 1073
1073 1075
1073 1075
1073 1131
1073 1131
1074 1074
1074 1076
1074 1076
1074 1077
1074 1077
1075 1075
1075 1077
1075 1077
1075 1132
1075 1132
1076 1076
1076 1078
1076 1078
1076 1079
1076 1079
1077 1077
1077 1079
1077 1079
1077 1133
1077 1133
1078 1078
1078 1080
1078 1080
1078 1081
1078 1081
1079 1079
1079 1081
1079 1081
1079 1134
1079 1134
1080 1080
1080 1082
1080 1082
1080 1083
1080 1083
1081 1081
1081 1083
1081 1083
1081 1135
1081 1135
1082 1082
1082 1084
1082 1084
1082 1085
1082 1085
1083 1083
1083 1085
1083 1085
1083 1136
1083 1136
1084 1084
1084 1086
1084 1086
1084 1087
1084 1087
1085 1085
1085 1087
1085 1087
1085 1137
1085 1137
1086 1086
1086 1088
1086 1088
1087 1087
1087 1088
1087 1088
1087 1138
1087 1138
1088 1088
1088 1139
1088 1139
1089 1089
1089 1090
1089 1090
1089 1091
1089 1091
1090 1090
1090 1092
1090 1092
1090 1093
1090 1093
1091 1091
1091 1093
1091 1093
1091 1140
1091 1140
1092 1092
1092 1094
1092 1094
1092 1095
1092 1095
1093 1093
1093 1095
1093 1095
1093 1141
1093 1141
1094 1094
1094 1096
1094 1096
1094 1097
1094 1097
1095 1095
1095 1097
1095 1097
1095 1142
1095 1142
1096 1096
1096 1098
1096 1098
1096 1099
1096 1099
1097 1097
1097 1099
1097 1099
1097 1143
1097 1143
1098 1098
1098 1100
1098 1100
1098 1101
1098 1101
1099 1099
1099 1101
1099 1101
1099 1144
1099 1144
1100 1100
1100 1102
1100 1102
1100 1103
1100 1103
1101 1101
1101 1103
1101 1103
1101 1145
1101 1145
1102 1102
1102 1104
1102 1104
1102 1105
1102 1105
1103 1103
1103 1105
1103 1105
1103 1146
1103 1146
1104 1104
1104 1106
1104 1106
1104 1107
1104 1107
1105 1105
1105 1107
1105 1107
1105 1147
1105 1147
1106 1106
1106 1108
1106 1108
1106 1109
1106 1109
1107 1107
1107 1109
1107 1109
1107 1148
1107 1148
1108 1108
1108 1110
1108 1110
1108 1111
1108 1111
1109 1109
1109 1111
1109 1111
1109 1149
1109 1149
1110 1110
1110 1112
1110 1112
1110 1113
1110 1113
1111 1111
1111 1113
1111 1113
1111 1150
1111 1150
1112 1112
1112 1114
1112 1114
1112 1115
1112 1115
1113 1113
1113 1115
1113 1115
1113 1151
1113 1151
1114 1114
1114 1116
1114 1116
1114 1117
1114 1117
1115 1115
1115 1117
1115 1117
1115 1152
1115 1152
1116 1116
1116 1118
1116 1118
1116 1119
1116 1119
1117 1117
1117 1119
1117 1119
1117 1153
1117 1153
1118 1118
1118 1120
1118 1120
1118 1121
1118 1121
1119 1119
1119 1121
1119 1121
1119 1154
1119 1154
1120 1120
1120 1122
1120 1122
1120 1123
1120 1123
1121 1121
1121 1123
1121 1123
1121 1155
1121 1155
1122 1122
1122 1124
1122 1124
1122 1125
1122 1125
1123 1123
1123 1125
1123 1125
1123 1156
1123 1156
1124 1124
1124 1126
1124 1126
1124 1127
1124 1127
1125 1125
1125 1127
1125 1127
1125 1157
1125 1157
1126 1126
1126 1128
1126 1128
1127 1127
1127 1128
1127 1128
1127 1158
1127 1158
1128 1128
1128 1159
1128 1159
1129 1129
1129 1130
1129 1130
1129 1160
1129 1160
1130 1130
1130 1131
1130 1131
1130 1161
1130 1161
1131 1131
1131 1132
1131 1132
1131 1162
1131 1162
1132 1132
1132 1133
1132 1133
1132 1163
1132 1163
1133 1133
1133 1134
1133 1134
1133 1164
1133 1164
1134 1134
1134 1135
1134 1135
1134 1165
1134 1165
1135 1135
1135 1136
1135 1136
1135 1166
1135 1166
1136 1136
1136 1137
1136 1137
1136 1167
1136 1167
1137 1137
1137 1138
1137 1138
1137 1168
1137 1168
1138 1138
1138 1139
1138 1139
1138 1169
1138 1169
1139 1139
1139 1170
1139 1170
1140 1140
1140 1141
1140 1141
1140 1171
1140 1171
1141 1141
1141 1142
1141 1142
1141 1172
1141 1172
1142 1142
1142 1143
1142 1143
1142 1173
1142 1173
1143 1143
1143 1144
1143 1144
1143 1174
1143 1174
1144 1144
1144 1145
1144 1145
1144 1175
1144 1175
1145 1145
1145 1146
1145 1146
1145 1176
1145 1176
1146 1146
1146 1147
1146 1147
1146 1177
1146 1177
1147 1147
1147 1148
1147 1148
1147 1178
1147 1178
1148 1148
1148 1149
1148 1149
1148 1179
1148 1179
1149 1149
1149 1150
1149 1150
1149 1180
1149 1180
1150 1150
1150 1151
1150 1151
1150 1181
1150 1181
1151 1151
1151 1152
1151 1152
1151 1182
1151 1182
1152 1152
1152 1153
1152 1153
1152 1183
1152 1183
1153 1153
1153 1154
1153 1154
1153 1184
1153 1184
1154 1154
1154 1155
1154 1155
1154 1185
1154 1185
1155 1155
1155 1156
1155 1156
1155 1186
1155 1186
1156 1156
1156 1157
1156 1157
1156 1187
1156 1187
1157 1157
1157 1158
1157 1158
1157 1188
1157 1188
1158 1158
1158 1159
1158 1159
1158 1189
1158 1189
1159 1159
1159 1190
1159 1190
1160 1160
1160 1161
1160 1161
1160 1191
1160 1191
1161 1161
1161 1162
1161 1162
1161 1192
1161 1192
1162 1162
1162 1163
1162 1163
1162 1193
1162 1193
1163 1163
1163 1164
1163 1164
1163 1194
1163 1194
1164 1164
1164 1165
1164 1165
1164 1195
1164 1195
1165 1165
1165 1166
1165 1166
1165 1196
1165 1196
1166 1166
1166 1167
1166 1167
1166 1197
1166 1197
1167 1167
1167 1168
1167 1168
1167 1198
1167 1198
1168 1168
1168 1169
1168 1169
1168 1199
1168 1199
1169 1169
1169 1170
1169 1170
1169 1200
1169 1200
1170 1170
1170 1201
1170 1201
1171 1171
1171 1172
1171 1172
1171 1202
1171 1202
1172 1172
1172 1173
1172 1173
1172 1203
1172 1203
1173 1173
1173 1174
1173 1174
1173 1204
1173 1204
1174 1174
1174 1175
1174 1175
1174 1205
1174 1205
1175 1175
1175 1176
1175 1176
1175 1206
1175 1206
1176 1176
1176 1177
1176 1177
1176 1207
1176 1207
1177 1177
1177 1178
1177 1178
1177 1208
1177 1208
1178 1178
1178 1179
1178 1179
1178 1209
1178 1209
1179 1179
1179 1180
1179 1180
1179 1210
1179 1210
1180 1180
1180 1181
1180 1181
1180 1211
1180 1211
1181 1181
1181 1182
1181 1182
1181 1212
1181 1212
1182 1182
1182 1183
1182 1183
1182 1213
1182 1213
1183 1183
1183 1184
1183 1184
1183 1214
1183 1214
1184 1184
1184 1185
1184 1185
1184 1215
1184 1215
1185 1185
1185 1186
1185 1186
1185 1216
1185 1216
1186 1186
1186 1187
1186 1187
1186 1217
1186 1217
1187 1187
1187 1188
1187 1188
1187 1218
1187 1218
1188 1188
1188 1189
1188 1189
1188 1219
1188 1219
1189 1189
1189 1190
1189 1190
1189 1220
1189 1220
1190 1190
1190 1221
1190 1221
1191 1191
1191 1192
1191 1192
1191 1222
1191 1222
1192 1192
1192 1193
1192 1193
1192 1223
1192 1223
1193 1193
1193 1194
1193 1194
1193 1224
1193 1224
1194 1194
1194 1195
1194 1195
1194 1225
1194 1225
1195 1195
1195 1196
1195 1196
1195 1226
1195 1226
1196 1196
1196 1197
1196 1197
1196 1227
1196 1227
1197 1197
1197 1198
1197 1198
1197 1228
1197 1228
1198 1198
1198 1199
1198 1199
1198 1229
1198 1229
1199 1199
1199 1200
1199 1200
1199 1230
1199 1230
1200 1200
1200 1201
1200 1201
1200 1231
1200 1231
1201 1201
1201 1232
1201 1232
1202 1202
1202 1203
1202 1203
1202 1233
1202 1233
1203 1203
1203 1204
1203 1204
1203 1234
1203 1234
1204 1204
1204 1205
1204 1205
1204 1235
1204 1235
1205 1205
1205 1206
1205 1206
1205 1236
1205 1236
1206 1206
1206 1207
1206 1207
1206 1237
1206 1237
1207 1207
1207 1208
1207 1208
1207 1238
1207 1238
1208 1208
1208 1209
1208 1209
1208 1239
1208 1239
1209 1209
1209 1210
1209 1210
1209 1240
1209 1240
1210 1210
1210 1211
1210 1211
1210 1241
1210 1241
1211 1211
1211 1212
1211 1212
1211 1242
1211 1242
1212 1212
1212 1213
1212 1213
1212 1243
1212 1243
1213 1213
1213 1214
1213 1214
1213 1244
1213 1244
1214 1214
1214 1215
1214 1215
1214 1245
1214 1245
1215 1215
1215 1216
1215 1216
1215 1246
1215 1246
1216 1216
1216 1217
1216 1217
1216 1247
1216 1247
1217 1217
1217 1218
1217 1218
1217 1248
1217 1248
1218 1218
1218 1219
1218 1219
1218 1249
1218 1249
1219 1219
1219 1220
1219 1220
1219 1250
1219 1250
1220 1220
1220 1221
1220 1221
1220 1251
1220 1251
1221 1221
1221 1252
1221 1252
1222 1222
1222 1223
1222 1223
1222 1253
1222 1253
1223 1223
1223 1224
1223 1224
1223 1254
1223 1254
1224 1224
1224 1225
1224 1225
1224 1255
1224 1255
1225 1225
1225 1226
1225 1226
1225 1256
1225 1256
1226 1226
1226 1227
1226 1227
1226 1257
1226 1257
1227 1227
1227 1228
1227 1228
1227 1258
1227 1258
1228 1228
1228 1229
1228 1229
1228 1259
1228 1259
1229 1229
1229 1230
1229 1230
1229 1260
1229 1260
1230 1230
1230 1231
1230 1231
1230 1261
1230 1261
1231 1231
1231 1232
1231 1232
1231 1262
1231 1262
1232 1232
1232 1263
1232 1263
1233 1233
1233 1234
1233 1234
1233 1264
1233 1264
1234 1234
1234 1235
1234 1235
1234 1265
1234 1265
1235 1235
1235 1236
1235 1236
1235 1266
1235 1266
1236 1236
1236 1237
1236 1237
1236 1267
1236 1267
1237 1237
1237 1238
1237 1238
1237 1268
1237 1268
1238 1238
1238 1239
1238 1239
1238 1269
1238 1269
1239 1239
1239 1240
1239 1240
1239 1270
1239 1270
1240 1240
1240 1241
1240 1241
1240 1271
1240 1271
1241 1241
1241 1242
1241 1242
1241 1272
1241 1272
1242 1242
1242 1243
1242 1243
1242 1273
1242 1273
1243 1243
1243 1244
1243 1244
1243 1274
1243 1274
1244 1244
1244 1245
1244 1245
1244 1275
1244 1275
1245 1245
1245 1246
1245 1246
1245 1276
1245 1276
1246 1246
1246 1247
1246 1247
1246 1277
1246 1277
1247 1247
1247 1248
1247 1248
1247 1278
1247 1278
1248 1248
1248 1249
1248 1249
1248 1279
1248 1279
1249 1249
1249 1250
1249 1250
1249 1280
1249 1280
1250 1250
1250 1251
1250 1251
1250 1281
1250 1281
1251 1251
1251 1252
1251 1252
1251 1282
1251 1282
1252 1252
1252 1283
1252 1283
1253 1253
1253 1254
1253 1254
1253 1284
1253 1284
1254 1254
1254 1255
1254 1255
1254 1285
1254 1285
1255 1255
1255 1256
1255 1256
1255 1286
1255 1286
1256 1256
1256 1257
1256 1257
1256 1287
1256 1287
1257 1257
1257 1258
1257 1258
1257 1288
1257 1288
1258 1258
1258 1259
1258 1259
1258 1289
1258 1289
1259 1259
1259 1260
1259 1260
1259 1290
1259 1290
1260 1260
1260 1261
1260 1261
1260 1291
1260 1291
1261 1261
1261 1262
1261 1262
1261 1292
1261 1292
1262 1262
1262 1263
1262 1263
1262 1293
1262 1293
1263 1263
1263 1294
1263 1294
1264 1264
1264 1265
1264 1265
1264 1295
1264 1295
1265 1265
1265 1266
1265 1266
1265 1296
1265 1296
1266 1266
1266 1267
1266 1267
1266 1297
1266 1297
1267 1267
1267 1268
1267 1268
1267 1298
1267 1298
1268 1268
1268 1269
1268 1269
1268 1299
1268 1299
1269 1269
1269 1270
1269 1270
1269 1300
1269 1300
1270 1270
1270 1271
1270 1271
1270 1301
1270 1301
1271 1271
1271 1272
1271 1272
1271 1302
1271 1302
1272 1272
1272 1273
1272 1273
1272 1303
1272 1303
1273 1273
1273 1274
1273 1274
1273 1304
1273 1304
1274 1274
1274 1275
1274 1275
1274 1305
1274 1305
1275 1275
1275 1276
1275 1276
1275 1306
1275 1306
1276 1276
1276 1277
1276 1277
1276 1307
1276 1307
1277 1277
1277 1278
1277 1278
1277 1308
1277 1308
1278 1278
1278 1279
1278 1279
1278 1309
1278 1309
1279 1279
1279 1280
1279 1280
1279 1310
1279 1310
1280 1280
1280 1281
1280 1281
1280 1311
1280 1311
1281 1281
1281 1282
1281 1282
1281 1312
1281 1312
1282 1282
1282 1283
1282 1283
1282 1313
1282 1313
1283 1283
1283 1314
1283 1314
1284 1284
1284 1285
1284 1285
1284 1315
1284 1315
1285 1285
1285 1286
1285 1286
1285 1316
1285 1316
1286 1286
1286 1287
1286 1287
1286 1317
1286 1317
1287 1287
1287 1288
1287 1288
1287 1318
1287 1318
1288 1288
1288 1289
1288 1289
1288 1319
1288 1319
1289 1289
1289 1290
1289 1290
1289 1320
1289 1320
1290 1290
1290 1291
1290 1291
1290 1321
1290 1321
1291 1291
1291 1292
1291 1292
1291 1322
1291 1322
1292 1292
1292 1293
1292 1293
1292 1323
1292 1323
1293 1293
1293 1294
1293 1294
1293 1324
1293 1324
1294 1294
1294 1325
1294 1325
1295 1295
1295 1296
1295 1296
1295 1326
1295 1326
1296 1296
1296 1297
1296 1297
1296 1327
1296 1327
1297 1297
1297 1298
1297 1298
1297 1328
1297 1328
1298 1298
1298 1299
1298 1299
1298 1329
1298 1329
1299 1299
1299 1300
1299 1300
1299 1330
1299 1330
1300 1300
1300 1301
1300 1301
1300 1331
1300 1331
1301 1301
1301 1302
1301 1302
1301 1332
1301 1332
1302 1302
1302 1303
1302 1303
1302 1333
1302 1333
1303 1303
1303 1304
1303 1304
1303 1334
1303 1334
1304 1304
1304 1305
1304 1305
1304 1335
1304 1335
1305 1305
1305 1306
1305 1306
1305 1336
1305 1336
1306 1306
1306 1307
1306 1307
1306 1337
1306 1337
1307 1307
1307 1308
1307 1308
1307 1338
1307 1338
1308 1308
1308 1309
1308 1309
1308 1339
1308 1339
1309 1309
1309 1310
1309 1310
1309 1340
1309 1340
1310 1310
1310 1311
1310 1311
1310 1341
1310 1341
1311 1311
1311 1312
1311 1312
1311 1342
1311 1342
1312 1312
1312 1313
1312 1313
1312 1343
1312 1343
1313 1313
1313 1314
1313 1314
1313 1344
1313 1344
1314 1314
1314 1345
1314 1345
1315 1315
1315 1316
1315 1316
1315 1346
1315 1346
1316 1316
1316 1317
1316 1317
1316 1347
1316 1347
1317 1317
1317 1318
1317 1318
1317 1348
1317 1348
1318 1318
1318 1319
1318 1319
1318 1349
1318 1349
1319 1319
1319 1320
1319 1320
1319 1350
1319 1350
1320 1320
1320 1321
1320 1321
1320 1351
1320 1351
1321 1321
1321 1322
1321 1322
1321 1352
1321 1352
1322 1322
1322 1323
1322 1323
1322 1353
1322 1353
1323 1323
1323 1324
1323 1324
1323 1354
1323 1354
1324 1324
1324 1325
1324 1325
1324 1355
1324 1355
1325 1325
1325 1356
1325 1356
1326 1326
1326 1327
1326 1327
1326 1357
1326 1357
1327 1327
1327 1328
1327 1328
1327 1358
1327 1358
1328 1328
1328 1329
1328 1329
1328 1359
1328 1359
1329 1329
1329 1330
1329 1330
1329 1360
1329 1360
1330 1330
1330 1331
1330 1331
1330 1361
1330 1361
1331 1331
1331 1332
1331 1332
1331 1362
1331 1362
1332 1332
1332 1333
1332 1333
1332 1363
1332 1363
1333 1333
1333 1334
1333 1334
1333 1364
1333 1364
1334 1334
1334 1335
1334 1335
1334 1365
1334 1365
1335 1335
1335 1336
1335 1336
1335 1366
1335 1366
1336 1336
1336 1337
1336 1337
1336 1367
1336 1367
1337 1337
1337 1338
1337 1338
1337 1368
1337 1368
1338 1338
1338 1339
1338 1339
1338 1369
1338 1369
1339 1339
1339 1340
1339 1340
1339 1370
1339 1370
1340 1340
1340 1341
1340 1341
1340 1371
1340 1371
1341 1341
1341 1342
1341 1342
1341 1372
1341 1372
1342 1342
1342 1343
1342 1343
1342 1373
1342 1373
1343 1343
1343 1344
1343 1344
1343 1374
1343 1374
1344 1344
1344 1345
1344 1345
1344 1375
1344 1375
1345 1345
1345 1376
1345 1376
1346 1346
1346 1347
1346 1347
1346 1377
1346 1377
1347 1347
1347 1348
1347 1348
1347 1378
1347 1378
1348 1348
1348 1349
1348 1349
1348 1379
1348 1379
1349 1349
1349 1350
1349 1350
1349 1380
1349 1380
1350 1350
1350 1351
1350 1351
1350 1381
1350 1381
1351 1351
1351 1352
1351 1352
1351 1382
1351 1382
1352 1352
1352 1353
1352 1353
1352 1383
1352 1383
1353 1353
1353 1354
1353 1354
1353 1384
1353 1384
1354 1354
1354 1355
1354 1355
1354 1385
1354 1385
1355 1355
1355 1356
1355 1356
1355 1386
1355 1386
1356 1356
1356 1387
1356 1387
1357 1357
1357 1358
1357 1358
1357 1388
1357 1388
1358 1358
1358 1359
1358 1359
1358 1389
1358 1389
1359 1359
1359 1360
1359 1360
1359 1390
1359 1390
1360 1360
1360 1361
1360 1361
1360 1391
1360 1391
1361 1361
1361 1362
1361 1362
1361 1392
1361 1392
1362 1362
1362 1363
1362 1363
1362 1393
1362 1393
1363 1363
1363 1364
1363 1364
1363 1394
1363 1394
1364 1364
1364 1365
1364 1365
1364 1395
1364 1395
1365 1365
1365 1366
1365 1366
1365 1396
1365 1396
1366 1366
1366 1367
1366 1367
1366 1397
1366 1397
1367 1367
1367 1368
1367 1368
1367 1398
1367 1398
1368 1368
1368 1369
1368 1369
1368 1399
1368 1399
1369 1369
1369 1370
1369 1370
1369 1400
1369 1400
1370 1370
1370 1371
1370 1371
1370 1401
1370 1401
1371 1371
1371 1372
1371 1372
1371 1402
1371 1402
1372 1372
1372 1373
1372 1373
1372 1403
1372 1403
1373 1373
1373 1374
1373 1374
1373 1404
1373 1404
1374 1374
1374 1375
1374 1375
1374 1405
1374 1405
1375 1375
1375 1376
1375 1376
1375 1406
1375 1406
1376 1376
1376 1407
1376 1407
1377 1377
1377 1378
1377 1378
1377 1408
1377 1408
1378 1378
1378 1379
1378 1379
1378 1409
1378 1409
1379 1379
1379 1380
1379 1380
1379 1410
1379 1410
1380 1380
1380 1381
1380 1381
1380 1411
1380 1411
1381 1381
1381 1382
1381 1382
1381 1412
1381 1412
1382 1382
1382 1383
1382 1383
1382 1413
1382 1413
1383 1383
1383 1384
1383 1384
1383 1414
1383 1414
1384 1384
1384 1385
1384 1385
1384 1415
1384 1415
1385 1385
1385 1386
1385 1386
1385 1416
1385 1416
1386 1386
1386 1387
1386 1387
1386 1417
1386 1417
1387 1387
1387 1418
1387 1418
1388 1388
1388 1389
1388 1389
1388 1419
1388 1419
1389 1389
1389 1390
1389 1390
1389 1420
1389 1420
1390 1390
1390 1391
1390 1391
1390 1421
1390 1421
1391 1391
1391 1392
1391 1392
1391 1422
1391 1422
1392 1392
1392 1393
1392 1393
1392 1423
1392 1423
1393 1393
1393 1394
1393 1394
1393 1424
1393 1424
1394 1394
1394 1395
1394 1395
1394 1425
1394 1425
1395 1395
1395 1396
1395 1396
1395 1426
1395 1426
1396 1396
1396 1397
1396 1397
1396 1427
1396 1427
1397 1397
1397 1398
1397 1398
1398 1398
1398 1399
1398 1399
1398 1428
1398 1428
1399 1399
1399 1400
1399 1400
1399 1429
1399 1429
1400 1400
1400 1401
1400 1401
1400 1430
1400 1430
1401 1401
1401 1402
1401 1402
1401 1431
1401 1431
1402 1402
1402 1403
1402 1403
1402 1432
1402 1432
1403 1403
1403 1404
1403 1404
1403 1433
1403 1433
1404 1404
1404 1405
1404 1405
1404 1434
1404 1434
1405 1405
1405 1406
1405 1406
1405 1435
1405 1435
1406 1406
1406 1407
1406 1407
1406 1436
1406 1436
1407 1407
1407 1437
1407 1437
1408 1408
1408 1409
1408 1409
1408 1438
1408 1438
1409 1409
1409 1410
1409 1410
1409 1439
1409 1439
1410 1410
1410 1411
1410 1411
1410 1440
1410 1440
1411 1411
1411 1412
1411 1412
1411 1441
1411 1441
1412 1412
1412 1413
1412 1413
1412 1442
1412 1442
1413 1413
1413 1414
1413 1414
1413 1443
1413 1443
1414 1414
1414 1415
1414 1415
1414 1444
1414 1444
1415 1415
1415 1416
1415 1416
1415 1445
1415 1445
1416 1416
1416 1417
1416 1417
1416 1446
1416 1446
1417 1417
1417 1418
1417 1418
1417 1447
1417 1447
1418 1418
1418 1448
1418 1448
1419 1419
1419 1420
1419 1420
1419 1449
1419 1449
1420 1420
1420 1421
1420 1421
1420 1450
1420 1450
1421 1421
1421 1422
1421 1422
1421 1451
1421 1451
1422 1422
1422 1423
1422 1423
1422 1452
1422 1452
1423 1423
1423 1424
1423 1424
1423 1453
1423 1453
1424 1424
1424 1425
1424 1425
1424 1454
1424 1454
1425 1425
1425 1426
1425 1426
1425 1455
1425 1455
1426 1426
1426 1427
1426 1427
1426 1456
1426 1456
1427 1427
1427 1457
1427 1457
1428 1428
1428 1429
1428 1429
1428 1458
1428 1458
1429 1429
1429 1430
1429 1430
1429 1459
1429 1459
1430 1430
1430 1431
1430 1431
1430 1460
1430 1460
1431 1431
1431 1432
1431 1432
1431 1461
1431 1461
1432 1432
1432 1433
1432 1433
1432 1462
1432 1462
1433 1433
1433 1434
1433 1434
1433 1463
1433 1463
1434 1434
1434 1435
1434 1435
1434 1464
1434 1464
1435 1435
1435 1436
1435 1436
1435 1465
1435 1465
1436 1436
1436 1437
1436 1437
1436 1466
1436 1466
1437 1437
1437 1467
1437 1467
1438 1438
1438 1439
1438 1439
1438 1468
1438 1468
1439 1439
1439 1440
1439 1440
1439 1469
1439 1469
1440 1440
1440 1441
1440 1441
1440 1470
1440 1470
1441 1441
1441 1442
1441 1442
1441 1471
1441 1471
1442 1442
1442 1443
1442 1443
1442 1472
1442 1472
1443 1443
1443 1444
1443 1444
1443 1473
1443 1473
1444 1444
1444 1445
1444 1445
1444 1474
1444 1474
1445 1445
1445 1446
1445 1446
1445 1475
1445 1475
1446 1446
1446 1447
1446 1447
1446 1476
1446 1476
1447 1447
1447 1448
1447 1448
1447 1477
1447 1477
1448 1448
1448 1478
1448 1478
1449 1449
1449 1450
1449 1450
1449 1479
1449 1479
1450 1450
1450 1451
1450 1451
1450 1480
1450 1480
1451 1451
1451 1452
1451 1452
1451 1481
1451 1481
1452 1452
1452 1453
1452 1453
1452 1482
1452 1482
1453 1453
1453 1454
1453 1454
1453 1483
1453 1483
1454 1454
1454 1455
1454 1455
1454 1484
1454 1484
1455 1455
1455 1456
1455 1456
1455 1485
1455 1485
1456 1456
1456 1457
1456 1457
1456 1486
1456 1486
1457 1457
1457 1487
1457 1487
1458 1458
1458 1459
1458 1459
1458 1488
1458 1488
1459 1459
1459 1460
1459 1460
1459 1489
1459 1489
1460 1460
1460 1461
1460 1461
1460 1490
1460 1490
1461 1461
1461 1462
1461 1462
1461 1491
1461 1491
1462 1462
1462 1463
1462 1463
1462 1492
1462 1492
1463 1463
1463 1464
1463 1464
1463 1493
1463 1493
1464 1464
1464 1465
1464 1465
1464 1494
1464 1494
1465 1465
1465 1466
1465 1466
1465 1495
1465 1495
1466 1466
1466 1467
1466 1467
1466 1496
1466 1496
1467 1467
1467 1497
1467 1497
1468 1468
1468 1469
1468 1469
1468 1498
1468 1498
1469 1469
1469 1470
1469 1470
1469 1499
1469 1499
1470 1470
1470 1471
1470 1471
1470 1500
1470 1500
1471 1471
1471 1472
1471 1472
1471 1501
1471 1501
1472 1472
1472 1473
1472 1473
1472 1502
1472 1502
1473 1473
1473 1474
1473 1474
1473 1503
1473 1503
1474 1474
1474 1475
1474 1475
1474 1504
1474 1504
1475 1475
1475 1476
1475 1476
1475 1505
1475 1505
1476 1476
1476 1477
1476 1477
1476 1506
1476 1506
1477 1477
1477 1478
1477 1478
1477 1507
1477 1507
1478 1478
1478 1508
1478 1508
1479 1479
1479 1480
1479 1480
1479 1509
1479 1509
1480 1480
1480 1481
1480 1481
1480 1510
1480 1510
1481 1481
1481 1482
1481 1482
1481 1511
1481 1511
1482 1482
1482 1483
1482 1483
1482 1512
1482 1512
1483 1483
1483 1484
1483 1484
1483 1513
1483 1513
1484 1484
1484 1485
1484 1485
1484 1514
1484 1514
1485 1485
1485 1486
1485 1486
1485 1515
1485 1515
1486 1486
1486 1487
1486 1487
1486 1516
1486 1516
1487 1487
1487 1517
1487 1517
1488 1488
1488 1489
1488 1489
1488 1518
1488 1518
1489 1489
1489 1490
1489 1490
1489 1519
1489 1519
1490 1490
1490 1491
1490 1491
1490 1520
1490 1520
1491 1491
1491 1492
1491 1492
1491 1521
1491 1521
1492 1492
1492 1493
1492 1493
1492 1522
1492 1522
1493 1493
1493 1494
1493 1494
1493 1523
1493 1523
1494 1494
1494 1495
1494 1495
1494 1524
1494 1524
1495 1495
1495 1496
1495 1496
1495 1525
1495 1525
1496 1496
1496 1497
1496 1497
1496 1526
1496 1526
1497 1497
1497 1527
1497 1527
1498 1498
1498 1499
1498 1499
1498 1528
1498 1528
1499 1499
1499 1500
1499 1500
1499 1529
1499 1529
1500 1500
1500 1501
1500 1501
1500 1530
1500 1530
1501 1501
1501 1502
1501 1502
1501 1531
1501 1531
1502 1502
1502 1503
1502 1503
1502 1532
1502 1532
1503 1503
1503 1504
1503 1504
1503 1533
1503 1533
1504 1504
1504 1505
1504 1505
1504 1534
1504 1534
1505 1505
1505 1506
1505 1506
1505 1535
1505 1535
1506 1506
1506 1507
1506 1507
1506 1536
1506 1536
1507 1507
1507 1508
1507 1508
1507 1537
1507 1537
1508 1508
1508 1538
1508 1538
1509 1509
1509 1510
1509 1510
1509 1539
1509 1539
1510 1510
1510 1511
1510 1511
1510 1540
1510 1540
1511 1511
1511 1512
1511 1512
1511 1541
1511 1541
1512 1512
1512 1513
1512 1513
1512 1542
1512 1542
1513 1513
1513 1514
1513 1514
1513 1543
1513 1543
1514 1514
1514 1515
1514 1515
1514 1544
1514 1544
1515 1515
1515 1516
1515 1516
1515 1545
1515 1545
1516 1516
1516 1517
1516 1517
1516 1546
1516 1546
1517 1517
1517 1547
1517 1547
1518 1518
1518 1519
1518 1519
1518 1548
1518 1548
1519 1519
1519 1520
1519 1520
1519 1549
1519 1549
1520 1520
1520 1521
1520 1521
1520 1550
1520 1550
1521 1521
1521 1522
1521 1522
1521 1551
1521 1551
1522 1522
1522 1523
1522 1523
1522 1552
1522 1552
1523 1523
1523 1524
1523 1524
1523 1553
1523 1553
1524 1524
1524 1525
1524 1525
1524 1554
1524 1554
1525 1525
1525 1526
1525 1526
1525 1555
1525 1555
1526 1526
1526 1527
1526 1527
1526 1556
1526 1556
1527 1527
1527 1557
1527 1557
1528 1528
1528 1529
1528 1529
1528 1558
1528 1558
1529 1529
1529 1530
1529 1530
1529 1559
1529 1559
1530 1530
1530 1531
1530 1531
1530 1560
1530 1560
1531 1531
1531 1532
1531 1532
1531 1561
1531 1561
1532 1532
1532 1533
1532 1533
1532 1562
1532 1562
1533 1533
1533 1534
1533 1534
1533 1563
1533 1563
1534 1534
1534 1535
1534 1535
1534 1564
1534 1564
1535 1535
1535 1536
1535 1536
1535 1565
1535 1565
1536 1536
1536 1537
1536 1537
1536 1566
1536 1566
1537 1537
1537 1538
1537 1538
1537 1567
1537 1567
1538 1538
1538 1568
1538 1568
1539 1539
1539 1540
1539 1540
1539 1569
1539 1569
1540 1540
1540 1541
1540 1541
1540 1570
1540 1570
1541 1541
1541 1542
1541 1542
1541 1571
1541 1571
1542 1542
1542 1543
1542 1543
1542 1572
1542 1572
1543 1543
1543 1544
1543 1544
1543 1573
1543 1573
1544 1544
1544 1545
1544 1545
1544 1574
1544 1574
1545 1545
1545 1546
1545 1546
1545 1575
1545 1575
1546 1546
1546 1547
1546 1547
1546 1576
1546 1576
1547 1547
1547 1577
1547 1577
1548 1548
1548 1549
1548 1549
1548 1578
1548 1578
1549 1549
1549 1550
1549 1550
1549 1579
1549 1579
1550 1550
1550 1551
1550 1551
1550 1580
1550 1580
1551 1551
1551 1552
1551 1552
1551 1581
1551 1581
1552 1552
1552 1553
1552 1553
1552 1582
1552 1582
1553 1553
1553 1554
1553 1554
1553 1583
1553 1583
1554 1554
1554 1555
1554 1555
1554 1584
1554 1584
1555 1555
1555 1556
1555 1556
1555 1585
1555 1585
1556 1556
1556 1557
1556 1557
1556 1586
1556 1586
1557 1557
1557 1587
1557 1587
1558 1558
1558 1559
1558 1559
1558 1588
1558 1588
1559 1559
1559 1560
1559 1560
1559 1589
1559 1589
1560 1560
1560 1561
1560 1561
1560 1590
1560 1590
1561 1561
1561 1562
1561 1562
1561 1591
1561 1591
1562 1562
1562 1563
1562 1563
1562 1592
1562 1592
1563 1563
1563 1564
1563 1564
1563 1593
1563 1593
1564 1564
1564 1565
1564 1565
1564 1594
1564 1594
1565 1565
1565 1566
1565 1566
1565 1595
1565 1595
1566 1566
1566 1567
1566 1567
1566 1596
1566 1596
1567 1567
1567 1568
1567 1568
1567 1597
1567 1597
1568 1568
1568 1598
1568 1598
1569 1569
1569 1570
1569 1570
1569 1599
1569 1599
1570 1570
1570 1571
1570 1571
1570 1600
1570 1600
1571 1571
1571 1572
1571 1572
1571 1601
1571 1601
1572 1572
1572 1573
1572 1573
1572 1602
1572 1602
1573 1573
1573 1574
1573 1574
1573 1603
1573 1603
1574 1574
1574 1575
1574 1575
1574 1604
1574 1604
1575 1575
1575 1576
1575 1576
1575 1605
1575 1605
1576 1576
1576 1577
1576 1577
1576 1606
1576 1606
1577 1577
1577 1607
1577 1607
1578 1578
1578 1579
1578 1579
1578 1608
1578 1608
1579 1579
1579 1580
1579 1580
1579 1609
1579 1609
1580 1580
1580 1581
1580 1581
1580 1610
1580 1610
1581 1581
1581 1582
1581 1582
1581 1611
1581 1611
1582 1582
1582 1583
1582 1583
1582 1612
1582 1612
1583 1583
1583 1584
1583 1584
1583 1613
1583 1613
1584 1584
1584 1585
1584 1585
1584 1614
1584 1614
1585 1585
1585 1586
1585 1586
1585 1615
1585 1615
1586 1586
1586 1587
1586 1587
1586 1616
1586 1616
1587 1587
1587 1617
1587 1617
1588 1588
1588 1589
1588 1589
1588 1618
1588 1618
1589 1589
1589 1590
1589 1590
1589 1619
1589 1619
1590 1590
1590 1591
1590 1591
1590 1620
1590 1620
1591 1591
1591 1592
1591 1592
1591 1621
1591 1621
1592 1592
1592 1593
1592 1593
1592 1622
1592 1622
1593 1593
1593 1594
1593 1594
1593 1623
1593 1623
1594 1594
1594 1595
1594 1595
1594 1624
1594 1624
1595 1595
1595 1596
1595 1596
1595 1625
1595 1625
1596 1596
1596 1597
1596 1597
1596 1626
1596 1626
1597 1597
1597 1598
1597 1598
1597 1627
1597 1627
1598 1598
1598 1628
1598 1628
1599 1599
1599 1600
1599 1600
1599 1629
1599 1629
1600 1600
1600 1601
1600 1601
1600 1630
1600 1630
1601 1601
1601 1602
1601 1602
1601 1631
1601 1631
1602 1602
1602 1603
1602 1603
1602 1632
1602 1632
1603 1603
1603 1604
1603 1604
1603 1633
1603 1633
1604 1604
1604 1605
1604 1605
1604 1634
1604 1634
1605 1605
1605 1606
1605 1606
1605 1635
1605 1635
1606 1606
1606 1607
1606 1607
1606 1636
1606 1636
1607 1607
1607 1637
1607 1637
1608 1608
1608 1609
1608 1609
1608 1638
1608 1638
1609 1609
1609 1610
1609 1610
1609 1639
1609 1639
1610 1610
1610 1611
1610 1611
1610 1640
1610 1640
1611 1611
1611 1612
1611 1612
1611 1641
1611 1641
1612 1612
1612 1613
1612 1613
1612 1642
1612 1642
1613 1613
1613 1614
1613 1614
1613 1643
1613 1643
1614 1614
1614 1615
1614 1615
1614 1644
1614 1644
1615 1615
1615 1616
1615 1616
1615 1645
1615 1645
1616 1616
1616 1617
1616 1617
1616 1646
1616 1646
1617 1617
1617 1647
1617 1647
1618 1618
1618 1619
1618 1619
1618 1648
1618 1648
1619 1619
1619 1620
1619 1620
1619 1649
1619 1649
1620 1620
1620 1621
1620 1621
1620 1650
1620 1650
1621 1621
1621 1622
1621 1622
1621 1651
1621 1651
1622 1622
1622 1623
1622 1623
1622 1652
1622 1652
1623 1623
1623 1624
1623 1624
1623 1653
1623 1653
1624 1624
1624 1625
1624 1625
1624 1654
1624 1654
1625 1625
1625 1626
1625 1626
1625 1655
1625 1655
1626 1626
1626 1627
1626 1627
1626 1656
1626 1656
1627 1627
1627 1628
1627 1628
1627 1657
1627 1657
1628 1628
1628 1658
1628 1658
1629 1629
1629 1630
1629 1630
1629 1659
1629 1659
1630 1630
1630 1631
1630 1631
1630 1660
1630 1660
1631 1631
1631 1632
1631 1632
1631 1661
1631 1661
1632 1632
1632 1633
1632 1633
1632 1662
1632 1662
1633 1633
1633 1634
1633 1634
1633 1663
1633 1663
1634 1634
1634 1635
1634 1635
1634 1664
1634 1664
1635 1635
1635 1636
1635 1636
1635 1665
1635 1665
1636 1636
1636 1637
1636 1637
1636 1666
1636 1666
1637 1637
1637 1667
1637 1667
1638 1638
1638 1639
1638 1639
1638 1668
1638 1668
1639 1639
1639 1640
1639 1640
1639 1669
1639 1669
1640 1640
1640 1641
1640 1641
1640 1670
1640 1670
1641 1641
1641 1642
1641 1642
1641 1671
1641 1671
1642 1642
1642 1643
1642 1643
1642 1672
1642 1672
1643 1643
1643 1644
1643 1644
1643 1673
1643 1673
1644 1644
1644 1645
1644 1645
1644 1674
1644 1674
1645 1645
1645 1646
1645 1646
1645 1675
1645 1675
1646 1646
1646 1647
1646 1647
1646 1676
1646 1676
1647 1647
1647 1677
1647 1677
1648 1648
1648 1649
1648 1649
1648 1678
1648 1678
1649 1649
1649 1650
1649 1650
1649 1679
1649 1679
1650 1650
1650 1651
1650 1651
1650 1680
1650 1680
1651 1651
1651 1652
1651 1652
1651 1681
1651 1681
1652 1652
1652 1653
1652 1653
1652 1682
1652 1682
1653 1653
1653 1654
1653 1654
1653 1683
1653 1683
1654 1654
1654 1655
1654 1655
1654 1684
1654 1684
1655 1655
1655 1656
1655 1656
1655 1685
1655 1685
1656 1656
1656 1657
1656 1657
1656 1686
1656 1686
1657 1657
1657 1658
1657 1658
1657 1687
1657 1687
1658 1658
1658 1688
1658 1688
1659 1659
1659 1660
1659 1660
1659 1689
1659 1689
1660 1660
1660 1661
1660 1661
1660 1690
1660 1690
1661 1661
1661 1662
1661 1662
1661 1691
1661 1691
1662 1662
1662 1663
1662 1663
1662 1692
1662 1692
1663 1663
1663 1664
1663 1664
1663 1693
1663 1693
1664 1664
1664 1665
1664 1665
1664 1694
1664 1694
1665 1665
1665 1666
1665 1666
1665 1695
1665 1695
1666 1666
1666 1667
1666 1667
1666 1696
1666 1696
1667 1667
1667 1697
1667 1697
1668 1668
1668 1669
1668 1669
1668 1698
1668 1698
1669 1669
1669 1670
1669 1670
1669 1699
1669 1699
1670 1670
1670 1671
1670 1671
1670 1700
1670 1700
1671 1671
1671 1672
1671 1672
1671 1701
1671 1701
1672 1672
1672 1673
1672 1673
1672 1702
1672 1702
1673 1673
1673 1674
1673 1674
1673 1703
1673 1703
1674 1674
1674 1675
1674 1675
1674 1704
1674 1704
1675 1675
1675 1676
1675 1676
1675 1705
1675 1705
1676 1676
1676 1677
1676 1677
1676 1706
1676 1706
1677 1677
1677 1707
1677 1707
1678 1678
1678 1679
1678 1679
1678 1708
1678 1708
1679 1679
1679 1680
1679 1680
1679 1709
1679 1709
1680 1680
1680 1681
1680 1681
1680 1710
1680 1710
1681 1681
1681 1682
1681 1682
1681 1711
1681 1711
1682 1682
1682 1683
1682 1683
1682 1712
1682 1712
1683 1683
1683 1684
1683 1684
1683 1713
1683 1713
1684 1684
1684 1685
1684 1685
1684 1714
1684 1714
1685 1685
1685 1686
1685 1686
1685 1715
1685 1715
1686 1686
1686 1687
1686 1687
1686 1716
1686 1716
1687 1687
1687 1688
1687 1688
1687 1717
1687 1717
1688 1688
1688 1718
1688 1718
1689 1689
1689 1690
1689 1690
1689 1719
1689 1719
1690 1690
1690 1691
1690 1691
1690 1720
1690 1720
1691 1691
1691 1692
1691 1692
1691 1721
1691 1721
1692 1692
1692 1693
1692 1693
1692 1722
1692 1722
1693 1693
1693 1694
1693 1694
1693 1723
1693 1723
1694 1694
1694 1695
1694 1695
1694 1724
1694 1724
1695 1695
1695 1696
1695 1696
1695 1725
1695 1725
1696 1696
1696 1697
1696 1697
1696 1726
1696 1726
1697 1697
1697 1727
1697 1727
1698 1698
1698 1699
1698 1699
1698 1728
1698 1728
1699 1699
1699 1700
1699 1700
1699 1729
1699 1729
1700 1700
1700 1701
1700 1701
1700 1730
1700 1730
1701 1701
1701 1702
1701 1702
1701 1731
1701 1731
1702 1702
1702 1703
1702 1703
1702 1732
1702 1732
1703 1703
1703 1704
1703 1704
1703 1733
1703 1733
1704 1704
1704 1705
1704 1705
1704 1734
1704 1734
1705 1705
1705 1706
1705 1706
1705 1735
1705 1735
1706 1706
1706 1707
1706 1707
1706 1736
1706 1736
1707 1707
1707 1737
1707 1737
1708 1708
1708 1709
1708 1709
1708 1738
1708 1738
1709 1709
1709 1710
1709 1710
1709 1739
1709 1739
1710 1710
1710 1711
1710 1711
1710 1740
1710 1740
1711 1711
1711 1712
1711 1712
1711 1741
1711 1741
1712 1712
1712 1713
1712 1713
1712 1742
1712 1742
1713 1713
1713 1714
1713 1714
1713 1743
1713 1743
1714 1714
1714 1715
1714 1715
1714 1744
1714 1744
1715 1715
1715 1716
1715 1716
1715 1745
1715 1745
1716 1716
1716 1717
1716 1717
1716 1746
1716 1746
1717 1717
1717 1718
1717 1718
1717 1747
1717 1747
1718 1718
1718 1748
1718 1748
1719 1719
1719 1720
1719 1720
1719 1749
1719 1749
1720 1720
1720 1721
1720 1721
1720 1750
1720 1750
1721 1721
1721 1722
1721 1722
1721 1751
1721 1751
1722 1722
1722 1723
1722 1723
1722 1752
1722 1752
1723 1723
1723 1724
1723 1724
1723 1753
1723 1753
1724 1724
1724 1725
1724 1725
1724 1754
1724 1754
1725 1725
1725 1726
1725 1726
1725 1755
1725 1755
1726 1726
1726 1727
1726 1727
1726 1756
1726 1756
1727 1727
1727 1757
1727 1757
1728 1728
1728 1729
1728 1729
1728 1759
1728 1759
1729 1729
1729 1730
1729 1730
1729 1760
1729 1760
1730 1730
1730 1731
1730 1731
1730 1761
1730 1761
1731 1731
1731 1732
1731 1732
1731 1762
1731 1762
1732 1732
1732 1733
1732 1733
1732 1763
1732 1763
1733 1733
1733 1734
1733 1734
1733 1764
1733 1764
1734 1734
1734 1735
1734 1735
1734 1765
1734 1765
1735 1735
1735 1736
1735 1736
1735 1766
1735 1766
1736 1736
1736 1737
1736 1737
1736 1767
1736 1767
1737 1737
1737 1768
1737 1768
1738 1738
1738 1739
1738 1739
1738 1769
1738 1769
1739 1739
1739 1740
1739 1740
1739 1770
1739 1770
1740 1740
1740 1741
1740 1741
1740 1771
1740 1771
1741 1741
1741 1742
1741 1742
1741 1772
1741 1772
1742 1742
1742 1743
1742 1743
1742 1773
1742 1773
1743 1743
1743 1744
1743 1744
1743 1774
1743 1774
1744 1744
1744 1745
1744 1745
1744 1775
1744 1775
1745 1745
1745 1746
1745 1746
1745 1776
1745 1776
1746 1746
1746 1747
1746 1747
1746 1777
1746 1777
1747 1747
1747 1748
1747 1748
1747 1778
1747 1778
1748 1748
1748 1779
1748 1779
1749 1749
1749 1750
1749 1750
1749 1780
1749 1780
1750 1750
1750 1751
1750 1751
1750 1781
1750 1781
1751 1751
1751 1752
1751 1752
1751 1782
1751 1782
1752 1752
1752 1753
1752 1753
1752 1783
1752 1783
1753 1753
1753 1754
1753 1754
1753 1784
1753 1784
1754 1754
1754 1755
1754 1755
1754 1785
1754 1785
1755 1755
1755 1756
1755 1756
1755 1786
1755 1786
1756 1756
1756 1757
1756 1757
1756 1787
1756 1787
1757 1757
1757 1758
1757 1758
1757 1788
1757 1788
1758 1758
1758 1759
1758 1759
1758 1789
1758 1789
1759 1759
1759 1760
1759 1760
1759 1790
1759 1790
1760 1760
1760 1761
1760 1761
1760 1791
1760 1791
1761 1761
1761 1762
1761 1762
1761 1792
1761 1792
1762 1762
1762 1763
1762 1763
1762 1793
1762 1793
1763 1763
1763 1764
1763 1764
1763 1794
1763 1794
1764 1764
1764 1765
1764 1765
1764 1795
1764 1795
1765 1765
1765 1766
1765 1766
1765 1796
1765 1796
1766 1766
1766 1767
1766 1767
1766 1797
1766 1797
1767 1767
1767 1768
1767 1768
1767 1798
1767 1798
1768 1768
1768 1799
1768 1799
1769 1769
1769 1770
1769 1770
1769 1800
1769 1800
1770 1770
1770 1771
1770 1771
1770 1801
1770 1801
1771 1771
1771 1772
1771 1772
1771 1802
1771 1802
1772 1772
1772 1773
1772 1773
1772 1803
1772 1803
1773 1773
1773 1774
1773 1774
1773 1804
1773 1804
1774 1774
1774 1775
1774 1775
1774 1805
1774 1805
1775 1775
1775 1776
1775 1776
1775 1806
1775 1806
1776 1776
1776 1777
1776 1777
1776 1807
1776 1807
1777 1777
1777 1778
1777 1778
1777 1808
1777 1808
1778 1778
1778 1779
1778 1779
1778 1809
1778 1809
1779 1779
1779 1810
1779 1810
1780 1780
1780 1781
1780 1781
1780 1811
1780 1811
1781 1781
1781 1782
1781 1782
1781 1812
1781 1812
1782 1782
1782 1783
1782 1783
1782 1813
1782 1813
1783 1783
1783 1784
1783 1784
1783 1814
1783 1814
1784 1784
1784 1785
1784 1785
1784 1815
1784 1815
1785 1785
1785 1786
1785 1786
1785 1816
1785 1816
1786 1786
1786 1787
1786 1787
1786 1817
1786 1817
1787 1787
1787 1788
1787 1788
1787 1818
1787 1818
1788 1788
1788 1789
1788 1789
1788 1819
1788 1819
1789 1789
1789 1790
1789 1790
1789 1820
1789 1820
1790 1790
1790 1791
1790 1791
1790 1821
1790 1821
1791 1791
1791 1792
1791 1792
1791 1822
1791 1822
1792 1792
1792 1793
1792 1793
1792 1823
1792 1823
1793 1793
1793 1794
1793 1794
1793 1824
1793 1824
1794 1794
1794 1795
1794 1795
1794 1825
1794 1825
1795 1795
1795 1796
1795 1796
1795 1826
1795 1826
1796 1796
1796 1797
1796 1797
1796 1827
1796 1827
1797 1797
1797 1798
1797 1798
1797 1828
1797 1828
1798 1798
1798 1799
1798 1799
1798 1829
1798 1829
1799 1799
1799 1830
1799 1830
1800 1800
1800 1801
1800 1801
1800 1831
1800 1831
1801 1801
1801 1802
1801 1802
1801 1832
1801 1832
1802 1802
1802 1803
1802 1803
1802 1833
1802 1833
1803 1803
1803 1804
1803 1804
1803 1834
1803 1834
1804 1804
1804 1805
1804 1805
1804 1835
1804 1835
1805 1805
1805 1806
1805 1806
1805 1836
1805 1836
1806 1806
1806 1807
1806 1807
1806 1837
1806 1837
1807 1807
1807 1808
1807 1808
1807 1838
1807 1838
1808 1808
1808 1809
1808 1809
1808 1839
1808 1839
1809 1809
1809 1810
1809 1810
1809 1840
1809 1840
1810 1810
1810 1841
1810 1841
1811 1811
1811 1812
1811 1812
1811 1842
1811 1842
1812 1812
1812 1813
1812 1813
1812 1843
1812 1843
1813 1813
1813 1814
1813 1814
1813 1844
1813 1844
1814 1814
1814 1815
1814 1815
1814 1845
1814 1845
1815 1815
1815 1816
1815 1816
1815 1846
1815 1846
1816 1816
1816 1817
1816 1817
1816 1847
1816 1847
1817 1817
1817 1818
1817 1818
1817 1848
1817 1848
1818 1818
1818 1819
1818 1819
1818 1849
1818 1849
1819 1819
1819 1820
1819 1820
1819 1850
1819 1850
1820 1820
1820 1821
1820 1821
1820 1851
1820 1851
1821 1821
1821 1822
1821 1822
1821 1852
1821 1852
1822 1822
1822 1823
1822 1823
1822 1853
1822 1853
1823 1823
1823 1824
1823 1824
1823 1854
1823 1854
1824 1824
1824 1825
1824 1825
1824 1855
1824 1855
1825 1825
1825 1826
1825 1826
1825 1856
1825 1856
1826 1826
1826 1827
1826 1827
1826 1857
1826 1857
1827 1827
1827 1828
1827 1828
1827 1858
1827 1858
1828 1828
1828 1829
1828 1829
1828 1859
1828 1859
1829 1829
1829 1830
1829 1830
1829 1860
1829 1860
1830 1830
1830 1861
1830 1861
1831 1831
1831 1832
1831 1832
1831 1862
1831 1862
1832 1832
1832 1833
1832 1833
1832 1863
1832 1863
1833 1833
1833 1834
1833 1834
1833 1864
1833 1864
1834 1834
1834 1835
1834 1835
1834 1865
1834 1865
1835 1835
1835 1836
1835 1836
1835 1866
1835 1866
1836 1836
1836 1837
1836 1837
1836 1867
1836 1867
1837 1837
1837 1838
1837 1838
1837 1868
1837 1868
1838 1838
1838 1839
1838 1839
1838 1869
1838 1869
1839 1839
1839 1840
1839 1840
1839 1870
1839 1870
1840 1840
1840 1841
1840 1841
1840 1871
1840 1871
1841 1841
1841 1872
1841 1872
1842 1842
1842 1843
1842 1843
1842 1873
1842 1873
1843 1843
1843 1844
1843 1844
1843 1874
1843 1874
1844 1844
1844 1845
1844 1845
1844 1875
1844 1875
1845 1845
1845 1846
1845 1846
1845 1876
1845 1876
1846 1846
1846 1847
1846 1847
1846 1877
1846 1877
1847 1847
1847 1848
1847 1848
1847 1878
1847 1878
1848 1848
1848 1849
1848 1849
1848 1879
1848 1879
1849 1849
1849 1850
1849 1850
1849 1880
1849 1880
1850 1850
1850 1851
1850 1851
1850 1881
1850 1881
1851 1851
1851 1852
1851 1852
1851 1882
1851 1882
1852 1852
1852 1853
1852 1853
1852 1883
1852 1883
1853 1853
1853 1854
1853 1854
1853 1884
1853 1884
1854 1854
1854 1855
1854 1855
1854 1885
1854 1885
1855 1855
1855 1856
1855 1856
1855 1886
1855 1886
1856 1856
1856 1857
1856 1857
1856 1887
1856 1887
1857 1857
1857 1858
1857 1858
1857 1888
1857 1888
1858 1858
1858 1859
1858 1859
1858 1889
1858 1889
1859 1859
1859 1860
1859 1860
1859 1890
1859 1890
1860 1860
1860 1861
1860 1861
1860 1891
1860 1891
1861 1861
1861 1892
1861 1892
1862 1862
1862 1863
1862 1863
1862 1893
1862 1893
1863 1863
1863 1864
1863 1864
1863 1894
1863 1894
1864 1864
1864 1865
1864 1865
1864 1895
1864 1895
1865 1865
1865 1866
1865 1866
1865 1896
1865 1896
1866 1866
1866 1867
1866 1867
1866 1897
1866 1897
1867 1867
1867 1868
1867 1868
1867 1898
1867 1898
1868 1868
1868 1869
1868 1869
1868 1899
1868 1899
1869 1869
1869 1870
1869 1870
1869 1900
1869 1900
1870 1870
1870 1871
1870 1871
1870 1901
1870 1901
1871 1871
1871 1872
1871 1872
1871 1902
1871 1902
1872 1872
1872 1903
1872 1903
1873 1873
1873 1874
1873 1874
1873 1904
1873 1904
1874 1874
1874 1875
1874 1875
1874 1905
1874 1905
1875 1875
1875 1876
1875 1876
1875 1906
1875 1906
1876 1876
1876 1877
1876 1877
1876 1907
1876 1907
1877 1877
1877 1878
1877 1878
1877 1908
1877 1908
1878 1878
1878 1879
1878 1879
1878 1909
1878 1909
1879 1879
1879 1880
1879 1880
1879 1910
1879 1910
1880 1880
1880 1881
1880 1881
1880 1911
1880 1911
1881 1881
1881 1882
1881 1882
1881 1912
1881 1912
1882 1882
1882 1883
1882 1883
1882 1913
1882 1913
1883 1883
1883 1884
1883 1884
1883 1914
1883 1914
1884 1884
1884 1885
1884 1885
1884 1915
1884 1915
1885 1885
1885 1886
1885 1886
1885 1916
1885 1916
1886 1886
1886 1887
1886 1887
1886 1917
1886 1917
1887 1887
1887 1888
1887 1888
1887 1918
1887 1918
1888 1888
1888 1889
1888 1889
1888 1919
1888 1919
1889 1889
1889 1890
1889 1890
1889 1920
1889 1920
1890 1890
1890 1891
1890 1891
1890 1921
1890 1921
1891 1891
1891 1892
1891 1892
1891 1922
1891 1922
1892 1892
1892 1923
1892 1923
1893 1893
1893 1894
1893 1894
1893 1924
1893 1924
1894 1894
1894 1895
1894 1895
1894 1925
1894 1925
1895 1895
1895 1896
1895 1896
1895 1926
1895 1926
1896 1896
1896 1897
1896 1897
1896 1927
1896 1927
1897 1897
1897 1898
1897 1898
1897 1928
1897 1928
1898 1898
1898 1899
1898 1899
1898 1929
1898 1929
1899 1899
1899 1900
1899 1900
1899 1930
1899 1930
1900 1900
1900 1901
1900 1901
1900 1931
1900 1931
1901 1901
1901 1902
1901 1902
1901 1932
1901 1932
1902 1902
1902 1903
1902 1903
1902 1933
1902 1933
1903 1903
1903 1934
1903 1934
1904 1904
1904 1905
1904 1905
1904 1935
1904 1935
1905 1905
1905 1906
1905 1906
1905 1936
1905 1936
1906 1906
1906 1907
1906 1907
1906 1937
1906 1937
1907 1907
1907 1908
1907 1908
1907 1938
1907 1938
1908 1908
1908 1909
1908 1909
1908 1939
1908 1939
1909 1909
1909 1910
1909 1910
1909 1940
1909 1940
1910 1910
1910 1911
1910 1911
1910 1941
1910 1941
1911 1911
1911 1912
1911 1912
1911 1942
1911 1942
1912 1912
1912 1913
1912 1913
1912 1943
1912 1943
1913 1913
1913 1914
1913 1914
1913 1944
1913 1944
1914 1914
1914 1915
1914 1915
1914 1945
1914 1945
1915 1915
1915 1916
1915 1916
1915 1946
1915 1946
1916 1916
1916 1917
1916 1917
1916 1947
1916 1947
1917 1917
1917 1918
1917 1918
1917 1948
1917 1948
1918 1918
1918 1919
1918 1919
1918 1949
1918 1949
1919 1919
1919 1920
1919 1920
1919 1950
1919 1950
1920 1920
1920 1921
1920 1921
1920 1951
1920 1951
1921 1921
1921 1922
1921 1922
1921 1952
1921 1952
1922 1922
1922 1923
1922 1923
1922 1953
1922 1953
1923 1923
1923 1954
1923 1954
1924 1924
1924 1925
1924 1925
1924 1955
1924 1955
1925 1925
1925 1926
1925 1926
1925 1956
1925 1956
1926 1926
1926 1927
1926 1927
1926 1957
1926 1957
1927 1927
1927 1928
1927 1928
1927 1958
1927 1958
1928 1928
1928 1929
1928 1929
1928 1959
1928 1959
1929 1929
1929 1930
1929 1930
1929 1960
1929 1960
1930 1930
1930 1931
1930 1931
1930 1961
1930 1961
1931 1931
1931 1932
1931 1932
1931 1962
1931 1962
1932 1932
1932 1933
1932 1933
1932 1963
1932 1963
1933 1933
1933 1934
1933 1934
1933 1964
1933 1964
1934 1934
1934 1965
1934 1965
1935 1935
1935 1936
1935 1936
1935 1966
1935 1966
1936 1936
1936 1937
1936 1937
1936 1967
1936 1967
1937 1937
1937 1938
1937 1938
1937 1968
1937 1968
1938 1938
1938 1939
1938 1939
1938 1969
1938 1969
1939 1939
1939 1940
1939 1940
1939 1970
1939 1970
1940 1940
1940 1941
1940 1941
1940 1971
1940 1971
1941 1941
1941 1942
1941 1942
1941 1972
1941 1972
1942 1942
1942 1943
1942 1943
1942 1973
1942 1973
1943 1943
1943 1944
1943 1944
1943 1974
1943 1974
1944 1944
1944 1945
1944 1945
1944 1975
1944 1975
1945 1945
1945 1946
1945 1946
1945 1976
1945 1976
1946 1946
1946 1947
1946 1947
1946 1977
1946 1977
1947 1947
1947 1948
1947 1948
1947 1978
1947 1978
1948 1948
1948 1949
1948 1949
1948 1979
1948 1979
1949 1949
1949 1950
1949 1950
1949 1980
1949 1980
1950 1950
1950 1951
1950 1951
1950 1981
1950 1981
1951 1951
1951 1952
1951 1952
1951 1982
1951 1982
1952 1952
1952 1953
1952 1953
1952 1983
1952 1983
1953 1953
1953 1954
1953 1954
1953 1984
1953 1984
1954 1954
1954 1985
1954 1985
1955 1955
1955 1956
1955 1956
1955 1986
1955 1986
1956 1956
1956 1957
1956 1957
1956 1987
1956 1987
1957 1957
1957 1958
1957 1958
1957 1988
1957 1988
1958 1958
1958 1959
1958 1959
1958 1989
1958 1989
1959 1959
1959 1960
1959 1960
1959 1990
1959 1990
1960 1960
1960 1961
1960 1961
1960 1991
1960 1991
1961 1961
1961 1962
1961 1962
1961 1992
1961 1992
1962 1962
1962 1963
1962 1963
1962 1993
1962 1993
1963 1963
1963 1964
1963 1964
1963 1994
1963 1994
1964 1964
1964 1965
1964 1965
1964 1995
1964 1995
1965 1965
1965 1996
1965 1996
1966 1966
1966 1967
1966 1967
1966 1997
1966 1997
1967 1967
1967 1968
1967 1968
1967 1998
1967 1998
1968 1968
1968 1969
1968 1969
1968 1999
1968 1999
1969 1969
1969 1970
1969 1970
1969 2000
1969 2000
1970 1970
1970 1971
1970 1971
1970 2001
1970 2001
1971 1971
1971 1972
1971 1972
1971 2002
1971 2002
1972 1972
1972 1973
1972 1973
1972 2003
1972 2003
1973 1973
1973 1974
1973 1974
1973 2004
1973 2004
1974 1974
1974 1975
1974 1975
1974 2005
1974 2005
1975 1975
1975 1976
1975 1976
1975 2006
1975 2006
1976 1976
1976 1977
1976 1977
1976 2007
1976 2007
1977 1977
1977 1978
1977 1978
1977 2008
1977 2008
1978 1978
1978 1979
1978 1979
1978 2009
1978 2009
1979 1979
1979 1980
1979 1980
1979 2010
1979 2010
1980 1980
1980 1981
1980 1981
1980 2011
1980 2011
1981 1981
1981 1982
1981 1982
1981 2012
1981 2012
1982 1982
1982 1983
1982 1983
1982 2013
1982 2013
1983 1983
1983 1984
1983 1984
1983 2014
1983 2014
1984 1984
1984 1985
1984 1985
1984 2015
1984 2015
1985 1985
1985 2016
1985 2016
1986 1986
1986 1987
1986 1987
1986 2017
1986 2017
1987 1987
1987 1988
1987 1988
1987 2018
1987 2018
1988 1988
1988 1989
1988 1989
1988 2019
1988 2019
1989 1989
1989 1990
1989 1990
1989 2020
1989 2020
1990 1990
1990 1991
1990 1991
1990 2021
1990 2021
1991 1991
1991 1992
1991 1992
1991 2022
1991 2022
1992 1992
1992 1993
1992 1993
1992 2023
1992 2023
1993 1993
1993 1994
1993 1994
1993 2024
1993 2024
1994 1994
1994 1995
1994 1995
1994 2025
1994 2025
1995 1995
1995 1996
1995 1996
1995 2026
1995 2026
1996 1996
1996 2027
1996 2027
1997 1997
1997 1998
1997 1998
1997 2028
1997 2028
1998 1998
1998 1999
1998 1999
1998 2029
1998 2029
1999 1999
1999 2000
1999 2000
1999 2030
1999 2030
2000 2000
2000 2001
2000 2001
2000 2031
2000 2031
2001 2001
2001 2002
2001 2002
2001 2032
2001 2032
2002 2002
2002 2003
2002 2003
2002 2033
2002 2033
2003 2003
2003 2004
2003 2004
2003 2034
2003 2034
2004 2004
2004 2005
2004 2005
2004 2035
2004 2035
2005 2005
2005 2006
2005 2006
2005 2036
2005 2036
2006 2006
2006 2007
2006 2007
2006 2037
2006 2037
2007 2007
2007 2008
2007 2008
2007 2038
2007 2038
2008 2008
2008 2009
2008 2009
2008 2039
2008 2039
2009 2009
2009 2010
2009 2010
2009 2040
2009 2040
2010 2010
2010 2011
2010 2011
2010 2041
2010 2041
2011 2011
2011 2012
2011 2012
2011 2042
2011 2042
2012 2012
2012 2013
2012 2013
2012 2043
2012 2043
2013 2013
2013 2014
2013 2014
2013 2044
2013 2044
2014 2014
2014 2015
2014 2015
2014 2045
2014 2045
2015 2015
2015 2016
2015 2016
2015 2046
2015 2046
2016 2016
2016 2047
2016 2047
2017 2017
2017 2018
2017 2018
2018 2018
2018 2019
2018 2019
2019 2019
2019 2020
2019 2020
2020 2020
2020 2021
2020 2021
2021 2021
2021 2022
2021 2022
2022 2022
2022 2023
2022 2023
2023 2023
2023 2024
2023 2024
2024 2024
2024 2025
2024 2025
2025 2025
2025 2026
2025 2026
2026 2026
2026 2027
2026 2027
2027 2027
2028 2028
2028 2029
2028 2029
2029 2029
2029 2030
2029 2030
2030 2030
2030 2031
2030 2031
2031 2031
2031 2032
2031 2032
2032 2032
2032 2033
2032 2033
2033 2033
2033 2034
2033 2034
2034 2034
2034 2035
2034 2035
2035 2035
2035 2036
2035 2036
2036 2036
2036 2037
2036 2037
2037 2037
2037 2038
2037 2038
2038 2038
2038 2039
2038 2039
2039 2039
2039 2040
2039 2040
2040 2040
2040 2041
2040 2041
2041 2041
2041 2042
2041 2042
2042 2042
2042 2043
2042 2043
2043 2043
2043 2044
2043 2044
2044 2044
2044 2045
2044 2045
2045 2045
2045 2046
2045 2046
2046 2046
2046 2047
2046 2047
2047 2047
