0 1
0 2
0 3
0 4
0 5
0 6
0 7
0 8
0 9
0 10
0 11
1 12
1 13
1 14
1 15
1 16
1 17
1 18
1 19
1 20
1 21
1 22
1 23
1 24
1 25
1 26
1 27
1 28
1 29
1 30
2 50
2 326
2 327
2 6
2 328
2 329
2 78
2 51
3 326
3 258
3 628
3 331
3 498
4 71
4 404
4 75
4 607
4 560
4 662
4 482
4 724
4 262
4 714
4 415
4 380
4 77
5 594
5 410
5 110
5 16
5 203
5 289
5 7
5 473
5 675
5 757
5 537
5 781
5 741
5 55
5 125
5 531
5 119
5 685
5 49
6 50
6 100
6 326
6 102
6 482
6 780
6 77
6 715
6 382
6 116
6 132
6 105
7 183
7 255
7 805
7 104
7 328
7 132
7 117
7 49
8 215
8 465
8 104
8 39
8 384
8 382
8 649
8 682
8 901
9 647
9 38
9 364
9 116
10 106
10 273
10 465
10 467
10 109
10 414
10 586
11 192
11 360
11 396
12 74
12 286
12 287
12 102
12 288
12 289
12 290
12 291
12 292
12 293
12 294
12 295
12 296
12 297
12 298
12 299
12 78
12 300
13 569
13 570
13 538
13 571
13 30
14 385
14 464
14 425
14 465
14 467
14 409
14 535
14 594
14 582
14 536
14 15
14 609
14 327
14 77
14 585
14 291
14 690
14 691
15 582
15 20
15 702
15 749
15 750
15 372
15 298
15 751
15 26
15 752
15 753
16 425
16 121
16 254
16 717
16 740
16 718
16 754
16 719
16 644
16 755
16 473
16 675
16 756
16 757
16 758
16 125
16 634
16 743
16 119
16 49
17 404
17 109
17 591
17 726
17 413
17 780
17 414
17 665
18 109
18 727
18 789
18 771
18 699
18 790
18 111
18 791
18 631
18 259
18 792
18 544
18 118
18 596
19 411
19 473
20 109
20 699
20 414
20 22
20 702
20 125
20 634
21 409
21 109
21 278
21 153
21 22
21 24
21 665
22 538
22 109
22 591
22 699
22 772
22 153
22 460
22 243
22 665
22 27
22 575
23 416
23 417
23 871
23 603
23 899
23 873
23 665
24 109
24 758
25 782
25 313
25 463
25 883
25 633
26 61
26 710
27 274
27 103
27 597
27 275
27 463
27 562
27 78
27 118
28 326
28 121
28 411
28 362
28 254
28 771
28 699
28 387
29 136
29 374
29 74
29 309
29 375
29 201
29 202
29 88
29 303
29 207
29 440
29 78
29 210
29 398
29 105
29 990
29 92
30 138
30 570
30 538
30 571
30 539
30 310
30 541
30 678
30 629
30 243
30 632
30 484
31 32
31 33
31 34
31 35
31 36
31 37
31 38
31 39
31 40
32 33
32 35
32 151
32 152
32 153
32 38
32 154
32 155
33 260
33 261
33 262
33 115
33 155
33 234
34 36
34 301
34 302
34 303
34 304
34 305
34 306
34 222
34 307
34 234
34 308
35 96
35 152
35 192
35 361
35 327
35 486
35 380
35 303
35 364
35 330
36 516
36 517
36 304
36 518
36 38
36 307
36 308
37 361
37 362
37 254
37 647
37 611
37 808
37 698
37 470
37 62
37 316
38 505
38 215
38 623
38 183
38 152
38 516
38 532
38 647
38 155
39 553
39 181
39 390
39 408
39 362
39 745
39 620
39 760
39 586
39 622
39 382
39 826
39 649
39 395
40 840
40 799
40 611
40 895
40 735
40 848
40 218
41 42
41 43
41 44
41 45
42 52
42 53
42 54
42 55
43 434
43 196
43 487
43 519
43 799
43 521
43 522
43 562
43 563
43 213
43 240
44 157
44 68
44 63
44 225
45 975
46 47
46 48
46 49
47 194
47 90
48 988
48 163
49 104
49 88
49 55
49 117
49 531
49 119
49 856
50 51
51 358
51 389
51 558
51 571
51 322
51 290
51 742
51 613
51 295
51 676
51 953
51 827
51 392
51 767
51 673
51 368
51 649
51 499
52 148
52 149
53 148
54 55
54 90
54 164
54 165
55 269
55 270
55 660
55 170
56 57
56 58
56 59
56 60
56 61
56 62
56 63
57 64
58 456
58 410
58 728
58 345
58 865
58 746
58 418
58 304
58 802
58 228
58 866
58 501
58 544
58 575
59 253
59 80
59 410
59 345
59 257
59 77
59 228
59 291
59 392
59 568
60 431
60 349
60 832
60 508
60 544
60 61
60 846
60 743
61 349
61 267
61 869
61 929
62 408
62 254
62 745
62 759
62 576
62 647
62 746
62 611
62 808
62 824
62 666
62 316
63 759
63 67
63 864
64 306
65 66
65 67
65 68
67 120
67 458
67 121
67 408
67 362
67 745
67 759
67 719
67 473
67 746
67 806
67 257
67 760
67 808
67 802
67 735
67 672
67 508
67 526
68 195
68 216
68 225
68 170
69 70
69 71
69 72
69 73
69 74
69 75
69 76
69 77
69 78
70 171
70 172
70 173
70 174
70 175
71 72
71 75
71 76
71 250
71 251
71 252
71 77
72 76
72 171
72 250
72 330
72 331
73 226
73 393
73 103
73 394
73 78
73 395
74 96
74 97
74 370
74 212
74 174
74 439
74 206
74 207
74 440
74 372
74 78
74 441
74 300
74 438
75 76
75 172
76 96
76 173
77 385
77 464
77 538
77 409
77 410
77 582
77 536
77 415
77 537
77 418
77 446
77 291
77 463
77 715
77 692
77 742
77 116
77 300
77 395
78 84
78 102
78 593
78 537
78 372
78 398
78 118
78 815
79 80
79 81
80 93
80 95
80 568
81 82
81 214
81 85
81 88
82 83
82 84
82 85
82 86
82 87
82 88
82 89
82 90
82 91
82 92
83 378
83 379
83 380
84 406
84 371
84 458
84 429
84 459
84 174
84 421
84 430
84 88
84 204
84 460
84 461
84 445
84 462
84 463
84 294
84 115
84 317
84 449
85 284
85 86
85 285
85 442
85 174
85 87
85 88
85 663
85 664
85 207
85 399
85 91
86 176
86 284
86 549
86 285
86 668
86 87
86 444
86 577
87 549
87 686
87 590
87 442
87 174
87 88
87 290
87 440
88 286
88 174
88 443
88 89
88 867
88 376
88 449
89 214
89 604
89 818
89 567
89 678
89 398
89 224
89 931
90 176
90 156
90 694
90 445
90 972
90 436
90 118
90 975
90 198
91 383
91 212
91 196
91 444
91 207
91 577
91 916
92 383
92 212
92 375
92 202
92 207
92 384
92 398
92 989
93 94
93 95
95 159
95 531
95 437
96 97
96 98
96 99
97 199
97 200
97 201
97 202
97 203
97 204
97 144
97 205
97 206
97 149
97 207
97 208
97 209
97 210
97 105
98 212
98 590
98 616
98 290
98 440
98 372
98 617
99 286
99 425
99 443
99 447
99 646
99 743
100 101
100 102
100 103
100 104
100 105
101 179
101 204
101 462
102 264
102 265
102 572
102 204
102 290
102 275
102 291
102 292
102 573
102 574
102 295
102 545
102 300
102 575
103 226
103 744
103 344
103 462
103 368
104 196
104 262
104 384
104 855
104 856
105 374
105 201
105 443
105 445
105 149
105 230
105 942
105 503
105 210
106 107
106 108
106 109
106 110
106 111
106 112
106 113
106 114
106 115
106 116
106 117
106 118
106 119
107 597
107 598
107 599
107 562
107 437
108 160
108 119
109 467
109 591
109 699
109 700
109 414
109 153
109 701
109 702
110 404
110 594
110 677
110 411
110 255
110 721
111 385
111 250
111 411
111 814
111 258
112 628
112 116
112 283
113 136
113 370
113 693
113 313
113 162
113 463
113 247
113 114
113 372
113 318
113 788
114 177
114 265
114 738
114 595
114 162
114 241
114 891
114 125
114 293
114 247
114 843
115 320
115 456
115 287
115 336
115 747
115 834
115 380
115 595
115 256
115 773
115 185
115 632
115 845
115 329
115 525
115 617
115 497
115 342
115 317
116 829
116 890
116 283
117 709
117 262
117 307
118 274
118 250
118 467
118 535
118 251
118 709
118 726
118 727
118 288
118 153
118 416
118 701
118 697
118 891
118 348
118 631
118 899
118 632
118 665
118 845
118 633
118 531
118 596
119 465
119 659
119 289
119 584
119 634
119 531
120 121
120 122
120 123
120 124
120 125
120 126
120 127
120 128
121 464
121 458
121 712
121 717
121 311
121 413
121 421
121 430
121 719
121 644
121 738
121 473
121 626
122 740
122 816
122 473
122 128
123 816
123 860
123 324
123 325
123 209
123 299
123 126
123 133
123 861
124 755
124 838
124 716
124 241
124 860
124 125
124 845
124 634
125 356
125 700
125 717
125 772
125 754
125 203
125 756
125 757
125 695
125 241
125 749
125 629
125 186
125 634
126 442
126 749
126 294
126 298
126 471
126 339
126 919
126 510
126 970
126 971
126 954
127 339
127 680
128 299
128 779
128 949
129 130
129 131
129 132
129 133
129 134
130 137
130 131
130 321
130 322
130 323
130 294
130 324
130 325
131 321
131 302
131 420
131 133
131 400
132 442
132 789
132 793
132 301
132 805
132 204
132 847
132 853
132 323
132 294
132 524
132 698
132 622
132 822
132 133
132 743
133 137
133 381
133 302
133 328
133 294
133 324
133 471
133 308
134 263
134 482
135 136
135 137
135 138
135 139
135 140
135 141
135 142
135 143
135 144
135 145
135 146
135 147
136 274
136 309
136 310
136 311
136 143
136 312
136 313
136 145
136 314
136 259
136 315
136 316
136 317
136 318
136 319
137 356
137 294
137 295
138 253
138 538
138 539
138 540
138 541
138 313
138 542
138 247
138 295
138 543
138 457
138 544
138 545
138 546
138 547
139 569
139 506
139 601
139 747
139 746
139 184
139 291
139 588
139 508
139 399
139 748
139 546
140 310
140 439
140 782
140 647
140 694
141 253
141 309
141 814
141 717
141 740
141 523
141 204
141 257
141 588
141 743
142 643
142 740
142 473
142 746
142 806
142 337
142 808
142 187
142 544
142 147
143 214
143 180
143 539
143 717
143 394
144 458
144 204
144 257
144 294
144 588
144 545
144 146
145 425
145 602
145 278
145 718
145 829
145 609
145 303
145 257
145 800
145 862
145 648
145 906
145 470
145 508
145 742
145 869
145 165
145 147
146 359
146 425
146 408
146 644
146 204
146 542
146 936
146 330
147 683
147 643
147 747
147 470
147 956
147 748
147 945
147 578
147 547
147 825
148 150
149 193
149 248
149 663
149 169
149 588
149 164
149 165
149 307
150 156
150 157
150 158
150 159
150 160
150 161
150 162
150 163
151 260
152 327
152 290
152 654
152 441
153 404
153 593
153 467
153 535
153 591
153 696
153 684
153 699
153 414
153 415
153 741
153 701
153 702
153 870
153 418
153 242
153 186
153 665
153 736
153 596
154 261
154 379
154 563
154 234
155 623
155 522
155 636
155 169
155 638
156 529
156 530
156 160
156 531
157 529
158 548
159 531
160 269
160 271
160 652
160 653
160 372
160 531
161 437
162 664
162 863
162 247
162 905
162 221
162 437
163 211
163 581
163 446
163 329
163 308
164 166
164 651
164 550
165 248
165 303
165 470
165 924
165 307
166 167
166 168
166 169
166 170
168 178
168 170
169 623
169 262
169 522
169 636
169 888
169 587
169 638
169 208
169 822
169 924
169 307
171 173
171 252
171 388
172 173
172 607
173 380
174 286
174 371
174 439
175 176
175 609
175 220
176 177
177 203
177 241
177 242
177 243
177 205
177 244
177 245
177 246
177 247
179 180
179 181
179 182
179 183
179 184
179 185
179 186
179 187
179 188
179 189
180 214
180 396
180 216
180 397
180 398
180 377
181 581
181 582
181 583
181 584
181 585
181 586
181 587
181 588
181 395
181 400
181 401
182 214
182 425
182 599
182 635
182 606
183 262
183 647
183 648
183 307
183 649
184 408
184 576
184 262
184 746
184 380
184 600
184 763
184 557
184 824
184 187
184 622
184 587
184 306
185 202
185 483
185 592
185 903
185 928
185 788
186 555
186 425
186 273
186 659
186 591
186 254
186 708
186 412
186 278
186 772
186 754
186 414
186 757
186 695
186 584
186 634
186 437
187 805
187 620
187 898
187 808
187 314
187 622
187 809
187 588
188 382
189 703
189 944
190 191
190 192
192 360
192 361
192 311
192 363
192 486
192 330
193 194
194 211
194 212
194 213
195 196
195 197
195 198
196 214
196 286
196 519
196 520
196 521
196 522
196 447
196 384
196 220
197 515
197 386
197 539
197 202
197 787
197 819
197 679
198 818
198 990
199 450
199 461
199 503
200 549
200 396
200 216
200 520
200 550
200 551
200 440
201 212
201 360
201 715
201 447
201 300
201 398
202 374
202 215
202 285
202 216
202 780
202 819
202 347
202 483
202 518
202 210
202 398
203 718
203 421
203 756
203 757
203 766
203 839
203 810
203 207
204 571
204 356
204 458
204 408
204 560
204 442
204 644
204 443
204 461
204 446
204 206
204 462
204 853
204 294
204 588
204 208
204 743
205 284
205 571
205 242
205 592
205 933
206 551
206 461
206 898
207 383
207 444
207 440
207 213
208 215
208 443
208 854
208 692
208 817
208 209
209 854
209 852
209 296
209 963
210 359
210 581
210 536
210 780
210 880
210 830
210 691
210 960
210 962
210 692
210 563
210 564
210 986
210 240
210 308
210 596
211 226
211 227
211 228
211 229
211 230
211 231
211 232
211 233
211 234
211 235
211 236
211 237
212 434
212 435
212 372
212 436
212 213
212 437
212 438
213 435
213 356
213 566
213 247
213 448
213 222
214 215
214 216
214 217
214 218
214 219
214 220
214 221
214 222
214 223
214 224
214 225
215 515
215 276
215 440
215 218
215 219
215 224
216 539
216 362
216 800
216 483
216 397
216 801
216 399
216 795
216 546
216 223
216 395
217 800
217 690
218 819
218 848
219 461
219 397
219 733
220 286
220 608
220 520
220 610
220 447
221 446
221 437
222 885
222 234
222 982
222 983
222 308
223 228
223 587
223 399
223 953
223 811
223 911
224 605
225 408
225 397
226 344
226 345
226 346
226 347
226 348
226 349
226 350
226 351
226 352
226 268
226 353
226 354
226 232
226 355
227 532
227 780
227 542
227 292
227 777
227 874
227 828
227 420
227 705
227 875
228 345
228 349
228 802
228 588
228 353
228 874
228 911
229 581
229 790
229 812
229 230
229 850
229 231
229 235
229 237
229 705
229 955
230 780
230 502
230 960
230 850
230 235
231 443
231 850
231 851
231 237
231 920
231 813
232 790
232 345
232 750
232 510
232 970
232 831
232 753
233 352
233 236
234 263
234 435
234 264
234 581
234 517
234 801
234 830
234 952
234 395
234 983
234 308
235 780
235 668
235 828
235 420
235 875
236 780
236 830
236 855
238 239
238 240
239 434
239 487
239 565
239 566
239 567
239 568
241 839
241 246
241 433
241 318
241 843
241 918
241 844
242 555
242 589
242 416
242 872
242 592
242 914
242 903
242 930
243 871
243 603
243 533
243 679
244 933
245 693
245 246
246 603
246 932
247 653
247 448
247 457
247 950
247 318
247 283
248 249
249 863
250 385
250 464
250 535
250 251
250 537
250 627
250 680
251 535
251 319
252 551
253 254
253 255
253 256
253 257
253 258
253 259
254 271
254 273
254 458
254 683
254 727
254 642
254 740
254 412
254 278
254 772
254 576
254 675
254 256
254 257
254 758
254 259
255 593
255 594
255 411
255 699
255 537
255 259
256 258
256 892
256 868
256 292
256 387
256 575
257 683
257 708
257 523
257 862
257 462
257 588
258 326
258 312
258 387
258 485
259 643
259 812
259 941
260 518
261 379
261 518
262 600
262 586
262 587
262 307
262 788
263 264
263 265
263 266
263 267
263 268
264 393
264 623
264 581
264 572
264 537
264 275
264 291
265 393
265 619
265 714
265 327
265 380
265 537
265 715
265 573
265 622
265 637
266 870
266 908
266 792
266 267
266 736
266 268
266 909
266 354
266 910
267 349
267 352
267 948
267 929
267 400
268 958
268 736
268 352
268 533
268 354
269 270
269 271
269 272
269 273
270 271
270 273
270 277
270 278
271 652
271 278
271 655
271 531
272 658
272 656
272 577
273 465
273 659
273 591
273 278
274 275
274 276
275 482
275 894
275 895
275 291
275 575
276 445
276 463
277 660
278 309
278 591
278 708
278 412
278 772
278 754
278 756
278 460
278 758
278 648
278 665
279 280
279 281
279 282
279 283
281 282
282 320
283 885
284 285
285 741
285 742
286 442
286 443
286 444
286 445
286 446
286 294
286 447
286 448
286 300
286 449
287 450
287 452
287 453
287 455
287 456
287 321
287 500
287 304
287 501
287 292
287 502
287 457
287 496
287 497
287 498
287 499
288 759
288 413
288 763
288 304
288 802
288 350
288 501
288 666
288 831
288 300
289 385
289 411
289 582
289 523
289 576
289 501
289 497
289 499
289 395
290 435
290 442
290 322
290 415
290 291
290 690
290 292
290 573
290 440
290 742
290 676
290 368
291 581
291 749
291 588
291 329
291 692
291 297
291 543
291 948
291 928
291 546
291 395
292 456
292 410
292 322
292 780
292 323
292 502
292 293
293 865
293 810
293 372
293 339
293 495
293 300
293 949
294 321
294 356
294 442
294 523
294 302
294 644
294 323
294 324
294 854
294 471
294 339
294 919
294 341
295 322
295 676
296 874
297 574
297 471
297 928
297 495
297 778
297 963
297 788
297 752
298 759
298 750
298 503
298 372
298 751
298 753
299 574
299 751
299 300
299 951
300 582
300 442
300 715
300 372
300 457
300 438
301 302
301 585
301 508
302 451
302 321
302 399
302 307
302 420
302 820
302 821
303 686
303 744
303 486
303 380
303 675
303 346
303 422
303 432
303 796
303 470
303 424
303 579
304 696
304 516
304 728
304 500
304 865
304 627
304 775
304 868
304 735
304 634
304 457
304 485
304 575
305 917
306 504
306 601
306 600
306 613
306 654
306 494
307 805
307 668
307 898
307 763
307 803
307 853
307 888
307 822
308 321
308 585
308 983
309 385
309 311
309 626
309 627
309 468
310 647
310 312
310 678
311 385
311 425
311 426
311 695
311 626
311 432
311 446
311 698
311 330
311 743
312 782
312 541
312 885
312 848
313 541
313 463
313 633
313 545
314 644
314 853
314 463
315 807
315 869
315 353
315 970
315 831
315 971
316 644
316 868
317 718
317 834
317 460
317 773
317 857
317 577
317 342
317 318
318 371
318 321
318 560
318 693
318 461
318 603
318 577
318 915
320 378
320 381
320 382
321 451
321 333
321 477
321 576
321 500
321 338
321 557
321 323
321 524
321 324
321 471
321 577
321 578
321 579
321 580
322 683
322 588
322 676
322 392
322 395
323 333
323 442
323 765
323 524
323 324
323 325
324 860
324 325
324 951
325 369
325 576
325 784
325 731
326 385
326 386
326 387
326 388
327 467
327 409
327 410
327 408
327 744
327 759
327 619
327 714
327 486
327 418
327 542
327 672
327 573
327 588
327 330
328 332
328 356
328 607
328 442
328 523
328 620
328 387
329 764
329 668
329 537
329 803
329 888
329 692
329 943
329 382
329 959
330 385
330 464
330 359
330 361
330 536
330 662
330 486
330 542
330 388
331 358
331 480
331 558
331 593
331 560
331 620
331 896
331 723
331 596
331 388
332 333
332 334
332 335
332 336
332 337
332 338
332 339
332 340
332 341
332 342
332 343
333 451
333 456
333 523
333 337
333 338
333 524
333 525
333 526
333 527
334 469
334 489
334 513
334 335
335 469
335 513
336 455
336 492
336 493
337 338
337 496
337 341
338 523
338 675
338 720
338 781
338 525
338 497
338 341
339 459
339 836
339 557
339 423
339 508
339 890
339 510
339 580
339 820
339 954
339 969
340 357
340 550
340 475
341 832
341 496
342 595
342 839
342 779
342 497
342 991
343 778
343 991
343 788
344 746
344 346
344 350
344 399
344 368
344 387
345 865
345 807
345 687
345 802
345 544
345 354
345 831
345 811
345 753
346 687
346 349
346 750
346 471
346 433
346 886
347 472
347 903
347 351
347 736
347 904
348 373
348 400
349 686
349 894
349 573
349 399
349 441
349 929
349 387
349 400
350 728
350 802
350 774
350 883
350 941
350 831
351 696
351 637
351 736
352 370
352 518
352 372
352 736
352 354
352 355
353 425
353 687
353 869
353 970
354 805
355 737
355 904
356 458
356 442
356 523
356 675
356 676
356 449
358 359
358 360
358 361
358 362
358 363
358 364
358 365
359 385
359 408
359 364
360 408
360 722
360 612
360 542
360 723
361 486
362 759
362 760
362 761
362 672
362 649
363 375
363 671
363 674
364 408
364 644
364 621
364 746
365 559
365 481
365 560
366 367
366 368
368 389
368 744
368 672
368 508
368 449
370 371
370 372
370 373
371 373
371 511
372 738
372 716
372 839
372 891
372 820
372 844
373 891
373 420
374 375
374 376
374 377
375 384
376 815
377 931
377 856
380 386
380 683
380 727
380 728
380 714
380 486
380 573
380 575
381 399
381 400
381 401
382 623
382 818
382 966
382 563
382 649
382 901
382 437
382 401
383 384
384 515
384 818
384 867
384 966
385 464
385 465
385 466
385 467
385 411
385 468
385 388
386 600
386 388
387 746
387 537
387 627
387 802
387 892
387 774
387 775
387 666
387 533
388 464
389 390
389 391
389 392
390 408
390 619
390 620
390 621
390 622
391 408
391 442
391 942
391 525
392 766
392 395
393 623
393 581
393 482
393 572
394 745
394 462
395 450
395 456
395 729
395 482
395 585
395 801
395 563
395 952
396 551
397 800
397 546
397 606
399 686
399 601
399 582
399 431
399 807
399 664
399 735
399 588
399 957
399 400
399 825
400 735
400 801
400 588
400 401
401 585
401 664
401 890
401 563
402 403
402 404
402 405
403 406
403 407
403 408
404 409
404 410
404 411
404 412
404 413
404 414
404 415
404 416
404 417
404 418
404 419
405 406
405 421
405 422
405 423
405 424
406 425
406 426
406 427
406 408
406 428
406 429
406 430
406 431
406 432
406 433
407 528
408 425
408 686
408 426
408 429
408 745
408 644
408 620
408 621
408 622
408 525
408 449
409 464
409 465
409 410
409 458
409 536
409 693
409 413
409 694
409 695
409 545
409 685
410 536
410 619
410 644
410 572
410 537
410 695
410 716
410 418
410 542
410 463
410 637
410 634
410 441
410 685
411 739
411 699
411 740
411 413
411 719
411 415
411 721
411 544
412 708
412 644
412 823
413 467
413 683
413 540
413 771
413 759
413 783
413 721
413 665
413 737
413 544
413 825
414 591
414 684
414 741
414 701
414 584
414 832
415 467
415 754
415 644
415 418
415 734
415 665
415 463
416 417
416 871
416 603
416 872
416 873
416 665
417 823
417 876
417 877
417 716
418 683
418 877
418 463
419 701
419 900
419 631
419 902
420 780
420 705
420 875
420 813
420 753
420 821
421 430
421 738
421 766
421 810
422 500
422 431
422 501
422 470
422 424
422 579
422 498
423 459
423 746
423 501
424 747
424 507
424 796
424 579
424 526
424 915
424 849
425 467
425 426
425 428
425 459
425 642
425 643
425 430
425 644
425 443
425 461
425 645
425 432
425 446
425 622
425 447
425 646
426 467
426 594
426 458
426 712
426 428
426 429
426 644
426 432
427 466
428 593
428 709
428 645
429 552
429 459
429 430
429 746
429 432
429 501
430 459
430 834
430 835
430 836
431 686
431 745
431 500
431 846
431 496
431 498
432 458
432 536
432 644
432 761
432 698
433 699
433 738
433 796
433 929
433 844
434 487
435 487
436 565
436 616
436 966
436 937
436 985
437 567
437 669
437 655
437 584
437 585
437 934
437 438
438 607
438 729
439 538
441 780
441 572
441 839
441 502
441 715
441 588
441 743
442 590
442 560
442 523
442 461
442 600
442 765
442 766
442 698
442 588
442 448
442 654
442 767
442 577
442 449
443 581
443 462
443 774
443 447
443 850
443 851
443 852
443 743
444 616
444 829
444 799
444 667
444 577
445 506
445 804
445 704
445 639
446 482
446 537
446 892
446 698
446 447
446 777
447 715
447 646
448 461
448 577
449 559
449 686
449 681
449 462
450 451
450 452
450 453
450 454
450 455
450 456
450 457
451 469
451 470
451 471
452 476
452 477
453 478
454 488
455 469
455 489
455 490
455 491
455 492
455 493
455 494
456 495
456 496
456 497
456 498
456 499
457 658
457 667
457 577
458 711
458 712
458 717
458 718
458 719
458 644
458 675
458 720
458 685
459 763
459 580
460 591
460 718
461 488
461 888
461 690
461 889
461 577
462 743
463 571
463 541
463 468
463 674
464 535
464 536
464 537
465 659
465 466
465 467
465 591
465 682
466 683
466 684
467 594
467 677
467 685
468 525
469 512
469 513
469 514
469 491
469 494
470 617
470 498
471 507
471 945
471 578
471 886
471 579
471 526
471 580
471 915
472 473
472 474
472 475
473 739
473 719
473 816
473 858
473 859
474 734
474 859
475 703
475 775
475 795
475 779
476 552
477 478
477 556
477 557
478 556
479 480
480 481
480 482
480 483
480 484
480 485
481 681
482 726
482 714
482 537
482 665
482 802
482 725
482 485
482 575
483 908
483 543
483 546
483 547
484 539
485 665
485 725
486 621
487 590
489 554
489 512
489 513
489 492
490 553
490 512
490 513
490 589
490 494
491 512
492 493
492 624
493 625
494 554
494 513
494 618
494 640
494 571
494 615
495 866
495 501
495 578
495 928
495 547
495 498
495 980
495 981
496 544
496 497
497 773
498 500
498 866
498 779
499 527
500 744
500 556
500 766
500 579
501 774
501 866
501 557
501 942
501 943
501 575
501 944
502 524
503 759
503 964
504 505
504 506
504 507
504 508
504 509
504 510
505 532
505 533
505 509
505 534
506 569
506 538
506 601
506 703
506 704
506 705
507 593
507 645
507 578
507 886
507 579
508 601
508 585
508 761
508 672
508 691
508 748
508 869
509 539
510 794
510 836
510 737
510 969
510 825
511 901
512 553
512 555
512 589
517 733
519 650
519 651
520 550
520 598
520 800
520 636
520 803
520 804
520 562
522 623
522 724
522 550
522 636
522 663
522 587
522 638
522 924
523 576
523 626
523 698
523 817
524 850
524 743
525 942
526 579
526 915
526 965
531 655
531 634
532 780
532 533
532 534
533 537
533 958
533 534
534 573
534 792
534 797
535 696
535 582
535 536
535 697
535 698
535 680
535 682
536 582
537 581
537 609
537 695
537 884
537 637
537 742
537 634
537 575
538 665
538 666
538 667
539 677
539 678
539 679
540 683
540 771
540 643
540 717
540 747
540 713
542 668
542 572
542 621
542 545
543 601
543 544
543 546
543 547
544 699
544 865
544 546
544 547
544 596
546 605
546 547
547 826
547 688
547 928
549 668
550 651
550 636
550 803
550 562
550 822
550 649
553 554
553 555
555 591
555 592
556 744
556 764
557 746
557 735
557 942
557 945
557 578
557 579
558 559
558 560
560 603
561 562
561 563
561 564
562 879
562 664
563 960
563 966
565 616
566 568
567 916
568 885
569 601
569 602
570 571
570 629
570 630
570 631
570 632
570 633
570 634
571 608
571 629
571 592
571 671
571 672
571 673
571 674
571 615
572 853
572 854
573 714
573 750
573 637
574 778
574 752
574 965
575 759
575 714
575 802
575 884
576 740
576 824
576 698
576 680
577 658
577 829
577 950
578 977
578 945
578 579
578 915
579 945
579 580
579 915
580 834
580 836
580 915
580 949
581 623
581 692
582 585
582 664
582 698
582 587
582 691
583 591
583 584
583 698
583 634
584 757
584 585
584 634
585 664
585 588
585 691
586 620
586 636
586 715
586 649
587 623
587 953
588 601
588 620
588 807
588 663
588 735
588 956
588 934
589 603
590 743
591 708
592 718
592 903
593 594
593 595
593 596
594 712
594 683
594 696
594 677
594 713
594 685
595 839
595 891
595 779
595 596
596 709
596 726
596 699
596 790
596 741
596 896
596 631
596 742
596 897
597 599
597 628
598 724
598 664
598 863
598 890
599 604
599 901
600 654
602 647
602 732
602 648
602 733
603 772
603 773
603 882
603 899
603 758
604 605
604 606
606 921
607 724
607 620
607 715
607 725
608 609
608 610
608 611
608 612
608 613
609 648
609 742
609 833
612 723
613 906
613 654
613 767
614 615
616 786
616 799
617 651
619 744
619 770
619 759
619 672
620 671
620 622
621 622
623 636
623 637
623 638
623 639
626 743
627 634
629 632
629 923
629 845
629 634
630 632
631 900
631 927
632 653
632 741
632 925
632 926
632 845
632 939
633 734
634 700
634 754
634 719
634 755
634 757
634 695
634 847
634 749
634 765
634 698
635 921
636 803
636 638
638 924
639 840
639 895
639 804
639 689
640 641
642 694
643 789
643 699
643 793
643 740
643 805
643 746
643 806
643 763
643 807
643 808
643 809
644 719
644 837
644 838
644 646
644 743
645 688
645 811
645 893
646 715
646 743
647 760
647 847
647 808
647 648
647 848
648 829
648 800
648 742
648 937
649 901
652 656
652 657
653 658
653 669
654 767
654 743
657 670
661 662
663 934
664 921
665 726
665 756
665 871
665 899
665 713
667 879
667 885
668 780
668 765
668 803
668 830
668 817
668 827
668 828
671 672
672 759
672 760
672 761
672 715
673 979
673 984
674 815
675 881
677 683
678 921
680 698
680 946
681 706
681 707
683 696
683 726
683 727
683 708
683 728
683 713
684 708
684 741
684 701
685 711
685 988
686 687
686 688
686 689
687 778
688 748
688 826
688 909
691 775
691 953
692 908
692 962
693 694
693 788
695 757
695 702
696 728
696 734
696 735
696 736
696 737
697 698
698 894
698 761
699 741
699 702
699 791
699 796
700 789
700 794
700 717
700 757
700 810
701 900
702 751
703 832
703 821
704 792
704 909
705 851
705 910
705 875
705 961
706 762
706 707
706 795
707 762
707 795
708 772
708 773
709 710
710 749
710 869
714 759
714 791
714 792
716 876
716 838
716 784
716 860
717 718
717 754
718 721
719 816
719 755
720 773
721 871
721 883
723 878
726 768
726 769
727 770
727 771
728 774
728 775
728 776
728 777
728 778
728 779
730 731
732 787
734 783
734 877
734 912
734 913
735 746
735 776
736 737
737 904
737 976
738 835
738 796
738 839
738 842
738 843
738 844
740 814
740 816
740 808
741 896
741 897
743 851
743 969
744 745
744 764
744 759
745 760
746 806
746 868
747 761
747 748
747 826
748 761
748 940
749 810
749 919
749 820
750 791
750 753
750 954
750 893
751 794
751 919
751 811
752 759
752 842
753 831
753 971
755 823
755 837
755 857
757 882
758 772
759 802
759 761
761 824
761 946
763 806
763 853
765 780
765 851
765 920
768 783
768 784
768 785
769 914
771 793
772 773
773 834
773 857
773 845
776 807
777 806
777 797
778 886
779 929
779 788
779 949
779 987
780 817
780 827
780 828
781 837
784 876
785 887
786 787
788 846
788 929
788 991
788 915
788 980
788 949
789 793
789 794
790 791
790 792
790 797
790 798
791 865
791 795
791 792
791 911
792 909
792 941
794 811
795 967
795 968
796 839
796 915
796 843
797 908
797 961
798 920
799 862
799 863
799 864
800 906
800 907
801 830
801 916
801 952
802 884
802 892
803 828
804 879
805 806
805 808
805 809
806 865
806 869
808 832
808 861
809 898
810 836
810 929
811 893
811 969
812 813
813 875
813 955
814 815
817 898
817 855
819 879
819 880
820 835
820 846
823 877
823 837
823 838
826 928
830 898
830 957
831 883
832 947
833 990
834 845
835 846
836 849
837 876
837 838
839 843
839 844
840 841
841 862
841 863
842 852
842 965
844 846
845 857
845 940
846 929
849 918
850 851
851 874
852 962
853 898
857 922
858 887
861 929
862 906
862 863
862 864
863 890
864 906
864 895
869 946
870 902
871 872
873 912
873 932
875 961
875 963
879 880
880 940
882 899
884 892
885 916
889 973
889 974
895 939
897 972
900 926
900 927
903 914
903 930
908 910
908 961
910 955
912 914
913 957
918 929
919 954
920 961
928 978
928 945
929 949
933 938
934 983
935 936
939 966
943 944
948 956
948 978
948 951
955 972
956 977
959 964
962 963
970 971
973 993
977 978
987 992
989 990
