0 1
0 2
1 177
1 16
1 181
1 479
1 1307
1 183
2 178
3 4
3 5
3 6
4 1048
4 1318
4 166
4 905
5 1216
5 1330
5 905
6 1330
6 1331
6 1332
7 8
7 9
7 10
7 11
7 12
8 34
8 55
8 107
8 108
8 109
8 57
8 59
8 110
8 111
8 112
8 113
8 114
8 60
8 115
8 116
8 117
9 328
9 654
9 655
9 656
9 182
9 657
10 172
10 11
10 755
11 755
12 510
13 14
13 15
13 16
13 17
13 18
13 19
13 20
13 21
13 22
14 225
14 339
14 232
14 662
14 234
15 1218
16 303
16 398
16 431
16 687
16 795
16 338
16 841
16 163
16 432
16 1015
16 434
16 1194
16 517
16 1296
16 166
16 895
16 17
16 180
16 896
16 345
16 388
16 1297
16 479
16 1298
16 1299
16 1085
16 79
16 1300
16 336
16 176
16 287
16 298
16 40
16 63
16 21
16 677
16 1068
16 716
16 1089
16 1301
16 399
17 307
17 431
17 841
17 432
17 434
17 682
17 895
17 1371
17 897
17 1299
17 176
17 438
17 1372
17 21
17 22
18 36
18 305
18 673
18 164
18 674
18 756
18 1060
18 203
18 425
18 1449
18 712
18 207
18 676
18 20
18 169
19 514
19 551
19 187
19 32
19 1324
19 895
19 1228
19 479
19 798
19 860
19 20
19 21
19 115
20 305
20 164
20 1158
20 134
20 756
20 1060
20 21
21 344
21 432
21 1015
21 434
21 1194
21 895
21 134
21 896
21 1299
21 347
21 1426
21 677
21 1549
21 22
21 508
21 372
22 431
22 432
22 434
22 437
22 271
22 438
23 24
23 25
24 954
24 167
25 36
25 184
25 451
25 642
25 560
25 590
25 434
25 292
25 957
25 195
25 134
25 1329
25 459
25 1401
25 281
25 419
25 176
25 250
25 747
25 252
25 800
25 234
25 372
26 27
26 28
26 29
26 30
27 30
28 466
28 467
28 30
29 1257
30 893
30 1066
31 32
31 33
32 286
32 952
32 295
32 704
32 971
33 590
34 35
34 36
34 37
34 38
34 39
34 40
34 41
35 118
36 184
36 185
36 186
36 187
36 164
36 188
36 159
36 189
36 190
36 191
36 192
36 193
36 194
36 195
36 196
36 197
36 180
36 198
36 199
36 200
36 201
36 202
36 203
36 204
36 205
36 167
36 206
36 207
36 208
36 209
36 210
36 168
36 40
36 211
36 212
36 213
36 169
36 214
36 170
37 868
38 164
38 1132
38 201
38 203
39 636
40 740
40 1540
40 1544
40 741
41 548
42 43
42 44
42 45
42 46
42 47
42 48
42 49
42 50
42 51
43 166
43 278
44 166
44 370
44 336
45 1467
45 50
46 1297
46 884
46 1468
46 50
47 50
48 369
49 369
50 358
50 1455
50 419
50 961
51 369
52 53
52 54
53 1142
53 655
53 345
53 1022
53 660
53 859
53 798
53 1147
53 1068
54 1022
54 859
54 1440
55 56
55 57
55 58
55 59
55 60
56 1271
56 1272
56 108
56 60
57 551
57 314
57 1170
57 1121
57 60
58 320
58 59
58 1168
59 317
59 318
59 610
59 488
59 809
59 134
59 1125
59 1167
59 1126
59 1214
59 1127
59 1128
59 1501
59 1465
59 653
59 1262
59 65
60 108
60 693
60 459
60 1280
60 116
61 62
61 63
61 64
61 65
62 120
62 400
62 404
63 1298
63 1503
64 514
65 514
65 605
65 98
65 900
65 590
65 604
65 1294
65 195
65 734
65 1394
65 606
65 203
65 79
65 608
65 609
65 146
65 234
66 67
66 68
67 95
68 1047
69 70
69 71
70 1090
70 1105
71 1156
72 73
72 74
72 75
72 76
72 77
72 78
72 79
72 80
72 81
73 136
73 137
73 138
73 139
73 81
73 140
73 141
74 76
74 81
75 818
75 1119
75 79
76 1141
76 1161
76 808
76 81
76 1163
77 1119
77 1395
77 79
77 140
78 1165
79 300
79 514
79 456
79 748
79 441
79 144
79 292
79 1283
79 1388
79 457
79 909
79 479
79 820
79 1510
79 367
79 1105
79 80
79 1342
79 212
79 444
79 541
79 234
79 117
80 818
81 1141
81 140
81 141
82 83
82 84
82 85
82 86
82 87
82 88
82 89
82 90
83 85
83 408
83 88
83 90
84 89
84 494
85 492
85 216
85 86
85 88
85 341
85 90
86 128
86 129
86 492
86 681
86 626
86 215
86 216
86 476
86 938
86 630
86 1257
86 296
86 132
87 494
88 492
88 626
88 476
88 1464
89 185
89 726
89 727
89 292
89 1459
89 1145
89 298
90 492
90 626
90 857
90 476
90 408
91 92
91 93
92 486
92 487
92 488
92 489
92 353
92 490
92 491
93 307
93 313
93 351
93 308
93 1134
93 315
93 1168
93 1355
94 95
94 96
94 97
94 98
94 99
94 100
94 101
94 102
94 103
94 104
94 105
94 106
95 203
95 167
95 349
96 415
97 98
98 119
98 120
98 400
98 236
98 237
98 239
98 99
98 100
98 123
98 590
98 101
98 102
98 243
98 404
99 621
99 622
99 395
100 396
101 235
101 239
101 123
101 723
101 415
101 599
101 600
101 1028
102 428
102 123
102 103
102 430
102 234
103 1041
103 415
103 1042
103 724
103 599
103 430
104 332
104 167
105 1081
106 190
106 473
106 796
106 349
107 866
107 1053
107 277
107 922
107 952
107 370
107 115
108 692
108 693
108 116
109 1312
109 1313
109 176
110 300
110 186
110 596
110 1446
110 1285
111 639
111 518
112 499
112 500
113 307
113 313
113 167
114 1065
115 442
115 607
115 1431
116 564
116 459
116 1509
117 185
117 164
117 1091
117 1092
117 1077
117 195
117 134
117 1417
117 243
117 1213
117 1214
117 1419
117 542
118 289
119 120
119 121
119 122
119 123
119 124
120 393
120 301
120 394
120 395
120 396
120 389
120 397
121 235
121 124
122 235
122 124
123 235
123 241
124 235
124 247
124 400
124 240
124 401
124 405
125 126
125 127
126 133
126 134
126 135
127 416
127 1548
127 568
128 129
128 130
128 131
128 132
129 215
129 216
129 217
129 218
129 219
129 130
129 220
129 221
129 222
129 223
129 132
129 224
130 1379
130 479
130 1494
130 1362
130 675
130 132
131 1379
132 475
132 583
132 586
132 587
132 696
132 588
132 480
132 222
132 1553
132 899
133 416
133 610
133 420
133 421
134 416
134 237
134 417
134 610
134 432
134 434
134 1133
134 714
134 1293
134 860
134 1370
134 813
135 323
135 324
135 176
136 794
137 139
138 551
138 744
138 958
138 794
138 281
139 1309
139 1310
139 140
139 141
140 779
140 696
140 469
140 1441
140 457
140 1499
140 146
140 141
141 1104
141 696
141 146
141 1139
142 143
142 144
142 145
142 146
142 147
143 598
143 415
143 144
143 1024
143 1025
143 1026
143 599
143 600
143 1027
143 146
143 1028
144 1132
144 1133
144 1134
144 1135
144 1017
144 1028
144 541
145 1172
145 1325
145 1376
145 522
145 146
145 1075
145 1028
146 723
146 415
146 1408
146 418
146 1256
146 820
146 1499
146 1119
146 600
146 281
146 1028
147 1138
147 1024
147 909
147 820
147 1028
148 149
148 150
148 151
148 152
149 1064
149 272
150 1281
151 248
151 1524
151 250
151 252
151 372
152 383
153 154
153 155
153 156
153 157
154 451
154 452
154 557
154 892
154 454
155 1373
155 1374
156 1302
156 1373
156 367
156 1463
156 281
157 452
157 1302
158 159
158 160
159 161
159 673
159 787
159 160
159 195
159 203
159 911
160 673
160 712
161 162
161 163
161 164
161 165
161 166
161 167
161 168
161 169
161 170
162 451
162 496
162 497
162 498
162 499
162 500
163 767
163 815
163 843
163 844
163 888
163 889
163 890
163 630
163 891
163 203
163 167
163 176
163 738
164 165
164 195
164 756
164 203
164 207
165 496
165 552
165 955
165 947
165 729
165 198
165 1306
165 1307
165 508
166 322
166 448
166 451
166 474
166 560
166 700
166 338
166 261
166 187
166 188
166 866
166 275
166 1120
166 180
166 1340
166 1341
166 952
166 891
166 369
166 1011
166 281
166 336
166 1342
166 1343
166 812
166 1344
166 716
166 1345
167 311
167 451
167 551
167 496
167 319
167 795
167 301
167 777
167 1087
167 1122
167 488
167 1271
167 729
167 198
167 1371
167 1297
167 1474
167 479
167 1500
167 1338
167 783
167 498
167 208
167 1293
167 1307
167 1189
167 210
167 1159
167 169
167 234
168 887
169 422
169 1058
169 423
169 674
169 203
169 425
169 1449
169 680
169 1022
169 698
169 522
169 784
169 933
169 677
169 1089
170 1271
170 310
170 832
170 1273
170 1502
171 172
171 173
173 1420
174 175
174 176
175 351
176 431
176 451
176 514
176 456
176 551
176 706
176 841
176 432
176 659
176 988
176 842
176 434
176 1271
176 231
176 890
176 387
176 1296
176 593
176 1391
176 1394
176 201
176 897
176 995
176 436
176 1483
176 675
176 1257
176 1493
176 924
176 271
176 336
176 715
176 1293
176 1261
176 1343
176 571
176 438
176 1447
176 747
176 669
176 950
176 1068
176 524
176 532
176 1518
177 178
177 179
177 180
177 181
177 182
177 183
178 718
178 750
178 659
178 751
178 179
178 181
178 182
179 615
179 181
180 276
180 203
180 254
180 183
182 257
182 615
182 262
182 885
182 750
182 266
182 267
182 745
182 269
182 1233
182 271
182 281
182 746
182 699
183 373
183 828
183 287
184 253
184 254
184 255
184 256
185 292
185 293
185 294
185 295
185 296
185 221
185 297
185 298
186 451
186 590
186 591
186 592
186 387
186 593
186 594
186 389
186 595
186 596
186 597
187 505
187 834
187 520
188 322
188 702
188 203
189 932
190 1011
190 336
191 598
191 443
191 1038
191 1039
191 867
191 234
192 1099
193 1058
193 195
193 203
193 1022
193 207
194 289
194 959
194 789
194 1240
194 1285
195 1077
195 696
195 807
195 1176
195 292
195 895
195 198
195 1297
195 1185
195 1349
195 1214
195 715
195 447
196 263
196 711
196 1220
196 1230
196 921
196 630
196 1052
196 773
197 979
197 234
198 1058
198 1125
198 203
198 207
199 968
199 477
199 981
199 470
199 978
199 849
199 529
200 449
200 1429
201 845
201 846
201 230
201 231
201 387
201 847
201 1185
201 1237
201 715
201 1447
202 1461
203 451
203 525
203 661
203 916
203 976
203 1061
203 1183
203 763
203 268
203 729
203 290
203 1134
203 1125
203 388
203 1415
203 1022
203 1284
203 1105
203 1308
203 1469
203 1470
204 507
205 808
205 1498
205 419
205 1163
205 256
206 1057
207 451
207 1125
208 332
209 773
210 531
210 1055
210 1356
210 1396
210 390
210 513
210 1527
210 992
210 1433
210 664
210 532
211 299
211 300
211 805
211 301
211 825
211 1523
211 1461
211 1163
212 1102
212 1171
213 507
214 713
214 715
214 342
214 1551
214 716
214 717
215 216
215 630
215 425
215 712
215 221
216 681
216 802
216 506
216 803
216 674
216 630
216 425
216 804
217 279
218 476
218 1148
218 962
218 1160
219 222
219 482
220 778
221 1004
222 855
222 476
222 478
222 1148
223 1160
224 720
224 934
225 226
225 227
225 228
225 229
225 230
225 231
225 232
225 233
225 234
226 234
227 234
228 406
228 861
228 231
228 233
229 316
229 515
229 292
229 230
229 729
229 847
229 804
230 994
230 1232
230 861
230 232
230 1236
230 1237
232 584
232 292
232 1232
232 1466
232 1236
232 1233
232 914
232 521
232 699
233 258
233 736
233 918
233 935
233 1030
233 953
233 280
233 565
233 867
234 300
234 274
234 514
234 551
234 626
234 338
234 857
234 476
234 947
234 590
234 339
234 696
234 387
234 1297
234 1489
234 680
234 1051
234 963
234 984
234 703
234 481
234 336
234 251
234 773
235 236
235 237
235 238
235 239
235 240
235 241
235 242
235 243
236 243
238 243
239 415
240 397
242 428
242 709
243 247
243 644
243 647
243 706
243 730
243 707
243 645
243 708
243 418
243 1450
243 646
243 760
243 881
243 376
243 650
243 1351
243 653
243 1301
243 372
244 245
244 246
245 450
246 1526
248 249
248 250
248 251
248 252
249 477
249 981
249 403
249 252
250 642
250 682
250 1230
250 1356
250 1223
250 987
251 366
251 981
251 1050
251 527
251 715
252 642
252 711
252 1230
252 254
252 652
252 256
253 1200
253 957
254 1417
254 1418
254 255
254 542
255 619
255 642
255 1418
256 416
256 419
256 1163
256 1548
256 421
257 258
257 259
257 260
257 261
257 262
257 263
257 264
257 265
257 266
257 267
257 268
257 269
257 270
257 271
257 272
258 322
258 562
258 560
258 284
258 285
258 260
258 261
258 280
258 735
258 565
258 281
258 377
259 263
259 265
259 635
260 261
260 264
260 281
261 322
261 688
261 689
261 284
261 691
262 562
262 718
262 266
262 828
262 745
262 346
262 269
262 829
262 830
262 281
263 384
263 882
263 265
263 883
263 884
263 281
263 336
264 265
265 562
265 821
265 838
265 1142
265 280
265 1143
265 1196
265 839
265 1049
265 1038
265 281
266 885
266 828
266 436
266 281
267 281
269 885
269 828
269 830
269 281
270 272
271 1067
271 436
272 998
272 1328
272 1541
272 377
273 274
273 275
273 276
273 277
273 278
274 305
274 278
274 369
274 370
274 336
274 371
274 372
277 370
277 336
277 371
279 280
279 281
280 562
280 720
280 778
280 801
280 821
280 838
280 1192
280 1266
280 563
280 564
280 565
280 566
280 459
280 281
280 1270
280 298
280 360
280 361
281 282
281 328
281 564
281 566
281 459
281 1475
281 715
281 716
282 283
282 284
282 285
282 286
282 287
282 288
283 373
283 374
283 375
283 376
283 287
283 377
284 774
284 775
285 774
286 319
286 626
286 952
286 704
286 774
286 377
286 288
287 373
287 774
287 377
287 775
287 372
288 634
288 774
288 377
289 290
289 291
290 729
291 705
292 584
292 726
292 727
292 1232
292 1233
293 296
294 1004
295 590
295 1332
295 771
296 681
296 1289
297 728
297 298
298 1290
298 798
299 300
299 301
299 302
300 305
300 306
301 392
302 824
302 740
302 783
303 304
304 351
305 451
305 673
305 674
305 630
305 675
305 676
305 360
305 677
306 1405
306 596
307 308
307 309
307 310
309 763
310 1120
310 1169
310 1121
310 1360
310 973
310 1502
311 312
312 350
313 314
313 315
314 551
314 553
314 1169
314 1121
316 317
316 318
316 319
316 320
316 321
318 320
318 321
319 626
319 627
319 628
319 629
319 449
319 630
319 631
319 632
319 633
319 634
319 635
319 377
320 1167
320 1168
322 323
322 324
322 325
322 326
325 1308
326 634
327 328
327 329
328 663
329 663
329 737
329 738
330 331
330 332
331 378
331 367
331 379
332 977
332 1274
332 630
333 334
333 335
333 336
334 474
335 903
335 904
335 1429
336 865
336 1176
336 682
336 1145
336 1149
336 555
336 542
337 338
337 339
337 340
337 341
337 342
337 343
338 797
338 798
338 799
338 800
339 492
339 495
339 1112
340 458
340 915
340 832
340 463
340 1150
340 1151
341 492
341 495
341 1112
342 354
342 1366
342 1304
342 358
342 1112
342 1000
342 1551
342 716
342 343
342 1150
343 1112
343 1150
344 345
344 346
344 347
344 348
345 718
345 719
345 1415
345 660
345 746
345 699
345 1068
345 399
346 1142
346 1288
346 656
346 660
346 1145
346 1421
346 798
346 657
346 860
346 1364
347 398
347 719
347 434
347 1194
347 1299
347 860
348 456
348 1525
348 508
350 390
350 391
351 352
351 353
352 487
352 353
352 491
352 638
353 488
353 570
353 638
354 355
354 356
354 357
354 358
354 359
354 360
354 361
355 414
355 360
355 361
356 360
357 360
357 361
358 414
358 643
358 591
358 592
358 387
358 594
358 1304
358 361
358 1151
359 361
360 838
360 563
360 361
361 1366
361 1292
362 363
362 364
363 365
364 367
364 368
365 366
366 756
367 801
367 1373
367 1377
367 1462
367 1375
367 1437
367 1313
367 1463
368 893
369 448
369 1467
369 1468
370 590
370 1053
370 1149
372 1194
372 561
374 647
374 375
374 376
376 647
377 1541
378 574
379 1374
379 1546
380 381
380 382
380 383
380 384
380 385
380 386
380 387
380 388
380 389
381 392
382 387
382 389
383 711
383 697
383 392
383 698
385 386
385 1097
386 1234
386 1097
386 1177
387 551
387 591
387 594
387 1038
387 1252
387 389
387 595
387 597
387 542
388 1253
388 932
389 1363
389 597
390 545
390 1432
391 1432
393 601
393 394
393 862
393 863
393 603
393 864
394 419
394 404
395 400
395 443
395 1039
396 400
396 404
396 1503
397 497
397 862
398 399
399 719
399 660
399 746
399 860
399 1068
400 401
400 402
400 403
400 404
400 405
401 1458
401 403
402 405
403 759
403 477
403 981
403 1450
403 1458
403 529
404 409
404 419
405 644
405 1458
406 407
407 1030
408 1031
409 410
410 419
410 1118
411 412
411 413
412 879
412 924
413 939
413 971
415 598
415 723
415 1040
415 590
415 1042
415 724
415 1024
415 443
415 599
415 600
415 1028
416 417
416 418
416 419
416 420
416 421
418 434
418 489
419 451
419 556
419 557
419 788
419 721
419 637
419 1304
419 1414
419 1498
419 1047
419 984
419 832
419 548
419 1037
419 1531
419 1063
419 699
419 463
419 793
419 973
419 1532
419 1502
419 833
421 1453
421 1548
422 423
422 424
422 425
422 426
422 427
423 424
423 781
423 782
423 876
423 698
423 522
423 784
423 1089
423 1113
424 1244
424 1245
424 876
424 426
424 698
424 438
424 1246
424 1247
424 1089
424 1113
424 878
424 439
425 1015
425 1086
425 630
425 437
425 1299
425 677
426 878
427 1040
427 1244
428 429
428 430
429 667
429 668
431 432
431 433
431 434
431 435
431 436
431 437
431 438
431 439
432 841
432 895
432 896
432 897
432 436
432 898
432 438
432 677
433 1095
434 1140
434 897
435 750
436 706
436 750
436 659
436 842
436 745
436 438
436 1447
437 1195
437 438
437 669
437 677
438 841
438 897
438 1507
438 668
438 669
438 677
438 1089
438 439
439 1073
439 1089
440 441
440 442
440 443
440 444
441 1007
441 1008
441 1009
441 1010
441 909
441 444
441 541
442 1255
442 1278
442 1009
442 443
442 1431
443 598
443 604
443 1130
443 1039
444 1007
444 1369
444 1070
444 1010
445 446
445 447
446 629
446 633
446 635
446 1262
447 629
447 1143
447 1196
447 1259
447 1260
447 883
448 449
449 451
449 626
449 1378
450 617
451 452
451 453
451 454
452 453
452 464
452 465
452 466
452 467
453 1023
455 456
455 457
456 538
456 539
456 540
456 541
456 542
457 818
458 459
458 460
458 461
458 462
458 463
459 562
459 564
459 1443
459 460
459 461
459 1037
459 1452
459 833
459 951
460 462
460 1265
462 1154
462 567
463 831
463 1036
463 1204
463 949
463 1455
463 1112
463 1452
464 465
464 740
464 1305
467 1513
468 469
468 470
469 779
469 539
469 1207
469 470
470 779
470 1207
470 537
470 650
470 522
470 784
471 472
471 473
472 757
472 758
473 954
473 757
475 476
475 477
475 478
475 479
475 480
475 481
475 482
476 477
476 478
476 962
476 963
476 703
477 626
477 1019
477 1020
477 479
477 856
477 834
477 703
477 1021
478 856
479 895
479 1379
479 856
479 1362
479 481
479 1398
479 1333
479 1424
479 1496
480 583
480 696
482 1518
483 484
483 485
484 814
485 840
486 582
487 488
487 570
487 638
488 569
488 1125
488 1126
488 1127
488 490
488 1128
488 653
489 1029
489 506
489 1096
489 1253
489 1078
489 1254
489 490
490 536
490 1506
491 638
492 493
493 1031
493 867
494 861
497 503
497 604
498 571
498 532
499 500
500 1372
501 502
501 503
501 504
502 1136
502 1152
504 1136
505 506
505 507
505 508
506 539
506 1029
506 696
506 1078
506 1079
506 613
506 614
506 1080
507 613
507 1109
507 614
507 1277
507 1080
508 1391
508 1397
508 1430
508 1305
508 1494
508 1510
508 1145
508 1317
508 1470
509 510
509 511
509 512
509 513
511 815
512 1122
512 1123
512 513
512 1124
513 1123
513 1124
513 664
514 515
514 516
514 517
514 518
514 519
514 520
514 521
514 522
514 523
514 524
515 845
515 846
515 847
515 522
515 523
516 517
516 912
516 913
516 914
517 726
517 1096
517 1153
517 1079
517 912
517 913
517 1145
517 608
518 639
518 520
518 1277
518 1080
519 641
520 525
520 523
521 926
521 1466
522 779
522 1073
522 1088
522 698
522 1075
523 926
524 798
524 549
524 665
526 527
526 528
526 529
527 670
527 671
527 1228
527 528
528 670
528 768
528 770
528 1542
528 849
528 1545
529 670
530 531
530 532
531 545
531 550
532 546
532 544
532 975
532 1159
532 550
533 534
533 535
534 579
535 1071
536 537
538 818
538 819
538 820
538 541
539 605
539 779
539 561
539 1017
539 1018
540 1098
541 818
541 1221
541 1369
541 909
541 820
541 910
542 818
542 1417
542 1451
542 1418
542 1094
543 544
543 545
544 589
545 546
545 589
545 1433
547 548
547 549
548 827
548 1311
548 1391
548 1413
548 1497
548 1316
548 1317
548 1524
548 1390
548 1533
548 1534
548 1535
548 549
548 665
548 1446
549 552
549 743
550 1383
550 1396
551 552
551 553
551 554
551 555
552 665
553 1170
554 582
555 1050
555 1334
555 1326
555 952
555 1457
555 1044
555 1075
555 1514
556 557
556 558
557 581
557 558
558 822
558 1202
559 560
559 561
560 691
561 721
561 791
562 563
562 564
562 565
562 566
562 567
562 568
563 1292
564 854
564 1264
564 567
565 566
566 830
567 854
567 1266
567 799
569 570
569 571
570 653
572 573
572 574
572 575
572 576
572 577
572 578
573 1047
575 1121
576 1536
576 1537
577 1360
578 1360
579 580
580 1347
581 822
583 584
583 585
583 586
583 587
583 588
584 586
584 587
584 695
584 696
584 697
584 588
584 698
584 699
585 899
586 659
586 696
586 698
587 696
590 687
590 1042
590 895
590 599
590 600
590 715
590 716
591 643
591 592
591 1252
592 594
592 1304
593 1291
593 1381
594 1366
596 1515
598 599
598 600
599 1040
599 1041
599 600
600 1042
600 1024
600 1026
600 1256
600 1081
600 1028
601 602
601 603
602 1129
602 862
603 1540
603 741
604 605
604 1076
604 1278
604 1130
604 606
604 607
604 1279
604 608
605 606
605 607
605 608
605 609
606 929
606 609
606 1399
607 1100
607 1278
607 1279
608 929
608 1091
609 1091
611 612
611 613
611 614
612 1226
612 1227
613 1349
613 1448
616 617
616 618
618 1072
619 620
620 908
620 1200
620 1243
621 1081
622 1242
623 624
623 625
624 666
625 710
626 700
626 701
626 702
626 703
626 704
627 1022
628 1022
629 1259
629 1260
629 631
629 632
629 1261
629 1128
629 633
629 1262
630 673
630 1014
630 674
630 712
630 676
630 677
631 1262
632 1262
633 639
633 1262
635 1477
635 1022
635 1478
635 1262
636 637
637 1311
637 1389
637 1317
637 1390
638 787
638 1286
638 911
639 640
639 641
640 664
644 645
644 646
647 648
647 649
647 650
647 651
647 652
647 653
648 1064
648 1281
648 652
648 653
649 652
650 652
650 1075
650 1089
651 1064
651 1281
652 998
652 1064
652 704
653 1064
653 1286
653 1412
653 1125
653 1126
653 1478
653 1520
653 1501
654 888
655 798
656 1142
656 1145
656 1456
656 657
658 659
658 660
659 745
659 698
660 719
660 896
660 1144
660 1022
660 860
661 662
665 742
665 1434
665 868
665 1535
665 743
666 1404
667 668
667 669
668 1040
668 1519
668 669
669 841
669 1040
669 1197
669 1198
669 1199
669 1519
670 671
670 672
672 765
672 768
672 1111
673 696
673 674
673 712
674 1086
674 1158
674 697
674 1140
674 1299
674 677
675 899
677 1140
677 1449
677 1299
677 698
678 679
678 680
679 1050
679 1051
679 1052
680 1358
680 1479
680 1487
680 1269
680 1490
681 682
682 1222
682 1223
682 1224
683 684
683 685
683 686
684 1090
685 705
686 959
686 1157
686 1239
686 1408
687 688
687 689
687 690
687 691
689 694
690 906
691 735
692 693
693 1259
693 834
693 1445
693 1307
693 1353
694 934
695 933
696 1104
696 712
696 1139
697 712
697 698
698 1073
698 712
698 786
698 933
698 1159
699 719
699 1497
699 1414
699 1187
699 746
699 743
700 725
702 866
703 1464
704 998
704 725
704 952
706 707
706 708
706 709
707 943
707 944
708 842
708 943
708 944
709 1197
709 1198
710 982
711 1230
711 898
711 1231
711 773
712 1059
713 714
713 715
713 716
713 717
715 1402
716 895
716 798
716 1068
716 1551
716 1552
717 1000
718 719
719 1067
719 746
719 1068
720 721
720 722
721 934
721 1304
721 722
722 934
723 724
726 727
726 728
726 729
727 1153
727 728
727 729
727 1206
728 802
728 983
728 1001
728 729
728 1282
729 1001
729 1002
729 1303
730 731
731 1329
732 733
732 734
733 1263
734 929
734 1263
734 930
734 931
734 1387
735 736
737 776
739 740
739 741
740 929
740 783
740 1385
740 825
740 1345
741 929
741 1540
741 1544
741 1545
741 1543
742 743
743 1521
743 1317
744 745
744 746
744 747
745 750
745 1275
746 750
746 1275
746 1233
746 829
746 798
746 1068
747 1211
747 1213
747 1145
747 1214
747 951
748 749
749 1248
749 1249
749 1250
749 1251
751 1351
752 753
752 754
753 827
753 1107
753 1186
753 1187
753 1188
753 1108
753 1189
753 1109
753 789
754 1186
754 1250
754 1293
755 1054
756 1125
757 1012
757 954
757 1371
757 1047
758 979
758 1482
759 760
759 761
760 761
762 763
762 764
763 1132
764 1169
765 766
765 767
765 768
765 769
765 770
765 771
765 772
766 767
767 773
768 848
768 770
768 849
769 848
769 1114
769 1115
769 1116
769 1111
770 771
770 1111
770 772
771 848
771 1115
771 1331
771 1332
771 1110
771 1111
771 772
773 929
773 1158
773 1328
773 921
773 898
773 1488
773 1231
773 1435
773 871
773 1547
773 1532
774 1541
776 777
777 1013
777 1054
779 780
779 781
779 782
779 783
779 784
779 785
779 786
780 784
781 784
783 1383
783 1476
783 1505
783 1522
783 825
783 1523
783 1365
784 1089
785 1244
785 1075
788 789
789 1414
789 1187
789 1539
789 1390
789 1446
789 1240
790 791
790 792
790 793
792 793
795 796
797 1155
798 895
798 896
798 1060
798 1486
798 859
798 860
798 1068
799 854
799 800
800 921
804 1080
805 806
805 807
805 808
805 809
805 810
805 811
805 812
805 813
806 964
806 965
806 813
807 964
807 1164
807 808
807 965
807 1165
808 1161
808 809
809 955
809 964
809 965
809 810
810 1238
811 1238
813 895
814 1526
815 816
815 817
816 1248
817 1248
818 908
818 909
818 910
819 1417
820 1024
820 909
822 823
823 1149
824 825
824 826
825 1278
825 1385
825 1150
826 1278
831 832
831 833
832 1036
832 1455
832 961
832 1502
833 1036
833 949
833 1443
833 1265
834 1143
834 1259
834 1352
834 1368
834 1049
834 1297
834 1309
834 884
834 1445
834 1353
835 836
835 837
836 927
837 1269
838 839
839 1142
839 1022
839 1440
839 1146
840 1005
841 842
842 944
843 844
844 886
847 926
848 1110
848 1111
849 1019
849 1021
850 851
850 852
850 853
851 1377
851 1375
851 852
852 1377
853 1291
853 1381
855 856
856 1333
858 859
858 860
859 1064
859 1022
860 1064
860 895
860 896
860 1060
860 1085
860 1421
863 1394
863 1298
863 1039
864 1394
865 866
865 867
866 920
866 921
866 922
869 870
869 871
870 1321
871 1208
872 873
872 874
873 1015
874 1086
874 1016
874 1425
875 876
875 877
875 878
876 1244
877 1244
877 1044
878 1040
878 1083
878 1507
878 1044
878 1246
878 1247
879 880
879 881
880 881
881 1439
882 915
883 1142
883 1143
884 1280
886 887
889 1087
891 1045
891 1382
892 1336
893 894
894 938
895 1194
895 1243
895 1361
895 898
895 1362
895 1299
895 1363
895 1364
896 1085
896 1402
898 921
898 1427
898 1269
898 1052
898 1426
898 1481
899 1106
899 938
899 1107
899 1380
899 1362
899 1553
899 1301
900 901
900 902
900 903
900 904
900 905
900 906
900 907
901 905
902 903
903 928
903 1217
903 904
905 1190
905 1216
905 1429
905 906
905 907
906 1429
906 1454
907 1023
908 1200
909 1172
910 1388
912 914
912 1448
913 1448
914 1466
915 947
915 988
915 993
915 991
915 949
915 999
915 992
915 1000
916 917
917 918
917 919
918 935
918 936
919 992
920 952
921 1427
921 952
921 1269
921 1428
922 1427
922 952
923 924
923 925
925 1472
927 928
928 1191
928 1400
929 930
929 931
935 947
936 949
936 951
937 938
937 939
938 1117
940 941
940 942
941 945
941 946
941 947
941 948
941 949
941 950
941 951
942 947
945 947
945 948
945 953
946 951
947 948
947 966
947 967
949 989
949 991
949 1037
949 951
951 960
951 1205
951 978
951 1419
951 961
951 1063
951 1215
952 1427
953 961
953 1063
954 1047
954 1013
955 956
955 957
955 958
956 1171
957 1329
960 961
961 1304
961 973
961 1502
962 1148
966 972
966 1225
967 968
967 980
967 1225
968 969
968 970
969 978
970 978
972 973
972 974
973 978
973 1502
973 974
974 980
974 1120
976 977
977 996
977 997
981 1021
982 1348
983 984
984 1337
985 986
985 987
986 1278
986 1295
986 1000
986 1150
989 990
989 991
989 992
990 993
992 999
992 1297
992 1237
992 1000
994 995
995 1361
996 997
997 1274
997 1354
997 1133
1000 1295
1000 1150
1001 1002
1001 1003
1001 1004
1002 1282
1002 1206
1003 1004
1005 1006
1006 1034
1007 1178
1007 1179
1008 1010
1008 1213
1008 1103
1008 1214
1008 1279
1009 1027
1010 1210
1010 1070
1011 1444
1012 1013
1013 1054
1014 1015
1015 1016
1016 1086
1016 1425
1018 1297
1018 1516
1018 1517
1020 1333
1022 1410
1022 1440
1023 1444
1024 1069
1024 1376
1024 1025
1024 1074
1024 1075
1025 1026
1025 1256
1025 1327
1025 1044
1028 1042
1028 1376
1028 1499
1028 1119
1028 1395
1030 1031
1032 1033
1032 1034
1033 1035
1035 1420
1036 1037
1037 1443
1037 1509
1038 1324
1040 1041
1040 1042
1040 1043
1040 1044
1041 1042
1041 1044
1043 1083
1045 1046
1046 1382
1046 1374
1047 1504
1047 1163
1048 1049
1049 1143
1050 1219
1050 1228
1050 1229
1052 1485
1052 1487
1052 1428
1055 1056
1055 1057
1056 1057
1057 1527
1059 1060
1061 1062
1062 1276
1063 1502
1065 1066
1068 1288
1068 1085
1068 1447
1068 1525
1069 1070
1070 1256
1071 1072
1073 1074
1073 1075
1076 1077
1077 1092
1077 1100
1077 1101
1077 1102
1077 1103
1077 1093
1081 1242
1082 1083
1082 1084
1082 1085
1084 1194
1085 1447
1088 1089
1089 1194
1089 1113
1091 1092
1091 1093
1091 1094
1092 1100
1095 1447
1097 1323
1097 1312
1097 1177
1098 1178
1099 1100
1100 1101
1102 1171
1106 1107
1106 1108
1106 1109
1107 1108
1108 1109
1109 1188
1113 1194
1114 1359
1116 1491
1118 1529
1118 1542
1118 1532
1118 1543
1119 1138
1119 1499
1120 1121
1121 1170
1125 1286
1125 1126
1125 1287
1126 1412
1126 1465
1126 1262
1128 1262
1129 1130
1129 1131
1130 1258
1130 1131
1131 1258
1132 1185
1133 1354
1134 1411
1134 1355
1135 1350
1136 1137
1137 1152
1137 1335
1137 1346
1142 1143
1142 1144
1142 1145
1142 1146
1142 1147
1143 1280
1145 1162
1145 1518
1146 1440
1150 1295
1150 1151
1154 1155
1156 1157
1158 1159
1159 1384
1159 1386
1161 1162
1161 1163
1162 1529
1162 1538
1163 1498
1163 1166
1164 1166
1167 1168
1173 1174
1173 1175
1174 1263
1175 1393
1176 1177
1177 1180
1177 1406
1177 1416
1177 1181
1177 1407
1179 1185
1180 1181
1180 1182
1181 1193
1182 1508
1183 1184
1184 1365
1185 1369
1188 1317
1188 1528
1189 1537
1190 1191
1191 1216
1191 1217
1192 1193
1194 1195
1197 1198
1197 1199
1200 1221
1201 1202
1201 1203
1203 1426
1204 1205
1208 1209
1209 1516
1209 1517
1210 1211
1210 1212
1210 1213
1210 1214
1210 1215
1212 1279
1216 1241
1217 1241
1218 1244
1219 1220
1222 1225
1223 1356
1223 1224
1226 1300
1227 1300
1229 1400
1231 1269
1231 1411
1234 1235
1235 1336
1236 1466
1238 1239
1238 1240
1240 1539
1240 1533
1244 1245
1244 1325
1244 1326
1244 1327
1248 1249
1250 1293
1250 1514
1250 1511
1251 1504
1254 1303
1255 1256
1257 1473
1257 1513
1259 1309
1259 1310
1259 1314
1262 1410
1262 1478
1262 1465
1263 1387
1264 1265
1267 1268
1267 1269
1268 1319
1268 1492
1268 1359
1268 1400
1269 1495
1270 1367
1271 1272
1271 1273
1276 1350
1280 1297
1282 1460
1283 1284
1284 1429
1286 1287
1289 1290
1293 1469
1293 1514
1294 1295
1296 1339
1298 1394
1301 1362
1304 1366
1304 1455
1306 1399
1307 1445
1310 1530
1314 1353
1315 1316
1315 1317
1316 1434
1316 1521
1316 1317
1316 1392
1317 1391
1317 1528
1317 1392
1318 1319
1319 1401
1319 1359
1320 1321
1320 1322
1322 1550
1323 1324
1329 1393
1333 1422
1333 1430
1334 1335
1335 1365
1337 1338
1339 1360
1340 1409
1341 1438
1342 1434
1343 1462
1344 1429
1346 1500
1347 1348
1352 1353
1356 1357
1357 1527
1358 1359
1362 1379
1365 1409
1365 1505
1365 1385
1367 1368
1370 1546
1371 1403
1372 1432
1373 1374
1373 1375
1375 1377
1378 1437
1379 1380
1381 1474
1383 1384
1383 1385
1383 1386
1389 1413
1390 1414
1391 1392
1392 1430
1392 1470
1393 1453
1395 1499
1397 1398
1398 1430
1398 1470
1403 1404
1405 1515
1406 1407
1407 1416
1407 1476
1407 1522
1413 1414
1414 1446
1417 1418
1417 1419
1419 1457
1422 1423
1422 1424
1423 1510
1426 1485
1426 1481
1427 1435
1427 1436
1436 1547
1438 1439
1440 1530
1441 1442
1442 1446
1446 1534
1454 1459
1460 1506
1471 1472
1471 1473
1474 1475
1477 1478
1479 1480
1480 1495
1482 1493
1483 1484
1484 1485
1485 1486
1488 1489
1489 1490
1491 1492
1496 1512
1500 1508
1504 1511
1510 1512
1531 1532
1532 1538
1532 1540
1536 1537
1549 1550
1551 1552
