0 1
1 2
1 3
1 4
1 5
1 6
1 7
1 8
1 9
1 10
1 11
2 3
2 8
2 12
2 13
2 14
2 15
2 16
3 6
3 8
3 9
3 10
3 11
3 17
3 13
3 18
3 14
3 16
3 19
3 20
3 21
3 22
3 23
3 24
3 25
3 26
3 27
4 11
4 12
4 17
4 28
4 29
4 30
4 31
4 32
4 33
4 34
4 35
4 36
5 11
5 12
5 37
5 38
5 39
5 40
6 8
6 10
6 11
6 41
6 37
6 42
6 43
6 44
6 45
7 8
7 12
7 46
7 47
7 48
7 49
7 50
7 51
7 52
7 53
7 16
7 19
7 23
7 27
7 54
7 55
7 56
7 57
7 58
7 59
7 60
7 61
7 62
7 63
7 64
7 65
7 66
7 67
7 68
7 69
7 70
7 71
7 72
7 73
7 74
7 75
7 76
7 77
7 78
7 79
7 80
7 81
7 82
7 83
7 84
7 85
7 86
7 87
7 88
7 89
7 90
7 91
7 92
7 93
7 94
7 95
7 96
7 97
7 98
7 99
7 100
7 101
7 102
7 103
7 104
7 105
7 106
7 107
7 108
7 109
7 110
7 111
7 112
7 113
7 114
7 115
7 116
7 117
7 118
7 119
7 120
7 121
7 122
7 123
7 124
7 125
7 126
7 127
7 128
7 129
7 130
7 131
7 132
7 133
7 134
7 135
7 136
7 137
8 9
8 12
8 138
8 19
8 24
8 26
8 139
8 140
8 141
8 142
9 11
9 12
9 37
9 46
9 48
9 143
9 144
9 145
9 146
9 15
9 16
9 147
9 148
9 149
9 150
9 151
9 40
9 152
9 153
9 154
9 155
9 156
9 157
10 11
10 12
10 37
10 158
10 159
10 47
10 160
10 161
10 162
10 163
10 164
10 165
10 166
10 167
10 168
10 169
10 170
10 150
10 171
10 172
10 173
10 40
10 174
10 175
10 70
10 176
10 177
10 178
10 179
10 180
10 181
10 182
10 183
10 184
10 185
10 186
10 187
10 188
10 189
10 190
10 191
10 192
10 193
10 194
10 195
10 196
11 12
11 37
11 17
11 29
11 40
11 197
12 198
12 29
12 18
12 199
12 20
12 24
12 200
12 201
12 202
13 388
13 37
13 471
13 472
14 1084
14 1085
14 1086
14 1087
14 1088
14 1089
14 471
14 472
14 1090
14 1091
14 1092
14 1093
14 1094
15 491
15 1369
16 161
16 356
16 199
16 19
16 24
16 26
16 292
16 367
16 43
16 1370
16 1371
16 1291
16 310
16 314
16 1372
16 326
16 337
16 338
16 1373
16 1374
16 341
16 342
16 1375
17 37
17 445
17 464
17 38
17 40
18 37
18 145
18 486
19 269
19 1307
19 571
20 1376
20 1377
22 465
26 571
28 37
28 143
28 29
28 445
28 138
28 38
28 479
28 39
28 178
28 480
28 481
29 37
29 284
29 391
29 482
29 38
29 39
29 483
29 484
29 485
30 356
30 1033
30 1035
30 1036
30 376
30 456
30 1037
30 1038
32 394
32 719
32 1366
32 1475
32 1476
32 1325
32 1477
35 656
35 1478
37 432
37 46
37 433
37 158
37 434
37 159
37 435
37 436
37 47
37 437
37 160
37 438
37 439
37 161
37 440
37 441
37 162
37 48
37 143
37 442
37 163
37 443
37 444
37 445
37 164
38 1792
38 953
39 434
39 306
39 1792
39 953
39 1902
39 101
40 162
40 163
40 1162
41 265
41 281
41 282
41 283
41 284
41 285
41 286
41 287
41 288
41 289
41 290
41 291
41 292
41 293
41 294
41 295
41 296
41 297
41 298
41 299
41 300
41 301
41 272
41 275
41 302
41 303
41 304
41 305
41 306
41 307
41 308
41 309
41 310
41 311
41 312
41 313
41 314
41 315
41 316
41 317
41 318
41 319
41 320
41 321
41 322
41 323
41 324
41 325
41 326
41 327
41 328
41 329
41 330
41 331
41 332
41 333
41 334
41 335
41 336
41 337
41 338
41 339
41 340
41 341
41 342
41 343
41 344
41 345
41 346
41 347
41 348
42 388
42 677
42 678
42 679
42 680
42 681
42 682
42 683
42 684
42 355
42 685
42 686
42 687
42 356
42 655
43 288
43 212
43 1370
43 1590
43 942
43 1591
43 1592
43 1192
43 1593
43 1594
43 1114
43 1595
43 1596
43 1214
43 1597
43 1598
43 1599
43 1600
43 347
43 1601
43 1602
43 248
43 1603
44 1370
44 1712
44 1192
44 1600
44 1713
45 946
45 1642
45 309
45 1958
45 183
45 1959
45 1960
46 47
46 268
47 465
47 268
47 466
47 467
47 468
48 474
48 475
48 476
48 477
48 478
49 510
50 1237
51 464
51 1085
51 286
52 1288
52 454
52 1291
52 457
52 1292
52 1293
53 159
53 281
53 874
53 391
53 876
53 658
53 1337
53 525
53 140
53 1270
53 631
53 297
53 1338
53 301
53 397
53 536
53 1339
53 723
53 457
53 1340
53 541
53 1341
53 315
53 581
53 1342
53 1343
53 787
53 181
53 227
53 1344
53 548
53 1345
53 1346
55 1559
56 289
64 369
69 1291
74 1291
74 1889
76 1291
77 1328
83 1291
84 457
88 1291
90 1729
92 1291
93 1660
94 2173
101 138
101 139
107 283
130 1291
138 677
138 283
138 988
138 946
138 471
138 309
138 966
139 520
139 561
139 496
139 660
139 1453
140 465
140 448
140 281
140 451
140 289
140 454
140 298
140 1542
140 482
140 1543
145 162
145 884
145 284
145 167
145 885
145 886
146 199
146 827
146 775
146 284
146 1095
146 451
146 287
146 1096
146 292
146 815
146 1097
146 1098
146 296
146 1099
146 1100
146 299
146 1101
146 1102
146 1103
146 652
146 270
146 1065
146 1104
146 303
146 1105
146 1106
146 931
146 936
146 941
146 1107
146 537
146 308
146 309
146 1108
146 431
146 1109
146 653
146 1110
146 313
146 1111
146 820
146 1112
146 545
146 546
146 380
146 963
146 1113
146 1114
146 1115
146 1116
146 1117
146 619
146 1118
146 1119
146 1120
146 333
146 1121
146 1122
146 1123
146 1124
146 1125
146 1126
146 1127
146 1128
146 1129
146 1130
146 1131
147 292
147 1104
147 1112
148 1836
149 652
149 308
149 955
149 309
150 1188
150 306
150 1371
150 1879
151 1932
152 917
152 307
152 1038
153 284
154 161
154 162
154 2168
155 1865
156 2041
156 734
157 2027
157 2209
158 164
158 448
158 449
159 448
159 446
159 451
159 452
159 289
159 290
159 453
159 454
159 455
159 299
159 456
159 457
159 458
159 459
159 460
159 461
159 462
159 463
160 448
161 469
161 268
162 448
162 187
162 473
164 165
165 627
165 628
165 448
165 629
167 448
167 454
168 454
175 306
178 827
178 943
178 946
178 295
178 297
178 652
178 952
178 1720
178 758
178 309
178 959
178 2001
178 1793
178 637
178 1784
178 1160
178 1436
178 468
178 966
178 2002
178 1692
178 2003
178 2004
178 2005
178 2006
178 967
178 968
178 2007
180 268
180 1546
180 2077
180 2078
180 2079
180 2080
180 2081
184 561
185 449
187 205
187 448
187 811
187 1391
187 2167
188 931
189 448
189 1546
191 356
199 774
199 775
199 776
199 777
199 286
199 778
199 658
199 523
199 526
199 779
199 780
199 298
199 781
199 782
199 783
199 784
199 653
199 580
199 626
199 785
199 461
199 786
199 787
199 788
199 789
199 790
199 791
199 792
199 793
199 794
199 594
199 795
199 796
199 797
199 798
199 799
199 800
199 801
199 802
199 803
199 804
199 805
199 806
203 204
204 205
204 206
204 207
204 208
204 209
204 210
204 211
204 212
204 213
204 214
204 215
204 216
204 217
204 218
204 219
204 220
204 221
204 222
204 223
204 224
204 225
204 226
204 227
204 228
204 229
204 230
204 231
204 232
204 233
204 234
204 235
204 236
204 237
204 238
204 239
204 240
204 241
204 242
204 243
204 244
204 245
204 246
204 247
204 248
204 249
204 250
204 251
204 252
205 613
205 615
205 616
205 617
206 559
207 649
207 520
207 283
207 651
207 652
207 567
207 653
209 1378
209 1379
209 430
209 1380
209 1381
209 1382
209 1383
219 1519
219 2041
222 2073
229 2151
231 284
231 1624
234 775
253 254
253 255
254 256
255 257
255 258
255 259
256 521
256 1318
256 1319
256 1000
256 1324
256 1325
256 1323
257 1962
260 261
261 262
261 263
261 264
262 464
262 928
262 1707
262 1708
265 266
266 267
266 268
266 269
266 270
266 271
266 272
266 273
266 274
266 275
266 276
266 277
266 278
266 279
266 280
267 385
267 389
268 435
268 283
268 284
268 657
268 287
268 289
268 1148
268 292
268 985
268 815
268 1149
268 946
268 1150
268 652
268 1151
268 306
268 934
268 935
268 936
268 1152
268 1153
268 1154
268 1155
268 663
268 808
268 310
268 1156
268 1157
268 1158
268 1159
268 637
268 382
268 1160
268 1114
268 320
268 1161
268 1162
268 1163
268 1164
268 1165
268 639
268 1166
268 1167
268 1168
268 1169
268 1170
268 1171
268 1172
268 1173
268 1174
268 1175
268 1176
268 1177
268 1178
268 1179
268 1180
269 917
269 1247
269 1044
269 1036
269 404
269 514
269 585
269 480
269 1250
269 1251
269 1252
269 1253
270 465
270 520
270 391
270 298
270 1650
270 1675
270 566
270 704
270 567
270 568
271 465
271 520
271 390
271 391
271 295
271 534
271 704
271 1473
271 1208
271 1676
272 465
272 520
272 391
272 704
272 720
272 1269
273 1677
274 390
277 559
277 520
277 657
277 391
277 534
277 1650
277 568
277 1678
277 573
277 850
277 854
277 860
277 579
277 542
277 315
277 1589
277 592
277 598
278 465
278 520
278 342
279 1679
281 465
281 654
281 655
281 656
281 521
281 283
281 657
281 561
281 451
281 289
281 658
281 659
281 660
281 661
281 297
281 298
281 537
281 662
281 663
281 315
281 664
281 665
281 666
281 619
281 667
282 521
282 283
283 465
283 655
283 446
283 827
283 868
283 943
283 451
283 835
283 944
283 764
283 453
283 945
283 946
283 531
283 879
283 295
283 296
283 660
283 297
283 947
283 948
283 949
283 950
283 951
283 782
283 952
283 303
283 842
283 843
283 936
283 953
283 954
283 955
283 309
283 956
283 957
283 456
283 457
283 958
283 959
283 461
283 960
283 961
283 584
283 637
283 962
283 963
283 964
283 320
283 965
283 468
283 966
283 967
283 968
283 969
283 594
283 970
283 971
283 972
283 973
283 338
283 974
283 340
283 975
283 976
283 977
283 978
284 775
284 995
284 391
284 697
284 1003
284 290
284 454
284 455
284 562
284 879
284 947
284 843
284 882
284 1004
284 954
284 403
284 1005
284 1006
284 463
284 664
284 1007
284 1008
284 1009
284 1010
284 1011
284 1012
284 1013
284 1014
284 1015
284 1016
285 518
285 678
285 1228
285 540
285 962
285 1229
285 1230
285 339
286 465
287 445
287 465
287 520
287 521
287 469
287 391
287 561
287 1267
287 704
287 1269
288 778
289 465
289 521
289 996
289 943
289 452
289 658
289 1316
289 532
289 661
289 1317
289 631
289 297
289 298
290 1148
290 525
290 1404
292 465
292 560
292 1429
292 1363
293 388
293 1098
293 1089
294 465
294 561
294 295
294 659
295 350
295 689
295 701
295 1044
295 1099
295 1101
295 1000
295 1065
295 782
295 1549
295 536
295 402
295 537
295 1273
295 1301
295 1550
295 1110
295 1551
295 1269
295 1552
295 962
295 514
295 1553
295 338
295 1554
295 977
296 465
296 1560
296 660
297 301
297 537
297 313
297 800
298 518
298 520
298 391
298 983
298 658
298 1270
298 631
298 301
298 566
298 568
298 1542
298 499
298 572
298 723
298 662
298 315
298 581
298 637
298 513
298 787
298 590
298 1573
298 606
298 339
298 342
299 656
299 520
300 561
300 1634
301 465
301 520
301 453
301 1636
301 1102
303 367
303 879
303 1539
303 1309
303 1047
303 1302
303 1717
304 390
304 1324
305 707
306 917
306 521
306 391
306 701
306 396
306 1776
306 574
306 1366
306 575
307 943
307 1388
307 1720
307 954
307 1428
307 959
307 1793
307 468
307 966
307 967
307 1843
309 469
309 561
310 520
310 391
310 733
311 520
311 391
312 520
313 465
313 657
313 369
314 1351
314 2022
315 465
315 518
315 1542
315 1531
315 457
319 2135
320 321
321 988
322 652
322 935
322 2117
322 1437
322 2146
325 561
326 1781
327 930
328 1346
331 1777
331 1861
332 2176
333 2178
333 2179
334 2180
335 465
335 827
335 1216
335 968
337 465
337 2076
339 518
340 861
349 350
350 351
350 352
351 1036
353 354
354 355
354 356
354 357
354 358
354 359
354 360
354 361
354 362
354 363
354 364
355 520
355 391
355 561
355 704
355 705
355 706
356 713
356 714
356 521
356 715
356 561
356 716
356 717
356 718
356 719
356 720
356 401
356 721
356 722
356 723
356 724
356 538
356 725
356 421
356 726
356 727
356 728
356 729
356 730
356 731
356 732
356 733
356 734
356 735
356 736
356 737
356 738
356 739
357 367
357 1904
363 390
365 366
366 367
366 368
366 369
366 370
366 371
366 372
367 687
367 560
367 1139
367 1433
367 1099
367 1329
367 1434
367 1435
367 1242
367 1110
367 1436
367 1437
367 967
367 1013
367 1438
367 1439
367 1440
367 1441
367 1442
367 1443
367 1444
368 369
368 370
368 1528
369 1242
369 397
369 1529
370 1436
373 374
374 375
374 376
374 377
374 378
374 379
374 380
374 381
374 382
374 383
374 384
378 2066
379 1434
380 1975
383 1138
383 1140
383 2067
384 2068
385 386
385 387
385 388
388 390
388 391
388 392
388 393
388 394
388 395
388 396
388 397
388 398
388 399
388 400
388 401
388 402
388 403
388 404
388 405
388 406
388 407
388 408
388 409
388 410
388 411
388 412
388 413
388 414
388 415
388 416
388 417
388 418
388 419
388 420
388 421
388 422
388 423
388 424
388 425
388 426
388 427
388 428
388 429
388 430
388 431
390 518
390 776
390 1044
390 1045
390 496
390 1046
390 844
390 849
390 1047
390 1048
390 1049
390 1050
390 1051
390 1052
390 1053
390 1054
390 1055
390 1056
390 1057
390 1058
390 1059
391 465
391 518
391 448
391 833
391 451
391 834
391 835
391 836
391 946
391 1196
391 841
391 1197
391 842
391 843
391 936
391 1198
391 853
391 1048
391 462
391 1199
391 1113
391 1114
391 1007
391 964
392 1307
394 455
394 1188
394 1622
394 466
395 1643
396 683
396 1044
396 1661
396 1662
396 1190
396 1663
396 1426
396 1160
396 1664
396 1665
396 1666
396 1667
396 1638
396 1668
396 1669
396 1670
397 814
397 1000
397 974
398 1715
398 1716
400 1496
400 537
400 1735
400 1736
401 917
401 1202
401 1747
401 663
401 1748
402 1815
403 1379
403 1860
404 1071
404 1188
404 1883
404 1884
405 868
405 1716
408 687
408 836
410 498
410 1810
411 868
412 540
412 1935
412 1576
412 1936
416 1729
420 693
421 1203
421 663
421 1937
421 1580
421 1938
423 1605
423 941
423 1939
424 1559
430 1676
430 1575
431 868
431 1038
432 446
432 447
434 450
441 470
446 744
446 745
448 522
448 631
448 632
448 633
448 566
448 634
448 635
448 636
448 637
448 638
448 639
448 548
448 640
448 641
448 642
449 775
449 1517
449 1518
449 865
449 1519
449 1520
449 1521
449 1522
449 1523
449 1524
449 1525
449 1526
449 1527
450 1317
450 1209
450 1899
450 1900
450 1901
451 707
451 521
451 1238
451 1239
451 525
451 1240
451 931
451 937
451 580
451 541
451 1241
451 542
453 496
453 541
454 775
454 1361
454 869
454 523
454 524
454 525
454 1456
454 1457
454 1458
454 945
454 1459
454 1460
454 529
454 562
454 1461
454 986
454 1311
454 1462
454 1097
454 946
454 1463
454 752
454 1464
454 1465
454 1466
454 1467
454 1468
454 1020
454 530
454 1469
454 1470
454 1471
454 1472
455 1384
455 525
455 1387
455 1465
455 1413
456 876
456 869
456 658
456 524
456 525
456 530
456 1207
456 626
456 1891
456 547
456 789
456 1892
456 1893
457 465
457 562
457 1546
457 1158
457 1940
457 1941
457 1942
459 470
459 1145
459 935
459 1815
459 861
459 514
459 2037
459 664
459 1136
459 1845
459 963
460 2038
461 660
461 619
462 549
464 669
464 1242
464 880
464 1243
464 718
464 1244
464 1245
465 517
465 520
465 521
465 522
465 523
465 524
465 525
465 526
465 527
465 528
465 529
465 530
465 531
465 532
465 533
465 534
465 535
465 536
465 537
465 538
465 539
465 540
465 541
465 542
465 543
465 544
465 545
465 546
465 547
465 475
465 548
465 549
465 550
465 551
465 552
465 553
465 554
465 555
465 556
465 557
465 558
466 1591
466 577
466 1628
466 1629
466 589
466 1630
466 1631
466 1632
467 2043
467 913
469 1061
469 712
469 958
469 1069
469 1070
470 672
470 675
470 526
470 676
471 1699
471 1645
471 1700
472 882
472 1995
472 1896
473 2185
473 2186
475 2144
479 954
480 819
480 1225
480 1216
480 1119
480 2118
481 1333
481 2094
481 2143
482 1460
482 1473
482 1654
483 520
483 578
484 701
484 1779
485 923
486 1542
486 885
487 488
488 489
489 749
489 750
489 751
489 752
489 753
489 754
489 755
489 756
489 757
489 758
489 759
489 760
489 761
490 491
490 492
490 493
490 494
490 495
491 496
491 497
491 498
491 499
491 500
491 501
491 502
491 503
491 504
491 505
491 506
491 507
491 508
492 497
492 500
493 497
493 500
494 500
494 509
495 497
495 498
495 500
495 501
496 775
496 1202
496 764
496 985
496 815
497 816
497 498
497 1482
497 1433
497 1483
498 816
498 1482
498 1351
498 1484
498 1485
498 1486
498 1487
498 1488
499 518
499 1184
499 815
499 1515
499 946
499 879
499 1102
499 1542
499 570
499 817
499 1676
499 819
499 820
499 821
499 1801
499 1802
500 1482
500 1242
501 1482
501 1484
502 1485
502 2035
502 2036
504 2035
507 729
509 1231
510 511
510 512
510 513
510 514
510 515
510 516
511 835
512 1856
513 518
513 1542
514 827
514 712
514 2069
514 2070
515 697
515 574
515 2170
515 1778
517 518
517 519
518 559
518 560
518 561
518 562
518 563
518 564
518 534
518 565
518 566
518 567
518 568
518 569
518 570
518 571
518 572
518 573
518 574
518 575
518 576
518 577
518 578
518 579
518 580
518 581
518 582
518 583
518 584
518 544
518 585
518 586
518 587
518 588
518 589
518 590
518 591
518 592
518 593
518 594
518 595
518 596
518 597
518 598
518 599
518 600
518 601
518 602
518 603
518 604
518 605
518 606
519 607
519 608
519 609
519 610
519 611
519 612
520 831
520 522
520 833
520 834
520 835
520 836
520 837
520 838
520 839
520 840
520 841
520 566
520 842
520 570
520 843
520 844
520 845
520 846
520 847
520 848
520 575
520 849
520 578
520 850
520 851
520 852
520 853
520 854
520 855
520 856
520 540
520 857
520 858
520 653
520 859
520 860
520 861
520 579
520 862
520 863
520 864
520 865
521 925
521 926
521 838
521 927
521 817
521 928
521 929
521 930
521 931
521 932
521 933
521 934
521 843
521 935
521 936
521 937
521 938
521 939
521 740
521 940
521 941
521 942
522 1061
522 1071
522 931
522 663
522 539
522 1072
522 1073
523 1096
523 946
524 943
524 988
524 1096
524 1392
525 690
525 943
525 560
525 764
525 946
525 781
525 1424
525 1425
525 663
525 1426
525 1427
525 1428
526 943
526 657
526 560
526 1386
526 661
526 547
526 1430
526 1431
530 719
530 1539
530 1540
530 536
530 1541
531 561
531 879
532 690
532 781
532 1571
532 1572
533 1202
533 946
533 1099
533 1574
533 843
533 820
533 1575
533 1576
534 836
534 1587
534 568
534 854
534 861
534 579
534 1588
534 1589
535 943
535 946
535 644
535 1546
535 1216
536 1202
536 817
536 1806
537 561
537 764
537 941
537 1837
538 724
538 1428
538 1273
538 1367
538 1923
538 1552
538 1924
539 663
539 871
539 594
539 1236
541 943
542 850
542 619
546 561
546 716
546 745
547 943
547 2121
552 1542
552 2193
552 1894
555 2194
559 618
559 619
559 620
559 621
559 622
559 623
560 678
560 1202
560 984
560 1203
560 1204
560 1205
561 678
561 684
561 685
561 952
561 937
561 953
561 1207
561 1208
561 1209
561 1210
561 1211
561 1110
561 580
561 1212
561 1199
561 1213
561 966
561 1214
561 1215
561 1216
561 1217
561 1218
561 1219
561 1220
561 1221
561 1222
561 1223
562 815
562 949
562 1532
562 1533
562 1534
562 819
564 1579
567 570
568 1531
569 1542
570 658
570 1650
570 1675
570 573
570 1356
570 577
570 1729
570 585
570 1742
570 1743
570 1744
570 1745
570 1746
571 1754
572 1542
574 1202
574 836
574 1090
574 1945
575 1202
575 1090
577 1493
579 1366
579 1269
579 592
580 1202
580 950
580 663
580 819
580 1907
580 961
581 631
581 1542
581 1531
582 1531
582 2042
583 1044
583 1301
583 2046
584 2047
585 2093
585 2094
587 588
588 1090
592 854
592 1589
592 1669
594 1071
595 607
595 1056
595 2051
598 660
602 1716
606 815
607 1954
608 875
610 1202
610 1027
613 614
615 660
615 1809
615 882
616 2130
616 1222
616 2131
616 2132
617 1809
617 2171
617 2172
618 993
618 994
621 1201
624 625
625 626
627 630
629 643
629 644
629 645
629 646
629 647
629 648
630 914
630 915
630 916
631 652
631 817
632 988
632 1099
636 1072
637 946
637 1199
637 2059
643 1003
644 869
645 1904
649 650
651 1182
651 1337
651 1423
652 998
652 1285
652 1078
652 1239
652 1102
652 1649
652 1650
652 1607
652 1208
652 1651
652 1652
652 653
652 1269
652 1653
652 1654
652 1655
652 1656
652 1657
653 1269
653 1977
653 1978
655 740
655 741
655 742
655 743
656 762
656 713
656 763
656 764
656 765
656 766
656 767
656 768
656 769
656 770
656 771
656 772
656 773
657 996
657 1187
657 1188
657 1189
657 740
657 1190
657 1191
657 819
657 959
657 1192
657 1110
657 1193
657 1194
658 943
658 1096
658 842
658 817
658 1296
658 1053
659 667
660 1202
660 836
660 985
660 1103
660 843
660 1563
660 964
660 1564
660 1014
660 1565
660 1566
660 1567
660 1568
660 1569
660 1570
661 1227
662 1542
662 1887
663 701
663 1359
663 882
663 1301
663 1194
664 1101
664 2074
665 984
665 1889
666 2139
666 1724
668 669
669 670
669 671
672 673
672 674
675 988
677 688
677 689
677 690
678 691
678 692
678 693
678 694
678 695
678 696
678 697
678 698
678 699
678 700
678 701
679 702
683 703
685 707
685 708
685 709
685 710
687 711
687 712
688 878
688 979
688 980
689 981
689 982
690 983
690 984
690 985
690 986
690 987
691 1141
691 1142
693 1085
693 1206
693 1162
696 1224
697 827
697 1225
697 1226
698 1227
700 1058
701 943
701 836
701 1231
701 1160
701 1162
701 1216
701 1232
701 1233
701 974
701 1234
702 1718
704 842
704 856
705 713
707 812
707 814
707 815
707 816
707 817
707 818
707 819
707 820
707 821
707 822
708 713
708 2089
708 1790
711 1294
711 1295
711 1296
711 1169
711 1297
711 1298
712 1418
712 1820
712 1711
712 1821
712 1822
712 1823
712 1824
712 1825
713 887
713 888
713 889
713 890
713 891
713 892
713 893
713 894
713 895
713 896
713 897
713 898
713 899
713 900
713 901
713 902
713 903
713 904
713 905
713 906
713 907
713 908
713 909
713 910
713 911
713 912
713 913
714 917
715 1135
715 865
715 1136
716 1133
716 1360
716 1409
716 953
716 1413
716 1414
716 1415
716 1416
717 1062
717 1680
718 1000
719 1714
719 1449
720 1733
720 937
721 1765
721 1767
722 956
722 1776
722 1886
723 1499
724 947
724 1533
724 1351
724 1919
724 1920
724 725
724 1921
724 1577
724 1922
726 1956
727 2024
728 2097
729 2107
729 2108
731 930
733 935
738 836
740 988
741 843
741 1190
741 1814
744 1400
744 816
744 1190
744 1191
744 1555
745 941
745 1157
745 2034
746 747
747 748
748 1239
748 1557
748 1558
750 807
750 808
750 809
751 1262
756 814
756 1771
756 1772
764 1207
770 1021
770 1615
770 1026
770 1027
770 900
770 1028
770 1029
775 877
775 878
775 879
775 880
775 881
775 882
775 789
775 883
776 943
777 1061
777 1075
778 1044
782 1000
783 1559
783 817
783 1678
783 882
787 1400
806 2210
808 1963
810 811
812 813
813 823
813 824
814 1096
815 1270
815 1197
815 1454
815 1455
816 1270
817 1773
817 1678
817 1774
817 1775
818 1933
819 1044
819 876
819 1943
819 883
819 1944
820 1106
820 846
820 2026
820 2027
822 1044
825 826
825 827
826 828
826 829
826 830
828 2090
828 2091
828 2092
831 832
832 842
832 866
833 1195
834 983
836 991
836 1366
836 1367
836 1269
836 1368
836 987
838 1078
841 1697
841 1698
842 1650
842 1346
843 1324
845 1558
846 1188
847 1418
847 1885
849 1976
852 1411
854 1678
861 1979
862 1269
863 1980
867 868
868 869
868 870
868 871
868 872
869 943
869 1096
869 1389
869 953
869 1390
869 1391
870 1099
870 1521
870 1578
871 1605
872 1324
872 959
872 2008
872 1395
873 874
874 875
874 876
875 1332
875 1333
875 1334
875 1335
875 1336
876 1005
878 1017
879 1539
879 1547
879 1548
880 1418
880 1709
880 1710
880 1711
881 1738
881 1074
881 1739
881 1740
882 931
882 1427
882 1810
882 1811
882 1013
882 1812
883 2169
889 1701
889 1702
892 1991
900 1019
906 1027
911 2153
913 2094
913 1524
917 918
917 919
917 920
917 921
917 922
917 923
917 924
920 1077
920 1349
925 991
925 1067
925 1039
925 1363
925 1364
925 1365
929 1239
930 1777
933 1025
935 1519
935 1250
935 1778
935 1779
936 1481
937 1606
937 1780
937 1781
940 1013
941 1367
941 1232
943 1039
943 1040
943 1041
943 1042
943 1043
945 1530
945 1481
946 1468
946 950
946 1535
946 1536
947 1585
947 1586
949 1634
950 1634
950 959
950 1042
951 1643
952 1000
959 1808
959 1408
962 2026
964 1269
967 1377
968 2158
969 1451
980 1278
980 1678
981 1531
981 1106
981 1755
985 1270
985 1451
985 1452
987 2119
987 2120
988 1310
988 1311
988 1312
988 1313
988 1314
988 1315
989 990
990 991
990 992
991 1360
991 1361
992 1096
992 1393
995 996
995 997
995 998
995 999
996 1000
996 1001
996 1002
997 1017
1000 1671
1000 1197
1000 1672
1000 1673
1000 1674
1003 1299
1004 1339
1005 1239
1008 1070
1008 1873
1008 2098
1013 1790
1014 2160
1014 2161
1017 1060
1018 1019
1019 1020
1019 1021
1019 1022
1019 1023
1019 1024
1019 1025
1019 1026
1019 1027
1019 1028
1019 1029
1019 1030
1019 1031
1019 1032
1020 1538
1024 1538
1025 1212
1025 1214
1025 1521
1025 2019
1025 1667
1026 1538
1028 1538
1033 1034
1036 1490
1036 1849
1036 1850
1036 1735
1036 1851
1038 1894
1039 1798
1039 1586
1039 1799
1039 1800
1040 1044
1040 1663
1040 1301
1042 1263
1042 2203
1044 1102
1044 1300
1044 1228
1044 1301
1044 1110
1044 1302
1044 1053
1044 1303
1044 1304
1044 1305
1044 1306
1044 1057
1047 1388
1047 1985
1047 1986
1048 1619
1053 1324
1053 2103
1053 1811
1053 2104
1056 1908
1056 2164
1061 1062
1061 1063
1062 1064
1062 1065
1062 1066
1062 1067
1062 1068
1063 1074
1065 1681
1067 1418
1067 1682
1067 1683
1070 1491
1071 1235
1071 1236
1074 1814
1076 1077
1077 1078
1077 1079
1077 1080
1077 1081
1077 1082
1077 1083
1078 1096
1078 1296
1078 1395
1078 1396
1078 1397
1078 1398
1078 1399
1080 1904
1080 1907
1085 1246
1088 1405
1088 1406
1088 1407
1088 1408
1089 1633
1089 1333
1090 2012
1096 1384
1096 1385
1096 1386
1099 1240
1100 1329
1100 1581
1100 1582
1101 1634
1102 1639
1103 1646
1103 1535
1104 1684
1106 1757
1106 1758
1107 1451
1113 1269
1117 2154
1130 1349
1132 1133
1133 1134
1134 1611
1134 1322
1137 1138
1138 1139
1138 1140
1139 1445
1139 1446
1139 1447
1139 1448
1139 1449
1139 1450
1140 2163
1140 2067
1141 1143
1141 1144
1141 1145
1141 1146
1142 1147
1146 1648
1148 1400
1155 1242
1157 1943
1161 1891
1161 2142
1164 1491
1169 1418
1173 1322
1174 1481
1181 1182
1183 1184
1184 1185
1184 1186
1186 1957
1188 1623
1188 1624
1188 1625
1188 1626
1188 1627
1190 1813
1193 1266
1194 1418
1194 1992
1194 1993
1196 1610
1200 1201
1202 1267
1202 1239
1202 1270
1202 1271
1202 1272
1202 1273
1202 1274
1202 1275
1202 1276
1203 1280
1204 1432
1206 2109
1206 2110
1206 2111
1206 2112
1207 1838
1208 1840
1212 1324
1212 1645
1212 1705
1212 1706
1212 1730
1212 2018
1217 2157
1228 1844
1228 1301
1228 1845
1233 2006
1233 2187
1239 1417
1239 1296
1239 1421
1239 1406
1240 1577
1242 1703
1242 1704
1242 1705
1242 1706
1247 1248
1247 1249
1254 1255
1254 1256
1254 1257
1254 1258
1254 1259
1257 1260
1260 1952
1260 1761
1260 2060
1260 2061
1260 2062
1260 2063
1261 1262
1261 1263
1262 1264
1262 1265
1263 1266
1264 1359
1266 1895
1266 1896
1266 1897
1266 1898
1267 1268
1270 1533
1270 1555
1270 1556
1271 1719
1277 1278
1278 1279
1278 1280
1281 1282
1281 1283
1281 1284
1281 1285
1284 1286
1284 1287
1286 1983
1286 1984
1288 1289
1288 1290
1291 1914
1291 1915
1291 1916
1291 1917
1291 1918
1293 2182
1296 1387
1296 1311
1297 2174
1299 1471
1299 1760
1299 1761
1301 1351
1301 1964
1307 1308
1307 1309
1308 1689
1308 1690
1308 1691
1308 1692
1308 1693
1308 1694
1308 1695
1308 1696
1309 1427
1309 1578
1312 2195
1318 1319
1318 1320
1318 1321
1319 1320
1319 1322
1319 1323
1320 1326
1320 1323
1322 1613
1322 1614
1324 1520
1324 1737
1327 1328
1328 1329
1328 1330
1328 1331
1329 1434
1339 1831
1339 1832
1339 1833
1340 1370
1340 1685
1343 1924
1343 2064
1343 2065
1347 1348
1347 1349
1348 1350
1349 1351
1349 1352
1349 1353
1351 1863
1351 1867
1351 1868
1351 1869
1352 2010
1352 1381
1353 2170
1353 2191
1354 1355
1355 1356
1355 1357
1355 1358
1359 1723
1359 1724
1359 1725
1361 1362
1363 2023
1366 1946
1366 1947
1366 1948
1366 1949
1366 1950
1367 1606
1367 2020
1367 2021
1368 2082
1368 2083
1370 1560
1370 1685
1370 1686
1377 1782
1377 1783
1377 1784
1377 1785
1377 1786
1377 1787
1377 1788
1379 1777
1379 1861
1384 1387
1384 1388
1385 1394
1388 1473
1388 1474
1389 1734
1390 2086
1397 1586
1397 1979
1400 1401
1400 1402
1400 1403
1401 2030
1402 2147
1402 2148
1402 1415
1402 2149
1402 2150
1408 1490
1409 1410
1409 1411
1410 1412
1413 1795
1413 1903
1414 2197
1415 2155
1417 1418
1417 1419
1417 1420
1419 1422
1426 1928
1427 1929
1427 1930
1428 1931
1429 1574
1429 1969
1429 1970
1432 1782
1432 1784
1433 1489
1434 1583
1434 1584
1439 1787
1442 1825
1447 1951
1447 1952
1451 1826
1451 1827
1451 1828
1451 1829
1451 1830
1453 1493
1460 1531
1468 1537
1469 1544
1469 1545
1472 1546
1473 1546
1473 1839
1474 2127
1474 2128
1475 1971
1476 1952
1477 1972
1477 1973
1477 1974
1478 2084
1479 1480
1480 1481
1481 1482
1481 1750
1481 1751
1481 1752
1481 1753
1483 1490
1483 1491
1490 1808
1490 1846
1490 1847
1491 1810
1492 1493
1493 1494
1493 1495
1493 1496
1493 1497
1493 1498
1493 1499
1493 1500
1493 1501
1493 1502
1493 1503
1493 1504
1493 1505
1493 1506
1493 1507
1493 1508
1493 1509
1493 1510
1493 1511
1493 1512
1493 1513
1514 1515
1515 1516
1516 1616
1516 1617
1528 1957
1530 1749
1531 1756
1533 1769
1534 1903
1538 1579
1538 1580
1540 1762
1540 1763
1542 1741
1546 1987
1546 1988
1546 1989
1546 1990
1549 1720
1549 1606
1550 1605
1560 1561
1560 1562
1563 1933
1563 1934
1574 1765
1577 1926
1577 1927
1578 2201
1578 2202
1583 1687
1583 1688
1604 1605
1605 1606
1605 1607
1605 1608
1605 1609
1606 1721
1606 1722
1607 1681
1607 1819
1607 1811
1608 1975
1611 1612
1618 1619
1619 1620
1619 1621
1620 1789
1623 1716
1624 1727
1624 1730
1624 1880
1624 1881
1624 1882
1630 2031
1634 1635
1636 1637
1636 1638
1640 1641
1640 1642
1643 1644
1644 1645
1645 1834
1645 1835
1646 1647
1648 2113
1650 1732
1658 1659
1659 1660
1662 1728
1662 1768
1663 1913
1666 2091
1676 1841
1676 1842
1678 1803
1678 1804
1678 1805
1681 1718
1681 1817
1681 1818
1682 2177
1683 2190
1700 1848
1706 1889
1706 1890
1707 1996
1716 1908
1716 1909
1716 1910
1716 1911
1716 1912
1717 2159
1726 1727
1727 1728
1727 1729
1727 1730
1727 1731
1729 1980
1729 2013
1729 2014
1729 2015
1729 2016
1730 1880
1730 2017
1735 1851
1736 2106
1739 2184
1744 1977
1751 1845
1754 1764
1755 1759
1761 1907
1765 1766
1768 1791
1769 1770
1777 2165
1779 2175
1782 1904
1789 1790
1790 2108
1792 1793
1794 1795
1794 1796
1795 1797
1801 2044
1802 2045
1804 2099
1806 2105
1807 1808
1810 2056
1810 2057
1810 1878
1810 2058
1814 1999
1814 2000
1815 1816
1821 1837
1825 2211
1832 2129
1835 1920
1837 2155
1849 1852
1850 1851
1851 1853
1851 1854
1851 1855
1852 1966
1852 1967
1852 1968
1853 1907
1855 2040
1857 1858
1858 1859
1859 1907
1860 1862
1861 2166
1862 1904
1863 1864
1863 1865
1865 1866
1870 1871
1870 1872
1871 1873
1874 1875
1875 1876
1875 1877
1875 1878
1876 1965
1887 1888
1889 2031
1889 2032
1889 2033
1890 2198
1890 2199
1890 2200
1891 2071
1891 2072
1904 1905
1904 1906
1907 1994
1908 2049
1908 2051
1920 1925
1924 2028
1924 2029
1925 1961
1928 2156
1934 2205
1934 2206
1934 2207
1944 2178
1946 1981
1949 2115
1951 1952
1952 1953
1954 1955
1957 2126
1960 2196
1972 2040
1977 2188
1977 2189
1981 1982
1996 1997
1996 1998
2008 2009
2010 2011
2024 2025
2032 2088
2036 2162
2039 2040
2041 2192
2047 2048
2049 2050
2050 2052
2050 2053
2050 2054
2050 2055
2061 2110
2061 2138
2075 2076
2084 2085
2086 2087
2093 2095
2094 2096
2099 2100
2099 2101
2101 2102
2108 2141
2111 2140
2114 2115
2116 2117
2121 2122
2121 2123
2122 2124
2123 2125
2126 2174
2133 2134
2133 2135
2133 2136
2135 2137
2144 2145
2149 2150
2152 2153
2175 2208
2180 2181
2183 2184
2189 2212
2192 2204
2207 2213
