0 0
0 1
0 1
0 2
0 2
0 3
0 3
0 4
0 4
0 5
0 5
0 6
0 6
0 7
0 7
0 8
0 8
0 9
0 9
0 10
0 10
0 11
0 11
0 12
0 12
0 13
0 13
0 14
0 14
0 17
0 18
1 1
1 2
1 2
1 3
1 3
1 4
1 4
1 5
1 5
1 6
1 6
1 7
1 7
1 8
1 8
1 9
1 9
1 15
1 15
1 16
1 16
1 12
1 12
1 13
1 13
1 14
1 14
1 17
1 18
2 17
2 17
2 2
2 3
2 3
2 4
2 4
2 21
2 21
2 22
2 22
2 23
2 23
2 5
2 5
2 6
2 6
2 18
2 18
2 7
2 7
2 8
2 8
2 9
2 9
2 24
2 24
2 25
2 25
2 26
2 26
2 27
2 27
2 14
2 14
3 17
3 17
3 3
3 4
3 4
3 21
3 21
3 22
3 22
3 23
3 23
3 5
3 5
3 6
3 6
3 18
3 18
3 7
3 7
3 8
3 8
3 9
3 9
3 28
3 28
3 25
3 25
3 26
3 26
3 27
3 27
3 12
3 12
3 13
3 13
3 14
3 14
4 17
4 4
4 21
4 21
4 22
4 22
4 23
4 23
4 5
4 5
4 6
4 6
4 7
4 7
4 8
4 8
4 9
4 9
4 29
4 29
4 25
4 25
4 26
4 26
4 27
4 27
4 12
4 12
4 13
4 13
4 14
4 14
4 18
5 17
5 5
5 6
5 6
5 7
5 7
5 8
5 8
5 9
5 9
5 12
5 12
5 13
5 13
5 14
5 14
5 92
5 92
5 18
6 17
6 6
6 7
6 7
6 8
6 8
6 9
6 9
6 12
6 12
6 13
6 13
6 14
6 14
6 93
6 93
6 18
7 17
7 17
7 18
7 18
7 7
7 8
7 8
7 9
7 9
7 43
7 43
7 44
7 44
7 45
7 45
7 14
7 14
7 95
7 95
7 96
7 96
8 17
8 17
8 18
8 18
8 8
8 9
8 9
8 43
8 43
8 44
8 44
8 45
8 45
8 14
8 14
8 95
8 95
8 96
8 96
9 17
9 18
9 9
9 43
9 43
9 44
9 44
9 45
9 45
9 14
9 14
9 95
9 95
9 96
9 96
11 30
11 30
12 17
12 17
12 18
12 18
13 17
13 17
13 18
13 18
14 17
14 17
14 18
14 18
16 34
16 34
17 17
17 18
17 18
17 19
17 19
17 20
17 20
18 18
18 94
18 94
20 37
20 37
21 34
21 34
21 37
21 37
21 21
21 22
21 22
21 23
21 23
21 40
21 41
21 42
21 43
21 43
21 44
21 44
21 45
21 45
21 46
21 46
21 47
21 47
21 48
21 48
21 25
21 25
21 26
21 26
21 27
21 27
21 31
21 31
21 36
21 36
21 39
21 39
21 49
21 49
21 50
21 50
21 84
21 85
21 86
21 98
21 99
22 30
22 30
22 37
22 37
22 22
22 23
22 23
22 40
22 41
22 42
22 43
22 43
22 44
22 44
22 45
22 45
22 46
22 46
22 47
22 47
22 48
22 48
22 25
22 25
22 26
22 26
22 27
22 27
22 31
22 31
22 33
22 33
22 39
22 39
22 49
22 49
22 50
22 50
22 84
22 85
22 86
22 97
22 99
23 30
23 30
23 34
23 34
23 23
23 40
23 41
23 42
23 43
23 43
23 44
23 44
23 45
23 45
23 46
23 46
23 47
23 47
23 48
23 48
23 25
23 25
23 26
23 26
23 27
23 27
23 31
23 31
23 33
23 33
23 36
23 36
23 49
23 49
23 50
23 50
23 84
23 85
23 86
23 97
23 98
30 31
30 31
30 32
30 32
30 33
30 33
31 34
31 34
31 37
31 37
31 97
31 97
31 98
31 98
31 99
31 99
31 43
31 43
31 44
31 44
31 45
31 45
32 51
32 52
33 124
33 124
33 47
33 47
33 48
33 48
34 35
34 35
34 36
34 36
35 80
35 53
36 126
36 126
36 46
36 46
36 48
36 48
37 38
37 38
37 39
37 39
38 82
38 54
39 128
39 128
39 46
39 46
39 47
39 47
40 51
40 80
40 82
40 84
40 84
40 85
40 86
40 53
40 54
40 40
40 87
40 88
40 89
40 133
40 149
40 152
40 150
40 134
40 135
40 296
40 312
40 315
40 313
40 297
40 298
40 459
40 475
40 478
40 476
40 460
40 461
40 622
40 638
40 641
40 639
40 623
40 624
40 81
40 83
40 90
40 91
41 51
41 80
41 82
41 84
41 85
41 85
41 86
41 52
41 54
41 41
41 87
41 88
41 89
41 133
41 149
41 152
41 150
41 134
41 135
41 296
41 312
41 315
41 313
41 297
41 298
41 459
41 475
41 478
41 476
41 460
41 461
41 622
41 638
41 641
41 639
41 623
41 624
41 79
41 83
41 90
41 91
42 51
42 80
42 82
42 84
42 85
42 86
42 86
42 52
42 53
42 42
42 87
42 88
42 89
42 133
42 149
42 152
42 150
42 134
42 135
42 296
42 312
42 315
42 313
42 297
42 298
42 459
42 475
42 478
42 476
42 460
42 461
42 622
42 638
42 641
42 639
42 623
42 624
42 79
42 81
42 90
42 91
43 97
43 97
43 98
43 98
43 99
43 99
43 43
43 44
43 44
43 45
43 45
43 100
43 101
43 102
43 103
43 104
43 105
43 106
43 107
43 108
43 109
43 110
43 111
43 112
43 113
43 114
43 115
43 116
43 117
43 118
43 119
43 120
43 121
43 122
43 123
43 95
43 95
43 96
43 96
43 174
43 183
43 185
43 184
43 175
43 176
43 337
43 346
43 348
43 347
43 338
43 339
43 500
43 509
43 511
43 510
43 501
43 502
43 663
43 672
43 674
43 673
43 664
43 665
44 97
44 97
44 98
44 98
44 99
44 99
44 44
44 45
44 45
44 100
44 101
44 102
44 103
44 104
44 105
44 106
44 107
44 108
44 109
44 110
44 111
44 112
44 113
44 114
44 115
44 116
44 117
44 118
44 119
44 120
44 121
44 122
44 123
44 95
44 95
44 96
44 96
44 174
44 183
44 185
44 184
44 175
44 176
44 337
44 346
44 348
44 347
44 338
44 339
44 500
44 509
44 511
44 510
44 501
44 502
44 663
44 672
44 674
44 673
44 664
44 665
45 97
45 97
45 98
45 98
45 99
45 99
45 45
45 100
45 101
45 102
45 103
45 104
45 105
45 106
45 107
45 108
45 109
45 110
45 111
45 112
45 113
45 114
45 115
45 116
45 117
45 118
45 119
45 120
45 121
45 122
45 123
45 95
45 95
45 96
45 96
45 174
45 183
45 185
45 184
45 175
45 176
45 337
45 346
45 348
45 347
45 338
45 339
45 500
45 509
45 511
45 510
45 501
45 502
45 663
45 672
45 674
45 673
45 664
45 665
46 46
46 47
46 47
46 48
46 48
46 49
46 49
46 50
46 50
46 127
46 127
46 129
46 129
47 47
47 48
47 48
47 49
47 49
47 50
47 50
47 125
47 125
47 129
47 129
48 48
48 49
48 49
48 50
48 50
48 125
48 125
48 127
48 127
51 51
51 52
51 52
51 53
51 54
51 55
51 56
51 57
51 58
51 59
51 60
51 61
51 62
51 63
51 64
51 65
51 66
51 67
51 68
51 69
51 70
51 71
51 72
51 73
51 74
51 75
51 76
51 77
51 78
51 79
52 80
52 82
52 84
52 85
52 86
52 52
52 133
52 149
52 152
52 150
52 134
52 135
52 296
52 312
52 315
52 313
52 297
52 298
52 459
52 475
52 478
52 476
52 460
52 461
52 622
52 638
52 641
52 639
52 623
52 624
52 79
53 80
53 80
53 82
53 84
53 85
53 86
53 53
53 133
53 149
53 152
53 150
53 134
53 135
53 296
53 312
53 315
53 313
53 297
53 298
53 459
53 475
53 478
53 476
53 460
53 461
53 622
53 638
53 641
53 639
53 623
53 624
53 81
54 80
54 82
54 82
54 84
54 85
54 86
54 54
54 133
54 149
54 152
54 150
54 134
54 135
54 296
54 312
54 315
54 313
54 297
54 298
54 459
54 475
54 478
54 476
54 460
54 461
54 622
54 638
54 641
54 639
54 623
54 624
54 83
55 80
55 82
55 84
55 85
55 86
55 133
55 133
55 149
55 152
55 150
55 134
55 135
55 55
55 59
55 60
55 154
55 157
55 159
55 158
55 155
55 156
55 160
55 165
55 167
55 166
55 161
55 162
55 148
56 80
56 82
56 84
56 85
56 86
56 133
56 149
56 149
56 152
56 150
56 134
56 135
56 56
56 58
56 60
56 154
56 157
56 159
56 158
56 155
56 156
56 160
56 165
56 167
56 166
56 161
56 162
56 151
57 80
57 82
57 84
57 85
57 86
57 133
57 149
57 152
57 152
57 150
57 134
57 135
57 57
57 58
57 59
57 154
57 157
57 159
57 158
57 155
57 156
57 160
57 165
57 167
57 166
57 161
57 162
57 153
58 80
58 82
58 84
58 85
58 86
58 133
58 149
58 152
58 150
58 150
58 134
58 135
58 58
58 154
58 157
58 159
58 158
58 155
58 156
58 160
58 165
58 167
58 166
58 161
58 162
59 80
59 82
59 84
59 85
59 86
59 133
59 149
59 152
59 150
59 134
59 134
59 135
59 59
59 154
59 157
59 159
59 158
59 155
59 156
59 160
59 165
59 167
59 166
59 161
59 162
60 80
60 82
60 84
60 85
60 86
60 133
60 149
60 152
60 150
60 134
60 135
60 135
60 60
60 154
60 157
60 159
60 158
60 155
60 156
60 160
60 165
60 167
60 166
60 161
60 162
61 80
61 82
61 84
61 85
61 86
61 296
61 296
61 312
61 315
61 313
61 297
61 298
61 61
61 65
61 66
61 317
61 320
61 322
61 321
61 318
61 319
61 323
61 328
61 330
61 329
61 324
61 325
61 311
62 80
62 82
62 84
62 85
62 86
62 296
62 312
62 312
62 315
62 313
62 297
62 298
62 62
62 64
62 66
62 317
62 320
62 322
62 321
62 318
62 319
62 323
62 328
62 330
62 329
62 324
62 325
62 314
63 80
63 82
63 84
63 85
63 86
63 296
63 312
63 315
63 315
63 313
63 297
63 298
63 63
63 64
63 65
63 317
63 320
63 322
63 321
63 318
63 319
63 323
63 328
63 330
63 329
63 324
63 325
63 316
64 80
64 82
64 84
64 85
64 86
64 296
64 312
64 315
64 313
64 313
64 297
64 298
64 64
64 317
64 320
64 322
64 321
64 318
64 319
64 323
64 328
64 330
64 329
64 324
64 325
65 80
65 82
65 84
65 85
65 86
65 296
65 312
65 315
65 313
65 297
65 297
65 298
65 65
65 317
65 320
65 322
65 321
65 318
65 319
65 323
65 328
65 330
65 329
65 324
65 325
66 80
66 82
66 84
66 85
66 86
66 296
66 312
66 315
66 313
66 297
66 298
66 298
66 66
66 317
66 320
66 322
66 321
66 318
66 319
66 323
66 328
66 330
66 329
66 324
66 325
67 80
67 82
67 84
67 85
67 86
67 459
67 459
67 475
67 478
67 476
67 460
67 461
67 67
67 71
67 72
67 480
67 483
67 485
67 484
67 481
67 482
67 486
67 491
67 493
67 492
67 487
67 488
67 474
68 80
68 82
68 84
68 85
68 86
68 459
68 475
68 475
68 478
68 476
68 460
68 461
68 68
68 70
68 72
68 480
68 483
68 485
68 484
68 481
68 482
68 486
68 491
68 493
68 492
68 487
68 488
68 477
69 80
69 82
69 84
69 85
69 86
69 459
69 475
69 478
69 478
69 476
69 460
69 461
69 69
69 70
69 71
69 480
69 483
69 485
69 484
69 481
69 482
69 486
69 491
69 493
69 492
69 487
69 488
69 479
70 80
70 82
70 84
70 85
70 86
70 459
70 475
70 478
70 476
70 476
70 460
70 461
70 70
70 480
70 483
70 485
70 484
70 481
70 482
70 486
70 491
70 493
70 492
70 487
70 488
71 80
71 82
71 84
71 85
71 86
71 459
71 475
71 478
71 476
71 460
71 460
71 461
71 71
71 480
71 483
71 485
71 484
71 481
71 482
71 486
71 491
71 493
71 492
71 487
71 488
72 80
72 82
72 84
72 85
72 86
72 459
72 475
72 478
72 476
72 460
72 461
72 461
72 72
72 480
72 483
72 485
72 484
72 481
72 482
72 486
72 491
72 493
72 492
72 487
72 488
73 80
73 82
73 84
73 85
73 86
73 622
73 622
73 638
73 641
73 639
73 623
73 624
73 73
73 77
73 78
73 643
73 646
73 648
73 647
73 644
73 645
73 649
73 654
73 656
73 655
73 650
73 651
73 637
74 80
74 82
74 84
74 85
74 86
74 622
74 638
74 638
74 641
74 639
74 623
74 624
74 74
74 76
74 78
74 643
74 646
74 648
74 647
74 644
74 645
74 649
74 654
74 656
74 655
74 650
74 651
74 640
75 80
75 82
75 84
75 85
75 86
75 622
75 638
75 641
75 641
75 639
75 623
75 624
75 75
75 76
75 77
75 643
75 646
75 648
75 647
75 644
75 645
75 649
75 654
75 656
75 655
75 650
75 651
75 642
76 80
76 82
76 84
76 85
76 86
76 622
76 638
76 641
76 639
76 639
76 623
76 624
76 76
76 643
76 646
76 648
76 647
76 644
76 645
76 649
76 654
76 656
76 655
76 650
76 651
77 80
77 82
77 84
77 85
77 86
77 622
77 638
77 641
77 639
77 623
77 623
77 624
77 77
77 643
77 646
77 648
77 647
77 644
77 645
77 649
77 654
77 656
77 655
77 650
77 651
78 80
78 82
78 84
78 85
78 86
78 622
78 638
78 641
78 639
78 623
78 624
78 624
78 78
78 643
78 646
78 648
78 647
78 644
78 645
78 649
78 654
78 656
78 655
78 650
78 651
79 85
79 86
79 130
79 130
79 88
79 88
79 89
79 89
80 80
80 81
81 84
81 86
81 131
81 131
81 87
81 87
81 89
81 89
82 82
82 83
83 84
83 85
83 132
83 132
83 87
83 87
83 88
83 88
84 84
84 85
84 85
84 86
84 86
84 87
84 88
84 89
84 90
84 91
85 85
85 86
85 86
85 87
85 88
85 89
85 90
85 91
86 86
86 87
86 88
86 89
86 90
86 91
87 87
87 88
87 88
87 89
87 89
87 90
87 90
87 91
87 91
87 127
87 127
87 129
87 129
88 88
88 89
88 89
88 90
88 90
88 91
88 91
88 125
88 125
88 129
88 129
89 89
89 90
89 90
89 91
89 91
89 125
89 125
89 127
89 127
92 97
92 97
93 98
93 98
94 99
94 99
97 97
97 98
97 98
97 99
97 99
97 100
97 101
97 102
97 103
97 104
97 105
97 106
97 107
97 108
97 109
97 110
97 111
97 112
97 113
97 114
97 115
97 116
97 117
97 118
97 119
97 120
97 121
97 122
97 123
97 174
97 183
97 185
97 184
97 175
97 176
97 337
97 346
97 348
97 347
97 338
97 339
97 500
97 509
97 511
97 510
97 501
97 502
97 663
97 672
97 674
97 673
97 664
97 665
98 98
98 99
98 99
98 100
98 101
98 102
98 103
98 104
98 105
98 106
98 107
98 108
98 109
98 110
98 111
98 112
98 113
98 114
98 115
98 116
98 117
98 118
98 119
98 120
98 121
98 122
98 123
98 174
98 183
98 185
98 184
98 175
98 176
98 337
98 346
98 348
98 347
98 338
98 339
98 500
98 509
98 511
98 510
98 501
98 502
98 663
98 672
98 674
98 673
98 664
98 665
99 99
99 100
99 101
99 102
99 103
99 104
99 105
99 106
99 107
99 108
99 109
99 110
99 111
99 112
99 113
99 114
99 115
99 116
99 117
99 118
99 119
99 120
99 121
99 122
99 123
99 174
99 183
99 185
99 184
99 175
99 176
99 337
99 346
99 348
99 347
99 338
99 339
99 500
99 509
99 511
99 510
99 501
99 502
99 663
99 672
99 674
99 673
99 664
99 665
100 174
100 174
100 183
100 185
100 184
100 175
100 176
100 100
100 104
100 105
100 194
100 209
100 211
100 210
100 195
100 196
100 148
101 174
101 183
101 183
101 185
101 184
101 175
101 176
101 101
101 103
101 105
101 194
101 209
101 211
101 210
101 195
101 196
101 151
102 174
102 183
102 185
102 185
102 184
102 175
102 176
102 102
102 103
102 104
102 194
102 209
102 211
102 210
102 195
102 196
102 153
103 174
103 183
103 185
103 184
103 184
103 175
103 176
103 103
103 194
103 209
103 211
103 210
103 195
103 196
104 174
104 183
104 185
104 184
104 175
104 175
104 176
104 104
104 194
104 209
104 211
104 210
104 195
104 196
105 174
105 183
105 185
105 184
105 175
105 176
105 176
105 105
105 194
105 209
105 211
105 210
105 195
105 196
106 337
106 337
106 346
106 348
106 347
106 338
106 339
106 106
106 110
106 111
106 357
106 372
106 374
106 373
106 358
106 359
106 311
107 337
107 346
107 346
107 348
107 347
107 338
107 339
107 107
107 109
107 111
107 357
107 372
107 374
107 373
107 358
107 359
107 314
108 337
108 346
108 348
108 348
108 347
108 338
108 339
108 108
108 109
108 110
108 357
108 372
108 374
108 373
108 358
108 359
108 316
109 337
109 346
109 348
109 347
109 347
109 338
109 339
109 109
109 357
109 372
109 374
109 373
109 358
109 359
110 337
110 346
110 348
110 347
110 338
110 338
110 339
110 110
110 357
110 372
110 374
110 373
110 358
110 359
111 337
111 346
111 348
111 347
111 338
111 339
111 339
111 111
111 357
111 372
111 374
111 373
111 358
111 359
112 500
112 500
112 509
112 511
112 510
112 501
112 502
112 112
112 116
112 117
112 520
112 535
112 537
112 536
112 521
112 522
112 474
113 500
113 509
113 509
113 511
113 510
113 501
113 502
113 113
113 115
113 117
113 520
113 535
113 537
113 536
113 521
113 522
113 477
114 500
114 509
114 511
114 511
114 510
114 501
114 502
114 114
114 115
114 116
114 520
114 535
114 537
114 536
114 521
114 522
114 479
115 500
115 509
115 511
115 510
115 510
115 501
115 502
115 115
115 520
115 535
115 537
115 536
115 521
115 522
116 500
116 509
116 511
116 510
116 501
116 501
116 502
116 116
116 520
116 535
116 537
116 536
116 521
116 522
117 500
117 509
117 511
117 510
117 501
117 502
117 502
117 117
117 520
117 535
117 537
117 536
117 521
117 522
118 663
118 663
118 672
118 674
118 673
118 664
118 665
118 118
118 122
118 123
118 683
118 698
118 700
118 699
118 684
118 685
118 637
119 663
119 672
119 672
119 674
119 673
119 664
119 665
119 119
119 121
119 123
119 683
119 698
119 700
119 699
119 684
119 685
119 640
120 663
120 672
120 674
120 674
120 673
120 664
120 665
120 120
120 121
120 122
120 683
120 698
120 700
120 699
120 684
120 685
120 642
121 663
121 672
121 674
121 673
121 673
121 664
121 665
121 121
121 683
121 698
121 700
121 699
121 684
121 685
122 663
122 672
122 674
122 673
122 664
122 664
122 665
122 122
122 683
122 698
122 700
122 699
122 684
122 685
123 663
123 672
123 674
123 673
123 664
123 665
123 665
123 123
123 683
123 698
123 700
123 699
123 684
123 685
124 125
124 125
125 130
125 130
126 127
126 127
127 131
127 131
128 129
128 129
129 132
129 132
133 133
133 134
133 134
133 135
133 135
133 136
133 137
133 138
133 139
133 140
133 141
133 142
133 143
133 144
133 145
133 146
133 147
133 148
134 152
134 152
134 150
134 150
134 134
134 135
134 135
134 136
134 137
134 138
134 139
134 140
134 141
134 142
134 143
134 144
134 145
134 146
134 147
135 149
135 149
135 150
135 150
135 135
135 136
135 137
135 138
135 139
135 140
135 141
135 142
135 143
135 144
135 145
135 146
135 147
136 149
136 152
136 150
136 154
136 154
136 157
136 159
136 158
136 155
136 156
136 136
136 140
136 141
136 160
136 165
136 167
136 166
136 161
136 162
137 149
137 152
137 150
137 154
137 157
137 157
137 159
137 158
137 155
137 156
137 137
137 139
137 141
137 160
137 165
137 167
137 166
137 161
137 162
138 149
138 152
138 150
138 154
138 157
138 159
138 159
138 158
138 155
138 156
138 138
138 139
138 140
138 160
138 165
138 167
138 166
138 161
138 162
139 149
139 152
139 150
139 154
139 157
139 159
139 158
139 158
139 155
139 156
139 139
139 160
139 165
139 167
139 166
139 161
139 162
140 149
140 152
140 150
140 154
140 157
140 159
140 158
140 155
140 155
140 156
140 140
140 160
140 165
140 167
140 166
140 161
140 162
141 149
141 152
141 150
141 154
141 157
141 159
141 158
141 155
141 156
141 156
141 141
141 160
141 165
141 167
141 166
141 161
141 162
142 149
142 152
142 150
142 154
142 157
142 159
142 158
142 155
142 156
142 160
142 160
142 165
142 167
142 166
142 161
142 162
142 142
142 146
142 147
142 163
142 164
143 149
143 152
143 150
143 154
143 157
143 159
143 158
143 155
143 156
143 160
143 165
143 165
143 167
143 166
143 161
143 162
143 143
143 145
143 147
143 163
143 164
144 149
144 152
144 150
144 154
144 157
144 159
144 158
144 155
144 156
144 160
144 165
144 167
144 167
144 166
144 161
144 162
144 144
144 145
144 146
144 163
144 164
145 149
145 152
145 150
145 154
145 157
145 159
145 158
145 155
145 156
145 160
145 165
145 167
145 166
145 166
145 161
145 162
145 145
145 188
145 190
145 168
145 169
145 170
145 163
145 164
145 171
145 172
145 173
146 149
146 152
146 150
146 154
146 157
146 159
146 158
146 155
146 156
146 160
146 165
146 167
146 166
146 161
146 161
146 162
146 146
146 186
146 190
146 168
146 169
146 170
146 163
146 164
146 171
146 172
146 173
147 149
147 152
147 150
147 154
147 157
147 159
147 158
147 155
147 156
147 160
147 165
147 167
147 166
147 161
147 162
147 162
147 147
147 186
147 188
147 168
147 169
147 170
147 163
147 164
147 171
147 172
147 173
148 174
149 149
149 150
149 150
149 151
150 152
150 152
150 150
151 183
152 152
152 153
153 185
154 154
154 155
154 155
154 156
154 156
155 159
155 159
155 158
155 158
155 155
155 156
155 156
156 157
156 157
156 158
156 158
156 156
157 157
157 158
157 158
158 159
158 159
158 158
159 159
160 160
160 161
160 161
160 162
160 162
160 163
160 164
161 167
161 167
161 166
161 166
161 161
161 162
161 162
161 168
161 169
161 170
161 163
161 164
161 171
161 172
161 173
162 165
162 165
162 166
162 166
162 162
162 168
162 169
162 170
162 163
162 164
162 171
162 172
162 173
163 165
163 167
163 166
163 186
163 186
163 188
163 188
163 190
163 190
164 165
164 167
164 166
164 186
164 186
164 188
164 188
164 190
164 190
165 165
165 166
165 166
166 167
166 167
166 166
166 168
166 169
166 170
166 171
166 172
166 173
167 167
168 188
168 190
168 168
168 169
168 169
168 170
168 170
168 180
168 181
168 182
168 171
168 171
168 172
168 172
168 173
168 173
168 192
168 192
168 193
168 193
168 210
168 195
168 196
169 186
169 190
169 169
169 170
169 170
169 180
169 181
169 182
169 171
169 171
169 172
169 172
169 173
169 173
169 192
169 192
169 193
169 193
169 210
169 195
169 196
170 186
170 188
170 170
170 180
170 181
170 182
170 171
170 171
170 172
170 172
170 173
170 173
170 192
170 192
170 193
170 193
170 210
170 195
170 196
174 174
174 175
174 175
174 176
174 176
174 177
174 178
174 179
174 180
174 181
174 182
175 185
175 185
175 184
175 184
175 175
175 176
175 176
175 177
175 178
175 179
175 180
175 181
175 182
176 183
176 183
176 184
176 184
176 176
176 177
176 178
176 179
176 180
176 181
176 182
177 183
177 185
177 184
177 194
177 194
177 209
177 211
177 210
177 195
177 196
177 177
177 181
177 182
177 212
177 215
177 217
177 216
177 213
177 214
177 218
177 233
177 235
177 234
177 219
177 220
177 187
178 183
178 185
178 184
178 194
178 209
178 209
178 211
178 210
178 195
178 196
178 178
178 180
178 182
178 212
178 215
178 217
178 216
178 213
178 214
178 218
178 233
178 235
178 234
178 219
178 220
178 189
179 183
179 185
179 184
179 194
179 209
179 211
179 211
179 210
179 195
179 196
179 179
179 180
179 181
179 212
179 215
179 217
179 216
179 213
179 214
179 218
179 233
179 235
179 234
179 219
179 220
179 191
180 183
180 185
180 184
180 194
180 209
180 211
180 210
180 210
180 195
180 196
180 180
180 212
180 215
180 217
180 216
180 213
180 214
180 218
180 233
180 235
180 234
180 219
180 220
180 192
180 193
181 183
181 185
181 184
181 194
181 209
181 211
181 210
181 195
181 195
181 196
181 181
181 212
181 215
181 217
181 216
181 213
181 214
181 218
181 233
181 235
181 234
181 219
181 220
181 192
181 193
182 183
182 185
182 184
182 194
182 209
182 211
182 210
182 195
182 196
182 196
182 182
182 212
182 215
182 217
182 216
182 213
182 214
182 218
182 233
182 235
182 234
182 219
182 220
182 192
182 193
183 183
183 184
183 184
184 185
184 185
184 184
185 185
186 187
186 187
187 194
188 189
188 189
189 209
190 191
190 191
191 211
192 210
192 195
192 196
193 210
193 195
193 196
194 194
194 195
194 195
194 196
194 196
194 197
194 198
194 199
194 200
194 201
194 202
194 203
194 204
194 205
194 206
194 207
194 208
195 211
195 211
195 210
195 210
195 195
195 196
195 196
195 197
195 198
195 199
195 200
195 201
195 202
195 203
195 204
195 205
195 206
195 207
195 208
196 209
196 209
196 210
196 210
196 196
196 197
196 198
196 199
196 200
196 201
196 202
196 203
196 204
196 205
196 206
196 207
196 208
197 209
197 211
197 210
197 212
197 212
197 215
197 217
197 216
197 213
197 214
197 197
197 201
197 202
197 218
197 233
197 235
197 234
197 219
197 220
198 209
198 211
198 210
198 212
198 215
198 215
198 217
198 216
198 213
198 214
198 198
198 200
198 202
198 218
198 233
198 235
198 234
198 219
198 220
199 209
199 211
199 210
199 212
199 215
199 217
199 217
199 216
199 213
199 214
199 199
199 200
199 201
199 218
199 233
199 235
199 234
199 219
199 220
200 209
200 211
200 210
200 212
200 215
200 217
200 216
200 216
200 213
200 214
200 200
200 218
200 233
200 235
200 234
200 219
200 220
201 209
201 211
201 210
201 212
201 215
201 217
201 216
201 213
201 213
201 214
201 201
201 218
201 233
201 235
201 234
201 219
201 220
202 209
202 211
202 210
202 212
202 215
202 217
202 216
202 213
202 214
202 214
202 202
202 218
202 233
202 235
202 234
202 219
202 220
203 209
203 211
203 210
203 212
203 215
203 217
203 216
203 213
203 214
203 218
203 218
203 233
203 235
203 234
203 219
203 220
203 203
203 207
203 208
203 236
203 239
203 241
203 240
203 237
203 238
203 242
203 257
203 259
203 258
203 243
203 244
204 209
204 211
204 210
204 212
204 215
204 217
204 216
204 213
204 214
204 218
204 233
204 233
204 235
204 234
204 219
204 220
204 204
204 206
204 208
204 236
204 239
204 241
204 240
204 237
204 238
204 242
204 257
204 259
204 258
204 243
204 244
205 209
205 211
205 210
205 212
205 215
205 217
205 216
205 213
205 214
205 218
205 233
205 235
205 235
205 234
205 219
205 220
205 205
205 206
205 207
205 236
205 239
205 241
205 240
205 237
205 238
205 242
205 257
205 259
205 258
205 243
205 244
206 209
206 211
206 210
206 212
206 215
206 217
206 216
206 213
206 214
206 218
206 233
206 235
206 234
206 234
206 219
206 220
206 206
206 236
206 239
206 241
206 240
206 237
206 238
206 242
206 257
206 259
206 258
206 243
206 244
207 209
207 211
207 210
207 212
207 215
207 217
207 216
207 213
207 214
207 218
207 233
207 235
207 234
207 219
207 219
207 220
207 207
207 236
207 239
207 241
207 240
207 237
207 238
207 242
207 257
207 259
207 258
207 243
207 244
208 209
208 211
208 210
208 212
208 215
208 217
208 216
208 213
208 214
208 218
208 233
208 235
208 234
208 219
208 220
208 220
208 208
208 236
208 239
208 241
208 240
208 237
208 238
208 242
208 257
208 259
208 258
208 243
208 244
209 209
209 210
209 210
210 211
210 211
210 210
211 211
212 212
212 213
212 213
212 214
212 214
213 217
213 217
213 216
213 216
213 213
213 214
213 214
214 215
214 215
214 216
214 216
214 214
215 215
215 216
215 216
216 217
216 217
216 216
217 217
218 218
218 219
218 219
218 220
218 220
218 221
218 222
218 223
218 224
218 225
218 226
218 227
218 228
218 229
218 230
218 231
218 232
219 235
219 235
219 234
219 234
219 219
219 220
219 220
219 221
219 222
219 223
219 224
219 225
219 226
219 227
219 228
219 229
219 230
219 231
219 232
220 233
220 233
220 234
220 234
220 220
220 221
220 222
220 223
220 224
220 225
220 226
220 227
220 228
220 229
220 230
220 231
220 232
221 233
221 235
221 234
221 236
221 236
221 239
221 241
221 240
221 237
221 238
221 221
221 225
221 226
221 242
221 257
221 259
221 258
221 243
221 244
222 233
222 235
222 234
222 236
222 239
222 239
222 241
222 240
222 237
222 238
222 222
222 224
222 226
222 242
222 257
222 259
222 258
222 243
222 244
223 233
223 235
223 234
223 236
223 239
223 241
223 241
223 240
223 237
223 238
223 223
223 224
223 225
223 242
223 257
223 259
223 258
223 243
223 244
224 233
224 235
224 234
224 236
224 239
224 241
224 240
224 240
224 237
224 238
224 224
224 242
224 257
224 259
224 258
224 243
224 244
225 233
225 235
225 234
225 236
225 239
225 241
225 240
225 237
225 237
225 238
225 225
225 242
225 257
225 259
225 258
225 243
225 244
226 233
226 235
226 234
226 236
226 239
226 241
226 240
226 237
226 238
226 238
226 226
226 242
226 257
226 259
226 258
226 243
226 244
227 233
227 235
227 234
227 236
227 239
227 241
227 240
227 237
227 238
227 242
227 242
227 257
227 259
227 258
227 243
227 244
227 227
227 231
227 232
227 260
227 263
227 265
227 264
227 261
227 262
227 266
227 281
227 283
227 282
227 267
227 268
228 233
228 235
228 234
228 236
228 239
228 241
228 240
228 237
228 238
228 242
228 257
228 257
228 259
228 258
228 243
228 244
228 228
228 230
228 232
228 260
228 263
228 265
228 264
228 261
228 262
228 266
228 281
228 283
228 282
228 267
228 268
229 233
229 235
229 234
229 236
229 239
229 241
229 240
229 237
229 238
229 242
229 257
229 259
229 259
229 258
229 243
229 244
229 229
229 230
229 231
229 260
229 263
229 265
229 264
229 261
229 262
229 266
229 281
229 283
229 282
229 267
229 268
230 233
230 235
230 234
230 236
230 239
230 241
230 240
230 237
230 238
230 242
230 257
230 259
230 258
230 258
230 243
230 244
230 230
230 260
230 263
230 265
230 264
230 261
230 262
230 266
230 281
230 283
230 282
230 267
230 268
231 233
231 235
231 234
231 236
231 239
231 241
231 240
231 237
231 238
231 242
231 257
231 259
231 258
231 243
231 243
231 244
231 231
231 260
231 263
231 265
231 264
231 261
231 262
231 266
231 281
231 283
231 282
231 267
231 268
232 233
232 235
232 234
232 236
232 239
232 241
232 240
232 237
232 238
232 242
232 257
232 259
232 258
232 243
232 244
232 244
232 232
232 260
232 263
232 265
232 264
232 261
232 262
232 266
232 281
232 283
232 282
232 267
232 268
233 233
233 234
233 234
234 235
234 235
234 234
235 235
236 236
236 237
236 237
236 238
236 238
237 241
237 241
237 240
237 240
237 237
237 238
237 238
238 239
238 239
238 240
238 240
238 238
239 239
239 240
239 240
240 241
240 241
240 240
241 241
242 242
242 243
242 243
242 244
242 244
242 245
242 246
242 247
242 248
242 249
242 250
242 251
242 252
242 253
242 254
242 255
242 256
243 259
243 259
243 258
243 258
243 243
243 244
243 244
243 245
243 246
243 247
243 248
243 249
243 250
243 251
243 252
243 253
243 254
243 255
243 256
244 257
244 257
244 258
244 258
244 244
244 245
244 246
244 247
244 248
244 249
244 250
244 251
244 252
244 253
244 254
244 255
244 256
245 257
245 259
245 258
245 260
245 260
245 263
245 265
245 264
245 261
245 262
245 245
245 249
245 250
245 266
245 281
245 283
245 282
245 267
245 268
246 257
246 259
246 258
246 260
246 263
246 263
246 265
246 264
246 261
246 262
246 246
246 248
246 250
246 266
246 281
246 283
246 282
246 267
246 268
247 257
247 259
247 258
247 260
247 263
247 265
247 265
247 264
247 261
247 262
247 247
247 248
247 249
247 266
247 281
247 283
247 282
247 267
247 268
248 257
248 259
248 258
248 260
248 263
248 265
248 264
248 264
248 261
248 262
248 248
248 266
248 281
248 283
248 282
248 267
248 268
249 257
249 259
249 258
249 260
249 263
249 265
249 264
249 261
249 261
249 262
249 249
249 266
249 281
249 283
249 282
249 267
249 268
250 257
250 259
250 258
250 260
250 263
250 265
250 264
250 261
250 262
250 262
250 250
250 266
250 281
250 283
250 282
250 267
250 268
251 257
251 259
251 258
251 260
251 263
251 265
251 264
251 261
251 262
251 266
251 266
251 281
251 283
251 282
251 267
251 268
251 251
251 255
251 256
251 284
251 287
251 289
251 288
251 285
251 286
251 290
251 293
251 295
251 294
251 291
251 292
252 257
252 259
252 258
252 260
252 263
252 265
252 264
252 261
252 262
252 266
252 281
252 281
252 283
252 282
252 267
252 268
252 252
252 254
252 256
252 284
252 287
252 289
252 288
252 285
252 286
252 290
252 293
252 295
252 294
252 291
252 292
253 257
253 259
253 258
253 260
253 263
253 265
253 264
253 261
253 262
253 266
253 281
253 283
253 283
253 282
253 267
253 268
253 253
253 254
253 255
253 284
253 287
253 289
253 288
253 285
253 286
253 290
253 293
253 295
253 294
253 291
253 292
254 257
254 259
254 258
254 260
254 263
254 265
254 264
254 261
254 262
254 266
254 281
254 283
254 282
254 282
254 267
254 268
254 254
254 284
254 287
254 289
254 288
254 285
254 286
254 290
254 293
254 295
254 294
254 291
254 292
255 257
255 259
255 258
255 260
255 263
255 265
255 264
255 261
255 262
255 266
255 281
255 283
255 282
255 267
255 267
255 268
255 255
255 284
255 287
255 289
255 288
255 285
255 286
255 290
255 293
255 295
255 294
255 291
255 292
256 257
256 259
256 258
256 260
256 263
256 265
256 264
256 261
256 262
256 266
256 281
256 283
256 282
256 267
256 268
256 268
256 256
256 284
256 287
256 289
256 288
256 285
256 286
256 290
256 293
256 295
256 294
256 291
256 292
257 257
257 258
257 258
258 259
258 259
258 258
259 259
260 260
260 261
260 261
260 262
260 262
261 265
261 265
261 264
261 264
261 261
261 262
261 262
262 263
262 263
262 264
262 264
262 262
263 263
263 264
263 264
264 265
264 265
264 264
265 265
266 266
266 267
266 267
266 268
266 268
266 269
266 270
266 271
266 272
266 273
266 274
266 275
266 276
266 277
266 278
266 279
266 280
267 283
267 283
267 282
267 282
267 267
267 268
267 268
267 269
267 270
267 271
267 272
267 273
267 274
267 275
267 276
267 277
267 278
267 279
267 280
268 281
268 281
268 282
268 282
268 268
268 269
268 270
268 271
268 272
268 273
268 274
268 275
268 276
268 277
268 278
268 279
268 280
269 281
269 283
269 282
269 284
269 284
269 287
269 289
269 288
269 285
269 286
269 269
269 273
269 274
269 290
269 293
269 295
269 294
269 291
269 292
270 281
270 283
270 282
270 284
270 287
270 287
270 289
270 288
270 285
270 286
270 270
270 272
270 274
270 290
270 293
270 295
270 294
270 291
270 292
271 281
271 283
271 282
271 284
271 287
271 289
271 289
271 288
271 285
271 286
271 271
271 272
271 273
271 290
271 293
271 295
271 294
271 291
271 292
272 281
272 283
272 282
272 284
272 287
272 289
272 288
272 288
272 285
272 286
272 272
272 290
272 293
272 295
272 294
272 291
272 292
273 281
273 283
273 282
273 284
273 287
273 289
273 288
273 285
273 285
273 286
273 273
273 290
273 293
273 295
273 294
273 291
273 292
274 281
274 283
274 282
274 284
274 287
274 289
274 288
274 285
274 286
274 286
274 274
274 290
274 293
274 295
274 294
274 291
274 292
275 281
275 283
275 282
275 284
275 287
275 289
275 288
275 285
275 286
275 290
275 290
275 293
275 295
275 294
275 291
275 292
275 275
275 279
275 280
276 281
276 283
276 282
276 284
276 287
276 289
276 288
276 285
276 286
276 290
276 293
276 293
276 295
276 294
276 291
276 292
276 276
276 278
276 280
277 281
277 283
277 282
277 284
277 287
277 289
277 288
277 285
277 286
277 290
277 293
277 295
277 295
277 294
277 291
277 292
277 277
277 278
277 279
278 281
278 283
278 282
278 284
278 287
278 289
278 288
278 285
278 286
278 290
278 293
278 295
278 294
278 294
278 291
278 292
278 278
279 281
279 283
279 282
279 284
279 287
279 289
279 288
279 285
279 286
279 290
279 293
279 295
279 294
279 291
279 291
279 292
279 279
280 281
280 283
280 282
280 284
280 287
280 289
280 288
280 285
280 286
280 290
280 293
280 295
280 294
280 291
280 292
280 292
280 280
281 281
281 282
281 282
282 283
282 283
282 282
283 283
284 284
284 285
284 285
284 286
284 286
285 289
285 289
285 288
285 288
285 285
285 286
285 286
286 287
286 287
286 288
286 288
286 286
287 287
287 288
287 288
288 289
288 289
288 288
289 289
290 290
290 291
290 291
290 292
290 292
291 295
291 295
291 294
291 294
291 291
291 292
291 292
292 293
292 293
292 294
292 294
292 292
293 293
293 294
293 294
294 295
294 295
294 294
295 295
296 296
296 297
296 297
296 298
296 298
296 299
296 300
296 301
296 302
296 303
296 304
296 305
296 306
296 307
296 308
296 309
296 310
296 311
297 315
297 315
297 313
297 313
297 297
297 298
297 298
297 299
297 300
297 301
297 302
297 303
297 304
297 305
297 306
297 307
297 308
297 309
297 310
298 312
298 312
298 313
298 313
298 298
298 299
298 300
298 301
298 302
298 303
298 304
298 305
298 306
298 307
298 308
298 309
298 310
299 312
299 315
299 313
299 317
299 317
299 320
299 322
299 321
299 318
299 319
299 299
299 303
299 304
299 323
299 328
299 330
299 329
299 324
299 325
300 312
300 315
300 313
300 317
300 320
300 320
300 322
300 321
300 318
300 319
300 300
300 302
300 304
300 323
300 328
300 330
300 329
300 324
300 325
301 312
301 315
301 313
301 317
301 320
301 322
301 322
301 321
301 318
301 319
301 301
301 302
301 303
301 323
301 328
301 330
301 329
301 324
301 325
302 312
302 315
302 313
302 317
302 320
302 322
302 321
302 321
302 318
302 319
302 302
302 323
302 328
302 330
302 329
302 324
302 325
303 312
303 315
303 313
303 317
303 320
303 322
303 321
303 318
303 318
303 319
303 303
303 323
303 328
303 330
303 329
303 324
303 325
304 312
304 315
304 313
304 317
304 320
304 322
304 321
304 318
304 319
304 319
304 304
304 323
304 328
304 330
304 329
304 324
304 325
305 312
305 315
305 313
305 317
305 320
305 322
305 321
305 318
305 319
305 323
305 323
305 328
305 330
305 329
305 324
305 325
305 305
305 309
305 310
305 326
305 327
306 312
306 315
306 313
306 317
306 320
306 322
306 321
306 318
306 319
306 323
306 328
306 328
306 330
306 329
306 324
306 325
306 306
306 308
306 310
306 326
306 327
307 312
307 315
307 313
307 317
307 320
307 322
307 321
307 318
307 319
307 323
307 328
307 330
307 330
307 329
307 324
307 325
307 307
307 308
307 309
307 326
307 327
308 312
308 315
308 313
308 317
308 320
308 322
308 321
308 318
308 319
308 323
308 328
308 330
308 329
308 329
308 324
308 325
308 308
308 351
308 353
308 331
308 332
308 333
308 326
308 327
308 334
308 335
308 336
309 312
309 315
309 313
309 317
309 320
309 322
309 321
309 318
309 319
309 323
309 328
309 330
309 329
309 324
309 324
309 325
309 309
309 349
309 353
309 331
309 332
309 333
309 326
309 327
309 334
309 335
309 336
310 312
310 315
310 313
310 317
310 320
310 322
310 321
310 318
310 319
310 323
310 328
310 330
310 329
310 324
310 325
310 325
310 310
310 349
310 351
310 331
310 332
310 333
310 326
310 327
310 334
310 335
310 336
311 337
312 312
312 313
312 313
312 314
313 315
313 315
313 313
314 346
315 315
315 316
316 348
317 317
317 318
317 318
317 319
317 319
318 322
318 322
318 321
318 321
318 318
318 319
318 319
319 320
319 320
319 321
319 321
319 319
320 320
320 321
320 321
321 322
321 322
321 321
322 322
323 323
323 324
323 324
323 325
323 325
323 326
323 327
324 330
324 330
324 329
324 329
324 324
324 325
324 325
324 331
324 332
324 333
324 326
324 327
324 334
324 335
324 336
325 328
325 328
325 329
325 329
325 325
325 331
325 332
325 333
325 326
325 327
325 334
325 335
325 336
326 328
326 330
326 329
326 349
326 349
326 351
326 351
326 353
326 353
327 328
327 330
327 329
327 349
327 349
327 351
327 351
327 353
327 353
328 328
328 329
328 329
329 330
329 330
329 329
329 331
329 332
329 333
329 334
329 335
329 336
330 330
331 351
331 353
331 331
331 332
331 332
331 333
331 333
331 343
331 344
331 345
331 334
331 334
331 335
331 335
331 336
331 336
331 355
331 355
331 356
331 356
331 373
331 358
331 359
332 349
332 353
332 332
332 333
332 333
332 343
332 344
332 345
332 334
332 334
332 335
332 335
332 336
332 336
332 355
332 355
332 356
332 356
332 373
332 358
332 359
333 349
333 351
333 333
333 343
333 344
333 345
333 334
333 334
333 335
333 335
333 336
333 336
333 355
333 355
333 356
333 356
333 373
333 358
333 359
337 337
337 338
337 338
337 339
337 339
337 340
337 341
337 342
337 343
337 344
337 345
338 348
338 348
338 347
338 347
338 338
338 339
338 339
338 340
338 341
338 342
338 343
338 344
338 345
339 346
339 346
339 347
339 347
339 339
339 340
339 341
339 342
339 343
339 344
339 345
340 346
340 348
340 347
340 357
340 357
340 372
340 374
340 373
340 358
340 359
340 340
340 344
340 345
340 375
340 378
340 380
340 379
340 376
340 377
340 381
340 396
340 398
340 397
340 382
340 383
340 350
341 346
341 348
341 347
341 357
341 372
341 372
341 374
341 373
341 358
341 359
341 341
341 343
341 345
341 375
341 378
341 380
341 379
341 376
341 377
341 381
341 396
341 398
341 397
341 382
341 383
341 352
342 346
342 348
342 347
342 357
342 372
342 374
342 374
342 373
342 358
342 359
342 342
342 343
342 344
342 375
342 378
342 380
342 379
342 376
342 377
342 381
342 396
342 398
342 397
342 382
342 383
342 354
343 346
343 348
343 347
343 357
343 372
343 374
343 373
343 373
343 358
343 359
343 343
343 375
343 378
343 380
343 379
343 376
343 377
343 381
343 396
343 398
343 397
343 382
343 383
343 355
343 356
344 346
344 348
344 347
344 357
344 372
344 374
344 373
344 358
344 358
344 359
344 344
344 375
344 378
344 380
344 379
344 376
344 377
344 381
344 396
344 398
344 397
344 382
344 383
344 355
344 356
345 346
345 348
345 347
345 357
345 372
345 374
345 373
345 358
345 359
345 359
345 345
345 375
345 378
345 380
345 379
345 376
345 377
345 381
345 396
345 398
345 397
345 382
345 383
345 355
345 356
346 346
346 347
346 347
347 348
347 348
347 347
348 348
349 350
349 350
350 357
351 352
351 352
352 372
353 354
353 354
354 374
355 373
355 358
355 359
356 373
356 358
356 359
357 357
357 358
357 358
357 359
357 359
357 360
357 361
357 362
357 363
357 364
357 365
357 366
357 367
357 368
357 369
357 370
357 371
358 374
358 374
358 373
358 373
358 358
358 359
358 359
358 360
358 361
358 362
358 363
358 364
358 365
358 366
358 367
358 368
358 369
358 370
358 371
359 372
359 372
359 373
359 373
359 359
359 360
359 361
359 362
359 363
359 364
359 365
359 366
359 367
359 368
359 369
359 370
359 371
360 372
360 374
360 373
360 375
360 375
360 378
360 380
360 379
360 376
360 377
360 360
360 364
360 365
360 381
360 396
360 398
360 397
360 382
360 383
361 372
361 374
361 373
361 375
361 378
361 378
361 380
361 379
361 376
361 377
361 361
361 363
361 365
361 381
361 396
361 398
361 397
361 382
361 383
362 372
362 374
362 373
362 375
362 378
362 380
362 380
362 379
362 376
362 377
362 362
362 363
362 364
362 381
362 396
362 398
362 397
362 382
362 383
363 372
363 374
363 373
363 375
363 378
363 380
363 379
363 379
363 376
363 377
363 363
363 381
363 396
363 398
363 397
363 382
363 383
364 372
364 374
364 373
364 375
364 378
364 380
364 379
364 376
364 376
364 377
364 364
364 381
364 396
364 398
364 397
364 382
364 383
365 372
365 374
365 373
365 375
365 378
365 380
365 379
365 376
365 377
365 377
365 365
365 381
365 396
365 398
365 397
365 382
365 383
366 372
366 374
366 373
366 375
366 378
366 380
366 379
366 376
366 377
366 381
366 381
366 396
366 398
366 397
366 382
366 383
366 366
366 370
366 371
366 399
366 402
366 404
366 403
366 400
366 401
366 405
366 420
366 422
366 421
366 406
366 407
367 372
367 374
367 373
367 375
367 378
367 380
367 379
367 376
367 377
367 381
367 396
367 396
367 398
367 397
367 382
367 383
367 367
367 369
367 371
367 399
367 402
367 404
367 403
367 400
367 401
367 405
367 420
367 422
367 421
367 406
367 407
368 372
368 374
368 373
368 375
368 378
368 380
368 379
368 376
368 377
368 381
368 396
368 398
368 398
368 397
368 382
368 383
368 368
368 369
368 370
368 399
368 402
368 404
368 403
368 400
368 401
368 405
368 420
368 422
368 421
368 406
368 407
369 372
369 374
369 373
369 375
369 378
369 380
369 379
369 376
369 377
369 381
369 396
369 398
369 397
369 397
369 382
369 383
369 369
369 399
369 402
369 404
369 403
369 400
369 401
369 405
369 420
369 422
369 421
369 406
369 407
370 372
370 374
370 373
370 375
370 378
370 380
370 379
370 376
370 377
370 381
370 396
370 398
370 397
370 382
370 382
370 383
370 370
370 399
370 402
370 404
370 403
370 400
370 401
370 405
370 420
370 422
370 421
370 406
370 407
371 372
371 374
371 373
371 375
371 378
371 380
371 379
371 376
371 377
371 381
371 396
371 398
371 397
371 382
371 383
371 383
371 371
371 399
371 402
371 404
371 403
371 400
371 401
371 405
371 420
371 422
371 421
371 406
371 407
372 372
372 373
372 373
373 374
373 374
373 373
374 374
375 375
375 376
375 376
375 377
375 377
376 380
376 380
376 379
376 379
376 376
376 377
376 377
377 378
377 378
377 379
377 379
377 377
378 378
378 379
378 379
379 380
379 380
379 379
380 380
381 381
381 382
381 382
381 383
381 383
381 384
381 385
381 386
381 387
381 388
381 389
381 390
381 391
381 392
381 393
381 394
381 395
382 398
382 398
382 397
382 397
382 382
382 383
382 383
382 384
382 385
382 386
382 387
382 388
382 389
382 390
382 391
382 392
382 393
382 394
382 395
383 396
383 396
383 397
383 397
383 383
383 384
383 385
383 386
383 387
383 388
383 389
383 390
383 391
383 392
383 393
383 394
383 395
384 396
384 398
384 397
384 399
384 399
384 402
384 404
384 403
384 400
384 401
384 384
384 388
384 389
384 405
384 420
384 422
384 421
384 406
384 407
385 396
385 398
385 397
385 399
385 402
385 402
385 404
385 403
385 400
385 401
385 385
385 387
385 389
385 405
385 420
385 422
385 421
385 406
385 407
386 396
386 398
386 397
386 399
386 402
386 404
386 404
386 403
386 400
386 401
386 386
386 387
386 388
386 405
386 420
386 422
386 421
386 406
386 407
387 396
387 398
387 397
387 399
387 402
387 404
387 403
387 403
387 400
387 401
387 387
387 405
387 420
387 422
387 421
387 406
387 407
388 396
388 398
388 397
388 399
388 402
388 404
388 403
388 400
388 400
388 401
388 388
388 405
388 420
388 422
388 421
388 406
388 407
389 396
389 398
389 397
389 399
389 402
389 404
389 403
389 400
389 401
389 401
389 389
389 405
389 420
389 422
389 421
389 406
389 407
390 396
390 398
390 397
390 399
390 402
390 404
390 403
390 400
390 401
390 405
390 405
390 420
390 422
390 421
390 406
390 407
390 390
390 394
390 395
390 423
390 426
390 428
390 427
390 424
390 425
390 429
390 444
390 446
390 445
390 430
390 431
391 396
391 398
391 397
391 399
391 402
391 404
391 403
391 400
391 401
391 405
391 420
391 420
391 422
391 421
391 406
391 407
391 391
391 393
391 395
391 423
391 426
391 428
391 427
391 424
391 425
391 429
391 444
391 446
391 445
391 430
391 431
392 396
392 398
392 397
392 399
392 402
392 404
392 403
392 400
392 401
392 405
392 420
392 422
392 422
392 421
392 406
392 407
392 392
392 393
392 394
392 423
392 426
392 428
392 427
392 424
392 425
392 429
392 444
392 446
392 445
392 430
392 431
393 396
393 398
393 397
393 399
393 402
393 404
393 403
393 400
393 401
393 405
393 420
393 422
393 421
393 421
393 406
393 407
393 393
393 423
393 426
393 428
393 427
393 424
393 425
393 429
393 444
393 446
393 445
393 430
393 431
394 396
394 398
394 397
394 399
394 402
394 404
394 403
394 400
394 401
394 405
394 420
394 422
394 421
394 406
394 406
394 407
394 394
394 423
394 426
394 428
394 427
394 424
394 425
394 429
394 444
394 446
394 445
394 430
394 431
395 396
395 398
395 397
395 399
395 402
395 404
395 403
395 400
395 401
395 405
395 420
395 422
395 421
395 406
395 407
395 407
395 395
395 423
395 426
395 428
395 427
395 424
395 425
395 429
395 444
395 446
395 445
395 430
395 431
396 396
396 397
396 397
397 398
397 398
397 397
398 398
399 399
399 400
399 400
399 401
399 401
400 404
400 404
400 403
400 403
400 400
400 401
400 401
401 402
401 402
401 403
401 403
401 401
402 402
402 403
402 403
403 404
403 404
403 403
404 404
405 405
405 406
405 406
405 407
405 407
405 408
405 409
405 410
405 411
405 412
405 413
405 414
405 415
405 416
405 417
405 418
405 419
406 422
406 422
406 421
406 421
406 406
406 407
406 407
406 408
406 409
406 410
406 411
406 412
406 413
406 414
406 415
406 416
406 417
406 418
406 419
407 420
407 420
407 421
407 421
407 407
407 408
407 409
407 410
407 411
407 412
407 413
407 414
407 415
407 416
407 417
407 418
407 419
408 420
408 422
408 421
408 423
408 423
408 426
408 428
408 427
408 424
408 425
408 408
408 412
408 413
408 429
408 444
408 446
408 445
408 430
408 431
409 420
409 422
409 421
409 423
409 426
409 426
409 428
409 427
409 424
409 425
409 409
409 411
409 413
409 429
409 444
409 446
409 445
409 430
409 431
410 420
410 422
410 421
410 423
410 426
410 428
410 428
410 427
410 424
410 425
410 410
410 411
410 412
410 429
410 444
410 446
410 445
410 430
410 431
411 420
411 422
411 421
411 423
411 426
411 428
411 427
411 427
411 424
411 425
411 411
411 429
411 444
411 446
411 445
411 430
411 431
412 420
412 422
412 421
412 423
412 426
412 428
412 427
412 424
412 424
412 425
412 412
412 429
412 444
412 446
412 445
412 430
412 431
413 420
413 422
413 421
413 423
413 426
413 428
413 427
413 424
413 425
413 425
413 413
413 429
413 444
413 446
413 445
413 430
413 431
414 420
414 422
414 421
414 423
414 426
414 428
414 427
414 424
414 425
414 429
414 429
414 444
414 446
414 445
414 430
414 431
414 414
414 418
414 419
414 447
414 450
414 452
414 451
414 448
414 449
414 453
414 456
414 458
414 457
414 454
414 455
415 420
415 422
415 421
415 423
415 426
415 428
415 427
415 424
415 425
415 429
415 444
415 444
415 446
415 445
415 430
415 431
415 415
415 417
415 419
415 447
415 450
415 452
415 451
415 448
415 449
415 453
415 456
415 458
415 457
415 454
415 455
416 420
416 422
416 421
416 423
416 426
416 428
416 427
416 424
416 425
416 429
416 444
416 446
416 446
416 445
416 430
416 431
416 416
416 417
416 418
416 447
416 450
416 452
416 451
416 448
416 449
416 453
416 456
416 458
416 457
416 454
416 455
417 420
417 422
417 421
417 423
417 426
417 428
417 427
417 424
417 425
417 429
417 444
417 446
417 445
417 445
417 430
417 431
417 417
417 447
417 450
417 452
417 451
417 448
417 449
417 453
417 456
417 458
417 457
417 454
417 455
418 420
418 422
418 421
418 423
418 426
418 428
418 427
418 424
418 425
418 429
418 444
418 446
418 445
418 430
418 430
418 431
418 418
418 447
418 450
418 452
418 451
418 448
418 449
418 453
418 456
418 458
418 457
418 454
418 455
419 420
419 422
419 421
419 423
419 426
419 428
419 427
419 424
419 425
419 429
419 444
419 446
419 445
419 430
419 431
419 431
419 419
419 447
419 450
419 452
419 451
419 448
419 449
419 453
419 456
419 458
419 457
419 454
419 455
420 420
420 421
420 421
421 422
421 422
421 421
422 422
423 423
423 424
423 424
423 425
423 425
424 428
424 428
424 427
424 427
424 424
424 425
424 425
425 426
425 426
425 427
425 427
425 425
426 426
426 427
426 427
427 428
427 428
427 427
428 428
429 429
429 430
429 430
429 431
429 431
429 432
429 433
429 434
429 435
429 436
429 437
429 438
429 439
429 440
429 441
429 442
429 443
430 446
430 446
430 445
430 445
430 430
430 431
430 431
430 432
430 433
430 434
430 435
430 436
430 437
430 438
430 439
430 440
430 441
430 442
430 443
431 444
431 444
431 445
431 445
431 431
431 432
431 433
431 434
431 435
431 436
431 437
431 438
431 439
431 440
431 441
431 442
431 443
432 444
432 446
432 445
432 447
432 447
432 450
432 452
432 451
432 448
432 449
432 432
432 436
432 437
432 453
432 456
432 458
432 457
432 454
432 455
433 444
433 446
433 445
433 447
433 450
433 450
433 452
433 451
433 448
433 449
433 433
433 435
433 437
433 453
433 456
433 458
433 457
433 454
433 455
434 444
434 446
434 445
434 447
434 450
434 452
434 452
434 451
434 448
434 449
434 434
434 435
434 436
434 453
434 456
434 458
434 457
434 454
434 455
435 444
435 446
435 445
435 447
435 450
435 452
435 451
435 451
435 448
435 449
435 435
435 453
435 456
435 458
435 457
435 454
435 455
436 444
436 446
436 445
436 447
436 450
436 452
436 451
436 448
436 448
436 449
436 436
436 453
436 456
436 458
436 457
436 454
436 455
437 444
437 446
437 445
437 447
437 450
437 452
437 451
437 448
437 449
437 449
437 437
437 453
437 456
437 458
437 457
437 454
437 455
438 444
438 446
438 445
438 447
438 450
438 452
438 451
438 448
438 449
438 453
438 453
438 456
438 458
438 457
438 454
438 455
438 438
438 442
438 443
439 444
439 446
439 445
439 447
439 450
439 452
439 451
439 448
439 449
439 453
439 456
439 456
439 458
439 457
439 454
439 455
439 439
439 441
439 443
440 444
440 446
440 445
440 447
440 450
440 452
440 451
440 448
440 449
440 453
440 456
440 458
440 458
440 457
440 454
440 455
440 440
440 441
440 442
441 444
441 446
441 445
441 447
441 450
441 452
441 451
441 448
441 449
441 453
441 456
441 458
441 457
441 457
441 454
441 455
441 441
442 444
442 446
442 445
442 447
442 450
442 452
442 451
442 448
442 449
442 453
442 456
442 458
442 457
442 454
442 454
442 455
442 442
443 444
443 446
443 445
443 447
443 450
443 452
443 451
443 448
443 449
443 453
443 456
443 458
443 457
443 454
443 455
443 455
443 443
444 444
444 445
444 445
445 446
445 446
445 445
446 446
447 447
447 448
447 448
447 449
447 449
448 452
448 452
448 451
448 451
448 448
448 449
448 449
449 450
449 450
449 451
449 451
449 449
450 450
450 451
450 451
451 452
451 452
451 451
452 452
453 453
453 454
453 454
453 455
453 455
454 458
454 458
454 457
454 457
454 454
454 455
454 455
455 456
455 456
455 457
455 457
455 455
456 456
456 457
456 457
457 458
457 458
457 457
458 458
459 459
459 460
459 460
459 461
459 461
459 462
459 463
459 464
459 465
459 466
459 467
459 468
459 469
459 470
459 471
459 472
459 473
459 474
460 478
460 478
460 476
460 476
460 460
460 461
460 461
460 462
460 463
460 464
460 465
460 466
460 467
460 468
460 469
460 470
460 471
460 472
460 473
461 475
461 475
461 476
461 476
461 461
461 462
461 463
461 464
461 465
461 466
461 467
461 468
461 469
461 470
461 471
461 472
461 473
462 475
462 478
462 476
462 480
462 480
462 483
462 485
462 484
462 481
462 482
462 462
462 466
462 467
462 486
462 491
462 493
462 492
462 487
462 488
463 475
463 478
463 476
463 480
463 483
463 483
463 485
463 484
463 481
463 482
463 463
463 465
463 467
463 486
463 491
463 493
463 492
463 487
463 488
464 475
464 478
464 476
464 480
464 483
464 485
464 485
464 484
464 481
464 482
464 464
464 465
464 466
464 486
464 491
464 493
464 492
464 487
464 488
465 475
465 478
465 476
465 480
465 483
465 485
465 484
465 484
465 481
465 482
465 465
465 486
465 491
465 493
465 492
465 487
465 488
466 475
466 478
466 476
466 480
466 483
466 485
466 484
466 481
466 481
466 482
466 466
466 486
466 491
466 493
466 492
466 487
466 488
467 475
467 478
467 476
467 480
467 483
467 485
467 484
467 481
467 482
467 482
467 467
467 486
467 491
467 493
467 492
467 487
467 488
468 475
468 478
468 476
468 480
468 483
468 485
468 484
468 481
468 482
468 486
468 486
468 491
468 493
468 492
468 487
468 488
468 468
468 472
468 473
468 489
468 490
469 475
469 478
469 476
469 480
469 483
469 485
469 484
469 481
469 482
469 486
469 491
469 491
469 493
469 492
469 487
469 488
469 469
469 471
469 473
469 489
469 490
470 475
470 478
470 476
470 480
470 483
470 485
470 484
470 481
470 482
470 486
470 491
470 493
470 493
470 492
470 487
470 488
470 470
470 471
470 472
470 489
470 490
471 475
471 478
471 476
471 480
471 483
471 485
471 484
471 481
471 482
471 486
471 491
471 493
471 492
471 492
471 487
471 488
471 471
471 514
471 516
471 494
471 495
471 496
471 489
471 490
471 497
471 498
471 499
472 475
472 478
472 476
472 480
472 483
472 485
472 484
472 481
472 482
472 486
472 491
472 493
472 492
472 487
472 487
472 488
472 472
472 512
472 516
472 494
472 495
472 496
472 489
472 490
472 497
472 498
472 499
473 475
473 478
473 476
473 480
473 483
473 485
473 484
473 481
473 482
473 486
473 491
473 493
473 492
473 487
473 488
473 488
473 473
473 512
473 514
473 494
473 495
473 496
473 489
473 490
473 497
473 498
473 499
474 500
475 475
475 476
475 476
475 477
476 478
476 478
476 476
477 509
478 478
478 479
479 511
480 480
480 481
480 481
480 482
480 482
481 485
481 485
481 484
481 484
481 481
481 482
481 482
482 483
482 483
482 484
482 484
482 482
483 483
483 484
483 484
484 485
484 485
484 484
485 485
486 486
486 487
486 487
486 488
486 488
486 489
486 490
487 493
487 493
487 492
487 492
487 487
487 488
487 488
487 494
487 495
487 496
487 489
487 490
487 497
487 498
487 499
488 491
488 491
488 492
488 492
488 488
488 494
488 495
488 496
488 489
488 490
488 497
488 498
488 499
489 491
489 493
489 492
489 512
489 512
489 514
489 514
489 516
489 516
490 491
490 493
490 492
490 512
490 512
490 514
490 514
490 516
490 516
491 491
491 492
491 492
492 493
492 493
492 492
492 494
492 495
492 496
492 497
492 498
492 499
493 493
494 514
494 516
494 494
494 495
494 495
494 496
494 496
494 506
494 507
494 508
494 497
494 497
494 498
494 498
494 499
494 499
494 518
494 518
494 519
494 519
494 536
494 521
494 522
495 512
495 516
495 495
495 496
495 496
495 506
495 507
495 508
495 497
495 497
495 498
495 498
495 499
495 499
495 518
495 518
495 519
495 519
495 536
495 521
495 522
496 512
496 514
496 496
496 506
496 507
496 508
496 497
496 497
496 498
496 498
496 499
496 499
496 518
496 518
496 519
496 519
496 536
496 521
496 522
500 500
500 501
500 501
500 502
500 502
500 503
500 504
500 505
500 506
500 507
500 508
501 511
501 511
501 510
501 510
501 501
501 502
501 502
501 503
501 504
501 505
501 506
501 507
501 508
502 509
502 509
502 510
502 510
502 502
502 503
502 504
502 505
502 506
502 507
502 508
503 509
503 511
503 510
503 520
503 520
503 535
503 537
503 536
503 521
503 522
503 503
503 507
503 508
503 538
503 541
503 543
503 542
503 539
503 540
503 544
503 559
503 561
503 560
503 545
503 546
503 513
504 509
504 511
504 510
504 520
504 535
504 535
504 537
504 536
504 521
504 522
504 504
504 506
504 508
504 538
504 541
504 543
504 542
504 539
504 540
504 544
504 559
504 561
504 560
504 545
504 546
504 515
505 509
505 511
505 510
505 520
505 535
505 537
505 537
505 536
505 521
505 522
505 505
505 506
505 507
505 538
505 541
505 543
505 542
505 539
505 540
505 544
505 559
505 561
505 560
505 545
505 546
505 517
506 509
506 511
506 510
506 520
506 535
506 537
506 536
506 536
506 521
506 522
506 506
506 538
506 541
506 543
506 542
506 539
506 540
506 544
506 559
506 561
506 560
506 545
506 546
506 518
506 519
507 509
507 511
507 510
507 520
507 535
507 537
507 536
507 521
507 521
507 522
507 507
507 538
507 541
507 543
507 542
507 539
507 540
507 544
507 559
507 561
507 560
507 545
507 546
507 518
507 519
508 509
508 511
508 510
508 520
508 535
508 537
508 536
508 521
508 522
508 522
508 508
508 538
508 541
508 543
508 542
508 539
508 540
508 544
508 559
508 561
508 560
508 545
508 546
508 518
508 519
509 509
509 510
509 510
510 511
510 511
510 510
511 511
512 513
512 513
513 520
514 515
514 515
515 535
516 517
516 517
517 537
518 536
518 521
518 522
519 536
519 521
519 522
520 520
520 521
520 521
520 522
520 522
520 523
520 524
520 525
520 526
520 527
520 528
520 529
520 530
520 531
520 532
520 533
520 534
521 537
521 537
521 536
521 536
521 521
521 522
521 522
521 523
521 524
521 525
521 526
521 527
521 528
521 529
521 530
521 531
521 532
521 533
521 534
522 535
522 535
522 536
522 536
522 522
522 523
522 524
522 525
522 526
522 527
522 528
522 529
522 530
522 531
522 532
522 533
522 534
523 535
523 537
523 536
523 538
523 538
523 541
523 543
523 542
523 539
523 540
523 523
523 527
523 528
523 544
523 559
523 561
523 560
523 545
523 546
524 535
524 537
524 536
524 538
524 541
524 541
524 543
524 542
524 539
524 540
524 524
524 526
524 528
524 544
524 559
524 561
524 560
524 545
524 546
525 535
525 537
525 536
525 538
525 541
525 543
525 543
525 542
525 539
525 540
525 525
525 526
525 527
525 544
525 559
525 561
525 560
525 545
525 546
526 535
526 537
526 536
526 538
526 541
526 543
526 542
526 542
526 539
526 540
526 526
526 544
526 559
526 561
526 560
526 545
526 546
527 535
527 537
527 536
527 538
527 541
527 543
527 542
527 539
527 539
527 540
527 527
527 544
527 559
527 561
527 560
527 545
527 546
528 535
528 537
528 536
528 538
528 541
528 543
528 542
528 539
528 540
528 540
528 528
528 544
528 559
528 561
528 560
528 545
528 546
529 535
529 537
529 536
529 538
529 541
529 543
529 542
529 539
529 540
529 544
529 544
529 559
529 561
529 560
529 545
529 546
529 529
529 533
529 534
529 562
529 565
529 567
529 566
529 563
529 564
529 568
529 583
529 585
529 584
529 569
529 570
530 535
530 537
530 536
530 538
530 541
530 543
530 542
530 539
530 540
530 544
530 559
530 559
530 561
530 560
530 545
530 546
530 530
530 532
530 534
530 562
530 565
530 567
530 566
530 563
530 564
530 568
530 583
530 585
530 584
530 569
530 570
531 535
531 537
531 536
531 538
531 541
531 543
531 542
531 539
531 540
531 544
531 559
531 561
531 561
531 560
531 545
531 546
531 531
531 532
531 533
531 562
531 565
531 567
531 566
531 563
531 564
531 568
531 583
531 585
531 584
531 569
531 570
532 535
532 537
532 536
532 538
532 541
532 543
532 542
532 539
532 540
532 544
532 559
532 561
532 560
532 560
532 545
532 546
532 532
532 562
532 565
532 567
532 566
532 563
532 564
532 568
532 583
532 585
532 584
532 569
532 570
533 535
533 537
533 536
533 538
533 541
533 543
533 542
533 539
533 540
533 544
533 559
533 561
533 560
533 545
533 545
533 546
533 533
533 562
533 565
533 567
533 566
533 563
533 564
533 568
533 583
533 585
533 584
533 569
533 570
534 535
534 537
534 536
534 538
534 541
534 543
534 542
534 539
534 540
534 544
534 559
534 561
534 560
534 545
534 546
534 546
534 534
534 562
534 565
534 567
534 566
534 563
534 564
534 568
534 583
534 585
534 584
534 569
534 570
535 535
535 536
535 536
536 537
536 537
536 536
537 537
538 538
538 539
538 539
538 540
538 540
539 543
539 543
539 542
539 542
539 539
539 540
539 540
540 541
540 541
540 542
540 542
540 540
541 541
541 542
541 542
542 543
542 543
542 542
543 543
544 544
544 545
544 545
544 546
544 546
544 547
544 548
544 549
544 550
544 551
544 552
544 553
544 554
544 555
544 556
544 557
544 558
545 561
545 561
545 560
545 560
545 545
545 546
545 546
545 547
545 548
545 549
545 550
545 551
545 552
545 553
545 554
545 555
545 556
545 557
545 558
546 559
546 559
546 560
546 560
546 546
546 547
546 548
546 549
546 550
546 551
546 552
546 553
546 554
546 555
546 556
546 557
546 558
547 559
547 561
547 560
547 562
547 562
547 565
547 567
547 566
547 563
547 564
547 547
547 551
547 552
547 568
547 583
547 585
547 584
547 569
547 570
548 559
548 561
548 560
548 562
548 565
548 565
548 567
548 566
548 563
548 564
548 548
548 550
548 552
548 568
548 583
548 585
548 584
548 569
548 570
549 559
549 561
549 560
549 562
549 565
549 567
549 567
549 566
549 563
549 564
549 549
549 550
549 551
549 568
549 583
549 585
549 584
549 569
549 570
550 559
550 561
550 560
550 562
550 565
550 567
550 566
550 566
550 563
550 564
550 550
550 568
550 583
550 585
550 584
550 569
550 570
551 559
551 561
551 560
551 562
551 565
551 567
551 566
551 563
551 563
551 564
551 551
551 568
551 583
551 585
551 584
551 569
551 570
552 559
552 561
552 560
552 562
552 565
552 567
552 566
552 563
552 564
552 564
552 552
552 568
552 583
552 585
552 584
552 569
552 570
553 559
553 561
553 560
553 562
553 565
553 567
553 566
553 563
553 564
553 568
553 568
553 583
553 585
553 584
553 569
553 570
553 553
553 557
553 558
553 586
553 589
553 591
553 590
553 587
553 588
553 592
553 607
553 609
553 608
553 593
553 594
554 559
554 561
554 560
554 562
554 565
554 567
554 566
554 563
554 564
554 568
554 583
554 583
554 585
554 584
554 569
554 570
554 554
554 556
554 558
554 586
554 589
554 591
554 590
554 587
554 588
554 592
554 607
554 609
554 608
554 593
554 594
555 559
555 561
555 560
555 562
555 565
555 567
555 566
555 563
555 564
555 568
555 583
555 585
555 585
555 584
555 569
555 570
555 555
555 556
555 557
555 586
555 589
555 591
555 590
555 587
555 588
555 592
555 607
555 609
555 608
555 593
555 594
556 559
556 561
556 560
556 562
556 565
556 567
556 566
556 563
556 564
556 568
556 583
556 585
556 584
556 584
556 569
556 570
556 556
556 586
556 589
556 591
556 590
556 587
556 588
556 592
556 607
556 609
556 608
556 593
556 594
557 559
557 561
557 560
557 562
557 565
557 567
557 566
557 563
557 564
557 568
557 583
557 585
557 584
557 569
557 569
557 570
557 557
557 586
557 589
557 591
557 590
557 587
557 588
557 592
557 607
557 609
557 608
557 593
557 594
558 559
558 561
558 560
558 562
558 565
558 567
558 566
558 563
558 564
558 568
558 583
558 585
558 584
558 569
558 570
558 570
558 558
558 586
558 589
558 591
558 590
558 587
558 588
558 592
558 607
558 609
558 608
558 593
558 594
559 559
559 560
559 560
560 561
560 561
560 560
561 561
562 562
562 563
562 563
562 564
562 564
563 567
563 567
563 566
563 566
563 563
563 564
563 564
564 565
564 565
564 566
564 566
564 564
565 565
565 566
565 566
566 567
566 567
566 566
567 567
568 568
568 569
568 569
568 570
568 570
568 571
568 572
568 573
568 574
568 575
568 576
568 577
568 578
568 579
568 580
568 581
568 582
569 585
569 585
569 584
569 584
569 569
569 570
569 570
569 571
569 572
569 573
569 574
569 575
569 576
569 577
569 578
569 579
569 580
569 581
569 582
570 583
570 583
570 584
570 584
570 570
570 571
570 572
570 573
570 574
570 575
570 576
570 577
570 578
570 579
570 580
570 581
570 582
571 583
571 585
571 584
571 586
571 586
571 589
571 591
571 590
571 587
571 588
571 571
571 575
571 576
571 592
571 607
571 609
571 608
571 593
571 594
572 583
572 585
572 584
572 586
572 589
572 589
572 591
572 590
572 587
572 588
572 572
572 574
572 576
572 592
572 607
572 609
572 608
572 593
572 594
573 583
573 585
573 584
573 586
573 589
573 591
573 591
573 590
573 587
573 588
573 573
573 574
573 575
573 592
573 607
573 609
573 608
573 593
573 594
574 583
574 585
574 584
574 586
574 589
574 591
574 590
574 590
574 587
574 588
574 574
574 592
574 607
574 609
574 608
574 593
574 594
575 583
575 585
575 584
575 586
575 589
575 591
575 590
575 587
575 587
575 588
575 575
575 592
575 607
575 609
575 608
575 593
575 594
576 583
576 585
576 584
576 586
576 589
576 591
576 590
576 587
576 588
576 588
576 576
576 592
576 607
576 609
576 608
576 593
576 594
577 583
577 585
577 584
577 586
577 589
577 591
577 590
577 587
577 588
577 592
577 592
577 607
577 609
577 608
577 593
577 594
577 577
577 581
577 582
577 610
577 613
577 615
577 614
577 611
577 612
577 616
577 619
577 621
577 620
577 617
577 618
578 583
578 585
578 584
578 586
578 589
578 591
578 590
578 587
578 588
578 592
578 607
578 607
578 609
578 608
578 593
578 594
578 578
578 580
578 582
578 610
578 613
578 615
578 614
578 611
578 612
578 616
578 619
578 621
578 620
578 617
578 618
579 583
579 585
579 584
579 586
579 589
579 591
579 590
579 587
579 588
579 592
579 607
579 609
579 609
579 608
579 593
579 594
579 579
579 580
579 581
579 610
579 613
579 615
579 614
579 611
579 612
579 616
579 619
579 621
579 620
579 617
579 618
580 583
580 585
580 584
580 586
580 589
580 591
580 590
580 587
580 588
580 592
580 607
580 609
580 608
580 608
580 593
580 594
580 580
580 610
580 613
580 615
580 614
580 611
580 612
580 616
580 619
580 621
580 620
580 617
580 618
581 583
581 585
581 584
581 586
581 589
581 591
581 590
581 587
581 588
581 592
581 607
581 609
581 608
581 593
581 593
581 594
581 581
581 610
581 613
581 615
581 614
581 611
581 612
581 616
581 619
581 621
581 620
581 617
581 618
582 583
582 585
582 584
582 586
582 589
582 591
582 590
582 587
582 588
582 592
582 607
582 609
582 608
582 593
582 594
582 594
582 582
582 610
582 613
582 615
582 614
582 611
582 612
582 616
582 619
582 621
582 620
582 617
582 618
583 583
583 584
583 584
584 585
584 585
584 584
585 585
586 586
586 587
586 587
586 588
586 588
587 591
587 591
587 590
587 590
587 587
587 588
587 588
588 589
588 589
588 590
588 590
588 588
589 589
589 590
589 590
590 591
590 591
590 590
591 591
592 592
592 593
592 593
592 594
592 594
592 595
592 596
592 597
592 598
592 599
592 600
592 601
592 602
592 603
592 604
592 605
592 606
593 609
593 609
593 608
593 608
593 593
593 594
593 594
593 595
593 596
593 597
593 598
593 599
593 600
593 601
593 602
593 603
593 604
593 605
593 606
594 607
594 607
594 608
594 608
594 594
594 595
594 596
594 597
594 598
594 599
594 600
594 601
594 602
594 603
594 604
594 605
594 606
595 607
595 609
595 608
595 610
595 610
595 613
595 615
595 614
595 611
595 612
595 595
595 599
595 600
595 616
595 619
595 621
595 620
595 617
595 618
596 607
596 609
596 608
596 610
596 613
596 613
596 615
596 614
596 611
596 612
596 596
596 598
596 600
596 616
596 619
596 621
596 620
596 617
596 618
597 607
597 609
597 608
597 610
597 613
597 615
597 615
597 614
597 611
597 612
597 597
597 598
597 599
597 616
597 619
597 621
597 620
597 617
597 618
598 607
598 609
598 608
598 610
598 613
598 615
598 614
598 614
598 611
598 612
598 598
598 616
598 619
598 621
598 620
598 617
598 618
599 607
599 609
599 608
599 610
599 613
599 615
599 614
599 611
599 611
599 612
599 599
599 616
599 619
599 621
599 620
599 617
599 618
600 607
600 609
600 608
600 610
600 613
600 615
600 614
600 611
600 612
600 612
600 600
600 616
600 619
600 621
600 620
600 617
600 618
601 607
601 609
601 608
601 610
601 613
601 615
601 614
601 611
601 612
601 616
601 616
601 619
601 621
601 620
601 617
601 618
601 601
601 605
601 606
602 607
602 609
602 608
602 610
602 613
602 615
602 614
602 611
602 612
602 616
602 619
602 619
602 621
602 620
602 617
602 618
602 602
602 604
602 606
603 607
603 609
603 608
603 610
603 613
603 615
603 614
603 611
603 612
603 616
603 619
603 621
603 621
603 620
603 617
603 618
603 603
603 604
603 605
604 607
604 609
604 608
604 610
604 613
604 615
604 614
604 611
604 612
604 616
604 619
604 621
604 620
604 620
604 617
604 618
604 604
605 607
605 609
605 608
605 610
605 613
605 615
605 614
605 611
605 612
605 616
605 619
605 621
605 620
605 617
605 617
605 618
605 605
606 607
606 609
606 608
606 610
606 613
606 615
606 614
606 611
606 612
606 616
606 619
606 621
606 620
606 617
606 618
606 618
606 606
607 607
607 608
607 608
608 609
608 609
608 608
609 609
610 610
610 611
610 611
610 612
610 612
611 615
611 615
611 614
611 614
611 611
611 612
611 612
612 613
612 613
612 614
612 614
612 612
613 613
613 614
613 614
614 615
614 615
614 614
615 615
616 616
616 617
616 617
616 618
616 618
617 621
617 621
617 620
617 620
617 617
617 618
617 618
618 619
618 619
618 620
618 620
618 618
619 619
619 620
619 620
620 621
620 621
620 620
621 621
622 622
622 623
622 623
622 624
622 624
622 625
622 626
622 627
622 628
622 629
622 630
622 631
622 632
622 633
622 634
622 635
622 636
622 637
623 641
623 641
623 639
623 639
623 623
623 624
623 624
623 625
623 626
623 627
623 628
623 629
623 630
623 631
623 632
623 633
623 634
623 635
623 636
624 638
624 638
624 639
624 639
624 624
624 625
624 626
624 627
624 628
624 629
624 630
624 631
624 632
624 633
624 634
624 635
624 636
625 638
625 641
625 639
625 643
625 643
625 646
625 648
625 647
625 644
625 645
625 625
625 629
625 630
625 649
625 654
625 656
625 655
625 650
625 651
626 638
626 641
626 639
626 643
626 646
626 646
626 648
626 647
626 644
626 645
626 626
626 628
626 630
626 649
626 654
626 656
626 655
626 650
626 651
627 638
627 641
627 639
627 643
627 646
627 648
627 648
627 647
627 644
627 645
627 627
627 628
627 629
627 649
627 654
627 656
627 655
627 650
627 651
628 638
628 641
628 639
628 643
628 646
628 648
628 647
628 647
628 644
628 645
628 628
628 649
628 654
628 656
628 655
628 650
628 651
629 638
629 641
629 639
629 643
629 646
629 648
629 647
629 644
629 644
629 645
629 629
629 649
629 654
629 656
629 655
629 650
629 651
630 638
630 641
630 639
630 643
630 646
630 648
630 647
630 644
630 645
630 645
630 630
630 649
630 654
630 656
630 655
630 650
630 651
631 638
631 641
631 639
631 643
631 646
631 648
631 647
631 644
631 645
631 649
631 649
631 654
631 656
631 655
631 650
631 651
631 631
631 635
631 636
631 652
631 653
632 638
632 641
632 639
632 643
632 646
632 648
632 647
632 644
632 645
632 649
632 654
632 654
632 656
632 655
632 650
632 651
632 632
632 634
632 636
632 652
632 653
633 638
633 641
633 639
633 643
633 646
633 648
633 647
633 644
633 645
633 649
633 654
633 656
633 656
633 655
633 650
633 651
633 633
633 634
633 635
633 652
633 653
634 638
634 641
634 639
634 643
634 646
634 648
634 647
634 644
634 645
634 649
634 654
634 656
634 655
634 655
634 650
634 651
634 634
634 677
634 679
634 657
634 658
634 659
634 652
634 653
634 660
634 661
634 662
635 638
635 641
635 639
635 643
635 646
635 648
635 647
635 644
635 645
635 649
635 654
635 656
635 655
635 650
635 650
635 651
635 635
635 675
635 679
635 657
635 658
635 659
635 652
635 653
635 660
635 661
635 662
636 638
636 641
636 639
636 643
636 646
636 648
636 647
636 644
636 645
636 649
636 654
636 656
636 655
636 650
636 651
636 651
636 636
636 675
636 677
636 657
636 658
636 659
636 652
636 653
636 660
636 661
636 662
637 663
638 638
638 639
638 639
638 640
639 641
639 641
639 639
640 672
641 641
641 642
642 674
643 643
643 644
643 644
643 645
643 645
644 648
644 648
644 647
644 647
644 644
644 645
644 645
645 646
645 646
645 647
645 647
645 645
646 646
646 647
646 647
647 648
647 648
647 647
648 648
649 649
649 650
649 650
649 651
649 651
649 652
649 653
650 656
650 656
650 655
650 655
650 650
650 651
650 651
650 657
650 658
650 659
650 652
650 653
650 660
650 661
650 662
651 654
651 654
651 655
651 655
651 651
651 657
651 658
651 659
651 652
651 653
651 660
651 661
651 662
652 654
652 656
652 655
652 675
652 675
652 677
652 677
652 679
652 679
653 654
653 656
653 655
653 675
653 675
653 677
653 677
653 679
653 679
654 654
654 655
654 655
655 656
655 656
655 655
655 657
655 658
655 659
655 660
655 661
655 662
656 656
657 677
657 679
657 657
657 658
657 658
657 659
657 659
657 669
657 670
657 671
657 660
657 660
657 661
657 661
657 662
657 662
657 681
657 681
657 682
657 682
657 699
657 684
657 685
658 675
658 679
658 658
658 659
658 659
658 669
658 670
658 671
658 660
658 660
658 661
658 661
658 662
658 662
658 681
658 681
658 682
658 682
658 699
658 684
658 685
659 675
659 677
659 659
659 669
659 670
659 671
659 660
659 660
659 661
659 661
659 662
659 662
659 681
659 681
659 682
659 682
659 699
659 684
659 685
663 663
663 664
663 664
663 665
663 665
663 666
663 667
663 668
663 669
663 670
663 671
664 674
664 674
664 673
664 673
664 664
664 665
664 665
664 666
664 667
664 668
664 669
664 670
664 671
665 672
665 672
665 673
665 673
665 665
665 666
665 667
665 668
665 669
665 670
665 671
666 672
666 674
666 673
666 683
666 683
666 698
666 700
666 699
666 684
666 685
666 666
666 670
666 671
666 701
666 704
666 706
666 705
666 702
666 703
666 707
666 722
666 724
666 723
666 708
666 709
666 676
667 672
667 674
667 673
667 683
667 698
667 698
667 700
667 699
667 684
667 685
667 667
667 669
667 671
667 701
667 704
667 706
667 705
667 702
667 703
667 707
667 722
667 724
667 723
667 708
667 709
667 678
668 672
668 674
668 673
668 683
668 698
668 700
668 700
668 699
668 684
668 685
668 668
668 669
668 670
668 701
668 704
668 706
668 705
668 702
668 703
668 707
668 722
668 724
668 723
668 708
668 709
668 680
669 672
669 674
669 673
669 683
669 698
669 700
669 699
669 699
669 684
669 685
669 669
669 701
669 704
669 706
669 705
669 702
669 703
669 707
669 722
669 724
669 723
669 708
669 709
669 681
669 682
670 672
670 674
670 673
670 683
670 698
670 700
670 699
670 684
670 684
670 685
670 670
670 701
670 704
670 706
670 705
670 702
670 703
670 707
670 722
670 724
670 723
670 708
670 709
670 681
670 682
671 672
671 674
671 673
671 683
671 698
671 700
671 699
671 684
671 685
671 685
671 671
671 701
671 704
671 706
671 705
671 702
671 703
671 707
671 722
671 724
671 723
671 708
671 709
671 681
671 682
672 672
672 673
672 673
673 674
673 674
673 673
674 674
675 676
675 676
676 683
677 678
677 678
678 698
679 680
679 680
680 700
681 699
681 684
681 685
682 699
682 684
682 685
683 683
683 684
683 684
683 685
683 685
683 686
683 687
683 688
683 689
683 690
683 691
683 692
683 693
683 694
683 695
683 696
683 697
684 700
684 700
684 699
684 699
684 684
684 685
684 685
684 686
684 687
684 688
684 689
684 690
684 691
684 692
684 693
684 694
684 695
684 696
684 697
685 698
685 698
685 699
685 699
685 685
685 686
685 687
685 688
685 689
685 690
685 691
685 692
685 693
685 694
685 695
685 696
685 697
686 698
686 700
686 699
686 701
686 701
686 704
686 706
686 705
686 702
686 703
686 686
686 690
686 691
686 707
686 722
686 724
686 723
686 708
686 709
687 698
687 700
687 699
687 701
687 704
687 704
687 706
687 705
687 702
687 703
687 687
687 689
687 691
687 707
687 722
687 724
687 723
687 708
687 709
688 698
688 700
688 699
688 701
688 704
688 706
688 706
688 705
688 702
688 703
688 688
688 689
688 690
688 707
688 722
688 724
688 723
688 708
688 709
689 698
689 700
689 699
689 701
689 704
689 706
689 705
689 705
689 702
689 703
689 689
689 707
689 722
689 724
689 723
689 708
689 709
690 698
690 700
690 699
690 701
690 704
690 706
690 705
690 702
690 702
690 703
690 690
690 707
690 722
690 724
690 723
690 708
690 709
691 698
691 700
691 699
691 701
691 704
691 706
691 705
691 702
691 703
691 703
691 691
691 707
691 722
691 724
691 723
691 708
691 709
692 698
692 700
692 699
692 701
692 704
692 706
692 705
692 702
692 703
692 707
692 707
692 722
692 724
692 723
692 708
692 709
692 692
692 696
692 697
692 725
692 728
692 730
692 729
692 726
692 727
692 731
692 746
692 748
692 747
692 732
692 733
693 698
693 700
693 699
693 701
693 704
693 706
693 705
693 702
693 703
693 707
693 722
693 722
693 724
693 723
693 708
693 709
693 693
693 695
693 697
693 725
693 728
693 730
693 729
693 726
693 727
693 731
693 746
693 748
693 747
693 732
693 733
694 698
694 700
694 699
694 701
694 704
694 706
694 705
694 702
694 703
694 707
694 722
694 724
694 724
694 723
694 708
694 709
694 694
694 695
694 696
694 725
694 728
694 730
694 729
694 726
694 727
694 731
694 746
694 748
694 747
694 732
694 733
695 698
695 700
695 699
695 701
695 704
695 706
695 705
695 702
695 703
695 707
695 722
695 724
695 723
695 723
695 708
695 709
695 695
695 725
695 728
695 730
695 729
695 726
695 727
695 731
695 746
695 748
695 747
695 732
695 733
696 698
696 700
696 699
696 701
696 704
696 706
696 705
696 702
696 703
696 707
696 722
696 724
696 723
696 708
696 708
696 709
696 696
696 725
696 728
696 730
696 729
696 726
696 727
696 731
696 746
696 748
696 747
696 732
696 733
697 698
697 700
697 699
697 701
697 704
697 706
697 705
697 702
697 703
697 707
697 722
697 724
697 723
697 708
697 709
697 709
697 697
697 725
697 728
697 730
697 729
697 726
697 727
697 731
697 746
697 748
697 747
697 732
697 733
698 698
698 699
698 699
699 700
699 700
699 699
700 700
701 701
701 702
701 702
701 703
701 703
702 706
702 706
702 705
702 705
702 702
702 703
702 703
703 704
703 704
703 705
703 705
703 703
704 704
704 705
704 705
705 706
705 706
705 705
706 706
707 707
707 708
707 708
707 709
707 709
707 710
707 711
707 712
707 713
707 714
707 715
707 716
707 717
707 718
707 719
707 720
707 721
708 724
708 724
708 723
708 723
708 708
708 709
708 709
708 710
708 711
708 712
708 713
708 714
708 715
708 716
708 717
708 718
708 719
708 720
708 721
709 722
709 722
709 723
709 723
709 709
709 710
709 711
709 712
709 713
709 714
709 715
709 716
709 717
709 718
709 719
709 720
709 721
710 722
710 724
710 723
710 725
710 725
710 728
710 730
710 729
710 726
710 727
710 710
710 714
710 715
710 731
710 746
710 748
710 747
710 732
710 733
711 722
711 724
711 723
711 725
711 728
711 728
711 730
711 729
711 726
711 727
711 711
711 713
711 715
711 731
711 746
711 748
711 747
711 732
711 733
712 722
712 724
712 723
712 725
712 728
712 730
712 730
712 729
712 726
712 727
712 712
712 713
712 714
712 731
712 746
712 748
712 747
712 732
712 733
713 722
713 724
713 723
713 725
713 728
713 730
713 729
713 729
713 726
713 727
713 713
713 731
713 746
713 748
713 747
713 732
713 733
714 722
714 724
714 723
714 725
714 728
714 730
714 729
714 726
714 726
714 727
714 714
714 731
714 746
714 748
714 747
714 732
714 733
715 722
715 724
715 723
715 725
715 728
715 730
715 729
715 726
715 727
715 727
715 715
715 731
715 746
715 748
715 747
715 732
715 733
716 722
716 724
716 723
716 725
716 728
716 730
716 729
716 726
716 727
716 731
716 731
716 746
716 748
716 747
716 732
716 733
716 716
716 720
716 721
716 749
716 752
716 754
716 753
716 750
716 751
716 755
716 770
716 772
716 771
716 756
716 757
717 722
717 724
717 723
717 725
717 728
717 730
717 729
717 726
717 727
717 731
717 746
717 746
717 748
717 747
717 732
717 733
717 717
717 719
717 721
717 749
717 752
717 754
717 753
717 750
717 751
717 755
717 770
717 772
717 771
717 756
717 757
718 722
718 724
718 723
718 725
718 728
718 730
718 729
718 726
718 727
718 731
718 746
718 748
718 748
718 747
718 732
718 733
718 718
718 719
718 720
718 749
718 752
718 754
718 753
718 750
718 751
718 755
718 770
718 772
718 771
718 756
718 757
719 722
719 724
719 723
719 725
719 728
719 730
719 729
719 726
719 727
719 731
719 746
719 748
719 747
719 747
719 732
719 733
719 719
719 749
719 752
719 754
719 753
719 750
719 751
719 755
719 770
719 772
719 771
719 756
719 757
720 722
720 724
720 723
720 725
720 728
720 730
720 729
720 726
720 727
720 731
720 746
720 748
720 747
720 732
720 732
720 733
720 720
720 749
720 752
720 754
720 753
720 750
720 751
720 755
720 770
720 772
720 771
720 756
720 757
721 722
721 724
721 723
721 725
721 728
721 730
721 729
721 726
721 727
721 731
721 746
721 748
721 747
721 732
721 733
721 733
721 721
721 749
721 752
721 754
721 753
721 750
721 751
721 755
721 770
721 772
721 771
721 756
721 757
722 722
722 723
722 723
723 724
723 724
723 723
724 724
725 725
725 726
725 726
725 727
725 727
726 730
726 730
726 729
726 729
726 726
726 727
726 727
727 728
727 728
727 729
727 729
727 727
728 728
728 729
728 729
729 730
729 730
729 729
730 730
731 731
731 732
731 732
731 733
731 733
731 734
731 735
731 736
731 737
731 738
731 739
731 740
731 741
731 742
731 743
731 744
731 745
732 748
732 748
732 747
732 747
732 732
732 733
732 733
732 734
732 735
732 736
732 737
732 738
732 739
732 740
732 741
732 742
732 743
732 744
732 745
733 746
733 746
733 747
733 747
733 733
733 734
733 735
733 736
733 737
733 738
733 739
733 740
733 741
733 742
733 743
733 744
733 745
734 746
734 748
734 747
734 749
734 749
734 752
734 754
734 753
734 750
734 751
734 734
734 738
734 739
734 755
734 770
734 772
734 771
734 756
734 757
735 746
735 748
735 747
735 749
735 752
735 752
735 754
735 753
735 750
735 751
735 735
735 737
735 739
735 755
735 770
735 772
735 771
735 756
735 757
736 746
736 748
736 747
736 749
736 752
736 754
736 754
736 753
736 750
736 751
736 736
736 737
736 738
736 755
736 770
736 772
736 771
736 756
736 757
737 746
737 748
737 747
737 749
737 752
737 754
737 753
737 753
737 750
737 751
737 737
737 755
737 770
737 772
737 771
737 756
737 757
738 746
738 748
738 747
738 749
738 752
738 754
738 753
738 750
738 750
738 751
738 738
738 755
738 770
738 772
738 771
738 756
738 757
739 746
739 748
739 747
739 749
739 752
739 754
739 753
739 750
739 751
739 751
739 739
739 755
739 770
739 772
739 771
739 756
739 757
740 746
740 748
740 747
740 749
740 752
740 754
740 753
740 750
740 751
740 755
740 755
740 770
740 772
740 771
740 756
740 757
740 740
740 744
740 745
740 773
740 776
740 778
740 777
740 774
740 775
740 779
740 782
740 784
740 783
740 780
740 781
741 746
741 748
741 747
741 749
741 752
741 754
741 753
741 750
741 751
741 755
741 770
741 770
741 772
741 771
741 756
741 757
741 741
741 743
741 745
741 773
741 776
741 778
741 777
741 774
741 775
741 779
741 782
741 784
741 783
741 780
741 781
742 746
742 748
742 747
742 749
742 752
742 754
742 753
742 750
742 751
742 755
742 770
742 772
742 772
742 771
742 756
742 757
742 742
742 743
742 744
742 773
742 776
742 778
742 777
742 774
742 775
742 779
742 782
742 784
742 783
742 780
742 781
743 746
743 748
743 747
743 749
743 752
743 754
743 753
743 750
743 751
743 755
743 770
743 772
743 771
743 771
743 756
743 757
743 743
743 773
743 776
743 778
743 777
743 774
743 775
743 779
743 782
743 784
743 783
743 780
743 781
744 746
744 748
744 747
744 749
744 752
744 754
744 753
744 750
744 751
744 755
744 770
744 772
744 771
744 756
744 756
744 757
744 744
744 773
744 776
744 778
744 777
744 774
744 775
744 779
744 782
744 784
744 783
744 780
744 781
745 746
745 748
745 747
745 749
745 752
745 754
745 753
745 750
745 751
745 755
745 770
745 772
745 771
745 756
745 757
745 757
745 745
745 773
745 776
745 778
745 777
745 774
745 775
745 779
745 782
745 784
745 783
745 780
745 781
746 746
746 747
746 747
747 748
747 748
747 747
748 748
749 749
749 750
749 750
749 751
749 751
750 754
750 754
750 753
750 753
750 750
750 751
750 751
751 752
751 752
751 753
751 753
751 751
752 752
752 753
752 753
753 754
753 754
753 753
754 754
755 755
755 756
755 756
755 757
755 757
755 758
755 759
755 760
755 761
755 762
755 763
755 764
755 765
755 766
755 767
755 768
755 769
756 772
756 772
756 771
756 771
756 756
756 757
756 757
756 758
756 759
756 760
756 761
756 762
756 763
756 764
756 765
756 766
756 767
756 768
756 769
757 770
757 770
757 771
757 771
757 757
757 758
757 759
757 760
757 761
757 762
757 763
757 764
757 765
757 766
757 767
757 768
757 769
758 770
758 772
758 771
758 773
758 773
758 776
758 778
758 777
758 774
758 775
758 758
758 762
758 763
758 779
758 782
758 784
758 783
758 780
758 781
759 770
759 772
759 771
759 773
759 776
759 776
759 778
759 777
759 774
759 775
759 759
759 761
759 763
759 779
759 782
759 784
759 783
759 780
759 781
760 770
760 772
760 771
760 773
760 776
760 778
760 778
760 777
760 774
760 775
760 760
760 761
760 762
760 779
760 782
760 784
760 783
760 780
760 781
761 770
761 772
761 771
761 773
761 776
761 778
761 777
761 777
761 774
761 775
761 761
761 779
761 782
761 784
761 783
761 780
761 781
762 770
762 772
762 771
762 773
762 776
762 778
762 777
762 774
762 774
762 775
762 762
762 779
762 782
762 784
762 783
762 780
762 781
763 770
763 772
763 771
763 773
763 776
763 778
763 777
763 774
763 775
763 775
763 763
763 779
763 782
763 784
763 783
763 780
763 781
764 770
764 772
764 771
764 773
764 776
764 778
764 777
764 774
764 775
764 779
764 779
764 782
764 784
764 783
764 780
764 781
764 764
764 768
764 769
765 770
765 772
765 771
765 773
765 776
765 778
765 777
765 774
765 775
765 779
765 782
765 782
765 784
765 783
765 780
765 781
765 765
765 767
765 769
766 770
766 772
766 771
766 773
766 776
766 778
766 777
766 774
766 775
766 779
766 782
766 784
766 784
766 783
766 780
766 781
766 766
766 767
766 768
767 770
767 772
767 771
767 773
767 776
767 778
767 777
767 774
767 775
767 779
767 782
767 784
767 783
767 783
767 780
767 781
767 767
768 770
768 772
768 771
768 773
768 776
768 778
768 777
768 774
768 775
768 779
768 782
768 784
768 783
768 780
768 780
768 781
768 768
769 770
769 772
769 771
769 773
769 776
769 778
769 777
769 774
769 775
769 779
769 782
769 784
769 783
769 780
769 781
769 781
769 769
770 770
770 771
770 771
771 772
771 772
771 771
772 772
773 773
773 774
773 774
773 775
773 775
774 778
774 778
774 777
774 777
774 774
774 775
774 775
775 776
775 776
775 777
775 777
775 775
776 776
776 777
776 777
777 778
777 778
777 777
778 778
779 779
779 780
779 780
779 781
779 781
780 784
780 784
780 783
780 783
780 780
780 781
780 781
781 782
781 782
781 783
781 783
781 781
782 782
782 783
782 783
783 784
783 784
783 783
784 784
785 785
786 786
787 787
788 788
789 789
790 790
