0 0
0 1
0 2
0 3
0 4
0 5
0 6
0 7
0 8
0 9
0 10
0 11
0 12
0 421
0 779
0 1106
0 1387
1 17
1 18
1 19
1 20
1 21
1 22
1 23
1 24
1 25
1 421
1 779
1 1106
1 1387
2 165
2 166
2 167
2 414
2 783
2 1106
2 1387
3 174
3 175
3 176
3 177
3 178
3 179
3 180
3 414
3 783
3 1106
3 1387
4 1251
4 1252
4 1253
4 1254
4 1255
4 1256
4 1257
4 1258
4 1259
4 466
4 753
4 1106
4 1387
5 1266
5 1267
5 1268
5 1269
5 1270
5 1271
5 1272
5 1273
5 1274
5 1275
5 466
5 753
5 1106
5 1387
6 771
6 1080
6 1106
6 1407
7 771
7 1080
7 1106
7 1407
8 771
8 1080
8 1106
8 1407
9 771
9 1080
9 1106
9 1407
10 772
10 1080
10 1106
10 1407
11 768
11 1104
11 1106
11 1416
12 768
12 1104
12 1106
12 1416
13 13
13 14
13 15
13 16
13 421
13 779
13 1387
14 26
14 27
14 28
14 29
14 30
14 31
14 32
14 33
14 34
14 35
14 36
14 37
14 421
14 779
14 1387
15 38
15 39
15 40
15 41
15 42
15 418
15 781
15 1387
16 52
16 53
16 54
16 55
16 418
16 781
16 1387
17 43
17 44
17 45
17 46
17 47
17 48
17 49
17 50
17 51
17 418
17 781
17 1105
17 1387
18 56
18 57
18 58
18 59
18 60
18 418
18 781
18 1105
18 1387
19 61
19 62
19 63
19 64
19 65
19 66
19 418
19 781
19 1105
19 1387
20 75
20 76
20 77
20 78
20 79
20 418
20 781
20 1105
20 1387
21 771
21 1080
21 1105
21 1407
22 771
22 1080
22 1105
22 1407
23 773
23 1103
23 1105
23 1415
24 768
24 1104
24 1105
24 1416
25 768
25 1104
25 1105
25 1416
26 67
26 68
26 69
26 70
26 71
26 72
26 73
26 74
26 418
26 781
26 1107
26 1387
27 80
27 81
27 82
27 83
27 84
27 85
27 418
27 781
27 1107
27 1387
28 86
28 87
28 88
28 89
28 90
28 91
28 416
28 780
28 1107
28 1387
29 99
29 100
29 416
29 780
29 1107
29 1387
30 771
30 1080
30 1107
30 1407
31 771
31 1080
31 1107
31 1407
32 773
32 1103
32 1107
32 1415
33 773
33 1103
33 1107
33 1415
34 774
34 1081
34 1107
34 1408
35 774
35 1081
35 1107
35 1408
36 768
36 1104
36 1107
36 1416
37 768
37 1104
37 1107
37 1416
38 92
38 93
38 94
38 95
38 96
38 97
38 98
38 416
38 780
38 1048
38 1387
39 101
39 102
39 103
39 104
39 105
39 106
39 107
39 416
39 780
39 1048
39 1387
40 108
40 109
40 110
40 111
40 112
40 113
40 416
40 780
40 1048
40 1387
41 121
41 122
41 123
41 124
41 125
41 126
41 416
41 780
41 1048
41 1387
42 771
42 1080
42 1048
42 1407
43 114
43 115
43 116
43 117
43 118
43 119
43 120
43 416
43 780
43 1108
43 1387
44 127
44 128
44 129
44 130
44 131
44 132
44 133
44 416
44 780
44 1108
44 1387
45 134
45 135
45 136
45 137
45 138
45 139
45 413
45 782
45 1108
45 1387
46 148
46 149
46 150
46 151
46 152
46 153
46 154
46 413
46 782
46 1108
46 1387
47 161
47 162
47 163
47 164
47 413
47 782
47 1108
47 1387
48 771
48 1080
48 1108
48 1407
49 771
49 1080
49 1108
49 1407
50 768
50 1104
50 1108
50 1416
51 768
51 1104
51 1108
51 1416
52 140
52 141
52 142
52 143
52 144
52 145
52 146
52 147
52 413
52 782
52 1387
53 155
53 156
53 157
53 158
53 159
53 160
53 413
53 782
53 1387
54 1171
54 1172
54 456
54 821
54 1387
55 1194
55 1195
55 1196
55 1197
55 1198
55 456
55 821
55 1387
56 168
56 169
56 170
56 171
56 172
56 173
56 414
56 783
56 1112
56 1387
57 181
57 182
57 183
57 184
57 185
57 186
57 187
57 188
57 414
57 783
57 1112
57 1387
58 189
58 190
58 191
58 192
58 414
58 783
58 1112
58 1387
59 199
59 200
59 201
59 202
59 203
59 204
59 414
59 783
59 1112
59 1387
60 772
60 1080
60 1112
60 1407
61 193
61 194
61 195
61 196
61 197
61 198
61 414
61 783
61 1113
61 1387
62 205
62 206
62 207
62 208
62 209
62 210
62 414
62 783
62 1113
62 1387
63 215
63 216
63 217
63 218
63 219
63 220
63 410
63 787
63 1113
63 1387
64 227
64 228
64 229
64 230
64 231
64 232
64 233
64 234
64 235
64 236
64 237
64 238
64 410
64 787
64 1113
64 1387
65 771
65 1080
65 1113
65 1407
66 772
66 1080
66 1113
66 1407
67 211
67 212
67 213
67 214
67 410
67 787
67 1049
67 1387
68 221
68 222
68 223
68 224
68 225
68 226
68 410
68 787
68 1049
68 1387
69 239
69 240
69 241
69 242
69 243
69 244
69 245
69 246
69 247
69 248
69 410
69 787
69 1049
69 1387
70 249
70 250
70 251
70 252
70 253
70 254
70 255
70 256
70 410
70 787
70 1049
70 1387
71 270
71 271
71 272
71 273
71 410
71 787
71 1049
71 1387
72 287
72 288
72 289
72 290
72 291
72 292
72 293
72 294
72 295
72 296
72 410
72 787
72 1049
72 1387
73 771
73 1080
73 1049
73 1407
74 772
74 1080
74 1049
74 1407
75 257
75 258
75 259
75 260
75 261
75 262
75 263
75 264
75 265
75 266
75 267
75 268
75 269
75 410
75 787
75 1109
75 1387
76 274
76 275
76 276
76 277
76 278
76 279
76 280
76 281
76 282
76 283
76 284
76 285
76 286
76 410
76 787
76 1109
76 1387
77 297
77 298
77 299
77 300
77 301
77 302
77 303
77 304
77 305
77 306
77 307
77 308
77 309
77 310
77 311
77 312
77 313
77 314
77 406
77 784
77 1109
77 1387
78 319
78 320
78 321
78 322
78 406
78 784
78 1109
78 1387
79 771
79 1080
79 1109
79 1407
80 315
80 316
80 317
80 318
80 406
80 784
80 1114
80 1387
81 323
81 324
81 325
81 326
81 327
81 328
81 406
81 784
81 1114
81 1387
82 335
82 336
82 337
82 338
82 339
82 340
82 400
82 788
82 1114
82 1387
83 349
83 350
83 351
83 352
83 353
83 354
83 355
83 356
83 357
83 358
83 359
83 400
83 788
83 1114
83 1387
84 771
84 1080
84 1114
84 1407
85 772
85 1080
85 1114
85 1407
86 329
86 330
86 331
86 332
86 333
86 334
86 400
86 788
86 1115
86 1387
87 341
87 342
87 343
87 344
87 345
87 346
87 347
87 348
87 400
87 788
87 1115
87 1387
88 360
88 361
88 362
88 363
88 364
88 365
88 366
88 367
88 368
88 369
88 370
88 371
88 372
88 373
88 374
88 375
88 376
88 400
88 788
88 1115
88 1387
89 377
89 378
89 379
89 380
89 381
89 382
89 383
89 384
89 385
89 386
89 400
89 788
89 1115
89 1387
90 395
90 396
90 397
90 400
90 788
90 1115
90 1387
91 771
91 1080
91 1115
91 1407
92 387
92 388
92 389
92 390
92 391
92 392
92 393
92 394
92 400
92 788
92 1387
93 398
93 399
93 400
93 400
93 401
93 402
93 403
93 404
93 788
93 1387
94 405
94 406
94 407
94 408
94 391
94 789
94 1387
95 411
95 412
95 413
95 414
95 391
95 789
95 1387
96 417
96 418
96 391
96 789
96 1387
97 432
97 433
97 434
97 392
97 805
97 1387
98 437
98 438
98 439
98 440
98 392
98 805
98 1387
99 409
99 410
99 391
99 789
99 1387
100 415
100 416
100 391
100 789
100 1387
101 419
101 420
101 421
101 437
101 789
101 1116
101 1387
102 424
102 425
102 426
102 437
102 789
102 1116
102 1387
103 429
103 430
103 431
103 437
103 789
103 1116
103 1387
104 454
104 455
104 456
104 457
104 392
104 805
104 1116
104 1387
105 461
105 462
105 463
105 464
105 465
105 392
105 805
105 1116
105 1387
106 771
106 1080
106 1116
106 1407
107 772
107 1080
107 1116
107 1407
108 422
108 423
108 437
108 789
108 1110
108 1387
109 427
109 428
109 437
109 789
109 1110
109 1387
110 470
110 471
110 472
110 438
110 790
110 1110
110 1387
111 477
111 478
111 479
111 480
111 481
111 482
111 483
111 484
111 485
111 486
111 487
111 488
111 489
111 490
111 491
111 492
111 493
111 438
111 790
111 1110
111 1387
112 771
112 1080
112 1110
112 1407
113 772
113 1080
113 1110
113 1407
114 435
114 436
114 392
114 805
114 1117
114 1387
115 441
115 442
115 443
115 444
115 445
115 446
115 392
115 805
115 1117
115 1387
116 447
116 448
116 449
116 450
116 451
116 452
116 453
116 392
116 805
116 1117
116 1387
117 458
117 459
117 460
117 392
117 805
117 1117
117 1387
118 466
118 467
118 468
118 469
118 392
118 805
118 1117
118 1387
119 771
119 1080
119 1117
119 1407
120 772
120 1080
120 1117
120 1407
121 473
121 474
121 475
121 476
121 438
121 790
121 1118
121 1387
122 494
122 495
122 438
122 790
122 1118
122 1387
123 510
123 511
123 512
123 513
123 514
123 515
123 439
123 806
123 1118
123 1387
124 522
124 523
124 524
124 525
124 526
124 527
124 528
124 529
124 530
124 531
124 532
124 533
124 534
124 535
124 536
124 537
124 439
124 806
124 1118
124 1387
125 771
125 1080
125 1118
125 1407
126 772
126 1080
126 1118
126 1407
127 496
127 497
127 498
127 499
127 500
127 501
127 502
127 503
127 504
127 505
127 506
127 507
127 508
127 509
127 439
127 806
127 1133
127 1387
128 516
128 517
128 518
128 519
128 520
128 521
128 439
128 806
128 1133
128 1387
129 538
129 539
129 540
129 541
129 542
129 439
129 806
129 1133
129 1387
130 557
130 558
130 559
130 560
130 561
130 562
130 563
130 564
130 565
130 566
130 567
130 568
130 569
130 401
130 813
130 1133
130 1387
131 582
131 583
131 584
131 585
131 586
131 587
131 588
131 589
131 590
131 591
131 592
131 593
131 401
131 813
131 1133
131 1387
132 771
132 1080
132 1133
132 1407
133 772
133 1080
133 1133
133 1407
134 543
134 544
134 545
134 546
134 547
134 548
134 549
134 550
134 551
134 552
134 553
134 554
134 555
134 556
134 401
134 813
134 1119
134 1387
135 570
135 571
135 572
135 573
135 574
135 575
135 576
135 577
135 578
135 579
135 580
135 581
135 401
135 813
135 1119
135 1387
136 594
136 595
136 596
136 597
136 598
136 599
136 600
136 601
136 602
136 603
136 604
136 605
136 606
136 607
136 608
136 609
136 610
136 611
136 612
136 613
136 614
136 615
136 616
136 617
136 618
136 619
136 620
136 621
136 622
136 623
136 624
136 625
136 626
136 627
136 628
136 401
136 813
136 1119
136 1387
137 633
137 634
137 635
137 636
137 401
137 813
137 1119
137 1387
138 771
138 1080
138 1119
138 1407
139 772
139 1080
139 1119
139 1407
140 629
140 630
140 631
140 632
140 401
140 813
140 1134
140 1387
141 637
141 638
141 639
141 640
141 641
141 642
141 643
141 644
141 645
141 646
141 647
141 648
141 649
141 650
141 651
141 652
141 401
141 813
141 1134
141 1387
142 669
142 670
142 671
142 672
142 673
142 674
142 675
142 676
142 677
142 678
142 679
142 680
142 681
142 682
142 440
142 814
142 1134
142 1387
143 696
143 697
143 698
143 699
143 700
143 701
143 440
143 814
143 1134
143 1387
144 771
144 1080
144 1134
144 1407
145 772
145 1080
145 1134
145 1407
146 768
146 1104
146 1134
146 1416
147 768
147 1104
147 1134
147 1416
148 653
148 654
148 655
148 656
148 657
148 658
148 659
148 660
148 661
148 662
148 663
148 664
148 665
148 666
148 667
148 668
148 440
148 814
148 1148
148 1387
149 683
149 684
149 685
149 686
149 687
149 688
149 689
149 690
149 691
149 692
149 693
149 694
149 695
149 440
149 814
149 1148
149 1387
150 702
150 703
150 440
150 814
150 1148
150 1387
151 704
151 705
151 706
151 707
151 708
151 709
151 440
151 814
151 1148
151 1387
152 717
152 718
152 719
152 720
152 721
152 440
152 814
152 1148
152 1387
153 768
153 1104
153 1148
153 1416
154 768
154 1104
154 1148
154 1416
155 710
155 711
155 712
155 713
155 714
155 715
155 716
155 440
155 814
155 1135
155 1387
156 722
156 723
156 724
156 725
156 726
156 727
156 728
156 729
156 440
156 814
156 1135
156 1387
157 730
157 731
157 732
157 733
157 402
157 807
157 1135
157 1387
158 738
158 402
158 807
158 1135
158 1387
159 768
159 1104
159 1135
159 1416
160 768
160 1104
160 1135
160 1416
161 734
161 735
161 736
161 737
161 402
161 807
161 1387
162 739
162 402
162 807
162 1387
163 740
163 741
163 742
163 743
163 744
163 745
163 746
163 441
163 815
163 1387
164 758
164 759
164 760
164 761
164 762
164 763
164 441
164 815
164 1387
165 747
165 748
165 749
165 750
165 751
165 752
165 753
165 754
165 755
165 756
165 757
165 441
165 815
165 1387
166 764
166 765
166 766
166 767
166 768
166 769
166 770
166 441
166 815
166 1387
167 778
167 779
167 780
167 441
167 815
167 1387
168 771
168 772
168 773
168 774
168 775
168 776
168 777
168 441
168 815
168 1149
168 1387
169 781
169 782
169 783
169 784
169 785
169 786
169 441
169 815
169 1149
169 1387
170 787
170 788
170 789
170 790
170 791
170 792
170 793
170 794
170 795
170 796
170 797
170 798
170 799
170 800
170 801
170 802
170 803
170 804
170 441
170 815
170 1149
170 1387
171 813
171 814
171 815
171 815
171 816
171 817
171 818
171 441
171 1149
171 1387
172 768
172 1104
172 1149
172 1416
173 768
173 1104
173 1149
173 1416
174 805
174 806
174 807
174 808
174 809
174 810
174 811
174 812
174 441
174 815
174 1157
174 1387
175 819
175 820
175 821
175 822
175 823
175 824
175 825
175 826
175 827
175 828
175 829
175 830
175 831
175 832
175 833
175 834
175 835
175 836
175 837
175 838
175 839
175 840
175 841
175 842
175 843
175 844
175 441
175 815
175 1157
175 1387
176 845
176 846
176 847
176 848
176 849
176 850
176 851
176 852
176 853
176 854
176 447
176 819
176 1157
176 1387
177 870
177 871
177 447
177 819
177 1157
177 1387
178 768
178 1104
178 1157
178 1416
179 768
179 1104
179 1157
179 1416
180 768
180 1104
180 1157
180 1416
181 855
181 856
181 857
181 858
181 859
181 860
181 861
181 862
181 863
181 864
181 865
181 866
181 867
181 868
181 869
181 447
181 819
181 1150
181 1387
182 872
182 873
182 874
182 875
182 876
182 877
182 878
182 879
182 880
182 881
182 882
182 883
182 884
182 885
182 886
182 887
182 888
182 889
182 890
182 891
182 892
182 893
182 894
182 895
182 896
182 897
182 898
182 899
182 900
182 901
182 902
182 903
182 904
182 905
182 906
182 907
182 908
182 909
182 910
182 911
182 912
182 913
182 447
182 819
182 1150
182 1387
183 914
183 915
183 916
183 917
183 447
183 819
183 1150
183 1387
184 926
184 927
184 928
184 929
184 930
184 931
184 932
184 447
184 819
184 1150
184 1387
185 518
185 1310
185 1316
185 1311
185 1317
185 1323
185 1318
185 1324
185 919
185 1150
185 1387
186 518
186 1378
186 1374
186 1379
186 919
186 1150
186 1387
187 768
187 1104
187 1150
187 1416
188 768
188 1104
188 1150
188 1416
189 918
189 919
189 920
189 921
189 922
189 923
189 924
189 925
189 447
189 819
189 1387
190 933
190 934
190 935
190 936
190 937
190 938
190 939
190 940
190 447
190 819
190 1387
191 941
191 942
191 943
191 944
191 945
191 454
191 816
191 1387
192 950
192 951
192 952
192 953
192 954
192 955
192 956
192 957
192 958
192 454
192 816
192 1387
193 946
193 947
193 948
193 949
193 454
193 816
193 1171
193 1387
194 959
194 960
194 961
194 962
194 963
194 964
194 965
194 966
194 967
194 968
194 969
194 970
194 971
194 972
194 973
194 974
194 975
194 976
194 977
194 978
194 454
194 816
194 1171
194 1387
195 979
195 980
195 454
195 816
195 1171
195 1387
196 996
196 997
196 998
196 454
196 816
196 1171
196 1387
197 768
197 1104
197 1171
197 1416
198 768
198 1104
198 1171
198 1416
199 981
199 982
199 983
199 984
199 985
199 986
199 987
199 988
199 989
199 990
199 991
199 992
199 993
199 994
199 995
199 454
199 816
199 1172
199 1387
200 999
200 1000
200 1001
200 1002
200 1003
200 454
200 816
200 1172
200 1387
201 1004
201 1005
201 1006
201 1007
201 1008
201 1009
201 1010
201 1011
201 1012
201 455
201 820
201 1172
201 1387
202 1020
202 1021
202 455
202 820
202 1172
202 1387
203 768
203 1104
203 1172
203 1416
204 768
204 1104
204 1172
204 1416
205 1013
205 1014
205 1015
205 1016
205 1017
205 1018
205 1019
205 455
205 820
205 1158
205 1387
206 1022
206 1023
206 1024
206 1025
206 455
206 820
206 1158
206 1387
207 1026
207 1027
207 1028
207 1029
207 1030
207 455
207 820
207 1158
207 1387
208 1036
208 1037
208 1038
208 1039
208 1040
208 1041
208 1042
208 1043
208 1044
208 1045
208 1046
208 455
208 820
208 1158
208 1387
209 768
209 1104
209 1158
209 1416
210 768
210 1104
210 1158
210 1416
211 1031
211 1032
211 1033
211 1034
211 1035
211 455
211 820
211 1387
212 1047
212 1048
212 1049
212 1050
212 1051
212 1052
212 1053
212 1054
212 1055
212 1056
212 1057
212 1058
212 1059
212 1060
212 1061
212 1062
212 1063
212 1064
212 1065
212 1066
212 455
212 820
212 1387
213 1079
213 1080
213 1081
213 1082
213 1083
213 1084
213 1085
213 1086
213 1087
213 1088
213 1089
213 1090
213 1091
213 1092
213 1093
213 458
213 752
213 1387
214 1103
214 1104
214 1105
214 458
214 752
214 1387
215 1067
215 1068
215 1069
215 1070
215 1071
215 1072
215 1073
215 1074
215 1075
215 1076
215 1077
215 1078
215 458
215 752
215 1387
216 1094
216 1095
216 1096
216 1097
216 1098
216 1099
216 1100
216 1101
216 1102
216 458
216 752
216 1387
217 1106
217 1107
217 1108
217 1109
217 1110
217 1111
217 458
217 752
217 1387
218 1112
218 1113
218 458
218 752
218 1387
219 1116
219 1117
219 1118
219 1119
219 1120
219 1121
219 1122
219 1123
219 1124
219 1125
219 1126
219 1127
219 1128
219 1129
219 1130
219 1131
219 1132
219 458
219 752
219 1387
220 1148
220 1149
220 1150
220 1151
220 1152
220 1153
220 1154
220 1155
220 1156
220 458
220 752
220 1387
221 1114
221 1115
221 458
221 752
221 1173
221 1387
222 1133
222 1134
222 1135
222 1136
222 1137
222 1138
222 1139
222 1140
222 1141
222 1142
222 1143
222 1144
222 1145
222 1146
222 1147
222 458
222 752
222 1173
222 1387
223 1276
223 1277
223 1278
223 1279
223 1280
223 1281
223 467
223 823
223 1173
223 1387
224 1288
224 1289
224 1290
224 1291
224 1292
224 1293
224 467
224 823
224 1173
224 1387
225 768
225 1104
225 1173
225 1416
226 768
226 1104
226 1173
226 1416
227 1157
227 1158
227 1159
227 1160
227 1161
227 1162
227 1163
227 1164
227 1165
227 1166
227 1167
227 1168
227 1169
227 1170
227 456
227 821
227 1174
227 1387
228 1173
228 1174
228 1174
228 1175
228 1176
228 1177
228 1178
228 1179
228 1180
228 1181
228 1182
228 1183
228 1184
228 1185
228 1186
228 1187
228 1188
228 1189
228 1190
228 1191
228 1192
228 1193
228 456
228 821
228 1387
229 1447
229 1448
229 1449
229 1450
229 1451
229 1452
229 1453
229 463
229 808
229 1174
229 1387
230 1455
230 1456
230 1457
230 1458
230 1459
230 1460
230 1461
230 463
230 808
230 1174
230 1387
231 771
231 1080
231 1174
231 1407
232 771
232 1080
232 1174
232 1407
233 771
233 1080
233 1174
233 1407
234 773
234 1103
234 1174
234 1415
235 546
235 1081
235 1174
235 1408
236 774
236 1081
236 1174
236 1408
237 768
237 1104
237 1174
237 1416
238 768
238 1104
238 1174
238 1416
239 1199
239 1200
239 1201
239 1202
239 1203
239 1204
239 1205
239 461
239 822
239 1194
239 1387
240 1212
240 1213
240 461
240 822
240 1194
240 1387
241 441
241 447
241 454
241 495
241 810
241 1194
241 1387
242 461
242 466
242 467
242 462
242 495
242 810
242 1194
242 1387
243 443
243 473
243 444
243 474
243 475
243 278
243 476
243 279
243 495
243 810
243 1194
243 1387
244 244
244 496
244 245
244 497
244 246
244 498
244 510
244 499
244 511
244 516
244 512
244 517
244 917
244 1194
244 1387
245 538
245 524
245 539
245 525
245 540
245 917
245 1194
245 1387
246 559
246 570
246 560
246 571
246 582
246 572
246 583
246 917
246 1194
246 1387
247 538
247 1530
247 1527
247 1531
247 1528
247 1532
247 1533
247 1537
247 1534
247 1538
247 927
247 1194
247 1396
248 538
248 1304
248 1547
248 1544
248 1548
248 1305
248 927
248 1194
248 1396
249 1206
249 1207
249 1208
249 1209
249 1210
249 1211
249 461
249 822
249 1159
249 1387
250 1214
250 461
250 822
250 1159
250 1387
251 1215
251 1216
251 1217
251 1218
251 1219
251 461
251 822
251 1159
251 1387
252 1228
252 1229
252 1230
252 1231
252 1232
252 1233
252 461
252 822
252 1159
252 1387
253 771
253 1080
253 1159
253 1407
254 772
254 1080
254 1159
254 1407
255 768
255 1104
255 1159
255 1416
256 768
256 1104
256 1159
256 1416
257 1220
257 1221
257 1222
257 1223
257 1224
257 1225
257 1226
257 1227
257 461
257 822
257 1195
257 1387
258 1234
258 1235
258 1236
258 1237
258 1238
258 1239
258 1240
258 1241
258 1242
258 1243
258 1244
258 1245
258 1246
258 461
258 822
258 1195
258 1387
259 1247
259 1248
259 1249
259 1250
259 466
259 753
259 1195
259 1387
260 1260
260 1261
260 1262
260 1263
260 1264
260 1265
260 466
260 753
260 1195
260 1387
261 759
261 1094
261 1195
261 1399
262 759
262 1094
262 1195
262 1399
263 771
263 1080
263 1195
263 1407
264 771
264 1080
264 1195
264 1407
265 771
265 1080
265 1195
265 1407
266 771
266 1080
266 1195
266 1407
267 772
267 1080
267 1195
267 1407
268 768
268 1104
268 1195
268 1416
269 768
269 1104
269 1195
269 1416
270 1282
270 1283
270 1284
270 1285
270 1286
270 1287
270 467
270 823
270 1387
271 1294
271 1295
271 1296
271 1297
271 467
271 823
271 1387
272 1298
272 1299
272 467
272 823
272 1387
273 1308
273 1309
273 1310
273 1311
273 1312
273 1313
273 1314
273 1315
273 467
273 823
273 1387
274 1300
274 1301
274 1302
274 1303
274 1304
274 1305
274 1306
274 1307
274 467
274 823
274 1199
274 1387
275 1316
275 1317
275 1318
275 1319
275 1320
275 1321
275 1322
275 467
275 823
275 1199
275 1387
276 1323
276 1324
276 1325
276 1326
276 1327
276 1328
276 1329
276 1330
276 1331
276 1332
276 1333
276 1334
276 1335
276 1336
276 1337
276 1338
276 462
276 824
276 1199
276 1387
277 1346
277 1347
277 1348
277 1349
277 1350
277 1351
277 1352
277 462
277 824
277 1199
277 1387
278 427
278 429
278 430
278 432
278 435
278 436
278 433
278 916
278 1199
278 1387
279 423
279 421
279 418
279 416
279 413
279 414
279 410
279 406
279 400
279 916
279 1199
279 1387
280 771
280 1080
280 1199
280 1407
281 773
281 1103
281 1199
281 1415
282 773
282 1103
282 1199
282 1415
283 773
283 1103
283 1199
283 1415
284 768
284 1104
284 1199
284 1416
285 768
285 1104
285 1199
285 1416
286 768
286 1104
286 1199
286 1416
287 1339
287 1340
287 1341
287 1342
287 1343
287 1344
287 1345
287 462
287 824
287 1196
287 1387
288 1353
288 1354
288 1355
288 1356
288 1357
288 1358
288 1359
288 1360
288 1361
288 1362
288 1363
288 1364
288 1365
288 1366
288 1367
288 1368
288 1369
288 1370
288 1371
288 462
288 824
288 1196
288 1387
289 1378
289 1379
289 1380
289 1381
289 1382
289 1383
289 1384
289 462
289 824
289 1196
289 1387
290 771
290 1080
290 1196
290 1407
291 773
291 1103
291 1196
291 1415
292 773
292 1103
292 1196
292 1415
293 773
293 1103
293 1196
293 1415
294 773
294 1103
294 1196
294 1415
295 768
295 1104
295 1196
295 1416
296 768
296 1104
296 1196
296 1416
297 1372
297 1373
297 1374
297 1375
297 1376
297 1377
297 462
297 824
297 1200
297 1387
298 1385
298 1386
298 1387
298 1387
298 1388
298 1389
298 1390
298 1391
298 1392
298 1393
298 1394
298 1395
298 462
298 824
298 1200
299 1396
299 1397
299 1398
299 1399
299 1400
299 1401
299 1402
299 1403
299 1404
299 462
299 824
299 1200
299 1387
300 1415
300 1416
300 1417
300 1418
300 1419
300 462
300 824
300 1200
300 1387
301 1425
301 1426
301 1427
301 1428
301 1429
301 1430
301 462
301 824
301 1200
301 1387
302 1462
302 1463
302 1464
302 1465
302 1466
302 470
302 845
302 1200
302 1387
303 1468
303 1469
303 1470
303 1471
303 1472
303 1473
303 470
303 845
303 1200
303 1387
304 771
304 1080
304 1200
304 1407
305 771
305 1080
305 1200
305 1407
306 773
306 1103
306 1200
306 1415
307 773
307 1103
307 1200
307 1415
308 773
308 1103
308 1200
308 1415
309 773
309 1103
309 1200
309 1415
310 773
310 1103
310 1200
310 1415
311 774
311 1081
311 1200
311 1408
312 768
312 1104
312 1200
312 1416
313 768
313 1104
313 1200
313 1416
314 768
314 1104
314 1200
314 1416
315 1405
315 1406
315 1407
315 1408
315 1409
315 1410
315 1411
315 1412
315 1413
315 1414
315 462
315 824
315 1387
316 1420
316 1421
316 1422
316 1423
316 1424
316 462
316 824
316 1387
317 1431
317 1432
317 1433
317 1434
317 1435
317 1436
317 463
317 808
317 1387
318 1438
318 1439
318 1440
318 1441
318 463
318 808
318 1387
319 1437
319 463
319 808
319 1387
320 1442
320 463
320 808
320 1387
321 1443
321 1444
321 1445
321 1446
321 463
321 808
321 1387
322 1454
322 463
322 808
322 1387
323 1467
323 470
323 845
323 1206
323 1387
324 1474
324 1475
324 1476
324 1477
324 1478
324 1479
324 1480
324 1481
324 1482
324 470
324 845
324 1206
324 1387
325 1483
325 1484
325 1485
325 1486
325 1487
325 1488
325 1489
325 1490
325 457
325 809
325 1206
325 1387
326 1500
326 1501
326 1502
326 1503
326 1504
326 1505
326 1506
326 1507
326 1508
326 457
326 809
326 1206
326 1387
327 768
327 1104
327 1206
327 1416
328 768
328 1104
328 1206
328 1416
329 1491
329 1492
329 1493
329 1494
329 1495
329 1496
329 1497
329 1498
329 1499
329 457
329 809
329 1201
329 1387
330 1509
330 1510
330 1511
330 1512
330 457
330 809
330 1201
330 1387
331 1513
331 1514
331 448
331 846
331 1201
331 1387
332 1519
332 1520
332 448
332 846
332 1201
332 1387
333 768
333 1104
333 1201
333 1416
334 768
334 1104
334 1201
334 1416
335 1515
335 1516
335 1517
335 1518
335 448
335 846
335 1207
335 1387
336 1521
336 1522
336 1523
336 1524
336 448
336 846
336 1207
336 1387
337 1525
337 1526
337 1527
337 1528
337 448
337 846
337 1207
337 1387
338 1537
338 1538
338 1539
338 1540
338 1541
338 448
338 846
338 1207
338 1387
339 768
339 1104
339 1207
339 1416
340 768
340 1104
340 1207
340 1416
341 1529
341 1530
341 1531
341 1532
341 1533
341 1534
341 1535
341 1536
341 448
341 846
341 1208
341 1387
342 1542
342 1543
342 1544
342 1545
342 1546
342 448
342 846
342 1208
342 1387
343 1547
343 1548
343 1549
343 442
343 847
343 1208
343 1387
344 1578
344 1579
344 1580
344 1581
344 442
344 847
344 1208
344 1387
345 766
345 1095
345 1208
345 1400
346 766
346 1095
346 1208
346 1400
347 768
347 1104
347 1208
347 1416
348 768
348 1104
348 1208
348 1416
349 1550
349 1551
349 1552
349 1553
349 1554
349 1555
349 1556
349 1557
349 1558
349 1559
349 1560
349 1561
349 1562
349 1563
349 1564
349 1565
349 1566
349 1567
349 1568
349 1569
349 1570
349 1571
349 1572
349 1573
349 1574
349 1575
349 1576
349 1577
349 442
349 847
349 1212
349 1387
350 1582
350 1583
350 1584
350 1585
350 442
350 847
350 1212
350 1387
351 1586
351 1587
351 1588
351 1589
351 1590
351 1591
351 1592
351 1593
351 1594
351 1595
351 1596
351 1597
351 1598
351 1599
351 1600
351 1601
351 1602
351 1603
351 1604
351 1605
351 1606
351 1607
351 1608
351 1609
351 1610
351 1611
351 443
351 855
351 1212
351 1387
352 1636
352 1637
352 1638
352 1639
352 1640
352 1641
352 1642
352 1643
352 1644
352 1645
352 1646
352 443
352 855
352 1212
352 1387
353 766
353 1095
353 1212
353 1400
354 766
354 1095
354 1212
354 1400
355 766
355 1095
355 1212
355 1400
356 766
356 1095
356 1212
356 1400
357 766
357 1095
357 1212
357 1400
358 768
358 1104
358 1212
358 1416
359 768
359 1104
359 1212
359 1416
360 1612
360 1613
360 1614
360 1615
360 1616
360 1617
360 1618
360 1619
360 1620
360 1621
360 1622
360 1623
360 1624
360 1625
360 1626
360 1627
360 1628
360 1629
360 1630
360 1631
360 1632
360 1633
360 1634
360 1635
360 443
360 855
360 1209
360 1387
361 1647
361 1648
361 1649
361 443
361 855
361 1209
361 1387
362 1650
362 1651
362 1652
362 1653
362 1654
362 1655
362 1656
362 1657
362 473
362 848
362 1209
362 1387
363 1658
363 1659
363 1660
363 1661
363 1662
363 1663
363 1664
363 1665
363 1666
363 1667
363 1668
363 1669
363 1670
363 1671
363 1672
363 473
363 848
363 1209
363 1387
364 1683
364 1684
364 1685
364 1686
364 473
364 848
364 1209
364 1387
365 517
365 1298
365 1120
365 1299
365 851
365 1209
365 1387
366 517
366 1302
366 1308
366 1303
366 1309
366 851
366 1209
366 1387
367 765
367 1095
367 1209
367 1400
368 765
368 1095
368 1209
368 1400
369 766
369 1095
369 1209
369 1400
370 766
370 1095
370 1209
370 1400
371 766
371 1095
371 1209
371 1400
372 766
372 1095
372 1209
372 1400
373 766
373 1095
373 1209
373 1400
374 766
374 1095
374 1209
374 1400
375 768
375 1104
375 1209
375 1416
376 768
376 1104
376 1209
376 1416
377 1673
377 1674
377 1675
377 1676
377 1677
377 1678
377 1679
377 1680
377 1681
377 1682
377 473
377 848
377 1213
377 1387
378 1687
378 1688
378 1689
378 1690
378 1691
378 473
378 848
378 1213
378 1387
379 1692
379 1693
379 1694
379 1695
379 1696
379 473
379 848
379 1213
379 1387
380 1700
380 1701
380 1702
380 473
380 848
380 1213
380 1387
381 766
381 1095
381 1213
381 1400
382 766
382 1095
382 1213
382 1400
383 766
383 1095
383 1213
383 1400
384 766
384 1095
384 1213
384 1400
385 768
385 1104
385 1213
385 1416
386 768
386 1104
386 1213
386 1416
387 1697
387 1698
387 1699
387 473
387 848
387 1214
387 1387
388 1703
388 1704
388 1705
388 473
388 848
388 1214
388 1387
389 1710
389 1711
389 1712
389 444
389 856
389 1214
389 1387
390 1718
390 1719
390 1720
390 1721
390 1722
390 444
390 856
390 1214
390 1387
391 477
391 873
391 1214
391 1387
392 477
392 873
392 1214
392 1387
393 768
393 1104
393 1214
393 1416
394 768
394 1104
394 1214
394 1416
395 1706
395 1707
395 1708
395 1709
395 444
395 856
395 1387
396 1713
396 1714
396 1715
396 1716
396 1717
396 444
396 856
396 1387
397 1723
397 1724
397 1725
397 1726
397 1727
397 444
397 856
397 1387
398 1728
398 1729
398 1730
398 1731
398 1732
398 474
398 870
398 1215
398 1387
399 1733
399 1734
399 1735
399 1736
399 1737
399 474
399 870
399 1215
399 1387
400 858
400 1215
400 1387
401 477
401 873
401 1215
401 1387
402 477
402 873
402 1215
402 1387
403 768
403 1104
403 1215
403 1416
404 768
404 1104
404 1215
404 1416
405 1738
405 1739
405 1740
405 1741
405 474
405 870
405 1835
405 1387
406 858
406 1835
406 1387
407 768
407 1104
407 1835
407 1416
408 768
408 1104
408 1835
408 1416
409 1742
409 1743
409 1744
409 474
409 870
409 1387
410 858
410 1387
411 1745
411 1746
411 1747
411 474
411 870
411 1387
412 1748
412 1749
412 1750
412 1751
412 475
412 871
412 1387
413 858
413 1387
414 858
414 1387
415 1752
415 1753
415 1754
415 475
415 871
415 1387
416 858
416 1387
417 1755
417 1756
417 1757
417 475
417 871
417 1387
418 858
418 1387
419 1758
419 1759
419 1760
419 475
419 871
419 1387
420 1761
420 1762
420 475
420 871
420 1387
421 858
421 1387
422 1763
422 1764
422 475
422 871
422 1387
423 1833
423 1834
423 858
423 1387
424 1765
424 1766
424 475
424 871
424 1387
425 1819
425 1820
425 1821
425 1822
425 1823
425 1824
425 476
425 857
425 1387
426 1825
426 1826
426 1827
426 1828
426 1829
426 1830
426 1831
426 1832
426 476
426 857
426 1387
427 1767
427 1768
427 1769
427 872
427 1387
428 1815
428 1816
428 1817
428 1818
428 476
428 857
428 1387
429 1770
429 1771
429 1772
429 1773
429 1774
429 872
429 1387
430 1775
430 1776
430 1777
430 872
430 1387
431 1809
431 1810
431 1811
431 1812
431 1813
431 1814
431 476
431 857
431 1387
432 1778
432 1779
432 1780
432 1781
432 872
432 1387
433 1791
433 1792
433 1793
433 1794
433 1795
433 1796
433 1797
433 1798
433 1799
433 1800
433 1801
433 1802
433 1803
433 1804
433 1805
433 872
433 1387
434 1806
434 1807
434 1808
434 476
434 857
434 1387
435 1782
435 1783
435 1784
435 1785
435 872
435 1387
436 1786
436 1787
436 1788
436 1789
436 1790
436 872
436 1387
437 477
437 873
437 1387
438 477
438 873
438 1387
439 477
439 873
439 1387
440 477
440 873
440 1387
441 914
441 1220
441 1387
442 494
442 915
442 1220
442 1387
443 916
443 1220
443 1387
444 916
444 1220
444 1387
445 768
445 1104
445 1220
445 1416
446 768
446 1104
446 1220
446 1416
447 914
447 1216
447 1387
448 494
448 915
448 1216
448 1387
449 773
449 1103
449 1216
449 1415
450 773
450 1103
450 1216
450 1415
451 773
451 1103
451 1216
451 1415
452 768
452 1104
452 1216
452 1416
453 768
453 1104
453 1216
453 1416
454 914
454 1387
455 478
455 914
455 1387
456 478
456 914
456 1387
457 494
457 915
457 1387
458 478
458 914
458 1228
458 1387
459 768
459 1104
459 1228
459 1416
460 768
460 1104
460 1228
460 1416
461 874
461 1217
461 1387
462 874
462 1217
462 1387
463 494
463 915
463 1217
463 1387
464 768
464 1104
464 1217
464 1416
465 768
465 1104
465 1217
465 1416
466 874
466 1218
466 1387
467 874
467 1218
467 1387
468 768
468 1104
468 1218
468 1416
469 768
469 1104
469 1218
469 1416
470 494
470 915
470 1229
470 1387
471 768
471 1104
471 1229
471 1416
472 768
472 1104
472 1229
472 1416
473 916
473 1387
474 916
474 1387
475 916
475 1387
476 916
476 1387
477 495
477 810
477 1387
478 495
478 810
478 1387
479 771
479 1080
479 1407
480 771
480 1080
480 1407
481 771
481 1080
481 1407
482 771
482 1080
482 1407
483 771
483 1080
483 1407
484 772
484 1080
484 1407
485 772
485 1080
485 1407
486 778
486 1082
486 1409
487 778
487 1082
487 1409
488 778
488 1082
488 1409
489 778
489 1082
489 1409
490 778
490 1082
490 1409
491 768
491 1104
491 1416
492 768
492 1104
492 1416
493 768
493 1104
493 1416
494 495
494 810
494 1387
495 495
495 810
495 1387
496 518
496 522
496 519
496 523
496 917
496 1387
497 541
497 543
497 542
497 544
497 557
497 545
497 558
497 917
497 1387
498 584
498 594
498 585
498 595
498 917
498 1387
499 598
499 629
499 599
499 630
499 917
499 1387
500 538
500 1542
500 1539
500 1543
500 927
500 1396
501 538
501 1306
501 1549
501 1307
501 927
501 1396
502 524
502 966
502 954
502 955
502 967
502 986
502 968
502 969
502 970
502 971
502 972
502 973
502 974
502 975
502 976
502 987
502 988
502 989
502 990
502 991
502 992
502 933
502 1396
503 771
503 1080
503 1407
504 772
504 1080
504 1407
505 768
505 1104
505 1416
506 768
506 1104
506 1416
507 768
507 1104
507 1416
508 768
508 1104
508 1416
509 768
509 1104
509 1416
510 596
510 586
510 597
510 917
510 1234
510 1387
511 631
511 633
511 632
511 634
511 917
511 1234
511 1387
512 639
512 653
512 640
512 654
512 669
512 655
512 670
512 917
512 1234
512 1387
513 768
513 1104
513 1234
513 1416
514 768
514 1104
514 1234
514 1416
515 768
515 1104
515 1234
515 1416
516 635
516 637
516 636
516 638
516 917
516 1235
516 1387
517 671
517 683
517 672
517 684
517 685
517 917
517 1235
517 1387
518 696
518 702
518 703
518 697
518 704
518 698
518 705
518 710
518 706
518 711
518 811
518 1235
518 1387
519 730
519 724
519 731
519 725
519 811
519 1235
519 1387
520 768
520 1104
520 1235
520 1416
521 768
521 1104
521 1235
521 1416
522 712
522 717
522 713
522 718
522 722
522 719
522 723
522 811
522 1230
522 1387
523 726
523 734
523 735
523 738
523 739
523 736
523 811
523 1230
523 1387
524 748
524 742
524 749
524 811
524 1230
524 1387
525 759
525 764
525 760
525 765
525 811
525 1230
525 1387
526 759
526 1094
526 1230
526 1399
527 759
527 1094
527 1230
527 1399
528 765
528 1095
528 1230
528 1400
529 766
529 1095
529 1230
529 1400
530 766
530 1095
530 1230
530 1400
531 766
531 1095
531 1230
531 1400
532 766
532 1095
532 1230
532 1400
533 766
533 1095
533 1230
533 1400
534 766
534 1095
534 1230
534 1400
535 771
535 1080
535 1230
535 1407
536 768
536 1104
536 1230
536 1416
537 768
537 1104
537 1230
537 1416
538 740
538 741
538 747
538 811
538 1387
539 750
539 758
539 751
539 811
539 1387
540 766
540 771
540 767
540 772
540 811
540 1387
541 773
541 546
541 774
541 811
541 1387
542 783
542 787
542 784
542 788
542 811
542 1387
543 778
543 768
543 779
543 781
543 780
543 782
543 811
543 1236
543 1387
544 789
544 805
544 790
544 806
544 813
544 811
544 1236
544 1387
545 822
545 753
545 823
545 811
545 1236
545 1387
546 1602
546 1628
546 1603
546 1629
546 1604
546 1630
546 1605
546 1797
546 1798
546 1799
546 934
546 1236
546 1396
547 765
547 1095
547 1236
547 1400
548 765
548 1095
548 1236
548 1400
549 766
549 1095
549 1236
549 1400
550 766
550 1095
550 1236
550 1400
551 766
551 1095
551 1236
551 1400
552 766
552 1095
552 1236
552 1400
553 766
553 1095
553 1236
553 1400
554 766
554 1095
554 1236
554 1400
555 768
555 1104
555 1236
555 1416
556 768
556 1104
556 1236
556 1416
557 814
557 807
557 815
557 819
557 816
557 820
557 752
557 821
557 811
557 1247
557 1387
558 824
558 808
558 845
558 809
558 846
558 811
558 1247
558 1387
559 847
559 855
559 848
559 856
559 870
559 849
559 1247
559 1387
560 858
560 873
560 914
560 874
560 915
560 849
560 1247
560 1387
561 764
561 1094
561 1247
561 1399
562 765
562 1095
562 1247
562 1400
563 765
563 1095
563 1247
563 1400
564 766
564 1095
564 1247
564 1400
565 766
565 1095
565 1247
565 1400
566 766
566 1095
566 1247
566 1400
567 766
567 1095
567 1247
567 1400
568 766
568 1095
568 1247
568 1400
569 766
569 1095
569 1247
569 1400
570 871
570 872
570 857
570 849
570 1237
570 1387
571 916
571 810
571 917
571 811
571 849
571 849
571 1237
571 1387
572 935
572 941
572 936
572 942
572 946
572 943
572 947
572 950
572 948
572 951
572 849
572 1237
572 1387
573 765
573 1095
573 1237
573 1400
574 766
574 1095
574 1237
574 1400
575 766
575 1095
575 1237
575 1400
576 766
576 1095
576 1237
576 1400
577 766
577 1095
577 1237
577 1400
578 766
578 1095
578 1237
578 1400
579 766
579 1095
579 1237
579 1400
580 766
580 1095
580 1237
580 1400
581 766
581 1095
581 1237
581 1400
582 850
582 918
582 851
582 919
582 926
582 920
582 927
582 933
582 928
582 934
582 849
582 1248
582 1387
583 952
583 959
583 953
583 960
583 979
583 849
583 1248
583 1387
584 980
584 981
584 996
584 849
584 1248
584 1387
585 982
585 999
585 983
585 1000
585 849
585 1248
585 1387
586 1015
586 1006
586 1016
586 850
586 1248
586 1387
587 766
587 1095
587 1248
587 1400
588 766
588 1095
588 1248
588 1400
589 766
589 1095
589 1248
589 1400
590 766
590 1095
590 1248
590 1400
591 766
591 1095
591 1248
591 1400
592 766
592 1095
592 1248
592 1400
593 771
593 1080
593 1248
593 1407
594 997
594 961
594 998
594 849
594 1251
594 1387
595 1004
595 1001
595 1005
595 1013
595 849
595 1251
595 1387
596 1020
596 1022
596 1014
596 850
596 1251
596 1387
597 1017
597 1023
597 1018
597 850
597 1251
597 1387
598 1019
598 1007
598 1026
598 850
598 1251
598 1387
599 1032
599 875
599 1033
599 850
599 1251
599 1387
600 765
600 1095
600 1251
600 1400
601 765
601 1095
601 1251
601 1400
602 765
602 1095
602 1251
602 1400
603 765
603 1095
603 1251
603 1400
604 765
604 1095
604 1251
604 1400
605 765
605 1095
605 1251
605 1400
606 766
606 1095
606 1251
606 1400
607 766
607 1095
607 1251
607 1400
608 766
608 1095
608 1251
608 1400
609 766
609 1095
609 1251
609 1400
610 766
610 1095
610 1251
610 1400
611 766
611 1095
611 1251
611 1400
612 766
612 1095
612 1251
612 1400
613 766
613 1095
613 1251
613 1400
614 766
614 1095
614 1251
614 1400
615 766
615 1095
615 1251
615 1400
616 766
616 1095
616 1251
616 1400
617 766
617 1095
617 1251
617 1400
618 766
618 1095
618 1251
618 1400
619 766
619 1095
619 1251
619 1400
620 766
620 1095
620 1251
620 1400
621 766
621 1095
621 1251
621 1400
622 766
622 1095
622 1251
622 1400
623 766
623 1095
623 1251
623 1400
624 766
624 1095
624 1251
624 1400
625 766
625 1095
625 1251
625 1400
626 766
626 1095
626 1251
626 1400
627 771
627 1080
627 1251
627 1407
628 771
628 1080
628 1251
628 1407
629 1008
629 1027
629 1031
629 850
629 1387
630 1034
630 1028
630 1035
630 850
630 1387
631 1036
631 1047
631 1037
631 918
631 1387
632 1079
632 1094
632 1068
632 918
632 1387
633 1038
633 1067
633 1039
633 918
633 1387
634 1095
634 1080
634 1103
634 1081
634 918
634 1387
635 1082
635 1104
635 1106
635 1105
635 1107
635 1048
635 1108
635 1112
635 918
635 1387
636 1115
636 1116
636 1110
636 1117
636 918
636 1387
637 1113
637 1049
637 1109
637 1114
637 918
637 1249
637 1387
638 1118
638 1133
638 1119
638 1134
638 1148
638 1135
638 1149
638 1157
638 1150
638 1171
638 918
638 1249
638 1387
639 1172
639 1158
639 1173
639 918
639 1249
639 1387
640 1206
640 1201
640 1207
640 918
640 1249
640 1387
641 764
641 1094
641 1249
641 1399
642 765
642 1095
642 1249
642 1400
643 765
643 1095
643 1249
643 1400
644 765
644 1095
644 1249
644 1400
645 765
645 1095
645 1249
645 1400
646 765
646 1095
646 1249
646 1400
647 765
647 1095
647 1249
647 1400
648 766
648 1095
648 1249
648 1400
649 766
649 1095
649 1249
649 1400
650 766
650 1095
650 1249
650 1400
651 766
651 1095
651 1249
651 1400
652 771
652 1080
652 1249
652 1407
653 1174
653 1194
653 1159
653 1195
653 1199
653 1196
653 1200
653 918
653 1252
653 1387
654 1208
654 1212
654 1209
654 1213
654 918
654 1252
654 1387
655 1218
655 1229
655 1234
655 918
655 1252
655 1387
656 764
656 1094
656 1252
656 1399
657 764
657 1094
657 1252
657 1399
658 765
658 1095
658 1252
658 1400
659 765
659 1095
659 1252
659 1400
660 765
660 1095
660 1252
660 1400
661 765
661 1095
661 1252
661 1400
662 765
662 1095
662 1252
662 1400
663 765
663 1095
663 1252
663 1400
664 766
664 1095
664 1252
664 1400
665 766
665 1095
665 1252
665 1400
666 766
666 1095
666 1252
666 1400
667 766
667 1095
667 1252
667 1400
668 766
668 1095
668 1252
668 1400
669 1214
669 1215
669 1835
669 1220
669 1216
669 1228
669 1217
669 918
669 944
669 1387
670 1235
670 1230
670 1236
670 1247
670 1237
670 1248
670 918
670 944
670 1387
671 1251
671 1249
671 1252
671 944
671 944
671 1253
671 945
671 1254
671 851
671 1387
672 1283
672 1278
672 1284
672 851
672 944
672 1387
673 765
673 1095
673 944
673 1400
674 765
674 1095
674 944
674 1400
675 765
675 1095
675 944
675 1400
676 765
676 1095
676 944
676 1400
677 766
677 1095
677 944
677 1400
678 766
678 1095
678 944
678 1400
679 766
679 1095
679 944
679 1400
680 766
680 1095
680 944
680 1400
681 766
681 1095
681 944
681 1400
682 766
682 1095
682 944
682 1400
683 1221
683 1219
683 1222
683 1260
683 1223
683 1261
683 1266
683 1262
683 1267
683 1276
683 1268
683 1277
683 1282
683 851
683 1253
683 1387
684 1285
684 1288
684 1286
684 1289
684 1294
684 1290
684 1295
684 851
684 1253
684 1387
685 1269
685 1300
685 1270
685 1301
685 851
685 1253
685 1387
686 765
686 1095
686 1253
686 1400
687 765
687 1095
687 1253
687 1400
688 765
688 1095
688 1253
688 1400
689 765
689 1095
689 1253
689 1400
690 766
690 1095
690 1253
690 1400
691 766
691 1095
691 1253
691 1400
692 766
692 1095
692 1253
692 1400
693 766
693 1095
693 1253
693 1400
694 766
694 1095
694 1253
694 1400
695 766
695 1095
695 1253
695 1400
696 1325
696 1339
696 1326
696 919
696 945
696 1387
697 1380
697 1083
697 1381
697 1084
697 919
697 945
697 1387
698 1042
698 1050
698 1043
698 1051
698 984
698 1052
698 985
698 919
698 945
698 1387
699 768
699 1104
699 945
699 1416
700 768
700 1104
700 945
700 1416
701 768
701 1104
701 945
701 1416
702 1327
702 1340
702 1346
702 1341
702 1347
702 1353
702 1348
702 1354
702 919
702 1387
703 1355
703 1372
703 1356
703 1373
703 919
703 1387
704 1096
704 1085
704 1097
704 1086
704 1069
704 1087
704 1070
704 1040
704 1071
704 1041
704 919
704 1254
704 1387
705 1357
705 1385
705 1358
705 1386
705 919
705 1254
705 1387
706 1405
706 1399
706 1406
706 1400
706 919
706 1254
706 1387
707 768
707 1104
707 1254
707 1416
708 768
708 1104
708 1254
708 1416
709 768
709 1104
709 1254
709 1416
710 1387
710 1387
710 1396
710 1388
710 1397
710 1389
710 1398
710 919
710 1221
711 1407
711 1415
711 1408
711 1409
711 1416
711 1410
711 919
711 1221
711 1387
712 1390
712 1420
712 1391
712 1421
712 926
712 1221
712 1387
713 1437
713 1438
713 1433
713 1439
713 926
713 1221
713 1387
714 768
714 1104
714 1221
714 1416
715 768
715 1104
715 1221
715 1416
716 768
716 1104
716 1221
716 1416
717 1425
717 1422
717 1426
717 1431
717 1427
717 1432
717 1428
717 926
717 1219
717 1387
718 1442
718 1443
718 1440
718 1444
718 1441
718 1445
718 1447
718 1446
718 1448
718 926
718 1219
718 1387
719 1462
719 1457
719 1463
719 926
719 1219
719 1387
720 768
720 1104
720 1219
720 1416
721 768
721 1104
721 1219
721 1416
722 1454
722 1455
722 1449
722 1456
722 926
722 1222
722 1387
723 1467
723 1468
723 1464
723 1469
723 1359
723 1360
723 1470
723 1361
723 926
723 1222
723 1387
724 1476
724 1483
724 1477
724 1484
724 1491
724 1485
724 1492
724 926
724 1222
724 1387
725 1465
725 1509
725 1466
725 1510
725 1513
725 926
725 1222
725 1387
726 1514
726 1502
726 1503
726 1515
726 920
726 1222
726 1387
727 768
727 1104
727 1222
727 1416
728 768
728 1104
728 1222
728 1416
729 768
729 1104
729 1222
729 1416
730 1328
730 1474
730 1329
730 1475
730 926
730 1387
731 1500
731 1493
731 1501
731 1494
731 926
731 1387
732 768
732 1104
732 1416
733 768
733 1104
733 1416
734 1516
734 1511
734 1517
734 920
734 1260
734 1387
735 1518
735 1504
735 1519
735 920
735 1260
735 1387
736 1507
736 1525
736 1508
736 1526
736 1529
736 920
736 1260
736 1387
737 768
737 1104
737 1260
737 1416
738 1520
738 1521
738 1522
738 920
738 1387
739 1505
739 1523
739 1524
739 1506
739 920
739 1387
740 1151
740 1160
740 1152
740 927
740 1223
740 1396
741 1550
741 1551
741 1552
741 1553
741 1554
741 1555
741 1556
741 921
741 927
741 1223
741 1396
742 1586
742 1612
742 1587
742 1613
742 1588
742 1614
742 1589
742 933
742 1223
742 1396
743 771
743 1080
743 1223
743 1407
744 772
744 1080
744 1223
744 1407
745 768
745 1104
745 1223
745 1416
746 768
746 1104
746 1223
746 1416
747 859
747 922
747 929
747 930
747 937
747 1255
747 1256
747 1257
747 1250
747 1238
747 1202
747 1210
747 1203
747 1161
747 1153
747 1136
747 1121
747 1296
747 1291
747 1287
747 1279
747 1271
747 1312
747 1319
747 1330
747 1331
747 1342
747 1349
747 1362
747 1392
747 1401
747 1411
747 1417
747 1402
747 1578
747 1582
747 1579
747 1583
747 1434
747 1458
747 1450
747 1512
747 1471
747 1363
747 1364
747 1365
747 1350
747 1343
747 1332
747 1478
747 927
747 1261
747 1396
748 876
748 877
748 878
748 879
748 880
748 881
748 882
748 883
748 884
748 885
748 886
748 887
748 888
748 889
748 890
748 891
748 892
748 893
748 894
748 860
748 861
748 862
748 863
748 864
748 865
748 895
748 896
748 897
748 898
748 899
748 900
748 962
748 866
748 867
748 1009
748 1010
748 1011
748 1012
748 963
748 964
748 965
748 933
748 1261
748 1396
749 1636
749 1122
749 1123
749 1637
749 1638
749 933
749 1261
749 1396
750 1154
750 1155
750 1137
750 1639
750 1640
750 1138
750 1641
750 1642
750 1139
750 1140
750 1643
750 1644
750 1141
750 1142
750 1645
750 1646
750 1156
750 1162
750 933
750 1261
750 1396
751 834
751 835
751 836
751 837
751 838
751 792
751 793
751 794
751 795
751 839
751 840
751 933
751 1261
751 1396
752 936
752 1261
752 1396
753 942
753 1261
753 1396
754 771
754 1080
754 1261
754 1407
755 772
755 1080
755 1261
755 1407
756 768
756 1104
756 1261
756 1416
757 768
757 1104
757 1261
757 1416
758 825
758 761
758 826
758 827
758 828
758 829
758 830
758 831
758 791
758 832
758 833
758 933
758 1266
758 1396
759 775
759 796
759 797
759 901
759 902
759 903
759 904
759 1197
759 905
759 1198
759 906
759 928
759 1266
759 1396
760 977
760 993
760 1053
760 1044
760 1175
760 1176
760 1045
760 1177
760 1178
760 1054
760 1055
760 1179
760 1180
760 1046
760 1056
760 1111
760 1647
760 1124
760 1648
760 1098
760 1088
760 1072
760 1181
760 1182
760 1183
760 1184
760 1073
760 1074
760 1185
760 1186
760 1057
760 1058
760 1187
760 1188
760 1075
760 1076
760 1189
760 1190
760 1649
760 1059
760 1191
760 1192
760 1193
760 928
760 1266
760 1396
761 1079
761 1266
761 1405
762 768
762 1104
762 1266
762 1416
763 768
763 1104
763 1266
763 1416
764 798
764 799
764 800
764 907
764 801
764 908
764 909
764 910
764 911
764 802
764 928
764 1262
764 1396
765 1650
765 1651
765 1658
765 1659
765 1660
765 1661
765 1662
765 1652
765 1653
765 928
765 1262
765 1396
766 1654
766 1655
766 1673
766 1674
766 1675
766 1676
766 1663
766 1664
766 1665
766 1666
766 1667
766 1683
766 1684
766 1677
766 1678
766 1679
766 1680
766 1685
766 1686
766 1668
766 1669
766 1670
766 1671
766 1672
766 1656
766 1657
766 1681
766 1682
766 1615
766 1590
766 1616
766 1591
766 1617
766 1592
766 1618
766 934
766 1262
766 1396
767 1778
767 1782
767 1786
767 1783
767 1787
767 1779
767 1771
767 1062
767 1776
767 1129
767 1757
767 1130
767 1145
767 1146
767 1743
767 1746
767 1749
767 1753
767 1750
767 1707
767 1701
767 958
767 1698
767 978
767 1693
767 1689
767 1694
767 1699
767 1241
767 1242
767 1739
767 1243
767 1735
767 1730
767 1725
767 1720
767 1715
767 1711
767 1708
767 1704
767 1702
767 1705
767 1169
767 1716
767 1712
767 1709
767 1747
767 1744
767 1147
767 1751
767 1754
767 1131
767 1768
767 1760
767 1769
767 1132
767 1063
767 1777
767 1064
767 1772
767 1773
767 1780
767 934
767 1262
767 1396
768 1571
768 1572
768 1573
768 1574
768 1575
768 1833
768 1834
768 776
768 769
768 777
768 770
768 785
768 803
768 868
768 912
768 1029
768 1002
768 994
768 1065
768 1077
768 1090
768 1091
768 1100
768 1383
768 1376
768 1368
768 1472
768 1351
768 1344
768 1335
768 1481
768 1488
768 1497
768 1535
768 1540
768 1545
768 1314
768 1321
768 1336
768 1337
768 1482
768 1489
768 1498
768 1451
768 1459
768 1429
768 1423
768 1393
768 1369
768 1394
768 1403
768 1412
768 1418
768 1580
768 1584
768 1435
768 1452
768 1460
768 1430
768 1424
768 1473
768 1370
768 1395
768 1404
768 1413
768 1414
768 1419
768 1581
768 1585
768 1436
768 1461
768 1453
768 1499
768 1490
768 1536
768 1541
768 1546
768 1280
768 1273
768 1274
768 1264
768 1225
768 1211
768 1226
768 1848
768 1232
768 1246
768 1233
768 1849
768 1227
768 1265
768 1275
768 1281
768 1315
768 1322
768 1338
768 1345
768 1352
768 1371
768 1377
768 1384
768 1092
768 1101
768 1093
768 1102
768 1078
768 1066
768 995
768 1003
768 1024
768 1021
768 1025
768 1030
768 913
768 869
768 925
768 854
768 804
768 786
768 844
768 1576
768 1577
768 935
768 1262
768 1396
769 1104
769 1262
769 1416
770 1104
770 1262
770 1416
771 1619
771 1593
771 1620
771 1594
771 1621
771 1595
771 1557
771 1558
771 1559
771 1596
771 1622
771 1597
771 1623
771 1598
771 1624
771 1560
771 1561
771 841
771 842
771 817
771 812
771 852
771 923
771 931
771 938
771 939
771 1687
771 1688
771 1692
771 949
771 956
771 1697
771 957
771 1700
771 1163
771 1164
771 1703
771 1706
771 1710
771 1165
771 1713
771 1166
771 1167
771 1718
771 1204
771 1723
771 1728
771 1733
771 1239
771 1738
771 1240
771 1734
771 1729
771 1724
771 1205
771 1719
771 1714
771 1168
771 1143
771 1144
771 1742
771 1745
771 1748
771 1752
771 1125
771 1755
771 1126
771 1758
771 1297
771 1292
771 1761
771 1763
771 1765
771 1764
771 1766
771 1762
771 1293
771 1759
771 1767
771 1127
771 1756
771 1128
771 1770
771 1060
771 1775
771 1061
771 934
771 1267
771 1396
772 1788
772 1784
772 1789
772 1785
772 1790
772 1781
772 1774
772 1089
772 1099
772 1382
772 1375
772 1366
772 1367
772 1333
772 1479
772 1486
772 1495
772 1496
772 1487
772 1480
772 1334
772 1320
772 1313
772 1272
772 1263
772 1224
772 1836
772 1837
772 1838
772 1839
772 1231
772 1740
772 1244
772 1736
772 1731
772 1726
772 1721
772 1170
772 1717
772 1722
772 1727
772 1732
772 1737
772 1741
772 1245
772 1258
772 1259
772 1690
772 1695
772 1696
772 1691
772 940
772 932
772 924
772 853
772 818
772 843
772 1562
772 1563
772 1564
772 1565
772 1566
772 1625
772 1599
772 1626
772 1600
772 1627
772 1601
772 934
772 1267
772 1396
773 1791
773 1792
773 1793
773 1794
773 1806
773 1807
773 1808
773 1795
773 1796
773 934
773 1267
773 1396
774 1800
774 1801
774 1802
774 1803
774 1804
774 1805
774 934
774 1267
774 1396
775 1094
775 1267
775 1399
776 1104
776 1267
776 1416
777 1104
777 1267
777 1416
778 1606
778 1631
778 1607
778 1632
778 1608
778 1633
778 1609
778 1634
778 1610
778 1635
778 1611
778 1809
778 1810
778 1840
778 1815
778 1841
778 1819
778 1825
778 1567
778 1826
778 1842
778 1816
778 1820
778 1827
778 1568
778 1828
778 1811
778 1843
778 1821
778 1844
778 1822
778 1829
778 1569
778 1830
778 1812
778 1845
778 1817
778 1831
778 1570
778 1832
778 1813
778 1818
778 1846
778 1823
778 1847
778 1824
778 1814
778 935
778 1396
779 935
779 1396
780 935
780 1396
781 935
781 1276
781 1396
782 935
782 1276
782 1396
783 941
783 1276
783 1396
784 941
784 1276
784 1396
785 1104
785 1276
785 1416
786 1104
786 1276
786 1416
787 941
787 1268
787 1396
788 941
788 1268
788 1396
789 941
789 1268
789 1396
790 941
790 1268
790 1396
791 1079
791 1268
791 1405
792 1079
792 1268
792 1405
793 1079
793 1268
793 1405
794 1079
794 1268
794 1405
795 1079
795 1268
795 1405
796 1094
796 1268
796 1399
797 1094
797 1268
797 1399
798 1094
798 1268
798 1399
799 1094
799 1268
799 1399
800 1094
800 1268
800 1399
801 1094
801 1268
801 1399
802 1094
802 1268
802 1399
803 1104
803 1268
803 1416
804 1104
804 1268
804 1416
805 941
805 1277
805 1396
806 941
806 1277
806 1396
807 936
807 1277
807 1396
808 946
808 1277
808 1396
809 946
809 1277
809 1396
810 947
810 1277
810 1396
811 947
811 1277
811 1396
812 1080
812 1277
812 1407
813 941
813 1282
813 1396
814 936
814 1282
814 1396
815 936
815 1282
815 1396
816 936
816 1282
816 1396
817 1080
817 1282
817 1407
818 1080
818 1282
818 1407
819 936
819 1283
819 1396
820 936
820 1283
820 1396
821 936
821 1283
821 1396
822 942
822 1283
822 1396
823 942
823 1283
823 1396
824 946
824 1283
824 1396
825 1079
825 1283
825 1405
826 1079
826 1283
826 1405
827 1079
827 1283
827 1405
828 1079
828 1283
828 1405
829 1079
829 1283
829 1405
830 1079
830 1283
830 1405
831 1079
831 1283
831 1405
832 1079
832 1283
832 1405
833 1079
833 1283
833 1405
834 1079
834 1283
834 1405
835 1079
835 1283
835 1405
836 1079
836 1283
836 1405
837 1079
837 1283
837 1405
838 1079
838 1283
838 1405
839 1079
839 1283
839 1405
840 1079
840 1283
840 1405
841 1080
841 1283
841 1407
842 1080
842 1283
842 1407
843 1080
843 1283
843 1407
844 1104
844 1283
844 1416
845 946
845 1278
845 1396
846 946
846 1278
846 1396
847 943
847 1278
847 1396
848 943
848 1278
848 1396
849 947
849 1278
849 1396
850 950
850 1278
850 1396
851 950
851 1278
851 1396
852 1080
852 1278
852 1407
853 1080
853 1278
853 1407
854 1104
854 1278
854 1416
855 943
855 1284
855 1396
856 943
856 1284
856 1396
857 943
857 1284
857 1396
858 947
858 1284
858 1396
859 1037
859 1284
859 1388
860 1038
860 1284
860 1397
861 1038
861 1284
861 1397
862 1038
862 1284
862 1397
863 1038
863 1284
863 1397
864 1038
864 1284
864 1397
865 1038
865 1284
865 1397
866 1038
866 1284
866 1397
867 1038
867 1284
867 1397
868 1104
868 1284
868 1416
869 1104
869 1284
869 1416
870 943
870 1396
871 943
871 1396
872 943
872 1285
872 1396
873 947
873 1285
873 1396
874 947
874 1285
874 1396
875 953
875 1505
875 1523
875 1524
875 1506
875 1285
875 1396
876 1038
876 1285
876 1397
877 1038
877 1285
877 1397
878 1038
878 1285
878 1397
879 1038
879 1285
879 1397
880 1038
880 1285
880 1397
881 1038
881 1285
881 1397
882 1038
882 1285
882 1397
883 1038
883 1285
883 1397
884 1038
884 1285
884 1397
885 1038
885 1285
885 1397
886 1038
886 1285
886 1397
887 1038
887 1285
887 1397
888 1038
888 1285
888 1397
889 1038
889 1285
889 1397
890 1038
890 1285
890 1397
891 1038
891 1285
891 1397
892 1038
892 1285
892 1397
893 1038
893 1285
893 1397
894 1038
894 1285
894 1397
895 1038
895 1285
895 1397
896 1038
896 1285
896 1397
897 1038
897 1285
897 1397
898 1038
898 1285
898 1397
899 1038
899 1285
899 1397
900 1038
900 1285
900 1397
901 1094
901 1285
901 1399
902 1094
902 1285
902 1399
903 1094
903 1285
903 1399
904 1094
904 1285
904 1399
905 1094
905 1285
905 1399
906 1094
906 1285
906 1399
907 1094
907 1285
907 1399
908 1094
908 1285
908 1399
909 1094
909 1285
909 1399
910 1094
910 1285
910 1399
911 1094
911 1285
911 1399
912 1104
912 1285
912 1416
913 1104
913 1285
913 1416
914 947
914 1396
915 947
915 1396
916 947
916 1396
917 947
917 1396
918 950
918 1288
918 1396
919 950
919 1288
919 1396
920 950
920 1288
920 1396
921 1037
921 1288
921 1388
922 1037
922 1288
922 1388
923 1080
923 1288
923 1407
924 1080
924 1288
924 1407
925 1104
925 1288
925 1416
926 950
926 1286
926 1396
927 950
927 1286
927 1396
928 950
928 1286
928 1396
929 1037
929 1286
929 1388
930 1037
930 1286
930 1388
931 1080
931 1286
931 1407
932 1080
932 1286
932 1407
933 950
933 1289
933 1396
934 950
934 1289
934 1396
935 948
935 1289
935 1396
936 948
936 1289
936 1396
937 1037
937 1289
937 1388
938 1080
938 1289
938 1407
939 1080
939 1289
939 1407
940 1080
940 1289
940 1407
941 948
941 1396
942 948
942 1396
943 948
943 1396
944 983
944 1396
945 983
945 1396
946 948
946 1294
946 1396
947 948
947 1294
947 1396
948 950
948 948
948 951
948 1294
948 1396
949 1080
949 1294
949 1407
950 1290
950 1396
951 952
951 959
951 953
951 960
951 979
951 980
951 981
951 996
951 997
951 961
951 998
951 1290
951 1396
952 982
952 999
952 983
952 1000
952 1004
952 1001
952 1005
952 1013
952 1290
952 1396
953 1008
953 1027
953 1031
953 1032
953 1033
953 1034
953 1028
953 1035
953 1290
953 1396
954 1067
954 1290
954 1389
955 1067
955 1290
955 1389
956 1080
956 1290
956 1407
957 1080
957 1290
957 1407
958 1080
958 1290
958 1407
959 1020
959 1022
959 1014
959 1015
959 1006
959 1016
959 1017
959 1023
959 1018
959 1019
959 1007
959 1026
959 1295
959 1396
960 1036
960 1047
960 1037
960 1295
960 1396
961 1172
961 1158
961 1173
961 1174
961 1194
961 1159
961 1195
961 1199
961 1196
961 1200
961 1206
961 1201
961 1207
961 1295
961 1396
962 1038
962 1295
962 1397
963 1038
963 1295
963 1397
964 1038
964 1295
964 1397
965 1038
965 1295
965 1397
966 1067
966 1295
966 1389
967 1067
967 1295
967 1389
968 1067
968 1295
968 1389
969 1067
969 1295
969 1389
970 1067
970 1295
970 1389
971 1067
971 1295
971 1389
972 1067
972 1295
972 1389
973 1067
973 1295
973 1389
974 1067
974 1295
974 1389
975 1067
975 1295
975 1389
976 1067
976 1295
976 1389
977 1068
977 1295
977 1406
978 1080
978 1295
978 1407
979 1038
979 1067
979 1039
979 1396
980 1079
980 1094
980 1068
980 1396
981 1095
981 1080
981 1103
981 1081
981 1082
981 1104
981 1106
981 1105
981 1107
981 1048
981 1108
981 1112
981 1298
981 1396
982 1214
982 1215
982 1835
982 1220
982 1216
982 1228
982 1217
982 1218
982 1229
982 1234
982 1298
982 1396
983 1251
983 1249
983 1252
983 1253
983 1254
983 1298
983 1396
984 1015
984 1298
984 1537
984 1538
984 1539
984 1540
984 1541
984 1396
985 1015
985 1298
985 1578
985 1579
985 1580
985 1581
985 1396
986 1067
986 1298
986 1389
987 1067
987 1298
987 1389
988 1067
988 1298
988 1389
989 1067
989 1298
989 1389
990 1067
990 1298
990 1389
991 1067
991 1298
991 1389
992 1067
992 1298
992 1389
993 1068
993 1298
993 1406
994 1104
994 1298
994 1416
995 1104
995 1298
995 1416
996 1113
996 1049
996 1109
996 1114
996 1115
996 1116
996 1110
996 1117
996 1396
997 1118
997 1133
997 1119
997 1134
997 1148
997 1135
997 1149
997 1157
997 1150
997 1171
997 1396
998 1208
998 1212
998 1209
998 1213
998 1396
999 1235
999 1230
999 1236
999 1247
999 1237
999 1248
999 1120
999 1396
1000 1221
1000 1219
1000 1222
1000 1260
1000 1223
1000 1261
1000 1266
1000 1262
1000 1267
1000 1276
1000 1268
1000 1277
1000 1282
1000 1120
1000 1396
1001 1298
1001 1120
1001 1120
1001 1299
1001 1396
1002 1104
1002 1120
1002 1416
1003 1104
1003 1120
1003 1416
1004 1283
1004 1278
1004 1284
1004 1285
1004 1288
1004 1286
1004 1289
1004 1294
1004 1290
1004 1295
1004 1299
1004 1396
1005 1269
1005 1300
1005 1270
1005 1301
1005 1299
1005 1396
1006 1357
1006 1385
1006 1358
1006 1386
1006 1299
1006 1396
1007 1442
1007 1443
1007 1440
1007 1444
1007 1441
1007 1445
1007 1447
1007 1446
1007 1448
1007 1299
1007 1396
1008 1467
1008 1468
1008 1464
1008 1469
1008 1359
1008 1360
1008 1470
1008 1361
1008 1299
1008 1396
1009 1038
1009 1299
1009 1397
1010 1038
1010 1299
1010 1397
1011 1038
1011 1299
1011 1397
1012 1038
1012 1299
1012 1397
1013 1302
1013 1308
1013 1303
1013 1309
1013 1310
1013 1316
1013 1311
1013 1317
1013 1323
1013 1318
1013 1324
1013 1325
1013 1339
1013 1326
1013 1396
1014 1096
1014 1085
1014 1097
1014 1086
1014 1069
1014 1087
1014 1070
1014 1040
1014 1071
1014 1041
1014 1396
1015 1042
1015 1050
1015 1043
1015 1051
1015 1052
1015 1396
1016 1387
1016 1396
1016 1396
1016 1388
1016 1397
1016 1389
1016 1398
1016 1405
1016 1399
1016 1406
1016 1400
1017 1407
1017 1415
1017 1408
1017 1409
1017 1416
1017 1410
1017 1396
1018 1425
1018 1422
1018 1426
1018 1431
1018 1427
1018 1432
1018 1428
1018 1396
1019 1437
1019 1438
1019 1433
1019 1439
1019 1396
1020 1327
1020 1340
1020 1346
1020 1341
1020 1347
1020 1353
1020 1348
1020 1354
1020 1355
1020 1372
1020 1356
1020 1373
1020 1269
1020 1396
1021 1104
1021 1269
1021 1416
1022 1378
1022 1374
1022 1379
1022 1380
1022 1083
1022 1381
1022 1084
1022 1300
1022 1396
1023 1390
1023 1420
1023 1391
1023 1421
1023 1300
1023 1396
1024 1104
1024 1300
1024 1416
1025 1104
1025 1300
1025 1416
1026 1454
1026 1455
1026 1449
1026 1456
1026 1462
1026 1457
1026 1463
1026 1270
1026 1396
1027 1328
1027 1474
1027 1329
1027 1475
1027 1476
1027 1483
1027 1477
1027 1484
1027 1491
1027 1485
1027 1492
1027 1270
1027 1396
1028 1542
1028 1539
1028 1543
1028 1270
1028 1396
1029 1104
1029 1270
1029 1416
1030 1104
1030 1270
1030 1416
1031 1500
1031 1493
1031 1501
1031 1494
1031 1396
1032 1465
1032 1509
1032 1466
1032 1510
1032 1513
1032 1514
1032 1502
1032 1503
1032 1515
1032 1516
1032 1511
1032 1517
1032 1518
1032 1504
1032 1519
1032 1520
1032 1521
1032 1522
1032 1396
1033 1507
1033 1525
1033 1508
1033 1526
1033 1529
1033 1396
1034 1530
1034 1527
1034 1531
1034 1528
1034 1532
1034 1533
1034 1537
1034 1534
1034 1538
1034 1396
1035 1304
1035 1547
1035 1544
1035 1548
1035 1305
1035 1396
1036 1306
1036 1549
1036 1307
1036 1301
1036 1396
1037 1550
1037 1551
1037 1552
1037 1553
1037 1554
1037 1555
1037 1556
1037 1255
1037 1256
1037 1257
1037 1250
1037 1238
1037 1202
1037 1210
1037 1203
1037 1161
1037 1153
1037 1136
1037 1121
1037 1296
1037 1291
1037 1287
1037 1279
1037 1271
1037 1312
1037 1319
1037 1330
1037 1331
1037 1342
1037 1349
1037 1362
1037 1392
1037 1401
1037 1411
1037 1417
1037 1402
1037 1578
1037 1582
1037 1579
1037 1583
1037 1434
1037 1458
1037 1450
1037 1512
1037 1471
1037 1363
1037 1364
1037 1365
1037 1350
1037 1343
1037 1332
1037 1478
1037 1301
1037 1396
1038 1301
1038 1396
1039 1636
1039 1122
1039 1123
1039 1637
1039 1638
1039 1154
1039 1155
1039 1137
1039 1639
1039 1640
1039 1138
1039 1641
1039 1642
1039 1139
1039 1140
1039 1643
1039 1644
1039 1141
1039 1142
1039 1645
1039 1646
1039 1156
1039 1162
1039 1301
1039 1396
1040 1301
1040 1455
1040 1456
1040 1457
1040 1458
1040 1459
1040 1460
1040 1461
1040 1396
1041 1301
1041 1474
1041 1475
1041 1476
1041 1477
1041 1478
1041 1479
1041 1480
1041 1481
1041 1482
1041 1396
1042 1301
1042 1483
1042 1484
1042 1485
1042 1486
1042 1487
1042 1488
1042 1489
1042 1490
1042 1396
1043 1301
1043 1509
1043 1510
1043 1511
1043 1512
1043 1396
1044 1068
1044 1301
1044 1406
1045 1068
1045 1301
1045 1406
1046 1068
1046 1301
1046 1406
1047 1151
1047 1160
1047 1152
1047 1302
1047 1396
1048 1302
1048 1396
1049 1302
1049 1396
1050 1302
1050 1491
1050 1492
1050 1493
1050 1494
1050 1495
1050 1496
1050 1497
1050 1498
1050 1499
1050 1396
1051 1302
1051 1529
1051 1530
1051 1531
1051 1532
1051 1533
1051 1534
1051 1535
1051 1536
1051 1396
1052 1302
1052 1542
1052 1543
1052 1544
1052 1545
1052 1546
1052 1396
1053 1068
1053 1302
1053 1406
1054 1068
1054 1302
1054 1406
1055 1068
1055 1302
1055 1406
1056 1068
1056 1302
1056 1406
1057 1068
1057 1302
1057 1406
1058 1068
1058 1302
1058 1406
1059 1068
1059 1302
1059 1406
1060 1080
1060 1302
1060 1407
1061 1080
1061 1302
1061 1407
1062 1080
1062 1302
1062 1407
1063 1080
1063 1302
1063 1407
1064 1080
1064 1302
1064 1407
1065 1104
1065 1302
1065 1416
1066 1104
1066 1302
1066 1416
1067 1586
1067 1612
1067 1587
1067 1613
1067 1588
1067 1614
1067 1589
1067 1308
1067 1396
1068 1175
1068 1176
1068 1177
1068 1178
1068 1179
1068 1180
1068 1111
1068 1647
1068 1124
1068 1648
1068 1098
1068 1088
1068 1072
1068 1181
1068 1182
1068 1183
1068 1184
1068 1073
1068 1074
1068 1185
1068 1186
1068 1187
1068 1188
1068 1075
1068 1076
1068 1189
1068 1190
1068 1649
1068 1191
1068 1192
1068 1193
1068 1308
1068 1396
1069 1308
1069 1425
1069 1426
1069 1427
1069 1428
1069 1429
1069 1430
1069 1396
1070 1308
1070 1447
1070 1448
1070 1449
1070 1450
1070 1451
1070 1452
1070 1453
1070 1396
1071 1308
1071 1468
1071 1469
1071 1470
1071 1471
1071 1472
1071 1473
1071 1396
1072 1308
1072 1406
1073 1308
1073 1406
1074 1308
1074 1406
1075 1308
1075 1406
1076 1308
1076 1406
1077 1104
1077 1308
1077 1416
1078 1104
1078 1308
1078 1416
1079 1303
1079 1396
1080 1619
1080 1593
1080 1620
1080 1594
1080 1621
1080 1595
1080 1557
1080 1558
1080 1559
1080 1596
1080 1622
1080 1597
1080 1623
1080 1598
1080 1624
1080 1560
1080 1561
1080 1687
1080 1688
1080 1692
1080 1697
1080 1700
1080 1163
1080 1164
1080 1703
1080 1706
1080 1710
1080 1165
1080 1713
1080 1166
1080 1167
1080 1718
1080 1204
1080 1723
1080 1728
1080 1733
1080 1239
1080 1738
1080 1240
1080 1734
1080 1729
1080 1724
1080 1205
1080 1719
1080 1714
1080 1168
1080 1143
1080 1144
1080 1742
1080 1745
1080 1748
1080 1752
1080 1125
1080 1755
1080 1126
1080 1758
1080 1297
1080 1292
1080 1761
1080 1763
1080 1765
1080 1764
1080 1766
1080 1762
1080 1293
1080 1759
1080 1767
1080 1127
1080 1756
1080 1128
1080 1770
1080 1775
1080 1778
1080 1782
1080 1786
1080 1783
1080 1787
1080 1779
1080 1771
1080 1776
1080 1129
1080 1757
1080 1130
1080 1145
1080 1146
1080 1743
1080 1746
1080 1749
1080 1753
1080 1750
1080 1707
1080 1701
1080 1698
1080 1693
1080 1689
1080 1694
1080 1699
1080 1241
1080 1242
1080 1739
1080 1243
1080 1735
1080 1730
1080 1725
1080 1720
1080 1715
1080 1711
1080 1708
1080 1704
1080 1702
1080 1705
1080 1169
1080 1716
1080 1712
1080 1709
1080 1747
1080 1744
1080 1147
1080 1751
1080 1754
1080 1131
1080 1768
1080 1760
1080 1769
1080 1132
1080 1777
1080 1772
1080 1773
1080 1780
1080 1788
1080 1784
1080 1789
1080 1785
1080 1790
1080 1781
1080 1774
1080 1089
1080 1099
1080 1382
1080 1375
1080 1366
1080 1367
1080 1333
1080 1479
1080 1486
1080 1495
1080 1496
1080 1487
1080 1480
1080 1334
1080 1320
1080 1313
1080 1272
1080 1263
1080 1224
1080 1836
1080 1837
1080 1838
1080 1839
1080 1231
1080 1740
1080 1244
1080 1736
1080 1731
1080 1726
1080 1721
1080 1170
1080 1717
1080 1722
1080 1727
1080 1732
1080 1737
1080 1741
1080 1245
1080 1258
1080 1259
1080 1690
1080 1695
1080 1696
1080 1691
1080 1562
1080 1563
1080 1564
1080 1565
1080 1566
1080 1625
1080 1599
1080 1626
1080 1600
1080 1627
1080 1601
1080 1303
1080 1396
1081 1602
1081 1628
1081 1603
1081 1629
1081 1604
1081 1630
1081 1605
1081 1797
1081 1798
1081 1799
1081 1800
1081 1801
1081 1802
1081 1803
1081 1804
1081 1805
1081 1303
1081 1396
1082 1606
1082 1631
1082 1607
1082 1632
1082 1608
1082 1633
1082 1609
1082 1634
1082 1610
1082 1635
1082 1611
1082 1809
1082 1810
1082 1840
1082 1815
1082 1841
1082 1819
1082 1825
1082 1567
1082 1826
1082 1842
1082 1816
1082 1820
1082 1827
1082 1568
1082 1828
1082 1811
1082 1843
1082 1821
1082 1844
1082 1822
1082 1829
1082 1569
1082 1830
1082 1812
1082 1845
1082 1817
1082 1831
1082 1570
1082 1832
1082 1813
1082 1818
1082 1846
1082 1823
1082 1847
1082 1824
1082 1814
1082 1303
1082 1396
1083 1303
1083 1372
1083 1373
1083 1374
1083 1375
1083 1376
1083 1377
1083 1396
1084 1303
1084 1385
1084 1386
1084 1387
1084 1388
1084 1389
1084 1390
1084 1391
1084 1392
1084 1393
1084 1394
1084 1395
1084 1396
1085 1303
1085 1405
1085 1406
1085 1407
1085 1408
1085 1409
1085 1410
1085 1411
1085 1412
1085 1413
1085 1414
1085 1396
1086 1303
1086 1420
1086 1421
1086 1422
1086 1423
1086 1424
1086 1396
1087 1303
1087 1431
1087 1432
1087 1433
1087 1434
1087 1435
1087 1436
1087 1396
1088 1303
1088 1406
1089 1303
1089 1407
1090 1104
1090 1303
1090 1416
1091 1104
1091 1303
1091 1416
1092 1104
1092 1303
1092 1416
1093 1104
1093 1303
1093 1416
1094 1197
1094 1198
1094 1309
1094 1396
1095 1650
1095 1651
1095 1658
1095 1659
1095 1660
1095 1661
1095 1662
1095 1652
1095 1653
1095 1654
1095 1655
1095 1673
1095 1674
1095 1675
1095 1676
1095 1663
1095 1664
1095 1665
1095 1666
1095 1667
1095 1683
1095 1684
1095 1677
1095 1678
1095 1679
1095 1680
1095 1685
1095 1686
1095 1668
1095 1669
1095 1670
1095 1671
1095 1672
1095 1656
1095 1657
1095 1681
1095 1682
1095 1615
1095 1590
1095 1616
1095 1591
1095 1617
1095 1592
1095 1618
1095 1309
1095 1396
1096 1309
1096 1396
1096 1396
1096 1397
1096 1398
1096 1399
1096 1400
1096 1401
1096 1402
1096 1403
1096 1404
1097 1309
1097 1415
1097 1416
1097 1417
1097 1418
1097 1419
1097 1396
1098 1309
1098 1406
1099 1309
1099 1407
1100 1104
1100 1309
1100 1416
1101 1104
1101 1309
1101 1416
1102 1104
1102 1309
1102 1416
1103 1791
1103 1792
1103 1793
1103 1794
1103 1806
1103 1807
1103 1808
1103 1795
1103 1796
1103 1396
1104 1571
1104 1572
1104 1573
1104 1574
1104 1575
1104 1833
1104 1834
1104 1383
1104 1376
1104 1368
1104 1472
1104 1351
1104 1344
1104 1335
1104 1481
1104 1488
1104 1497
1104 1535
1104 1540
1104 1545
1104 1314
1104 1321
1104 1336
1104 1337
1104 1482
1104 1489
1104 1498
1104 1451
1104 1459
1104 1429
1104 1423
1104 1393
1104 1369
1104 1394
1104 1403
1104 1412
1104 1418
1104 1580
1104 1584
1104 1435
1104 1452
1104 1460
1104 1430
1104 1424
1104 1473
1104 1370
1104 1395
1104 1404
1104 1413
1104 1414
1104 1419
1104 1581
1104 1585
1104 1436
1104 1461
1104 1453
1104 1499
1104 1490
1104 1536
1104 1541
1104 1546
1104 1280
1104 1273
1104 1274
1104 1264
1104 1225
1104 1211
1104 1226
1104 1848
1104 1232
1104 1246
1104 1233
1104 1849
1104 1227
1104 1265
1104 1275
1104 1281
1104 1315
1104 1322
1104 1338
1104 1345
1104 1352
1104 1371
1104 1377
1104 1384
1104 1576
1104 1577
1104 1396
1105 1396
1106 1310
1106 1396
1107 1310
1107 1396
1108 1310
1108 1396
1109 1310
1109 1396
1110 1310
1110 1396
1111 1310
1111 1406
1112 1396
1113 1396
1114 1396
1115 1396
1116 1316
1116 1396
1117 1316
1117 1396
1118 1316
1118 1396
1119 1316
1119 1396
1120 1316
1120 1396
1121 1316
1121 1388
1122 1316
1122 1398
1123 1316
1123 1398
1124 1316
1124 1406
1125 1316
1125 1407
1126 1316
1126 1407
1127 1316
1127 1407
1128 1316
1128 1407
1129 1316
1129 1407
1130 1316
1130 1407
1131 1316
1131 1407
1132 1316
1132 1407
1133 1311
1133 1396
1134 1311
1134 1396
1135 1311
1135 1396
1136 1311
1136 1388
1137 1311
1137 1398
1138 1311
1138 1398
1139 1311
1139 1398
1140 1311
1140 1398
1141 1311
1141 1398
1142 1311
1142 1398
1143 1311
1143 1407
1144 1311
1144 1407
1145 1311
1145 1407
1146 1311
1146 1407
1147 1311
1147 1407
1148 1317
1148 1396
1149 1317
1149 1396
1150 1317
1150 1396
1151 1317
1151 1396
1152 1317
1152 1396
1153 1317
1153 1388
1154 1317
1154 1398
1155 1317
1155 1398
1156 1317
1156 1398
1157 1323
1157 1396
1158 1323
1158 1396
1159 1323
1159 1396
1160 1323
1160 1396
1161 1323
1161 1388
1162 1323
1162 1398
1163 1323
1163 1407
1164 1323
1164 1407
1165 1323
1165 1407
1166 1323
1166 1407
1167 1323
1167 1407
1168 1323
1168 1407
1169 1323
1169 1407
1170 1323
1170 1407
1171 1396
1172 1396
1173 1318
1173 1396
1174 1318
1174 1396
1175 1318
1175 1406
1176 1318
1176 1406
1177 1318
1177 1406
1178 1318
1178 1406
1179 1318
1179 1406
1180 1318
1180 1406
1181 1318
1181 1406
1182 1318
1182 1406
1183 1318
1183 1406
1184 1318
1184 1406
1185 1318
1185 1406
1186 1318
1186 1406
1187 1318
1187 1406
1188 1318
1188 1406
1189 1318
1189 1406
1190 1318
1190 1406
1191 1318
1191 1406
1192 1318
1192 1406
1193 1318
1193 1406
1194 1324
1194 1396
1195 1324
1195 1396
1196 1324
1196 1396
1197 1324
1197 1399
1198 1324
1198 1399
1199 1325
1199 1396
1200 1325
1200 1396
1201 1325
1201 1396
1202 1325
1202 1388
1203 1325
1203 1388
1204 1325
1204 1407
1205 1325
1205 1407
1206 1339
1206 1396
1207 1339
1207 1396
1208 1339
1208 1396
1209 1339
1209 1396
1210 1339
1210 1388
1211 1339
1211 1416
1212 1396
1213 1396
1214 1396
1215 1396
1216 1396
1217 1396
1218 1396
1219 1396
1220 1326
1220 1396
1221 1326
1221 1396
1222 1326
1222 1396
1223 1326
1223 1396
1224 1326
1224 1407
1225 1326
1225 1416
1226 1326
1226 1416
1227 1326
1227 1416
1228 1327
1228 1396
1229 1327
1229 1396
1230 1327
1230 1396
1231 1327
1231 1407
1232 1327
1232 1416
1233 1327
1233 1416
1234 1340
1234 1396
1235 1340
1235 1396
1236 1340
1236 1396
1237 1340
1237 1396
1238 1340
1238 1388
1239 1340
1239 1407
1240 1340
1240 1407
1241 1340
1241 1407
1242 1340
1242 1407
1243 1340
1243 1407
1244 1340
1244 1407
1245 1340
1245 1407
1246 1340
1246 1416
1247 1346
1247 1396
1248 1346
1248 1396
1249 1346
1249 1396
1250 1346
1250 1388
1251 1341
1251 1396
1252 1341
1252 1396
1253 1341
1253 1396
1254 1341
1254 1396
1255 1341
1255 1388
1256 1341
1256 1388
1257 1341
1257 1388
1258 1341
1258 1407
1259 1341
1259 1407
1260 1347
1260 1396
1261 1347
1261 1396
1262 1347
1262 1396
1263 1347
1263 1407
1264 1347
1264 1416
1265 1347
1265 1416
1266 1353
1266 1396
1267 1353
1267 1396
1268 1353
1268 1396
1269 1353
1269 1396
1270 1353
1270 1396
1271 1353
1271 1388
1272 1353
1272 1407
1273 1353
1273 1416
1274 1353
1274 1416
1275 1353
1275 1416
1276 1348
1276 1396
1277 1348
1277 1396
1278 1348
1278 1396
1279 1348
1279 1388
1280 1348
1280 1416
1281 1348
1281 1416
1282 1354
1282 1396
1283 1354
1283 1396
1284 1354
1284 1396
1285 1354
1285 1396
1286 1354
1286 1396
1287 1354
1287 1388
1288 1355
1288 1396
1289 1355
1289 1396
1290 1355
1290 1396
1291 1355
1291 1388
1292 1355
1292 1407
1293 1355
1293 1407
1294 1372
1294 1396
1295 1372
1295 1396
1296 1372
1296 1388
1297 1372
1297 1407
1298 1396
1299 1396
1300 1396
1301 1396
1302 1396
1303 1396
1304 1396
1305 1396
1306 1396
1307 1396
1308 1356
1308 1396
1309 1356
1309 1396
1310 1356
1310 1396
1311 1356
1311 1396
1312 1356
1312 1388
1313 1356
1313 1407
1314 1356
1314 1416
1315 1356
1315 1416
1316 1373
1316 1396
1317 1373
1317 1396
1318 1373
1318 1396
1319 1373
1319 1388
1320 1373
1320 1407
1321 1373
1321 1416
1322 1373
1322 1416
1323 1378
1323 1396
1324 1378
1324 1396
1325 1378
1325 1396
1326 1378
1326 1396
1327 1378
1327 1396
1328 1378
1328 1396
1329 1378
1329 1396
1330 1378
1330 1388
1331 1378
1331 1388
1332 1378
1332 1388
1333 1378
1333 1407
1334 1378
1334 1407
1335 1378
1335 1416
1336 1378
1336 1416
1337 1378
1337 1416
1338 1378
1338 1416
1339 1374
1339 1396
1340 1374
1340 1396
1341 1374
1341 1396
1342 1374
1342 1388
1343 1374
1343 1388
1344 1374
1344 1416
1345 1374
1345 1416
1346 1379
1346 1396
1347 1379
1347 1396
1348 1379
1348 1396
1349 1379
1349 1388
1350 1379
1350 1388
1351 1379
1351 1416
1352 1379
1352 1416
1353 1380
1353 1396
1354 1380
1354 1396
1355 1380
1355 1396
1356 1380
1356 1396
1357 1380
1357 1582
1357 1583
1357 1584
1357 1585
1357 1396
1358 1380
1358 1612
1358 1613
1358 1614
1358 1615
1358 1616
1358 1617
1358 1618
1358 1619
1358 1620
1358 1621
1358 1622
1358 1623
1358 1624
1358 1625
1358 1626
1358 1627
1358 1628
1358 1629
1358 1630
1358 1631
1358 1632
1358 1633
1358 1634
1358 1635
1358 1396
1359 1380
1359 1396
1360 1380
1360 1396
1361 1380
1361 1396
1362 1380
1362 1388
1363 1380
1363 1388
1364 1380
1364 1388
1365 1380
1365 1388
1366 1380
1366 1407
1367 1380
1367 1407
1368 1380
1368 1416
1369 1380
1369 1416
1370 1380
1370 1416
1371 1380
1371 1416
1372 1396
1373 1396
1374 1396
1375 1407
1376 1416
1377 1416
1378 1381
1378 1396
1379 1381
1379 1396
1380 1381
1380 1396
1381 1381
1381 1382
1381 1383
1381 1384
1381 1396
1382 1407
1383 1416
1384 1416
1385 1586
1385 1587
1385 1588
1385 1589
1385 1590
1385 1591
1385 1592
1385 1593
1385 1594
1385 1595
1385 1596
1385 1597
1385 1598
1385 1599
1385 1600
1385 1601
1385 1602
1385 1603
1385 1604
1385 1605
1385 1606
1385 1607
1385 1608
1385 1609
1385 1610
1385 1611
1385 1396
1386 1791
1386 1792
1386 1793
1386 1794
1386 1795
1386 1796
1386 1797
1386 1798
1386 1799
1386 1800
1386 1801
1386 1802
1386 1803
1386 1804
1386 1805
1386 1396
1387 1396
1388 1396
1388 1550
1388 1551
1388 1552
1388 1553
1388 1554
1388 1555
1388 1556
1388 1392
1388 1401
1388 1411
1388 1417
1388 1402
1388 1578
1388 1582
1388 1579
1388 1583
1388 1434
1388 1458
1388 1450
1388 1512
1388 1471
1388 1478
1389 1396
1389 1586
1389 1612
1389 1587
1389 1613
1389 1588
1389 1614
1389 1589
1390 1396
1391 1396
1393 1416
1394 1416
1395 1416
1396 1835
1396 1396
1396 1397
1396 1398
1396 1405
1396 1399
1396 1406
1396 1400
1396 1407
1396 1415
1396 1408
1396 1409
1396 1416
1396 1410
1396 1420
1396 1421
1396 1425
1396 1422
1396 1426
1396 1431
1396 1427
1396 1432
1396 1428
1396 1437
1396 1438
1396 1433
1396 1439
1396 1442
1396 1443
1396 1440
1396 1444
1396 1441
1396 1445
1396 1447
1396 1446
1396 1448
1396 1454
1396 1455
1396 1449
1396 1456
1396 1462
1396 1457
1396 1463
1396 1467
1396 1468
1396 1464
1396 1469
1396 1470
1396 1474
1396 1475
1396 1476
1396 1483
1396 1477
1396 1484
1396 1491
1396 1485
1396 1492
1396 1500
1396 1493
1396 1501
1396 1494
1396 1465
1396 1509
1396 1466
1396 1510
1396 1513
1396 1514
1396 1502
1396 1503
1396 1515
1396 1516
1396 1511
1396 1517
1396 1518
1396 1504
1396 1519
1396 1520
1396 1521
1396 1522
1396 1505
1396 1523
1396 1524
1396 1506
1396 1507
1396 1525
1396 1508
1396 1526
1396 1529
1396 1530
1396 1527
1396 1531
1396 1528
1396 1532
1396 1533
1396 1537
1396 1534
1396 1538
1396 1542
1396 1539
1396 1543
1396 1547
1396 1544
1396 1548
1396 1549
1398 1636
1398 1637
1398 1638
1398 1639
1398 1640
1398 1641
1398 1642
1398 1643
1398 1644
1398 1645
1398 1646
1400 1650
1400 1651
1400 1658
1400 1659
1400 1660
1400 1661
1400 1662
1400 1652
1400 1653
1400 1654
1400 1655
1400 1673
1400 1674
1400 1675
1400 1676
1400 1663
1400 1664
1400 1665
1400 1666
1400 1667
1400 1683
1400 1684
1400 1677
1400 1678
1400 1679
1400 1680
1400 1685
1400 1686
1400 1668
1400 1669
1400 1670
1400 1671
1400 1672
1400 1656
1400 1657
1400 1681
1400 1682
1400 1615
1400 1590
1400 1616
1400 1591
1400 1617
1400 1592
1400 1618
1403 1416
1404 1416
1406 1647
1406 1648
1406 1649
1407 1619
1407 1593
1407 1620
1407 1594
1407 1621
1407 1595
1407 1557
1407 1558
1407 1559
1407 1596
1407 1622
1407 1597
1407 1623
1407 1598
1407 1624
1407 1560
1407 1561
1407 1687
1407 1688
1407 1692
1407 1697
1407 1700
1407 1703
1407 1706
1407 1710
1407 1713
1407 1718
1407 1723
1407 1728
1407 1733
1407 1738
1407 1734
1407 1729
1407 1724
1407 1719
1407 1714
1407 1742
1407 1745
1407 1748
1407 1752
1407 1755
1407 1758
1407 1761
1407 1763
1407 1765
1407 1764
1407 1766
1407 1762
1407 1759
1407 1767
1407 1756
1407 1770
1407 1775
1407 1778
1407 1782
1407 1786
1407 1783
1407 1787
1407 1779
1407 1771
1407 1776
1407 1757
1407 1743
1407 1746
1407 1749
1407 1753
1407 1750
1407 1707
1407 1701
1407 1698
1407 1693
1407 1689
1407 1694
1407 1699
1407 1739
1407 1735
1407 1730
1407 1725
1407 1720
1407 1715
1407 1711
1407 1708
1407 1704
1407 1702
1407 1705
1407 1716
1407 1712
1407 1709
1407 1747
1407 1744
1407 1751
1407 1754
1407 1768
1407 1760
1407 1769
1407 1777
1407 1772
1407 1773
1407 1780
1407 1788
1407 1784
1407 1789
1407 1785
1407 1790
1407 1781
1407 1774
1407 1479
1407 1486
1407 1495
1407 1496
1407 1487
1407 1480
1407 1836
1407 1837
1407 1838
1407 1839
1407 1740
1407 1736
1407 1731
1407 1726
1407 1721
1407 1717
1407 1722
1407 1727
1407 1732
1407 1737
1407 1741
1407 1690
1407 1695
1407 1696
1407 1691
1407 1562
1407 1563
1407 1564
1407 1565
1407 1566
1407 1625
1407 1599
1407 1626
1407 1600
1407 1627
1407 1601
1408 1602
1408 1628
1408 1603
1408 1629
1408 1604
1408 1630
1408 1605
1408 1797
1408 1798
1408 1799
1408 1800
1408 1801
1408 1802
1408 1803
1408 1804
1408 1805
1409 1606
1409 1631
1409 1607
1409 1632
1409 1608
1409 1633
1409 1609
1409 1634
1409 1610
1409 1635
1409 1611
1409 1809
1409 1810
1409 1840
1409 1815
1409 1841
1409 1819
1409 1825
1409 1567
1409 1826
1409 1842
1409 1816
1409 1820
1409 1827
1409 1568
1409 1828
1409 1811
1409 1843
1409 1821
1409 1844
1409 1822
1409 1829
1409 1569
1409 1830
1409 1812
1409 1845
1409 1817
1409 1831
1409 1570
1409 1832
1409 1813
1409 1818
1409 1846
1409 1823
1409 1847
1409 1824
1409 1814
1412 1416
1413 1416
1414 1416
1415 1791
1415 1792
1415 1793
1415 1794
1415 1806
1415 1807
1415 1808
1415 1795
1415 1796
1416 1571
1416 1572
1416 1573
1416 1574
1416 1575
1416 1833
1416 1834
1416 1472
1416 1481
1416 1488
1416 1497
1416 1535
1416 1540
1416 1545
1416 1482
1416 1489
1416 1498
1416 1451
1416 1459
1416 1429
1416 1423
1416 1418
1416 1580
1416 1584
1416 1435
1416 1452
1416 1460
1416 1430
1416 1424
1416 1473
1416 1419
1416 1581
1416 1585
1416 1436
1416 1461
1416 1453
1416 1499
1416 1490
1416 1536
1416 1541
1416 1546
1416 1848
1416 1849
1416 1576
1416 1577
