0 1
0 1
0 413
0 413
1 629
1 629
1 823
1 823
1 952
1 952
1 1204
1 1204
1 1277
1 1277
1 1220
1 1220
1 1501
1 1501
1 1472
1 1472
1 579
1 579
1 88
1 88
1 1682
2 3
2 3
2 167
2 167
3 342
3 342
3 453
3 453
3 635
3 635
3 866
3 866
3 357
3 357
3 1488
3 1488
3 1554
3 1554
3 667
3 667
4 5
4 5
4 43
4 185
4 185
4 703
4 703
4 951
4 951
4 569
4 569
4 283
4 283
4 200
4 200
4 1118
4 1118
4 143
4 143
4 198
4 198
6 7
6 7
6 9
6 9
6 69
6 69
6 289
6 289
6 586
6 586
6 316
6 316
6 300
6 300
6 1104
6 1104
6 1137
6 1137
6 117
6 117
6 251
6 251
6 288
6 288
6 105
6 105
6 1163
7 139
7 139
7 310
7 310
7 17
7 17
7 1120
7 1120
7 53
7 53
7 117
7 117
7 7
8 9
8 9
8 815
8 815
8 1584
8 1584
9 589
9 930
9 930
9 1021
9 1021
9 937
9 937
9 1197
9 1197
9 1057
9 1057
9 775
9 775
9 1531
9 1531
9 1581
9 256
9 256
9 1681
9 1413
9 1413
10 11
10 11
10 152
10 152
10 153
10 153
10 160
10 160
10 165
10 165
10 259
10 259
10 345
10 345
10 341
10 341
10 346
10 346
10 457
10 457
10 470
10 470
10 633
10 633
10 98
10 98
10 596
10 596
10 146
10 146
10 172
10 172
10 149
10 149
10 223
10 223
10 303
10 303
10 121
10 121
10 227
10 227
10 937
10 937
10 256
10 256
10 1111
10 1111
10 1122
10 1122
10 534
10 534
10 188
10 188
10 1200
10 1200
10 299
10 299
10 877
10 877
10 1031
10 1031
10 1284
10 1284
10 608
10 608
10 881
10 881
10 967
10 967
10 652
10 652
10 1363
10 1363
10 167
10 167
10 720
10 720
10 284
10 284
10 499
10 499
10 468
10 468
10 474
10 474
10 78
10 78
10 420
10 420
10 203
10 203
10 1573
10 1573
10 469
10 469
10 480
10 480
10 826
10 826
10 180
10 180
10 1450
10 243
10 243
11 260
11 260
11 91
11 91
11 66
11 66
11 623
11 623
11 313
11 313
11 244
11 244
11 163
11 163
11 122
11 122
11 30
11 30
11 141
11 141
11 245
11 245
11 318
11 318
11 195
11 195
11 117
11 117
11 215
11 215
12 13
12 13
12 26
12 142
12 142
12 239
12 239
12 379
12 379
12 391
12 391
12 335
12 335
12 418
12 418
12 113
12 113
12 670
12 670
12 726
12 726
12 180
12 180
12 859
12 859
12 510
12 510
12 337
12 337
12 911
12 911
12 947
12 947
12 173
12 173
12 997
12 997
12 1002
12 1002
12 453
12 453
12 69
12 69
12 299
12 299
12 321
12 321
12 1054
12 149
12 149
12 761
12 761
12 651
12 651
12 658
12 658
12 1013
12 1013
12 601
12 601
12 499
12 499
12 519
12 519
12 1274
12 1274
12 769
12 769
12 1291
12 1291
12 1296
12 1296
12 302
12 302
12 415
12 415
12 1249
12 1249
12 25
12 25
12 193
12 193
12 198
12 198
12 196
12 196
12 229
12 229
12 743
12 743
12 870
12 870
12 317
12 317
12 790
12 790
12 1086
12 1086
12 1409
12 146
12 146
12 578
12 578
12 49
12 49
12 279
12 279
12 1492
12 1492
12 271
12 271
12 931
12 931
12 1515
12 1515
12 1016
12 1016
12 829
12 829
12 1564
12 1564
12 1592
12 1069
12 1069
12 1541
12 1541
12 46
12 46
12 891
12 891
12 334
12 334
12 174
12 174
12 532
12 532
12 243
12 243
12 1679
12 1679
13 53
13 53
13 411
13 411
13 1370
13 1370
14 15
14 15
14 221
14 221
15 648
15 648
15 740
15 740
15 750
15 750
15 382
15 382
15 1187
15 1187
15 1315
15 1315
15 1358
15 1358
15 384
15 384
15 1426
15 1426
15 893
15 893
15 1544
15 1544
15 1284
15 1284
15 1559
15 1559
15 76
15 76
15 1605
15 1605
15 1628
15 1628
16 17
16 17
16 584
16 584
16 477
16 477
16 230
16 230
16 124
16 124
16 407
16 407
16 1535
16 1535
16 365
16 365
16 549
16 549
16 55
16 55
17 175
17 175
17 406
17 406
17 607
17 607
17 346
17 346
17 88
17 88
17 474
17 474
17 279
17 279
17 1015
17 1015
17 332
17 332
17 1216
17 1216
17 1242
17 1242
17 1272
17 1272
17 544
17 544
17 761
17 761
17 1360
17 1360
17 1448
17 1448
17 541
17 541
17 234
17 234
17 608
17 608
17 149
17 149
17 243
17 243
17 314
17 314
17 376
17 376
18 19
18 19
18 28
18 28
18 404
18 404
18 1474
18 1474
19 44
19 44
19 500
19 500
19 448
19 448
19 32
19 32
19 62
19 62
19 973
19 973
19 590
19 425
19 425
19 1089
19 1089
19 1205
19 1205
19 266
19 266
19 1342
19 67
19 67
19 595
19 595
19 1585
19 1585
19 1658
19 1676
19 145
19 145
20 21
20 21
20 622
20 622
20 985
20 985
20 1025
20 1025
20 1149
20 1149
20 1463
20 1463
20 1144
20 1144
20 1578
20 1578
20 1235
20 1235
20 387
20 387
21 282
21 282
21 706
21 706
21 763
21 763
21 1602
21 1602
21 106
21 106
22 23
22 23
22 167
22 167
24 25
24 25
24 361
24 361
24 903
24 903
24 1020
24 1020
24 1246
24 1246
24 173
24 173
24 697
24 697
25 539
25 539
25 371
25 371
25 444
25 444
25 494
25 494
25 693
25 693
25 1586
25 1364
25 1364
25 355
25 355
25 1663
25 49
25 49
25 1514
25 1514
25 1691
27 28
27 28
27 81
27 81
27 1138
27 1138
27 1285
27 1285
27 1041
27 1041
27 1372
27 1372
27 472
27 472
28 671
28 671
28 1519
28 1519
29 30
29 30
29 141
29 141
29 163
29 163
29 66
29 66
29 313
29 313
29 122
29 122
29 806
29 806
29 318
29 318
29 91
29 91
29 260
29 260
29 244
29 244
30 187
30 187
30 292
30 292
30 302
30 302
30 303
30 303
30 314
30 314
30 256
30 256
30 366
30 366
30 442
30 442
30 522
30 522
30 289
30 289
30 165
30 165
30 480
30 480
30 239
30 239
30 193
30 193
30 123
30 123
30 578
30 578
30 393
30 393
30 534
30 534
30 419
30 419
30 354
30 354
30 287
30 287
30 301
30 301
30 399
30 399
30 243
30 243
30 957
30 957
30 417
30 417
30 783
30 783
30 802
30 802
30 44
30 44
30 121
30 121
30 1093
30 1093
30 608
30 608
30 372
30 372
30 894
30 894
30 1001
30 1001
30 649
30 649
30 660
30 660
30 1257
30 1263
30 1263
30 200
30 200
30 781
30 781
30 341
30 341
30 147
30 147
30 92
30 92
30 390
30 390
30 78
30 78
30 1249
30 1249
30 454
30 454
30 348
30 348
30 340
30 340
30 1373
30 1373
30 146
30 146
30 499
30 499
30 346
30 346
30 826
30 826
30 661
30 661
30 1487
30 1487
30 261
30 261
30 345
30 345
30 1522
30 1522
30 319
30 319
30 474
30 474
30 937
30 937
30 206
30 206
30 279
30 279
30 493
30 493
30 149
30 149
30 545
30 545
30 69
30 69
30 254
30 254
31 32
31 32
31 55
31 55
31 266
31 266
31 49
31 49
31 66
31 66
31 158
31 158
31 155
31 155
31 197
31 197
31 1235
31 1235
32 195
32 195
32 364
32 364
32 790
32 790
32 506
32 506
32 949
32 949
32 401
32 401
32 806
32 806
32 198
32 198
32 413
32 413
32 156
32 156
32 142
32 142
32 473
32 473
32 1053
32 1053
32 102
32 102
32 873
32 873
32 265
32 265
32 849
32 849
32 107
32 107
32 818
32 818
32 173
32 173
33 34
33 34
33 1018
33 1018
34 112
34 112
34 268
34 268
34 251
34 251
34 464
34 464
34 327
34 327
34 704
34 704
34 135
34 135
34 1599
34 233
34 233
34 509
34 509
35 36
35 36
35 161
35 161
35 388
35 388
35 145
35 145
35 62
35 62
35 494
35 494
35 1131
35 1131
35 1160
35 158
35 158
35 1239
35 1239
35 266
35 266
35 1438
35 1438
35 1027
35 1027
35 1344
35 1344
37 38
37 38
37 569
37 569
38 136
38 136
38 271
38 271
38 466
38 466
39 40
39 40
39 55
39 55
39 712
39 712
39 650
39 650
40 419
40 419
40 149
40 149
40 146
40 146
40 156
40 156
40 531
40 531
40 332
40 332
40 107
40 107
40 436
40 436
41 42
42 247
42 441
42 441
42 201
42 201
44 122
44 122
44 316
44 316
44 53
44 53
44 195
44 195
45 46
45 46
46 925
47 48
47 48
47 443
47 443
47 495
47 721
47 721
47 343
47 343
47 1004
47 1004
47 1005
47 1005
47 67
47 67
47 75
47 75
47 1464
47 1464
47 209
47 209
47 1606
47 1606
47 1463
47 1463
48 87
48 87
48 143
48 143
49 50
49 50
49 151
49 151
49 174
49 174
49 192
49 192
49 270
49 270
49 278
49 278
49 460
49 460
49 467
49 467
49 617
49 617
49 618
49 618
49 421
49 421
49 676
49 676
49 694
49 694
49 320
49 320
49 1007
49 1007
49 325
49 325
49 362
49 362
49 154
49 154
49 1118
49 1118
49 1037
49 1037
49 1150
49 1154
49 1154
49 81
49 81
49 420
49 420
49 135
49 135
49 196
49 196
49 1015
49 1015
49 1102
49 1102
49 1252
49 1252
49 527
49 527
49 343
49 343
49 394
49 394
49 69
49 69
49 739
49 739
49 578
49 578
49 1027
49 1027
49 682
49 682
49 1063
49 1063
49 1429
49 550
49 550
49 1292
49 1292
49 149
49 149
49 79
49 79
49 1551
49 1551
49 538
49 538
49 1621
49 1621
49 1320
49 1320
49 1656
49 1637
49 1637
49 1282
49 1282
49 568
49 568
50 1178
50 1178
50 82
50 82
51 52
51 52
51 105
51 105
51 965
51 965
51 889
51 889
51 1283
51 1283
51 813
51 813
51 1290
51 1290
51 992
51 523
51 523
51 654
51 654
51 1552
51 1671
51 1671
52 322
52 322
52 376
52 376
52 504
52 504
52 1649
52 1649
53 54
53 54
53 121
53 121
53 319
53 319
53 341
53 341
53 417
53 417
53 499
53 499
53 519
53 519
53 615
53 615
53 656
53 656
53 239
53 239
53 545
53 545
53 343
53 343
53 510
53 510
53 612
53 612
53 855
53 855
53 317
53 317
53 891
53 891
53 908
53 908
53 383
53 383
53 174
53 174
53 954
53 954
53 348
53 348
53 193
53 193
53 388
53 388
53 207
53 207
53 887
53 887
53 279
53 279
53 493
53 493
53 428
53 428
53 534
53 534
53 1135
53 1135
53 228
53 228
53 1194
53 1194
53 243
53 243
53 957
53 957
53 134
53 134
53 1213
53 1213
53 596
53 596
53 600
53 600
53 454
53 454
53 488
53 488
53 608
53 608
53 312
53 312
53 56
53 56
53 894
53 894
53 565
53 565
53 858
53 858
53 352
53 352
53 1461
53 1461
53 340
53 340
53 262
53 262
53 881
53 881
53 737
53 737
53 346
53 346
53 850
53 850
53 230
53 230
53 187
53 187
53 474
53 474
53 65
53 65
53 418
53 418
53 267
53 267
53 1684
54 66
54 66
54 709
54 709
55 56
55 56
55 228
55 228
55 356
55 356
55 428
55 428
55 600
55 600
55 519
55 519
55 188
55 188
55 267
55 267
55 159
55 159
55 348
55 348
55 534
55 534
55 673
55 673
55 163
55 163
55 193
55 193
55 720
55 720
55 802
55 802
55 149
55 149
55 341
55 341
55 578
55 578
55 176
55 176
55 891
55 891
55 406
55 406
55 1616
55 475
55 475
55 401
55 401
55 609
55 609
55 596
55 596
56 313
56 313
56 227
56 227
56 1619
56 1619
57 58
57 58
58 268
58 268
58 274
58 274
59 60
59 60
59 464
59 464
59 388
59 388
59 1506
59 1506
59 473
59 473
59 208
59 208
59 477
59 477
60 173
60 173
60 1140
60 1140
61 62
61 62
61 82
61 82
62 203
62 203
62 210
62 210
62 267
62 267
62 299
62 299
62 385
62 385
62 470
62 470
62 510
62 510
62 246
62 246
62 578
62 578
62 665
62 665
62 436
62 436
62 601
62 601
62 778
62 778
62 598
62 598
62 453
62 453
62 174
62 174
62 967
62 967
62 480
62 480
62 995
62 995
62 829
62 829
62 196
62 196
62 1069
62 1069
62 751
62 751
62 1115
62 1115
62 278
62 278
62 341
62 341
62 1179
62 1179
62 519
62 519
62 232
62 232
62 321
62 321
62 208
62 208
62 694
62 694
62 488
62 488
62 152
62 152
62 401
62 401
62 770
62 770
62 709
62 709
62 351
62 351
62 356
62 356
62 131
62 131
62 198
62 198
62 486
62 486
62 1397
62 1397
62 538
62 538
62 896
62 896
62 1122
62 1122
62 428
62 428
62 1007
62 1007
62 284
62 284
62 1209
62 1209
62 534
62 534
62 69
62 69
62 149
62 149
62 107
62 107
62 1473
62 1473
62 468
62 468
62 84
62 84
62 1662
62 1662
62 1678
62 1678
63 64
63 118
63 118
63 441
63 441
63 1073
63 1073
63 1191
63 1191
63 1460
63 928
63 928
65 66
65 66
65 324
65 324
65 117
65 117
66 78
66 78
66 107
66 107
66 317
66 317
66 321
66 321
66 340
66 340
66 351
66 351
66 352
66 352
66 356
66 356
66 383
66 383
66 302
66 302
66 397
66 397
66 332
66 332
66 475
66 475
66 468
66 468
66 303
66 303
66 486
66 486
66 348
66 348
66 346
66 346
66 544
66 544
66 399
66 399
66 565
66 565
66 635
66 635
66 675
66 675
66 681
66 681
66 167
66 167
66 279
66 279
66 510
66 510
66 806
66 806
66 246
66 246
66 837
66 837
66 877
66 877
66 262
66 262
66 442
66 442
66 1043
66 1043
66 627
66 627
66 562
66 562
66 534
66 534
66 826
66 826
66 522
66 522
66 600
66 600
66 1155
66 1155
66 174
66 174
66 200
66 200
66 894
66 894
66 720
66 720
66 376
66 376
66 341
66 341
66 1252
66 1252
66 372
66 372
66 493
66 493
66 881
66 881
66 1322
66 1322
66 1093
66 1093
66 692
66 692
66 743
66 743
66 284
66 284
66 1394
66 82
66 82
66 147
66 147
66 608
66 608
66 243
66 243
66 377
66 377
66 252
66 252
66 687
66 687
66 314
66 314
66 454
66 454
66 474
66 474
66 149
66 149
66 488
66 488
66 1294
66 1294
66 858
66 858
66 140
66 140
66 1180
66 1180
66 866
66 866
66 1553
66 1553
66 354
66 354
66 1565
66 1565
66 1178
66 1178
66 999
66 999
66 418
66 418
66 187
66 187
66 267
66 267
66 781
66 781
66 1089
66 1089
66 1627
66 1627
66 798
66 798
66 545
66 545
66 602
66 602
66 612
66 612
66 649
66 649
67 68
67 409
67 409
67 410
67 410
67 624
67 624
67 730
67 730
67 778
67 778
67 595
67 595
67 920
67 920
67 938
67 938
67 629
67 629
67 1186
67 1186
67 1203
67 1203
67 1165
67 1165
67 1261
67 1261
67 215
67 215
67 176
67 176
67 1562
67 1562
67 398
67 398
67 200
67 200
67 1670
67 1688
67 1688
69 208
69 208
69 284
69 284
69 468
69 468
69 514
69 514
69 298
69 298
69 599
69 599
69 598
69 598
69 741
69 741
69 436
69 436
69 682
69 682
69 829
69 829
69 849
69 849
69 1038
69 1082
69 498
69 498
69 718
69 718
69 149
69 149
69 913
69 913
69 312
69 312
69 601
69 601
69 1122
69 1122
69 180
69 180
69 714
69 714
69 1411
69 1411
69 1420
69 1420
69 223
69 223
69 113
69 113
69 69
70 71
70 71
70 132
70 132
70 725
70 725
71 173
71 173
72 73
72 73
72 110
72 110
72 403
72 403
72 756
72 756
72 1010
72 1010
72 274
72 274
72 1034
72 1034
72 1070
72 1070
72 1190
72 1190
72 327
72 327
72 1475
72 1475
72 1513
72 1560
72 1560
72 1383
72 1383
72 763
72 763
72 1609
72 1609
72 1623
72 1623
72 1657
72 1657
72 1703
72 1703
73 1197
73 1197
74 75
74 75
74 328
74 328
74 587
74 587
74 1166
74 1166
75 286
75 286
75 732
75 789
75 789
75 310
75 310
75 324
75 324
75 461
75 461
75 1051
75 1051
75 1243
75 1243
75 1324
75 1324
75 197
75 197
76 77
76 106
76 106
76 636
76 657
76 657
76 308
76 308
76 755
76 755
76 830
76 830
76 943
76 943
76 632
76 632
76 1238
76 1238
76 616
76 616
76 469
76 469
76 1129
76 1129
77 347
77 347
77 1382
77 998
78 117
78 117
79 80
79 80
79 640
79 640
79 82
79 82
79 349
79 349
79 117
79 117
80 1561
80 1561
80 1574
80 1574
80 383
80 383
81 82
81 82
81 186
81 186
81 1086
81 1086
81 88
81 88
82 154
82 154
82 325
82 325
82 329
82 329
82 343
82 343
82 420
82 420
82 450
82 450
82 505
82 505
82 538
82 538
82 550
82 550
82 553
82 553
82 595
82 595
82 183
82 183
82 682
82 682
82 320
82 320
82 1037
82 1037
82 739
82 739
82 1063
82 1063
82 1081
82 1081
82 996
82 996
82 1148
82 1148
82 1015
82 1015
82 617
82 617
82 278
82 278
82 1214
82 1214
82 464
82 464
82 174
82 174
82 1282
82 1282
82 421
82 421
82 1320
82 1320
82 1314
82 1314
82 568
82 568
82 529
82 529
82 82
82 1474
82 1474
82 1556
82 1556
82 1102
82 1102
82 394
82 394
82 678
82 678
83 84
83 84
84 111
84 111
84 605
84 605
84 779
84 779
84 814
84 814
84 966
84 966
84 831
84 831
84 1050
84 1050
84 1139
84 1139
84 150
84 150
84 1312
84 1312
84 1410
84 1410
84 892
84 892
84 1555
84 1555
84 148
85 86
85 86
85 822
85 822
86 238
86 238
86 483
86 518
86 518
86 249
86 249
86 755
86 755
86 860
86 860
86 305
86 305
86 905
86 905
86 1281
86 1281
86 1288
86 1288
86 1319
86 1383
86 1383
86 1388
86 1388
86 268
86 268
86 1489
86 1489
86 104
86 104
86 512
86 512
86 1653
86 1653
87 236
87 236
88 89
88 89
88 370
88 370
89 1244
89 1244
89 453
89 453
89 1637
89 1637
90 91
90 91
91 121
91 121
91 454
91 454
91 354
91 354
91 534
91 534
91 314
91 314
91 608
91 608
91 187
91 187
91 660
91 660
91 149
91 149
91 781
91 781
91 243
91 243
91 887
91 887
91 420
91 420
91 499
91 499
91 203
91 203
91 480
91 480
91 346
91 346
91 708
91 708
91 474
91 474
91 1265
91 1265
91 303
91 303
91 174
91 174
91 594
91 594
91 329
91 329
91 428
91 428
91 390
91 390
91 393
91 393
91 123
91 123
91 600
91 600
91 399
91 399
92 93
92 93
92 122
92 122
92 195
92 195
92 377
92 377
93 1022
93 1022
94 95
94 95
94 132
94 132
94 1062
94 1062
95 389
95 389
95 808
95 808
95 1266
95 1266
96 97
96 97
96 1039
96 1039
96 837
96 837
98 99
98 99
98 117
98 117
98 958
98 958
98 158
98 158
99 1447
99 1447
100 101
100 101
100 216
100 216
100 459
100 459
100 540
100 540
100 683
100 683
100 295
100 295
100 863
100 863
100 595
100 595
100 1079
100 1079
100 1313
100 1313
100 1331
100 1331
100 1385
100 1385
100 780
100 780
100 313
100 313
100 1490
100 1490
100 1458
100 1458
100 1029
100 1029
100 905
100 905
100 220
100 220
102 103
102 103
102 160
102 160
104 105
104 105
104 755
104 755
104 657
104 657
104 308
104 308
104 1301
104 1301
104 371
104 371
104 469
104 469
104 106
104 106
105 139
105 139
105 1134
105 1134
105 1664
105 1664
106 248
106 248
106 580
106 580
106 1576
106 1576
107 563
107 563
107 593
107 593
107 598
107 598
107 742
107 742
107 477
107 477
107 940
107 940
107 142
107 142
107 1114
107 1114
107 396
107 396
107 394
107 394
107 937
107 937
107 1243
107 1243
107 1414
107 1414
107 1423
107 1423
107 269
107 269
107 1496
107 1539
107 1539
107 791
107 791
107 1640
107 1640
107 462
107 462
107 1156
108 109
108 109
108 238
108 238
109 253
109 253
109 414
109 414
109 527
109 527
109 543
109 543
109 628
109 628
109 264
109 264
109 359
109 359
109 354
109 354
109 1206
109 1206
110 590
110 590
110 884
110 884
112 113
112 113
113 313
113 313
114 115
114 115
114 135
114 135
114 122
114 122
114 233
114 233
115 204
115 204
115 659
115 659
115 794
115 794
115 349
115 349
115 156
115 156
115 1376
115 1376
115 266
115 266
115 1614
115 1614
115 328
115 328
115 577
115 577
116 117
116 117
117 180
117 180
117 262
117 262
117 390
117 390
117 121
117 121
117 346
117 346
117 437
117 437
117 468
117 468
117 149
117 149
117 608
117 608
117 679
117 679
117 708
117 708
117 612
117 612
117 314
117 314
117 826
117 826
117 488
117 488
117 187
117 187
117 881
117 881
117 887
117 887
117 256
117 256
117 303
117 303
117 937
117 937
117 493
117 493
117 227
117 227
117 284
117 284
117 687
117 687
117 720
117 720
117 474
117 474
117 203
117 203
117 218
117 218
117 147
117 147
117 694
117 694
117 545
117 545
117 341
117 341
117 633
117 633
117 436
117 436
117 499
117 499
117 388
117 388
117 1583
117 1583
117 200
117 200
117 1265
117 1265
117 188
117 188
117 1122
117 1122
117 152
117 152
118 672
118 672
119 120
119 120
120 311
120 311
120 458
120 458
120 129
120 129
120 476
120 476
120 489
120 489
120 534
120 534
120 838
120 838
120 282
120 282
120 934
120 934
120 1075
120 1075
120 1112
120 1112
120 482
120 482
120 1233
120 1233
120 734
120 734
120 1311
120 1311
120 1334
120 1334
120 520
120 520
120 1220
120 1220
120 1387
120 457
120 457
120 847
120 847
120 1086
120 1086
120 1517
120 1517
120 1287
120 1287
121 122
121 122
122 123
122 123
122 261
122 261
122 279
122 279
122 149
122 149
122 312
122 312
122 200
122 200
122 474
122 474
122 147
122 147
122 722
122 722
122 544
122 544
122 510
122 510
122 428
122 428
122 341
122 341
122 499
122 499
122 519
122 519
122 720
122 720
122 545
122 545
122 1218
122 1218
122 314
122 314
122 493
122 493
122 480
122 480
122 1120
122 1120
122 399
122 399
122 718
122 718
122 660
122 660
122 1021
122 1021
122 243
122 243
122 454
122 454
122 206
122 206
122 377
122 377
122 406
122 406
122 346
122 346
122 354
122 354
122 1089
122 1089
122 999
122 999
122 187
122 187
122 140
122 140
123 244
123 244
123 318
123 318
123 313
123 313
123 1071
123 1071
123 143
123 143
123 632
123 632
123 690
123 690
123 1557
123 1557
123 579
123 579
124 125
124 125
124 289
124 289
124 357
124 357
124 488
124 488
124 516
124 516
124 406
124 406
124 606
124 606
124 788
124 788
124 832
124 832
124 978
124 978
124 267
124 267
124 856
124 856
124 1078
124 1078
124 346
124 346
124 1159
124 1159
124 227
124 227
124 354
124 354
124 1300
124 1300
124 1057
124 1057
124 1325
124 1325
124 541
124 541
124 1333
124 1333
124 1339
124 1339
124 370
124 370
124 234
124 234
124 302
124 302
124 480
124 480
124 1579
124 1579
124 1580
124 1580
124 1351
124 1351
124 341
124 341
124 243
124 243
124 1272
124 1272
124 1639
124 1639
124 1135
124 1135
125 1033
125 1033
126 127
126 127
126 421
126 421
128 129
128 129
128 972
128 637
128 637
129 156
129 156
129 903
129 903
130 131
130 131
130 640
130 640
130 283
130 283
130 310
130 310
131 502
131 502
131 343
131 343
131 268
131 268
131 738
131 738
131 263
131 263
131 251
131 251
131 549
131 549
131 1443
131 1443
131 984
131 984
131 923
131 923
131 836
131 836
131 415
131 415
131 710
131 710
132 133
132 133
132 433
132 433
132 448
132 448
132 805
132 805
132 839
132 922
132 939
132 939
132 346
132 346
132 975
132 975
132 806
132 806
132 1049
132 1049
132 1121
132 912
132 912
132 835
132 835
132 1321
132 1321
132 846
132 846
132 474
132 474
132 418
132 418
132 1512
132 1512
132 1594
132 1594
132 564
132 564
132 1115
132 1115
132 352
132 352
132 877
132 877
132 688
132 688
132 960
132 960
133 149
133 149
134 135
134 135
134 244
134 244
134 233
134 233
135 246
135 246
135 320
135 320
135 401
135 401
135 405
135 405
135 221
135 221
135 718
135 718
135 505
135 505
135 780
135 780
135 326
135 326
135 311
135 311
135 883
135 883
135 902
135 902
135 924
135 924
135 196
135 196
135 156
135 156
135 254
135 254
135 1058
135 1058
135 694
135 694
135 321
135 321
135 1369
135 1369
135 1435
135 285
135 285
135 250
135 250
135 140
135 140
136 175
136 175
136 388
136 388
136 372
136 372
136 1121
136 1121
136 1424
136 1424
137 138
137 138
139 487
139 487
139 331
139 331
139 923
139 923
139 477
139 477
139 1471
139 1471
139 1524
139 1524
139 830
139 830
139 785
139 785
139 704
139 704
139 204
139 1687
140 141
140 141
140 221
140 221
140 163
140 163
140 327
140 327
141 157
141 157
141 334
141 334
141 348
141 348
141 474
141 474
141 496
141 496
141 520
141 520
141 529
141 529
141 562
141 562
141 585
141 585
141 609
141 609
141 658
141 658
141 661
141 661
141 545
141 545
141 289
141 289
141 383
141 383
141 203
141 203
141 751
141 751
141 493
141 493
141 807
141 807
141 818
141 818
141 208
141 208
141 534
141 534
141 888
141 888
141 279
141 279
141 1024
141 1024
141 894
141 894
141 1097
141 1097
141 486
141 486
141 428
141 428
141 1222
141 1222
141 886
141 886
141 488
141 488
141 484
141 484
141 1341
141 243
141 243
141 149
141 149
141 142
141 142
141 341
141 341
141 766
141 766
141 442
141 442
141 352
141 352
141 388
141 388
141 346
141 346
141 1118
141 1118
141 299
141 299
141 1597
141 1061
141 1061
141 683
141 1244
141 1244
141 499
141 499
141 877
141 877
141 1674
141 1674
141 720
141 720
141 1683
141 176
141 176
141 660
141 660
142 251
142 251
142 316
142 316
142 313
142 313
142 201
142 201
142 268
142 268
142 195
142 195
143 144
143 144
143 434
143 434
143 472
143 472
143 1675
143 1675
144 1432
144 1432
145 146
145 146
145 281
145 281
145 519
145 519
145 716
145 716
145 774
145 774
145 1430
145 1430
145 307
145 307
146 288
146 288
146 378
146 378
146 400
146 400
146 244
146 244
146 152
146 152
146 1368
146 245
146 245
146 215
146 215
147 148
147 148
147 251
147 251
147 288
147 288
147 268
147 268
147 400
147 400
149 150
149 150
149 164
149 164
149 215
149 215
149 333
149 333
149 378
149 378
149 338
149 256
149 256
149 899
149 899
149 901
149 901
149 608
149 608
149 163
149 163
149 1163
149 1163
149 313
149 313
149 251
149 251
149 726
149 726
149 464
149 464
149 158
149 158
149 1478
149 1478
149 244
149 244
149 268
149 268
149 418
149 418
149 318
149 318
149 1453
149 1453
149 255
149 255
149 195
149 195
151 1326
151 1326
152 509
152 509
152 152
152 255
152 255
153 971
153 971
153 1008
153 1008
153 1566
153 1566
154 408
154 408
154 386
154 386
155 156
155 156
155 1180
155 1180
156 449
156 449
156 616
156 616
156 686
156 686
156 691
156 691
156 254
156 254
156 186
156 186
156 266
156 266
156 921
156 921
156 404
156 404
156 1084
156 1084
156 1109
156 1109
156 679
156 679
156 197
156 197
156 158
156 158
156 425
156 425
156 452
156 452
156 418
156 418
156 469
156 469
156 1598
156 1598
156 1646
156 1646
156 759
156 208
156 208
156 1669
156 1669
156 864
156 864
156 1704
157 398
157 398
157 1318
157 1318
157 1702
158 159
158 159
158 198
158 198
158 354
158 354
158 534
158 534
158 372
158 372
158 377
158 377
158 172
158 172
158 652
158 652
158 660
158 660
158 858
158 858
158 894
158 894
158 486
158 486
158 346
158 346
158 602
158 602
158 262
158 262
158 1048
158 1048
158 790
158 790
158 210
158 210
158 661
158 661
158 167
158 167
158 243
158 243
158 1081
158 1081
158 416
158 416
158 246
158 246
158 268
158 268
158 299
158 299
158 877
158 877
158 345
158 345
158 474
158 474
158 1037
158 1037
158 1180
158 1180
158 1612
158 1612
158 1618
158 1618
158 1541
158 1541
158 470
158 470
158 279
158 279
158 428
158 428
158 1275
160 800
160 800
162 163
162 163
163 332
163 332
163 361
163 361
163 454
163 454
163 480
163 480
163 802
163 802
163 187
163 187
163 314
163 314
163 608
163 608
163 174
163 174
163 781
163 781
163 341
163 341
163 354
163 354
163 544
163 544
163 712
163 712
164 223
164 223
165 464
165 464
165 268
165 268
165 251
165 251
165 244
165 244
166 167
166 167
167 360
167 360
167 627
167 627
167 695
167 695
167 853
167 853
167 313
167 313
167 578
167 578
167 700
167 700
167 1251
167 1251
167 1292
167 1292
167 479
167 479
167 195
167 195
167 1508
167 1508
167 763
167 763
167 1410
167 1410
167 982
167 982
168 169
168 169
169 431
169 431
170 171
170 171
170 427
170 427
170 453
170 453
170 337
170 337
170 760
170 760
170 856
170 856
170 931
170 931
170 970
170 970
170 578
170 578
170 529
170 529
170 1185
170 1185
170 626
170 626
170 285
170 285
170 1527
170 1527
170 343
170 343
170 694
170 694
170 973
170 973
170 196
170 196
170 795
170 795
170 1679
170 907
171 221
171 221
172 173
172 173
172 251
172 251
172 268
172 268
173 355
173 355
173 371
173 371
173 494
173 494
173 404
173 404
173 444
173 444
173 1237
173 1237
173 1371
173 1371
173 1386
173 1386
173 1465
173 1481
173 1481
173 1486
173 1395
173 1395
173 1521
173 1521
174 205
174 205
175 466
175 466
176 177
176 177
176 431
176 431
177 432
177 432
177 562
177 562
178 179
178 179
180 638
180 638
180 702
180 702
180 318
180 318
180 327
180 327
180 950
180 950
180 268
180 268
180 251
180 251
180 637
180 637
180 1694
180 1694
181 182
181 503
181 503
181 1103
181 1103
181 191
181 191
183 184
183 184
183 324
183 324
183 348
183 348
184 731
184 731
184 1189
184 1189
186 186
187 245
187 245
187 313
187 313
187 205
187 205
187 244
187 244
187 195
187 195
187 318
187 318
188 189
188 189
188 513
188 513
188 343
188 343
188 1500
188 1500
188 268
188 268
188 625
188 625
188 251
188 251
189 763
189 763
190 191
190 191
190 312
190 312
190 717
190 717
190 468
190 468
190 801
190 801
190 1357
190 1357
190 1445
190 1445
190 473
190 473
190 1593
190 1593
191 242
191 242
191 851
191 851
193 194
193 194
193 610
193 610
193 871
193 871
195 196
195 196
195 287
195 287
195 374
195 374
195 243
195 243
195 484
195 484
195 486
195 486
195 348
195 348
195 541
195 541
195 578
195 578
195 270
195 270
195 390
195 390
195 614
195 614
195 428
195 428
195 886
195 886
195 254
195 254
195 1015
195 1015
195 713
195 713
195 1083
195 1083
195 289
195 289
195 346
195 346
195 849
195 849
195 877
195 877
195 720
195 720
195 633
195 633
195 1267
195 1267
195 1222
195 1222
195 664
195 664
195 660
195 660
195 1299
195 1299
195 802
195 802
195 692
195 692
195 1351
195 1351
195 600
195 600
195 1402
195 1402
195 343
195 343
195 372
195 372
195 493
195 493
195 1120
195 1120
195 1466
195 1466
195 366
195 366
195 1499
195 1499
195 1216
195 1216
195 780
195 780
195 341
195 341
195 221
195 221
195 1249
195 1249
195 665
195 665
195 505
195 505
195 311
195 311
195 626
195 626
195 499
195 499
195 809
195 809
195 661
195 661
195 766
195 766
195 510
195 510
195 474
195 474
195 252
195 252
195 712
195 712
196 233
196 233
196 477
196 477
197 198
197 198
197 401
197 401
197 1180
197 1180
197 790
197 790
198 266
198 266
199 200
199 200
199 774
199 774
200 313
200 313
200 205
200 205
200 1014
200 1014
200 1239
200 1239
200 602
200 602
200 1442
200 1442
201 202
201 202
201 566
201 566
201 573
201 573
201 327
201 327
201 864
201 864
201 254
201 254
201 1359
201 1359
201 418
201 418
201 756
201 756
201 549
201 549
201 222
201 222
203 313
203 313
205 206
205 206
205 332
205 332
205 261
205 261
205 446
205 243
205 243
205 493
205 493
205 602
205 602
205 692
205 692
205 256
205 256
205 377
205 377
205 346
205 346
205 1124
205 1124
205 499
205 499
205 1249
205 1249
205 474
205 474
205 937
205 937
205 454
205 454
205 767
205 767
205 1294
205 1294
205 510
205 510
205 1089
205 1089
205 627
205 627
205 660
205 660
205 1626
205 1626
205 352
205 352
205 354
205 354
207 208
207 208
207 251
207 251
207 601
207 601
207 268
207 268
207 1416
207 1416
208 868
208 868
208 552
208 552
209 210
209 210
209 774
209 774
210 813
210 813
210 1109
210 1109
211 212
211 212
211 452
211 452
211 1083
211 1083
211 1541
211 1541
211 859
211 859
212 1326
212 1326
213 214
213 214
213 575
213 575
213 754
213 754
213 578
213 578
213 1275
213 1275
213 775
213 775
214 602
214 602
215 346
215 346
215 394
215 394
215 678
215 678
215 308
215 308
215 418
215 418
215 243
215 243
215 578
215 578
215 474
215 474
215 234
215 234
215 279
215 279
215 534
215 534
215 584
215 584
215 428
215 428
216 408
216 408
217 218
217 218
218 372
218 372
219 220
219 220
220 382
220 382
220 684
220 684
220 545
220 545
220 1605
220 1605
220 832
220 832
220 1085
220 1085
221 222
221 222
221 229
221 229
221 453
221 453
221 490
221 490
221 645
221 785
221 785
221 807
221 807
221 580
221 580
221 1001
221 1001
221 1029
221 1029
221 1130
221 1130
221 974
221 974
221 233
221 233
221 1232
221 1232
221 664
221 664
221 1289
221 1289
221 718
221 718
221 1317
221 1317
221 1335
221 694
221 694
221 1406
221 1406
221 384
221 384
221 442
221 442
221 1306
221 1306
221 1356
221 1356
221 1522
221 1522
221 447
221 447
221 562
221 562
221 1680
221 909
221 909
221 1692
222 775
222 775
223 224
223 224
223 275
223 275
223 603
223 710
223 710
223 530
223 530
223 1260
223 1260
223 1381
223 1381
223 1648
223 1648
225 226
225 226
225 664
225 664
225 1454
225 1454
225 710
225 710
225 1042
225 1042
225 926
225 926
225 1475
225 1475
226 963
226 226
226 699
226 699
227 228
227 228
227 255
227 255
228 313
228 313
229 288
229 288
230 231
230 231
230 335
230 335
230 421
230 421
230 533
230 533
230 669
230 669
230 709
230 709
230 796
230 796
230 718
230 718
230 578
230 578
230 1027
230 1027
230 463
230 463
230 850
230 850
230 406
230 406
230 1201
230 1201
230 556
230 556
230 234
230 234
230 326
230 326
230 462
230 462
232 233
232 233
232 664
232 664
232 447
232 447
232 244
232 244
233 285
233 285
233 337
233 337
233 737
233 737
233 799
233 799
233 682
233 682
233 343
233 343
233 311
233 311
233 694
233 694
234 235
234 235
234 604
234 604
234 365
234 365
234 733
234 733
234 519
234 519
234 1297
234 1297
234 1345
234 1345
234 684
234 684
234 1088
234 1088
235 968
235 968
237 238
237 238
238 251
238 251
238 1055
238 1055
238 1106
238 518
238 518
238 1330
238 578
238 578
238 1545
239 344
239 344
239 1080
239 1470
239 1470
239 1617
239 1617
239 955
239 955
240 241
240 241
240 240
240 1182
240 1182
240 763
240 763
240 1526
240 1526
240 1410
240 1410
240 1591
240 1591
242 473
242 473
242 784
242 784
242 1109
242 1109
243 244
243 244
243 324
243 324
243 316
243 316
243 451
243 451
243 245
243 245
243 318
243 318
243 268
243 268
243 327
243 327
243 623
243 623
243 313
243 313
244 254
244 254
244 474
244 474
244 600
244 600
244 499
244 499
244 652
244 652
244 337
244 337
244 855
244 855
244 428
244 428
244 346
244 346
244 712
244 712
244 1631
244 544
244 544
244 332
244 332
244 480
244 480
245 474
245 474
245 279
245 279
245 346
245 346
245 534
245 534
245 267
245 267
245 1298
245 1298
245 499
245 499
246 396
246 396
246 394
246 394
246 936
246 936
246 418
246 418
246 1286
246 1286
246 327
246 327
246 509
246 509
246 477
246 477
249 250
249 250
251 252
251 252
251 370
251 370
251 510
251 510
251 341
251 341
251 687
251 687
251 720
251 720
251 833
251 833
251 321
251 321
251 287
251 287
251 694
251 694
251 428
251 428
251 718
251 718
251 887
251 887
251 665
251 665
251 1287
251 1287
251 1031
251 1031
251 886
251 886
251 996
251 996
251 1503
251 1503
251 1027
251 1027
251 519
251 519
251 503
251 503
251 1085
251 1085
251 1636
251 1636
251 520
251 520
251 356
251 356
251 578
251 578
251 829
251 829
251 1695
251 1695
252 268
252 268
253 393
253 393
254 313
254 313
255 256
255 256
255 346
255 346
255 474
255 474
255 468
255 468
255 608
255 608
255 284
255 284
255 1347
255 1347
255 499
255 499
255 633
255 633
256 1630
256 1630
257 258
257 258
257 627
257 627
259 696
259 696
259 1206
259 1206
260 884
260 884
261 288
261 288
261 699
261 699
262 974
262 974
262 1523
262 1523
263 264
263 264
263 485
263 485
263 349
263 349
263 812
263 812
263 1453
263 1453
263 1086
263 1086
263 1570
263 1570
264 388
264 388
265 266
265 266
266 783
266 783
266 873
266 873
266 1064
266 1064
266 413
266 413
266 506
266 506
266 806
266 806
266 790
266 790
266 401
266 401
267 509
267 509
267 673
267 673
267 1177
267 1177
267 477
267 477
268 269
268 269
268 353
268 353
268 469
268 469
268 503
268 503
268 406
268 406
268 560
268 570
268 570
268 356
268 356
268 762
268 762
268 764
268 578
268 578
268 520
268 520
268 882
268 882
268 886
268 886
268 719
268 719
268 276
268 276
268 706
268 706
268 486
268 486
268 428
268 428
268 1110
268 1110
268 519
268 519
268 1176
268 1176
268 419
268 419
268 411
268 411
268 665
268 665
268 848
268 848
268 341
268 341
268 976
268 976
268 287
268 287
268 885
268 885
268 640
268 640
268 694
268 694
268 1575
268 1575
268 1601
268 1601
268 833
268 833
268 953
268 953
268 720
268 720
268 1655
268 1655
268 316
268 316
268 1085
268 1085
270 501
270 501
270 770
270 770
270 1397
270 1397
271 272
271 272
271 734
271 734
271 633
271 633
271 374
271 374
271 981
271 981
271 1146
271 1146
271 1247
271 1247
271 687
271 687
271 612
271 612
273 274
273 274
274 331
274 331
274 588
274 588
274 374
274 374
274 1068
274 1068
274 322
274 322
274 333
274 333
274 1534
274 1534
274 795
274 795
276 277
276 277
276 521
276 521
276 969
276 969
276 1051
276 1051
278 423
278 423
279 316
279 316
279 451
279 451
279 288
279 288
280 281
280 281
280 428
280 428
281 318
281 318
281 711
281 711
282 283
282 283
282 293
282 293
282 423
282 423
283 1302
283 1302
283 979
283 979
283 1405
283 1405
283 1459
283 1459
284 491
284 491
285 313
285 313
285 407
285 407
285 327
285 327
287 464
287 464
287 327
287 327
288 428
288 428
288 337
288 337
288 399
288 399
288 499
288 499
288 393
288 393
288 578
288 578
288 419
288 419
288 345
288 345
288 457
288 457
288 474
288 474
289 407
289 407
290 291
290 291
291 394
291 394
291 422
291 422
291 684
291 684
293 294
293 294
293 330
293 330
293 331
293 331
293 1171
293 1171
293 1302
293 1302
293 1042
293 1042
295 296
295 296
295 932
295 932
295 993
295 993
295 1568
295 1632
295 1632
295 1666
295 1666
297 298
297 298
298 775
298 775
299 313
299 313
299 477
299 477
300 301
303 365
303 365
304 305
304 305
306 307
306 307
306 519
306 519
307 546
307 546
307 462
307 462
307 343
307 343
308 309
308 309
308 521
308 521
308 998
308 998
309 628
309 628
310 700
310 700
310 1101
310 1101
310 1509
310 1509
310 677
310 677
311 327
311 327
311 1092
311 1092
313 488
313 488
313 334
313 334
313 661
313 661
313 405
313 405
313 346
313 346
313 886
313 886
313 976
313 976
313 442
313 442
313 428
313 428
313 877
313 877
313 1119
313 330
313 330
313 499
313 499
313 484
313 484
313 314
313 314
313 474
313 474
313 562
313 562
314 318
314 318
315 316
315 316
316 384
316 384
316 545
316 545
316 662
316 662
316 726
316 726
316 850
316 850
316 909
316 909
316 320
316 320
316 1085
316 1085
316 578
316 578
316 346
316 346
316 329
316 329
316 1582
316 1582
316 707
316 707
317 318
317 318
318 348
318 348
318 372
318 372
318 377
318 377
318 346
318 346
318 406
318 406
318 474
318 474
318 649
318 649
318 819
318 819
318 660
318 660
318 665
318 665
318 720
318 720
318 493
318 493
318 534
318 534
318 615
318 615
318 633
318 633
318 544
318 544
318 877
318 877
318 1244
318 1244
318 488
318 488
318 1037
318 1037
318 995
318 995
318 894
318 894
318 341
318 341
318 499
318 499
318 545
318 545
318 1551
318 1551
318 383
318 383
318 886
318 886
318 769
318 769
318 1321
318 1321
319 610
319 610
319 871
319 871
319 466
319 466
319 1611
319 1611
320 477
320 477
322 323
322 323
322 402
322 402
322 517
322 517
322 690
322 690
322 775
322 775
322 361
322 361
322 1343
322 1343
322 428
322 428
322 855
322 855
323 1354
323 1354
324 395
324 395
324 601
324 601
324 598
324 598
326 327
326 327
326 477
326 477
327 373
327 373
327 453
327 453
327 341
327 341
327 693
327 693
327 435
327 435
327 761
327 761
327 795
327 795
327 829
327 829
327 872
327 872
327 391
327 391
327 478
327 478
327 1012
327 1012
327 1018
327 1018
327 1030
327 1030
327 718
327 718
327 1094
327 1094
327 735
327 735
327 486
327 486
327 883
327 883
327 1403
327 1403
327 1449
327 1449
327 1040
327 1040
327 1009
327 1009
327 1547
327 1547
327 556
327 556
327 902
327 902
327 697
327 697
327 1633
327 1633
327 1527
327 1527
328 1533
328 1533
329 464
329 464
331 895
331 895
331 681
331 681
331 1017
331 1017
331 1039
331 1039
331 1060
331 1060
331 703
331 703
331 1395
331 1395
331 660
331 660
331 864
331 864
334 336
334 336
334 426
334 426
334 1146
334 1146
334 1668
334 1668
336 1151
336 1151
336 1225
336 1225
337 509
337 509
338 339
338 339
338 528
338 528
338 564
338 564
338 1107
338 1107
338 551
338 551
342 500
342 500
342 475
342 475
343 704
343 704
343 388
343 388
346 885
346 885
346 473
346 473
346 479
346 479
346 451
346 451
347 1536
347 1536
348 473
348 473
349 350
349 350
349 515
349 549
349 549
349 677
349 677
349 1096
349 1096
349 1170
349 1170
349 1329
349 1329
349 1101
349 1101
349 1469
349 1469
349 1509
349 1509
352 1133
352 1133
356 1057
356 1057
357 725
357 725
357 710
357 710
358 359
358 359
359 590
359 590
361 537
361 537
361 668
361 668
361 757
361 757
361 865
361 900
361 900
361 711
361 711
361 407
361 407
361 1638
361 1638
361 1576
361 1576
362 363
362 363
363 666
363 666
365 504
365 504
365 1300
365 1300
366 367
366 367
366 471
366 471
368 369
368 369
369 905
369 905
369 1105
369 1105
369 1310
369 1310
369 1530
369 1530
370 408
370 408
371 998
371 998
372 626
372 626
372 782
372 782
372 904
372 904
372 1181
372 1262
372 1262
372 597
372 597
372 507
372 507
372 1660
372 1660
372 1416
372 1416
374 635
374 635
375 376
375 376
375 612
375 612
378 1316
378 1316
380 381
380 381
381 1139
381 1139
382 420
382 420
386 387
386 387
386 407
386 407
386 1149
386 1149
387 875
387 875
388 561
388 561
388 611
388 611
388 634
388 634
388 680
388 906
388 906
388 466
388 466
388 1005
388 1005
388 1065
388 1065
388 1128
388 1128
388 388
388 392
388 392
388 1495
388 1495
388 1416
388 1416
388 1677
388 605
388 605
389 1323
389 1323
392 393
392 393
393 438
393 438
393 456
393 456
393 685
393 685
393 628
393 628
393 923
393 923
393 559
393 559
393 1549
393 1549
393 1049
393 1049
393 999
393 999
394 699
394 699
394 394
394 1608
394 1608
396 556
396 556
397 663
397 663
397 1255
397 1255
397 397
399 400
399 400
400 522
400 522
400 750
400 750
400 1053
400 1053
401 1084
401 1084
401 1665
401 662
401 662
404 405
404 405
404 1125
404 1125
404 1245
404 1245
404 551
404 551
406 407
406 407
406 477
406 477
406 464
406 464
406 602
406 602
407 577
407 577
407 416
407 416
407 701
407 701
407 718
407 718
407 999
407 999
407 1116
407 1116
407 1217
407 1217
407 557
407 557
407 1040
407 1040
407 1314
407 1314
407 1118
407 1118
407 1444
407 1444
407 1511
407 1196
407 1196
407 1571
407 1571
407 1061
407 1061
407 902
407 902
407 1693
407 1693
408 747
408 747
408 827
408 827
408 828
408 1019
408 1019
408 957
408 957
408 1087
408 1087
408 1514
408 1514
408 1528
408 1697
408 1697
408 1700
411 1048
411 1048
411 891
411 891
412 413
412 413
413 727
413 727
413 933
413 933
413 1095
413 1095
413 1109
413 1109
413 1307
413 1307
413 1458
413 1458
413 1483
413 1483
415 416
415 416
415 786
415 786
415 1348
415 1348
416 907
416 907
416 552
416 552
416 512
416 512
418 810
418 810
418 857
418 857
418 451
418 451
418 436
418 436
418 995
418 995
418 774
418 774
418 1280
418 1280
418 534
418 534
423 1052
423 1052
423 1459
423 1459
424 425
424 425
424 646
424 646
424 1334
424 1334
424 1563
424 1563
425 773
425 773
425 1456
425 1456
428 581
428 581
428 573
428 573
428 564
428 564
429 430
429 430
431 432
431 432
431 1088
431 1088
435 436
435 436
435 473
435 473
435 801
435 801
438 584
438 584
439 440
439 440
441 672
441 672
444 445
444 445
445 518
445 518
447 448
447 448
447 1041
447 1041
447 725
447 725
447 602
447 602
447 1502
447 1502
447 1517
447 1517
447 1520
447 1520
447 1159
447 1159
448 519
448 519
449 663
449 663
449 1362
449 1362
449 1601
449 1601
451 474
451 474
451 457
451 457
451 1015
451 1015
451 652
451 652
451 499
451 499
452 1258
452 1258
453 1393
455 456
455 456
456 901
456 901
456 1613
456 1613
457 935
457 935
457 651
457 651
461 462
461 462
461 781
461 781
461 660
461 660
461 1061
461 1061
461 1116
461 1116
461 516
461 516
462 1108
462 1108
462 491
462 491
463 464
463 464
464 556
464 556
464 576
464 576
464 594
464 594
464 697
464 697
464 1009
464 1009
464 1016
464 1016
464 1201
465 466
465 466
466 612
466 612
469 469
469 471
469 471
469 998
469 998
472 473
472 473
472 956
472 956
472 1071
472 1071
472 1529
472 1529
473 854
473 854
473 1059
473 1059
473 1077
473 1077
473 827
473 827
473 1250
473 1273
473 1273
473 1337
473 1337
473 695
473 695
473 614
473 614
473 1525
473 1537
473 1537
473 1540
473 1540
473 1607
473 1607
473 1610
473 1610
473 1630
473 1630
473 477
473 477
473 1367
474 885
474 885
474 479
474 479
474 958
474 958
477 478
477 478
477 486
477 486
477 739
477 739
477 886
477 886
477 682
477 682
478 509
478 509
479 480
479 480
479 877
479 877
480 901
480 901
481 482
481 482
481 625
481 625
484 484
486 509
486 509
489 1164
490 494
490 494
491 492
491 492
491 542
491 542
491 567
491 567
491 667
491 667
491 595
491 595
491 910
491 910
491 953
491 953
491 986
491 1047
491 1047
491 990
491 990
491 1141
491 1141
491 1169
491 1174
491 1174
491 581
491 581
491 1356
491 1356
491 1434
491 1434
491 1472
491 1472
491 1577
491 1577
491 1587
491 1587
491 1600
491 1600
491 896
491 896
491 1239
491 1239
494 506
494 506
494 532
494 532
494 629
494 629
497 498
497 498
497 714
497 714
498 537
498 537
498 1134
498 1134
498 1046
498 1046
501 1604
501 1604
504 1401
504 1401
506 1168
506 1168
506 1193
506 1193
507 508
507 508
509 769
509 769
509 656
509 656
509 1040
509 1040
509 770
509 770
509 1113
509 1113
509 598
509 598
509 877
509 877
509 1244
509 1244
509 790
509 790
510 1363
510 1363
511 512
511 512
512 979
512 979
512 1072
512 1072
512 1046
512 1046
512 890
512 890
512 1147
512 1147
512 1176
512 1176
515 699
515 699
518 647
518 647
518 699
518 699
519 559
519 559
519 745
519 745
519 994
519 994
519 1035
519 1035
519 1202
519 1202
519 1332
519 1332
519 1023
519 1023
519 728
519 728
519 1629
519 1629
519 575
519 575
519 1699
521 880
521 880
523 524
523 524
523 753
523 753
523 1094
523 1094
523 1390
523 1390
523 569
523 569
525 526
525 526
526 959
526 959
526 1086
526 1086
526 1419
526 1419
526 1334
526 1334
526 1210
526 1210
526 1698
526 1698
527 866
527 866
530 531
530 531
531 1028
531 1028
531 871
531 871
531 1364
531 1364
531 1396
531 1396
531 1437
531 1437
534 1057
534 1057
534 548
534 548
535 536
535 536
536 536
537 714
537 714
537 537
538 1705
538 1705
543 977
543 977
547 548
547 548
547 628
547 628
548 637
548 637
548 1338
548 1338
549 793
549 793
549 1003
549 1003
549 804
549 804
549 1516
549 1516
549 664
549 664
550 1177
550 1177
551 552
551 552
552 574
552 574
552 650
552 650
552 875
552 875
552 1510
552 1510
552 1634
552 1634
554 555
554 555
554 1136
554 1369
554 1369
557 558
557 558
557 642
557 653
557 653
557 1327
557 1327
557 1328
557 1328
557 570
557 570
564 913
564 913
568 569
568 569
568 602
568 602
568 998
568 998
569 621
569 621
569 852
569 852
569 878
569 878
569 927
569 927
569 929
569 929
569 1270
569 746
569 746
569 1122
569 1122
569 1500
569 1500
569 1538
569 1538
569 1548
569 1548
569 1023
569 1023
571 572
571 572
571 1404
571 1404
579 580
579 580
581 582
581 582
583 584
583 584
588 588
591 592
591 1293
591 1293
591 1343
591 1343
591 1424
591 1424
595 719
595 719
596 597
596 597
596 596
596 1196
596 1196
596 1440
596 1440
597 816
597 816
600 1558
600 1558
602 1165
602 1165
602 1153
602 1153
602 1425
602 1425
602 602
602 1468
602 1468
604 1689
604 1689
605 687
605 687
606 620
606 620
613 614
613 614
614 1100
614 1100
616 906
616 906
617 639
617 639
617 617
619 620
619 620
620 875
620 875
620 1643
620 1643
623 879
623 879
625 669
625 669
625 1436
625 1436
626 1093
626 1093
628 703
628 703
629 630
629 630
631 632
631 632
631 690
631 690
632 1022
632 1022
632 1685
635 1053
635 1053
636 998
636 1382
638 829
638 829
640 641
640 641
640 707
640 707
640 914
640 914
640 1000
640 1000
640 903
640 903
640 1349
640 1349
640 1059
640 1059
640 1536
640 1536
640 1622
640 1622
643 644
643 644
643 746
643 746
643 960
643 960
643 727
643 727
643 1021
643 1021
650 651
650 651
650 1392
650 1392
650 712
650 712
650 998
650 998
651 1365
651 651
651 1686
651 1686
654 655
654 655
654 777
654 777
657 998
657 998
663 1178
663 1178
668 743
668 743
669 734
669 734
671 816
671 816
672 928
672 928
672 1379
672 1379
672 1045
672 1045
672 1673
672 1673
673 674
673 674
676 1236
676 1236
678 678
679 752
679 752
685 854
686 1142
687 904
687 904
688 689
688 689
690 1417
690 1417
694 885
694 885
695 793
695 793
698 699
698 699
699 1289
699 1289
699 1346
699 1346
703 704
703 704
704 715
704 715
704 926
704 926
704 1056
705 706
705 706
707 885
707 885
707 848
707 848
708 1158
708 1158
709 867
709 867
709 874
709 874
709 1278
709 1278
709 1441
709 1441
709 1572
709 1572
710 711
710 711
710 722
710 722
711 948
711 948
711 1042
711 1042
711 1215
711 1064
711 1064
711 1117
711 1117
712 713
712 713
712 1129
712 1129
712 712
714 1046
714 1046
718 1567
719 787
719 787
719 1569
719 1569
720 1026
722 1620
722 1620
723 724
723 724
723 884
723 884
723 917
723 917
728 729
728 729
728 1091
728 1091
731 1126
731 1127
731 1127
731 752
731 752
731 1355
731 1355
735 736
735 736
735 831
735 831
741 849
741 849
742 898
742 898
743 744
743 744
748 749
748 749
749 1439
749 1439
749 1550
749 1550
752 1175
752 1175
752 1484
752 1484
757 1188
757 1188
757 990
757 990
758 759
758 759
765 766
765 766
766 1346
766 1346
766 1590
766 1590
767 768
767 768
771 772
771 772
772 1422
772 1422
773 876
773 876
775 776
775 776
775 942
775 942
775 1696
782 1473
782 1473
784 915
784 915
790 836
790 836
790 1309
790 1309
790 1168
790 1168
791 792
791 792
792 1431
792 1431
793 1076
793 1076
796 824
796 824
797 798
797 798
799 1228
799 1228
800 801
800 801
801 1220
801 1220
802 1193
802 1193
803 804
803 804
804 1006
804 1006
804 1279
804 1279
806 1305
808 809
808 809
808 896
811 812
811 812
811 1336
811 1336
816 817
816 817
816 1219
816 1219
816 1259
816 1259
816 1389
816 1389
816 1216
816 1216
819 1057
819 1057
820 821
820 821
823 1046
823 1046
824 825
829 901
829 901
830 998
830 998
834 835
834 835
836 941
836 941
837 951
837 951
840 841
840 841
842 843
842 843
844 845
844 845
846 847
846 847
848 849
848 849
850 1316
850 1316
851 915
851 915
859 1013
859 1013
861 862
861 862
862 1654
864 864
868 869
868 869
870 871
870 871
870 1013
870 1013
871 961
871 961
871 1354
871 1354
871 1433
871 1433
874 875
874 875
875 946
875 946
875 1374
875 1374
875 1377
875 1377
879 1340
879 1340
884 1104
884 1104
884 1441
884 1441
889 890
889 890
890 980
890 980
892 893
892 893
895 1035
895 1035
896 897
896 897
901 1122
901 1122
903 1690
912 913
912 913
913 1145
913 1145
913 1264
913 1264
913 1308
915 1431
915 1431
916 917
916 917
917 1063
917 1063
918 919
918 919
919 952
919 952
919 1344
919 1344
924 1184
924 1184
937 941
937 941
944 945
944 945
944 1183
944 1183
944 1195
944 1195
944 1596
944 1596
949 1192
949 1192
949 1209
949 1209
953 1615
953 1615
954 955
954 955
956 1123
956 1123
956 956
956 1485
956 1485
961 962
964 965
964 965
972 1011
972 1011
979 1248
979 1248
981 982
981 982
982 1375
982 1375
983 984
983 984
986 1344
986 1344
987 988
987 988
989 990
989 990
991 992
991 992
996 996
998 1301
998 1301
998 1462
998 1462
1011 1384
1011 1384
1011 1647
1011 1647
1016 1102
1016 1102
1017 1256
1017 1256
1017 1398
1017 1398
1017 1603
1017 1603
1019 1635
1019 1635
1022 1023
1022 1023
1022 1624
1022 1624
1027 1701
1028 1354
1028 1354
1031 1032
1031 1032
1036 1036
1039 1231
1039 1228
1039 1452
1039 1452
1044 1045
1044 1045
1045 1518
1045 1518
1048 1410
1048 1410
1049 1147
1049 1147
1049 1415
1049 1415
1051 1595
1051 1595
1056 1057
1056 1057
1057 1209
1057 1209
1057 1612
1057 1612
1058 1184
1058 1184
1061 1314
1061 1314
1066 1067
1066 1067
1066 1498
1066 1498
1069 1276
1069 1276
1071 1103
1071 1103
1071 1485
1071 1485
1072 1208
1072 1208
1074 1074
1087 1088
1087 1088
1088 1088
1089 1090
1089 1090
1098 1099
1098 1099
1099 1208
1099 1208
1099 1380
1099 1380
1102 1102
1112 1326
1112 1326
1117 1117
1128 1436
1128 1436
1132 1133
1132 1133
1143 1144
1143 1144
1146 1306
1146 1306
1151 1378
1151 1378
1152 1153
1152 1153
1153 1391
1153 1391
1156 1157
1156 1157
1161 1162
1161 1162
1165 1482
1165 1482
1166 1167
1166 1167
1172 1173
1172 1173
1192 1497
1192 1497
1192 1659
1192 1659
1193 1271
1193 1271
1196 1314
1196 1314
1198 1199
1198 1199
1206 1207
1206 1207
1209 1210
1209 1210
1211 1212
1211 1212
1220 1221
1220 1221
1223 1224
1223 1224
1223 1223
1225 1326
1225 1326
1226 1227
1226 1227
1228 1234
1229 1230
1229 1230
1234 1235
1234 1235
1235 1668
1235 1668
1240 1241
1240 1241
1253 1254
1253 1254
1268 1269
1268 1269
1292 1292
1294 1295
1294 1295
1297 1546
1297 1546
1299 1410
1299 1410
1300 1505
1300 1505
1303 1304
1303 1304
1350 1351
1350 1351
1352 1353
1352 1353
1361 1362
1361 1362
1363 1363
1364 1433
1364 1433
1366 1367
1366 1367
1399 1400
1399 1400
1407 1408
1407 1408
1407 1645
1407 1645
1410 1455
1410 1455
1410 1538
1410 1538
1410 1410
1411 1491
1411 1491
1412 1413
1412 1413
1418 1418
1420 1421
1420 1421
1427 1428
1427 1428
1436 1437
1436 1437
1446 1447
1450 1451
1450 1451
1452 1467
1452 1467
1452 1452
1456 1457
1456 1457
1456 1672
1456 1672
1467 1644
1467 1644
1474 1625
1474 1625
1476 1477
1476 1477
1479 1480
1479 1480
1480 1650
1493 1494
1493 1494
1504 1505
1504 1505
1507 1507
1532 1533
1532 1533
1542 1543
1542 1543
1582 1667
1588 1589
1588 1589
1595 1661
1595 1661
1641 1642
1641 1642
1651 1652
1651 1652
