0 1
0 2
0 3
0 3
0 3
0 3
0 3
0 3
0 4
0 4
0 5
0 6
0 6
0 7
0 8
0 8
0 8
0 9
0 9
0 10
0 10
0 10
0 10
0 10
0 11
0 11
0 12
0 12
0 13
0 14
0 14
0 15
0 15
0 15
0 16
0 17
0 18
0 19
0 19
0 20
0 21
0 22
0 23
0 23
0 23
0 23
0 23
0 24
0 24
0 25
0 25
0 25
0 26
0 26
0 27
0 27
0 27
0 28
0 28
0 29
0 30
0 31
0 31
0 31
0 32
0 33
0 34
1 35
1 3
1 3
1 3
1 3
1 3
1 3
1 3
1 3
1 4
1 36
1 36
1 5
1 6
1 6
1 6
1 6
1 7
1 7
1 8
1 8
1 8
1 10
1 10
1 10
1 11
1 11
1 12
1 12
1 12
1 12
1 13
1 13
1 13
1 13
1 14
1 15
1 15
1 17
1 37
1 18
1 18
1 38
1 39
1 39
1 40
1 19
1 19
1 20
1 21
1 22
1 22
1 22
1 22
1 23
1 41
1 30
1 42
1 43
1 43
1 44
1 45
1 46
1 33
2 35
2 3
2 3
2 3
2 3
2 3
2 4
2 4
2 4
2 36
2 36
2 36
2 36
2 5
2 5
2 5
2 5
2 5
2 6
2 7
2 10
2 10
2 10
2 10
2 10
2 11
2 11
2 11
2 11
2 11
2 11
2 13
2 13
2 13
2 13
2 13
2 15
2 15
2 16
2 17
2 37
2 39
2 20
2 20
2 20
2 21
2 22
2 22
2 24
2 26
2 27
2 28
2 28
2 29
2 47
2 48
2 45
2 32
2 32
2 32
2 46
2 33
2 33
2 34
3 4
3 4
3 4
3 4
3 36
3 36
3 36
3 36
3 5
3 5
3 5
3 6
3 7
3 7
3 7
3 7
3 7
3 7
3 8
3 8
3 8
3 8
3 8
3 8
3 8
3 9
3 10
3 10
3 10
3 11
3 11
3 11
3 12
3 12
3 12
3 13
3 13
3 13
3 13
3 13
3 15
3 15
3 16
3 16
3 17
3 17
3 49
3 49
3 50
3 50
3 38
3 38
3 38
3 38
3 39
3 40
3 40
3 20
3 51
3 51
3 51
3 51
3 22
3 22
3 22
3 24
3 24
3 24
3 25
3 26
3 26
3 27
3 28
3 30
3 30
3 48
3 48
3 44
3 44
3 44
3 45
3 52
3 34
3 34
3 34
3 53
3 53
3 54
3 55
3 35
4 36
4 36
4 36
4 36
4 36
4 6
4 7
4 7
4 7
4 8
4 9
4 9
4 11
4 11
4 12
4 12
4 13
4 13
4 14
4 14
4 14
4 14
4 14
4 15
4 15
4 17
4 17
4 17
4 17
4 37
4 18
4 18
4 49
4 49
4 49
4 50
4 50
4 50
4 50
4 50
4 38
4 38
4 38
4 38
4 38
4 38
4 39
4 39
4 40
4 19
4 20
4 20
4 21
4 21
4 51
4 51
4 51
4 51
4 56
4 56
4 22
4 22
4 22
4 22
4 23
4 24
4 25
4 25
4 26
4 26
4 26
4 27
4 41
4 41
4 28
4 29
4 30
4 30
4 30
4 42
4 42
4 57
4 48
4 58
4 43
4 43
4 43
4 43
4 44
4 59
4 59
4 32
4 32
4 46
4 52
4 52
4 52
4 33
4 34
4 34
4 34
4 34
4 53
4 53
4 53
4 55
4 10
4 10
4 10
4 10
4 35
4 35
5 6
5 6
5 6
5 7
5 7
5 8
5 9
5 9
5 9
5 10
5 10
5 10
5 11
5 12
5 12
5 12
5 13
5 14
5 14
5 14
5 15
5 15
5 15
5 37
5 18
5 50
5 50
5 38
5 38
5 39
5 39
5 40
5 20
5 21
5 23
5 24
5 24
5 25
5 28
5 47
5 47
5 48
5 59
5 59
5 32
5 32
5 52
5 52
5 33
5 33
5 34
5 34
5 60
5 36
5 36
6 7
6 7
6 7
6 7
6 8
6 8
6 8
6 8
6 8
6 12
6 12
6 12
6 13
6 14
6 15
6 15
6 17
6 17
6 49
6 49
6 49
6 39
6 39
6 20
6 21
6 51
6 22
6 23
6 25
6 25
6 25
6 25
6 26
6 57
6 48
6 48
6 32
6 32
6 46
6 53
6 55
6 35
6 36
7 8
7 8
7 8
7 9
7 10
7 10
7 10
7 10
7 11
7 11
7 12
7 12
7 13
7 13
7 13
7 14
7 14
7 14
7 15
7 15
7 15
7 15
7 17
7 17
7 17
7 17
7 37
7 18
7 49
7 50
7 50
7 39
7 40
7 20
7 20
7 20
7 20
7 21
7 51
7 51
7 56
7 56
7 56
7 22
7 22
7 22
7 22
7 23
7 24
7 24
7 25
7 25
7 26
7 26
7 26
7 27
7 41
7 28
7 28
7 30
7 42
7 42
7 42
7 48
7 48
7 32
7 32
7 32
7 46
7 52
7 33
7 34
7 53
7 35
7 35
7 35
7 35
7 35
7 35
7 35
7 35
7 35
7 36
7 36
7 36
8 9
8 9
8 10
8 10
8 11
8 11
8 12
8 12
8 13
8 13
8 13
8 14
8 14
8 14
8 15
8 15
8 37
8 37
8 18
8 18
8 49
8 39
8 40
8 21
8 56
8 61
8 23
8 23
8 23
8 26
8 28
8 42
8 44
8 45
8 32
8 52
8 33
8 33
8 33
8 33
8 54
8 35
8 36
8 36
8 36
9 10
9 10
9 10
9 11
9 12
9 14
9 15
9 15
9 15
9 18
9 18
9 49
9 49
9 50
9 50
9 38
9 39
9 39
9 40
9 19
9 20
9 20
9 20
9 20
9 21
9 21
9 21
9 21
9 21
9 21
9 51
9 51
9 56
9 61
9 22
9 24
9 25
9 25
9 26
9 27
9 28
9 28
9 30
9 30
9 57
9 57
9 47
9 47
9 47
9 43
9 31
9 32
9 46
9 52
9 54
9 35
9 35
9 35
9 35
9 35
9 35
9 36
10 36
10 36
10 11
10 11
10 11
10 12
10 12
10 13
10 13
10 13
10 14
10 14
10 14
10 14
10 14
10 15
10 15
10 15
10 17
10 18
10 18
10 49
10 39
10 39
10 40
10 20
10 21
10 51
10 56
10 22
10 23
10 23
10 23
10 24
10 25
10 25
10 25
10 27
10 41
10 28
10 28
10 30
10 57
10 58
10 58
10 58
10 43
10 43
10 44
10 44
10 31
10 31
10 31
10 45
10 32
10 32
10 46
10 52
10 33
10 33
10 34
10 34
10 34
10 54
10 55
10 35
11 36
11 36
11 36
11 36
11 36
11 13
11 13
11 13
11 14
11 14
11 15
11 15
11 16
11 16
11 16
11 16
11 17
11 17
11 18
11 49
11 49
11 38
11 38
11 40
11 19
11 20
11 20
11 21
11 51
11 56
11 56
11 61
11 22
11 24
11 24
11 25
11 25
11 41
11 30
11 42
11 44
11 32
11 32
11 32
11 46
11 33
11 55
12 13
12 13
12 14
12 15
12 15
12 15
12 16
12 16
12 17
12 17
12 17
12 17
12 17
12 50
12 39
12 39
12 39
12 20
12 56
12 23
12 23
12 24
12 24
12 24
12 24
12 25
12 25
12 25
12 25
12 26
12 26
12 28
12 28
12 29
12 57
12 57
12 57
12 44
12 31
12 31
12 45
12 32
12 46
12 34
12 34
12 54
12 35
12 35
12 35
12 36
13 14
13 14
13 14
13 14
13 15
13 15
13 15
13 16
13 16
13 16
13 37
13 37
13 18
13 49
13 49
13 50
13 38
13 39
13 39
13 40
13 40
13 19
13 20
13 20
13 20
13 20
13 51
13 56
13 61
13 22
13 22
13 23
13 23
13 24
13 25
13 41
13 28
13 28
13 47
13 47
13 58
13 58
13 43
13 43
13 44
13 31
13 45
13 32
13 32
13 32
13 32
13 46
13 52
13 52
13 34
13 34
13 34
13 54
13 55
13 55
13 35
13 35
13 35
13 35
13 36
14 15
14 15
14 15
14 15
14 15
14 17
14 50
14 50
14 50
14 50
14 50
14 50
14 38
14 38
14 39
14 39
14 39
14 40
14 20
14 21
14 51
14 56
14 56
14 61
14 61
14 22
14 22
14 23
14 23
14 24
14 25
14 25
14 26
14 41
14 30
14 30
14 42
14 42
14 57
14 57
14 58
14 58
14 58
14 43
14 43
14 43
14 43
14 44
14 32
14 32
14 46
14 52
14 33
14 53
14 54
14 55
14 35
14 35
14 36
14 36
14 36
14 36
14 36
15 16
15 16
15 16
15 17
15 17
15 37
15 18
15 49
15 49
15 50
15 50
15 38
15 39
15 39
15 40
15 40
15 19
15 19
15 19
15 20
15 20
15 20
15 20
15 20
15 20
15 20
15 20
15 20
15 21
15 21
15 51
15 51
15 51
15 56
15 56
15 56
15 56
15 61
15 61
15 22
15 22
15 22
15 22
15 22
15 23
15 23
15 24
15 24
15 24
15 25
15 25
15 25
15 25
15 26
15 26
15 27
15 27
15 27
15 41
15 28
15 28
15 29
15 29
15 30
15 42
15 48
15 48
15 48
15 48
15 43
15 44
15 31
15 59
15 45
15 45
15 32
15 32
15 32
15 32
15 32
15 46
15 46
15 46
15 52
15 52
15 33
15 33
15 33
15 33
15 53
15 53
15 53
15 60
15 35
15 35
15 35
15 35
15 35
15 35
15 36
15 36
15 36
16 37
16 37
16 18
16 49
16 49
16 50
16 38
16 38
16 38
16 38
16 39
16 20
16 51
16 61
16 22
16 22
16 22
16 22
16 23
16 23
16 23
16 23
16 23
16 24
16 24
16 24
16 25
16 26
16 26
16 26
16 27
16 27
16 41
16 41
16 28
16 28
16 29
16 29
16 30
16 30
16 30
16 30
16 57
16 57
16 57
16 47
16 47
16 48
16 31
16 32
16 32
16 54
16 36
16 36
17 37
17 37
17 37
17 18
17 18
17 49
17 50
17 50
17 50
17 38
17 38
17 38
17 19
17 20
17 21
17 51
17 22
17 23
17 24
17 26
17 26
17 26
17 26
17 26
17 27
17 27
17 41
17 41
17 41
17 41
17 28
17 28
17 28
17 29
17 29
17 30
17 30
17 58
17 43
17 31
17 32
17 46
17 46
17 33
17 55
17 35
17 36
17 36
17 36
17 36
18 49
18 50
18 39
18 40
18 40
18 19
18 19
18 20
18 20
18 20
18 20
18 20
18 21
18 21
18 21
18 51
18 51
18 56
18 56
18 56
18 56
18 56
18 56
18 61
18 61
18 61
18 23
18 25
18 26
18 26
18 30
18 42
18 42
18 57
18 57
18 57
18 47
18 58
18 58
18 58
18 58
18 58
18 31
18 45
18 45
18 46
18 52
18 52
18 52
18 52
18 52
18 33
18 34
18 34
18 34
18 53
18 54
18 54
18 60
18 60
18 60
18 55
18 36
18 38
19 20
19 20
19 20
19 20
19 20
19 51
19 51
19 51
19 51
19 56
19 56
19 56
19 61
19 61
19 61
19 61
19 24
19 27
19 42
19 42
19 42
19 42
19 42
19 57
19 57
19 57
19 47
19 44
19 45
19 46
19 52
19 33
19 34
19 34
19 54
19 55
19 35
19 39
20 21
20 21
20 51
20 51
20 51
20 51
20 51
20 56
20 56
20 56
20 56
20 56
20 56
20 56
20 61
20 61
20 61
20 61
20 61
20 61
20 61
20 61
20 23
20 23
20 23
20 24
20 24
20 24
20 24
20 25
20 25
20 25
20 25
20 26
20 26
20 26
20 26
20 27
20 27
20 27
20 27
20 28
20 42
20 57
20 47
20 48
20 43
20 44
20 44
20 44
20 44
20 31
20 45
20 45
20 45
20 32
20 32
20 32
20 32
20 46
20 52
20 52
20 52
20 52
20 33
20 33
20 33
20 33
20 54
20 35
20 35
20 35
20 35
20 35
20 35
20 35
20 35
20 37
20 39
20 39
20 39
20 39
20 39
20 39
20 49
20 49
20 49
20 50
21 51
21 51
21 56
21 56
21 56
21 56
21 56
21 56
21 23
21 23
21 23
21 25
21 25
21 26
21 26
21 26
21 28
21 28
21 30
21 30
21 57
21 57
21 57
21 47
21 48
21 58
21 58
21 43
21 59
21 45
21 32
21 46
21 46
21 52
21 33
21 34
21 34
21 55
21 35
21 36
21 37
21 38
21 39
21 39
21 39
21 40
21 40
21 40
21 40
21 40
21 49
21 49
21 49
21 50
22 50
22 23
22 25
22 28
22 30
22 30
22 57
22 48
22 31
22 31
22 31
22 31
22 59
22 32
22 32
22 34
22 24
22 36
22 37
22 49
22 56
22 56
22 56
23 24
23 24
23 24
23 25
23 25
23 25
23 26
23 27
23 28
23 28
23 28
23 29
23 29
23 29
23 43
23 44
23 31
23 45
23 32
23 32
23 52
23 52
23 53
23 54
23 30
23 36
23 39
23 39
23 39
23 39
23 39
23 40
23 40
23 49
23 49
23 51
23 51
23 51
23 51
23 51
23 51
23 61
23 50
23 56
23 56
24 50
24 50
24 38
24 26
24 26
24 26
24 26
24 27
24 27
24 41
24 41
24 28
24 28
24 29
24 29
24 30
24 30
24 30
24 42
24 58
24 58
24 43
24 44
24 31
24 31
24 31
24 31
24 59
24 45
24 45
24 32
24 46
24 46
24 33
24 34
24 34
24 54
24 55
24 55
24 35
24 36
24 36
24 36
24 36
24 37
24 39
24 39
24 39
24 39
24 40
24 49
24 49
24 51
24 51
24 61
24 61
24 56
25 37
25 37
25 26
25 26
25 26
25 26
25 26
25 26
25 27
25 28
25 28
25 28
25 28
25 28
25 28
25 29
25 29
25 29
25 29
25 29
25 29
25 29
25 29
25 29
25 30
25 30
25 30
25 57
25 58
25 58
25 43
25 43
25 44
25 44
25 31
25 31
25 59
25 45
25 45
25 45
25 45
25 45
25 45
25 32
25 46
25 46
25 46
25 46
25 34
25 53
25 53
25 60
25 55
25 35
25 36
25 36
25 36
25 39
25 40
25 40
25 40
25 40
25 51
25 51
25 51
25 51
25 61
25 61
25 61
25 61
25 61
25 50
25 56
25 56
25 56
26 27
26 27
26 27
26 27
26 27
26 27
26 28
26 28
26 29
26 30
26 30
26 30
26 42
26 42
26 42
26 42
26 47
26 48
26 58
26 58
26 58
26 43
26 44
26 44
26 44
26 44
26 44
26 31
26 31
26 31
26 59
26 45
26 45
26 46
26 52
26 53
26 55
26 35
26 36
26 36
26 37
26 37
26 37
26 38
26 38
26 38
26 38
26 39
26 39
26 40
26 40
26 40
26 49
26 51
26 51
26 50
26 50
26 50
26 50
26 50
26 56
27 28
27 28
27 29
27 29
27 30
27 30
27 30
27 30
27 47
27 43
27 44
27 44
27 44
27 44
27 44
27 44
27 44
27 31
27 31
27 45
27 45
27 32
27 32
27 32
27 32
27 32
27 32
27 46
27 46
27 46
27 34
27 53
27 53
27 54
27 54
27 54
27 54
27 60
27 60
27 36
27 38
27 38
27 38
27 38
27 39
27 40
27 49
27 49
27 49
27 50
27 50
28 29
28 30
28 30
28 30
28 30
28 30
28 58
28 43
28 44
28 59
28 45
28 45
28 32
28 46
28 33
28 34
28 34
28 55
28 55
28 36
28 36
28 36
28 36
28 37
28 37
28 37
28 37
28 37
28 38
28 38
28 38
28 38
28 38
28 38
28 38
28 38
28 41
28 41
28 41
28 51
28 61
28 50
28 50
28 50
28 56
28 56
29 30
29 30
29 30
29 47
29 48
29 58
29 43
29 43
29 59
29 45
29 34
29 53
29 53
29 55
29 36
29 36
29 36
29 37
29 37
29 38
29 40
29 49
29 51
29 50
29 50
29 56
30 57
30 47
30 47
30 48
30 58
30 58
30 58
30 44
30 44
30 44
30 44
30 31
30 31
30 45
30 32
30 46
30 34
30 34
30 34
30 34
30 34
30 34
30 53
30 53
30 37
30 37
30 38
30 38
30 38
30 38
30 38
30 41
30 41
30 41
30 41
30 51
30 50
30 50
30 50
30 50
30 56
31 59
31 45
31 45
31 45
31 46
31 34
31 55
31 35
31 37
31 40
31 41
31 41
31 44
31 44
31 48
31 61
31 50
31 56
31 56
31 57
32 46
32 52
32 52
32 33
32 34
32 53
32 54
32 35
32 35
32 35
32 35
32 35
32 36
32 36
32 36
32 36
32 36
32 36
32 37
32 48
32 48
32 58
32 58
32 50
32 50
32 50
33 34
33 34
33 34
33 34
33 53
33 53
33 53
33 54
33 60
33 60
33 60
33 55
33 55
33 36
33 37
33 39
33 39
33 39
33 40
33 40
33 41
33 42
33 44
33 45
33 46
33 47
33 48
33 49
33 51
33 51
33 51
33 61
33 58
33 58
33 58
33 52
33 50
33 56
33 56
33 56
33 56
33 56
33 57
34 53
34 53
34 53
34 54
34 54
34 60
34 55
34 55
34 36
34 36
34 36
34 36
34 37
34 40
34 40
34 41
34 41
34 42
34 42
34 42
34 43
34 44
34 45
34 45
34 46
34 46
34 47
34 47
34 47
34 47
34 47
34 47
34 47
34 48
34 48
34 48
34 49
34 49
34 49
34 49
34 51
34 51
34 61
34 61
34 61
34 61
34 58
34 58
34 58
34 52
34 52
34 50
34 56
34 56
34 56
34 57
34 57
34 57
34 57
34 57
34 57
35 36
35 36
35 36
35 36
35 36
35 36
35 36
35 36
35 49
35 39
35 40
35 40
35 40
35 51
35 61
35 61
35 61
35 42
35 58
35 43
35 43
35 44
35 44
35 45
35 46
35 46
35 46
35 52
35 52
35 52
35 53
36 37
36 37
36 37
36 49
36 50
36 50
36 50
36 50
36 50
36 38
36 39
36 40
36 51
36 56
36 41
36 42
36 57
36 57
36 57
36 48
36 44
36 44
36 44
36 44
36 44
36 45
36 45
36 46
36 46
36 52
36 52
36 53
36 54
36 60
36 55
37 50
37 50
37 50
37 38
37 38
37 56
37 41
37 57
37 48
37 54
37 54
37 60
38 40
38 40
38 51
38 51
38 41
38 41
38 57
38 47
38 58
38 58
38 44
38 44
38 44
38 59
38 59
38 45
38 45
38 52
38 52
38 53
38 53
38 53
38 53
38 54
38 54
38 49
38 50
38 50
38 50
38 50
39 40
39 51
39 51
39 51
39 56
39 56
39 56
39 56
39 61
39 61
39 42
39 42
39 57
39 47
39 47
39 48
39 48
39 58
39 58
39 43
39 43
39 44
39 45
39 46
39 46
39 52
39 52
39 52
39 60
39 60
39 55
39 55
39 55
39 49
39 49
39 49
39 49
39 49
40 51
40 51
40 51
40 51
40 51
40 57
40 47
40 47
40 47
40 58
40 44
40 44
40 52
40 52
40 49
40 50
41 58
41 58
41 53
41 54
41 51
41 50
41 50
41 50
42 57
42 57
42 57
42 47
42 48
42 58
42 58
42 58
42 43
42 52
42 52
42 53
42 54
42 49
42 49
42 51
42 51
42 61
42 61
42 61
42 61
42 61
42 61
42 56
42 56
42 56
43 44
43 45
43 46
43 53
43 53
43 53
43 47
43 48
43 49
43 51
43 61
43 58
43 58
43 50
43 56
43 56
43 57
44 45
44 45
44 46
44 54
44 54
44 54
44 49
44 51
44 51
44 58
44 58
44 58
44 58
44 50
45 53
45 53
45 53
45 54
45 54
45 54
45 60
45 60
45 48
45 48
45 49
45 51
45 51
45 51
45 61
45 58
45 56
45 56
45 56
46 54
46 55
46 48
46 48
46 49
46 61
46 50
46 50
46 50
47 48
47 48
47 48
47 48
47 58
47 58
47 58
47 58
47 58
47 58
47 58
47 58
47 52
47 52
47 52
47 52
47 52
47 53
47 54
47 60
47 60
47 60
47 49
47 49
47 61
47 61
47 61
47 61
47 56
47 56
47 56
48 58
48 58
48 52
48 54
48 60
48 49
48 51
48 51
48 51
48 61
48 61
48 50
48 56
48 56
48 56
48 56
48 57
48 57
48 57
48 57
49 51
49 51
49 51
49 56
49 56
49 61
49 61
49 61
49 61
49 57
49 57
49 57
49 58
49 58
49 58
49 58
49 59
49 52
49 52
49 60
49 55
49 55
50 58
50 58
50 53
51 56
51 56
51 61
51 61
51 61
51 57
51 57
51 57
51 58
51 58
51 58
51 58
51 59
51 52
51 52
51 54
51 54
51 55
52 61
52 61
52 61
52 58
52 58
52 53
52 53
52 53
52 54
52 54
52 60
52 60
52 60
52 55
52 55
52 55
52 55
52 56
52 56
52 56
52 56
52 57
52 57
52 57
53 61
53 58
53 58
53 58
53 54
53 60
53 60
53 56
53 56
53 57
54 61
54 58
54 58
54 58
54 60
54 55
54 56
54 56
54 56
54 57
54 57
54 59
54 59
54 59
55 61
56 61
56 57
56 57
56 57
56 58
56 58
56 58
56 58
56 59
56 60
56 60
56 60
56 60
56 60
57 61
57 61
57 61
57 61
57 61
57 58
57 58
57 58
57 58
57 60
57 60
57 60
57 60
57 60
58 61
58 61
58 61
58 61
58 59
58 60
