0 1
0 1
0 2
0 3
0 3
0 4
0 5
0 6
0 7
0 8
0 9
0 10
0 11
0 12
0 13
0 14
0 15
0 16
0 17
0 18
0 19
0 20
0 21
0 22
0 23
0 24
0 25
0 26
0 27
0 28
0 29
0 30
0 31
0 32
0 33
0 34
0 35
0 36
0 37
0 38
0 39
0 40
0 41
0 42
0 43
0 44
0 45
0 46
0 47
0 48
0 49
0 50
0 51
0 52
0 53
0 54
0 55
0 56
0 57
0 58
0 59
0 60
0 61
0 62
0 63
0 64
0 65
0 66
0 67
0 68
0 69
0 70
0 71
0 72
0 73
0 74
0 75
0 76
0 77
0 78
0 79
0 80
0 81
1 3
1 5
1 2
1 82
2 999
2 4
3 5
3 6
4 998
4 999
5 6
5 7
6 7
6 8
7 8
7 9
8 9
8 10
9 10
9 11
9 83
10 11
10 12
11 13
11 84
12 13
12 14
13 14
13 15
14 15
14 16
15 16
15 17
16 17
16 18
17 18
17 19
18 19
18 20
19 20
19 21
19 85
20 21
20 22
21 22
21 23
21 86
22 23
22 24
23 24
23 25
24 25
24 26
25 26
25 27
26 27
26 28
27 28
27 29
28 29
28 30
29 31
29 87
30 31
30 32
31 32
31 33
32 33
32 34
33 34
33 35
33 88
34 35
34 36
35 36
35 37
36 37
36 38
36 89
37 38
37 39
38 39
38 40
39 40
39 41
40 41
40 42
41 42
41 43
42 43
42 44
43 44
43 45
44 45
44 90
45 46
45 47
46 47
46 48
47 48
47 49
47 91
48 92
48 93
49 50
49 94
50 51
50 52
50 95
51 52
51 53
52 54
52 96
53 54
53 55
54 55
54 56
55 56
55 57
56 57
56 58
57 59
57 97
58 59
58 60
59 60
59 61
60 61
60 62
61 62
61 63
62 63
62 64
63 64
63 65
64 65
64 66
65 66
65 67
66 67
66 68
67 68
67 69
68 69
68 88
69 70
69 71
69 98
70 71
70 72
71 72
71 73
72 73
72 99
73 74
73 75
74 76
74 100
75 76
75 77
76 77
76 78
77 78
77 79
78 79
78 80
79 80
79 81
80 81
80 101
81 101
81 102
82 939
82 940
82 942
83 480
83 481
83 482
84 198
84 320
84 248
84 321
85 863
85 864
85 865
86 516
86 115
86 519
86 520
87 388
87 390
87 392
88 892
88 893
88 894
89 806
89 807
89 809
90 373
90 375
90 377
90 379
91 481
91 482
92 811
92 812
92 813
92 308
93 466
93 467
93 317
93 468
94 309
94 627
94 628
94 629
95 767
95 768
95 771
96 170
96 172
96 173
96 174
97 525
97 526
97 527
97 528
98 737
98 739
99 259
99 638
99 639
99 494
100 232
100 233
100 234
100 235
101 102
101 103
102 103
102 104
103 104
103 105
104 106
104 107
105 257
105 258
105 260
105 261
106 107
106 108
107 108
107 109
108 109
108 110
109 110
109 111
110 112
110 113
111 833
111 834
111 835
112 113
112 114
113 114
113 115
114 116
114 117
115 515
115 516
115 518
116 117
116 118
117 118
117 119
118 119
118 120
119 120
119 121
120 121
120 122
121 122
121 123
122 123
122 124
123 125
123 126
123 127
124 957
124 958
124 959
124 176
125 476
125 480
125 207
126 440
126 441
126 442
126 443
127 206
127 209
128 129
128 130
129 130
129 131
129 132
130 131
130 133
131 133
131 134
132 623
132 624
132 570
133 134
133 135
133 136
134 135
134 137
135 137
135 138
136 986
136 987
136 988
137 138
137 139
138 139
138 140
139 140
139 141
139 142
140 141
140 143
140 144
140 145
141 143
141 146
142 804
142 405
143 146
143 147
144 366
144 368
144 370
145 363
145 931
145 932
146 147
146 148
147 149
147 150
147 151
148 755
148 758
148 760
149 152
149 153
150 794
150 795
150 796
150 797
151 512
151 513
151 514
152 153
152 154
152 155
153 154
153 156
154 156
154 157
155 528
155 529
155 531
156 157
156 158
157 158
157 159
158 159
158 160
159 160
159 161
160 161
160 162
160 163
161 164
161 165
161 166
162 164
162 167
163 774
163 582
163 775
164 167
164 168
164 169
165 464
165 466
165 467
166 335
166 336
166 339
167 168
167 170
167 171
168 170
168 172
169 640
169 641
170 172
171 350
171 351
171 352
172 173
173 174
173 175
174 175
174 176
175 177
175 178
176 720
176 959
176 961
177 178
177 179
178 179
178 180
179 180
179 181
180 181
180 182
181 182
181 183
182 183
182 184
183 184
183 185
184 185
184 186
185 186
185 187
186 187
186 188
187 188
187 189
188 189
188 190
189 190
189 191
190 191
190 192
191 192
191 193
191 194
192 193
192 195
193 195
193 196
194 594
194 595
194 597
195 197
195 198
196 197
196 199
197 200
197 201
198 316
198 319
198 320
199 735
199 400
199 736
199 310
200 201
200 202
201 202
201 203
202 203
202 204
203 204
203 205
204 205
204 206
205 206
205 207
205 208
206 209
207 655
207 656
207 658
208 875
208 876
208 597
208 670
209 210
209 211
210 211
210 212
211 212
211 213
212 213
212 214
213 214
213 215
214 215
214 216
215 216
215 217
216 217
216 218
217 218
217 219
218 219
218 220
219 220
219 221
219 222
220 223
220 224
221 223
221 225
222 889
222 890
222 405
223 225
223 226
224 251
224 789
224 555
224 779
225 227
225 228
225 229
226 230
226 231
227 449
227 450
227 338
227 451
228 827
228 828
228 830
229 509
229 510
229 511
229 512
230 231
230 232
231 232
231 233
232 233
233 234
234 235
234 236
235 236
235 237
235 238
236 237
236 239
237 239
237 240
238 899
238 900
238 902
239 240
239 241
239 242
240 241
240 243
241 243
241 244
242 541
242 772
242 773
242 275
243 244
243 245
244 245
244 246
245 246
245 247
246 247
246 248
247 249
247 250
248 320
248 321
248 322
249 250
249 251
250 252
250 253
250 254
251 255
251 256
252 983
252 984
252 985
252 270
253 612
253 613
253 615
253 616
254 618
254 906
254 907
254 909
255 257
255 258
256 727
256 728
256 729
257 259
258 260
259 635
259 636
259 638
260 262
260 263
261 992
261 733
261 993
261 994
262 263
262 264
263 264
263 265
264 265
264 266
265 266
265 267
266 267
266 268
267 269
267 270
268 269
268 271
269 271
269 272
270 985
270 986
270 987
271 272
271 273
272 274
272 275
272 276
273 277
273 278
274 365
274 580
274 581
274 583
274 584
275 773
275 774
275 582
276 874
276 710
276 766
277 278
277 279
278 279
278 280
279 280
279 281
280 281
280 282
281 282
281 283
282 283
282 284
282 285
283 284
283 286
284 286
284 287
285 468
285 469
285 471
286 288
286 289
287 290
287 291
288 648
288 649
288 650
288 651
289 561
289 562
289 564
289 565
290 291
290 292
291 292
291 293
292 293
292 294
293 294
293 295
293 296
294 295
294 297
294 298
295 297
295 299
296 537
296 448
296 522
297 299
297 300
298 841
298 842
298 844
299 300
299 301
300 302
300 303
301 302
301 304
302 304
302 305
303 715
303 717
303 718
303 719
304 305
304 306
305 306
305 307
305 308
306 307
306 309
306 310
307 309
307 311
308 813
308 814
309 311
309 312
310 736
310 737
311 312
311 313
312 313
312 314
313 314
313 315
314 316
314 317
315 316
315 318
316 319
317 467
317 468
317 469
318 808
318 809
318 810
318 811
319 320
321 322
321 323
322 323
322 324
322 325
322 326
323 324
323 327
324 327
324 328
325 647
325 821
325 822
326 824
326 825
326 453
327 328
327 329
328 329
328 330
329 330
329 331
330 331
330 332
331 332
331 333
332 333
332 334
333 334
333 335
334 336
334 337
335 336
336 338
337 363
337 364
337 366
337 368
338 450
338 451
338 452
339 340
339 341
339 343
340 341
340 342
341 343
341 344
342 881
342 882
342 884
343 344
343 345
344 345
344 346
345 347
345 348
346 629
346 630
346 631
346 632
347 348
347 349
348 350
348 351
349 769
349 851
349 852
349 853
350 351
351 352
352 353
352 354
353 354
353 355
354 355
354 356
355 356
355 357
356 357
356 358
356 359
357 358
357 360
358 360
358 361
359 925
359 926
359 563
360 361
360 362
361 362
361 363
362 364
362 365
363 364
364 366
364 367
365 578
365 579
365 580
366 368
367 744
367 745
367 746
368 369
369 370
369 371
370 371
370 372
371 372
371 373
371 374
372 373
372 375
373 375
373 376
374 921
374 922
374 924
375 377
375 378
376 752
376 754
377 379
377 380
378 869
378 870
378 872
379 380
379 381
380 381
380 382
381 382
381 383
382 383
382 384
383 384
383 385
384 385
384 386
385 386
385 387
386 387
386 388
387 388
387 389
388 389
389 390
389 391
390 392
390 393
391 927
391 563
391 928
391 929
392 393
392 394
392 395
393 394
393 396
394 396
394 397
395 923
395 924
395 817
396 397
396 398
397 398
397 399
397 400
398 401
398 402
399 819
399 574
399 820
399 821
400 734
400 735
401 402
401 403
402 403
402 404
403 404
403 405
404 406
404 407
405 890
405 891
406 407
406 408
407 408
407 409
408 409
408 410
409 410
409 411
409 412
410 411
410 413
411 413
411 414
412 442
412 443
412 445
413 414
413 415
414 415
414 416
415 416
415 417
416 417
416 418
417 418
417 419
418 419
418 420
419 421
419 422
420 421
420 423
421 424
421 425
422 896
422 897
422 898
422 899
423 683
423 970
423 971
423 972
424 425
424 426
424 427
425 426
425 428
425 429
426 428
426 430
427 608
427 788
427 919
428 430
428 431
429 662
429 637
429 663
430 431
430 432
431 432
431 433
432 434
432 435
433 674
433 675
433 676
433 540
434 436
434 437
434 438
435 459
435 460
435 461
435 462
436 437
436 439
437 439
437 440
438 586
438 587
438 589
439 440
439 441
440 441
441 442
442 443
443 444
444 445
444 446
445 447
445 448
446 447
446 449
447 449
447 450
448 535
448 537
448 538
448 539
449 450
451 452
451 453
451 454
452 455
452 456
453 825
453 826
454 996
454 997
454 998
454 999
455 456
455 457
456 457
456 458
457 458
457 459
458 459
458 460
459 460
460 461
461 462
461 463
462 463
462 464
462 465
463 464
463 465
464 465
465 466
466 467
468 469
469 470
470 471
470 472
471 472
471 473
472 473
472 474
473 474
473 475
474 475
474 476
475 476
475 477
476 477
477 478
477 479
478 480
478 481
479 803
479 804
479 805
479 806
480 481
482 483
482 484
482 485
483 484
483 486
484 486
484 487
485 893
485 757
486 487
486 488
487 488
487 489
488 489
488 490
488 491
489 490
489 492
490 492
490 493
490 494
491 864
491 865
492 493
492 495
492 496
493 495
493 497
494 639
494 640
495 498
495 499
496 522
496 543
497 498
497 500
498 500
498 501
499 678
499 680
499 681
499 682
500 501
500 502
501 502
501 503
502 503
502 504
503 504
503 505
504 505
504 506
505 506
505 507
506 507
506 508
507 508
507 509
508 509
508 510
509 510
510 511
511 512
511 513
512 513
513 514
514 515
514 516
515 516
516 517
517 521
518 521
518 522
519 872
519 873
519 874
520 910
520 761
520 912
521 523
521 524
522 538
522 541
523 524
523 525
524 525
524 526
525 526
526 527
527 528
527 529
528 529
529 530
530 531
530 532
531 532
531 533
532 534
532 535
532 536
533 914
533 915
533 916
533 917
534 535
534 537
535 537
536 611
536 833
536 834
538 540
539 934
539 826
539 935
540 676
540 678
540 680
541 542
542 543
542 544
543 544
543 545
544 545
544 546
545 546
545 547
546 547
546 548
547 548
547 549
547 550
548 549
548 551
549 551
549 552
550 867
550 868
550 869
551 552
551 553
552 554
552 555
553 554
553 556
554 556
554 557
555 789
555 779
555 790
556 557
556 558
557 558
557 559
558 559
558 560
559 560
559 561
560 562
560 563
561 562
562 564
563 927
563 928
564 565
564 566
565 566
565 567
566 568
566 569
566 570
567 838
567 839
567 840
567 841
568 569
568 571
569 571
569 572
570 626
570 627
571 573
571 574
572 573
572 575
573 575
573 576
574 818
574 819
574 820
575 576
575 577
576 577
576 578
577 578
577 579
578 579
579 580
580 581
580 582
581 583
581 585
582 774
583 585
583 586
584 750
584 751
584 752
585 586
585 587
586 587
587 588
588 589
588 590
589 590
589 591
590 591
590 592
591 592
591 593
592 593
592 594
593 594
593 595
594 595
595 596
596 598
596 599
597 876
597 670
597 877
598 599
598 600
599 600
599 601
600 601
600 602
600 603
601 602
601 604
602 604
602 605
603 723
603 724
603 725
604 605
604 606
605 606
605 607
606 607
606 608
607 608
607 609
608 609
608 610
608 611
609 610
609 612
610 612
610 613
611 832
611 716
612 613
613 614
614 615
614 617
615 617
615 618
616 829
616 830
616 832
617 618
617 619
618 619
618 620
619 621
619 622
620 853
620 854
620 855
620 856
621 622
621 623
622 623
622 624
622 625
623 624
624 626
625 786
625 787
625 789
626 627
627 628
628 629
629 630
630 631
631 632
631 633
632 633
632 634
633 634
633 635
634 635
634 636
634 637
635 636
636 638
637 661
637 662
638 639
639 640
640 641
641 642
641 643
642 643
642 644
643 644
643 645
644 645
644 646
645 646
645 647
646 647
646 648
647 648
647 649
648 649
649 650
650 651
650 652
650 653
651 652
651 654
652 654
652 655
653 731
653 732
653 735
654 655
654 656
655 656
656 657
657 658
657 659
658 659
658 660
659 660
659 661
660 661
660 662
661 662
663 664
663 665
663 666
664 665
665 666
665 667
666 667
666 668
667 668
667 669
667 670
668 669
668 671
669 672
669 673
670 877
671 990
671 705
671 991
671 992
672 673
672 674
673 674
673 675
674 675
675 676
675 677
676 678
676 679
677 843
677 844
677 846
678 680
679 724
679 953
679 954
680 681
681 682
681 683
682 684
682 685
683 686
684 686
684 687
685 753
685 754
685 755
685 756
686 687
686 688
687 688
687 689
688 689
688 690
689 690
689 691
690 691
690 692
691 692
691 693
692 693
692 694
693 694
693 695
694 695
694 696
695 696
695 697
696 697
696 698
697 698
697 699
697 700
698 701
698 702
699 955
699 956
699 957
700 968
700 969
701 702
701 703
702 704
702 705
703 704
703 706
704 706
704 707
705 841
705 990
706 707
706 708
707 708
707 709
707 710
708 709
708 711
709 711
709 712
710 873
710 874
711 712
711 713
711 714
712 713
712 715
713 715
713 716
714 787
714 789
715 717
716 831
716 832
716 833
717 718
718 719
718 720
719 720
719 721
720 721
720 722
721 722
721 723
722 723
722 724
723 724
724 725
725 726
725 727
726 727
726 728
727 728
728 729
729 730
729 731
730 732
730 733
731 732
732 734
733 991
733 992
733 993
734 735
736 737
737 738
738 739
738 740
739 740
739 741
740 741
740 742
741 742
741 743
742 743
742 744
743 744
743 745
744 745
745 746
746 747
746 748
747 748
747 749
748 749
748 750
749 750
749 751
750 751
751 752
752 753
753 754
754 755
755 756
755 757
756 758
756 759
757 967
757 968
757 969
758 760
758 761
759 856
759 857
759 858
759 859
760 762
760 763
761 813
761 909
761 910
761 911
762 763
762 764
763 764
763 765
763 766
764 765
764 767
765 767
765 768
765 769
766 875
767 768
768 770
769 849
769 850
770 771
770 772
771 772
771 773
772 773
775 776
775 777
776 777
776 778
776 779
777 778
777 780
778 780
778 781
779 791
780 781
780 782
781 782
781 783
782 783
782 784
783 784
783 785
784 785
784 786
785 786
785 787
786 788
788 918
788 919
790 791
790 792
791 792
791 793
792 793
792 794
793 794
793 795
794 795
795 796
796 797
796 798
797 798
797 799
798 799
798 800
799 800
799 801
800 801
800 802
801 802
801 803
802 803
802 804
803 804
804 805
805 806
805 807
806 807
807 808
808 809
809 810
810 811
810 812
811 812
812 813
813 814
814 815
814 816
815 816
815 817
816 818
816 819
817 924
817 925
817 926
818 819
820 821
820 822
821 822
822 823
823 824
823 825
824 825
826 934
826 935
827 828
828 829
829 830
830 831
831 832
834 835
834 836
835 836
835 837
836 837
836 838
837 838
837 839
838 839
839 840
840 841
840 842
841 842
842 843
843 844
844 845
845 846
845 847
846 847
846 848
847 848
847 849
848 849
848 850
849 850
850 851
851 852
852 853
852 854
853 854
854 855
855 856
855 857
856 857
857 858
858 859
858 860
859 860
859 861
860 861
860 862
861 862
861 863
862 863
862 864
863 864
865 866
865 867
866 867
866 868
867 868
868 869
869 870
869 871
870 872
871 969
871 970
871 971
872 873
873 874
875 876
877 878
877 879
878 879
878 880
879 880
879 881
880 881
880 882
881 882
882 883
883 884
883 885
884 885
884 886
885 886
885 887
886 887
886 888
887 888
887 889
888 889
888 890
889 890
891 892
891 893
892 893
894 895
894 896
895 896
895 897
896 897
897 898
898 899
898 900
899 900
900 901
901 902
901 903
902 903
902 904
903 904
903 905
904 905
904 906
905 906
905 907
906 907
907 908
908 909
908 910
909 910
911 917
911 918
911 919
912 913
912 914
913 914
913 915
914 915
915 916
916 917
916 918
917 918
919 920
920 921
920 922
921 922
922 923
923 924
925 926
926 927
928 929
928 930
929 930
929 931
930 931
930 932
930 933
931 932
932 934
933 988
933 989
933 990
935 936
935 937
936 937
936 938
937 938
937 939
938 939
938 940
939 940
940 941
941 942
941 943
942 943
942 944
943 944
943 945
944 945
944 946
945 946
945 947
946 947
946 948
947 948
947 949
948 949
948 950
949 950
949 951
950 951
950 952
951 952
951 953
952 953
952 954
953 954
954 955
955 956
956 957
956 958
957 958
958 959
959 960
960 961
960 962
961 962
961 963
962 963
962 964
963 964
963 965
964 965
964 966
965 966
965 967
966 967
966 968
967 968
969 970
971 972
971 973
972 973
972 974
973 974
973 975
974 975
974 976
975 976
975 977
976 977
976 978
977 978
977 979
978 979
978 980
979 980
979 981
980 981
980 982
981 982
981 983
982 983
982 984
983 984
984 985
985 986
986 987
987 988
988 989
989 990
991 992
993 994
993 995
994 995
994 996
995 996
995 997
996 997
997 998
998 999
