0 1
0 1
0 2
0 3
0 3
0 4
0 5
0 5
0 6
0 7
0 7
0 8
0 9
0 9
0 10
0 11
0 12
0 13
0 14
0 15
0 16
0 17
0 18
0 19
0 20
0 21
0 22
0 23
0 24
0 25
0 26
0 27
0 28
0 29
0 30
0 31
0 32
0 33
0 34
0 35
0 36
0 37
0 38
0 39
0 40
0 41
0 42
0 43
0 44
0 45
0 46
0 47
0 48
0 49
0 50
0 51
0 52
0 53
0 54
0 55
0 56
0 57
0 58
0 59
0 60
0 61
0 62
0 63
0 64
0 65
0 66
0 67
0 68
0 69
0 70
0 71
0 72
0 73
0 74
0 75
0 76
0 77
0 78
0 79
0 80
0 81
0 82
0 83
0 84
0 85
0 86
0 87
0 88
0 89
0 90
0 91
0 92
0 93
0 94
0 95
0 96
0 97
0 98
0 99
0 100
0 101
0 102
0 103
0 104
1 3
1 5
1 2
1 7
1 4
1 9
1 6
1 11
1 8
1 105
1 21
1 106
2 5
2 7
2 104
2 10
2 8
2 6
2 4
3 5
3 7
3 9
3 11
3 4
3 12
3 6
3 97
4 5
4 188
4 128
4 10
4 8
4 6
5 7
5 9
5 11
5 12
5 13
6 55
6 199
6 128
6 138
6 10
7 9
7 11
7 13
7 14
7 54
7 38
8 38
8 144
8 199
8 128
8 138
8 10
9 11
9 12
9 13
9 14
9 15
10 198
10 199
10 128
10 138
11 12
11 13
11 14
11 15
11 16
12 13
12 14
12 15
12 16
12 17
13 14
13 15
13 16
13 17
13 18
13 107
14 15
14 16
14 17
14 18
14 19
14 56
15 16
15 17
15 18
15 19
15 20
15 71
16 17
16 18
16 19
16 20
16 21
16 108
17 18
17 19
17 20
17 21
17 22
17 109
18 19
18 20
18 22
18 23
18 110
18 111
19 21
19 22
19 23
19 24
19 112
19 81
20 21
20 22
20 23
20 24
20 25
20 57
20 113
21 22
21 23
21 25
21 26
21 114
22 23
22 24
22 25
22 26
22 27
23 24
23 25
23 26
23 27
23 28
23 29
24 25
24 26
24 27
24 40
24 115
25 26
25 27
25 28
25 30
25 116
25 44
26 27
26 28
26 29
26 30
26 117
26 118
27 28
27 29
27 31
27 32
27 76
27 119
28 29
28 30
28 31
28 33
28 120
28 121
29 30
29 31
29 34
29 122
30 31
30 32
30 33
30 34
30 35
31 32
31 34
31 35
31 36
31 63
31 123
31 124
32 33
32 34
32 35
32 36
32 37
33 34
33 35
33 36
33 37
33 38
34 35
34 36
34 37
34 38
34 39
34 125
35 36
35 37
35 38
35 39
35 40
36 37
36 39
36 40
36 41
36 104
37 38
37 39
37 40
37 41
37 42
38 39
38 40
38 42
38 126
39 40
39 41
39 42
39 43
39 44
40 41
40 42
40 44
40 45
40 67
40 114
41 42
41 43
41 44
41 45
41 46
42 43
42 44
42 45
42 46
42 47
43 44
43 45
43 46
43 47
43 48
44 45
44 46
44 47
44 48
44 49
44 127
45 46
45 47
45 48
45 49
45 50
46 47
46 48
46 49
46 51
46 128
47 48
47 49
47 51
47 52
47 116
47 129
48 49
48 50
48 51
48 52
48 53
49 50
49 51
49 52
49 54
49 127
49 130
49 86
50 51
50 52
50 53
50 55
50 131
50 132
51 52
51 53
51 54
51 55
51 56
52 53
52 54
52 55
52 56
52 57
52 69
52 133
53 54
53 55
53 56
53 57
53 58
53 79
54 55
54 56
54 57
54 58
54 59
54 134
55 56
55 57
55 59
55 60
56 58
56 59
56 60
56 61
57 58
57 59
57 60
57 62
58 59
58 60
58 61
58 62
58 63
58 115
59 60
59 61
59 62
59 63
59 64
60 61
60 62
60 63
60 64
60 65
61 62
61 63
61 64
61 84
61 135
61 136
62 63
62 64
62 65
62 66
62 67
63 65
63 66
63 68
63 137
63 138
64 65
64 66
64 67
64 68
64 69
65 67
65 68
65 70
65 83
65 101
66 67
66 68
66 69
66 70
66 71
67 69
67 70
67 71
67 72
68 69
68 70
68 71
68 72
68 73
69 70
69 71
69 72
69 73
70 71
70 72
70 73
70 74
70 75
70 139
71 73
71 74
71 75
71 76
72 73
72 75
72 76
72 77
72 108
72 113
73 74
73 75
73 76
73 77
73 78
74 75
74 76
74 78
74 79
74 140
74 141
75 76
75 77
75 78
75 79
75 80
75 142
76 78
76 79
76 80
76 143
77 78
77 80
77 81
77 82
77 108
78 79
78 80
78 81
78 82
78 83
78 93
78 96
78 144
79 80
79 81
79 82
79 84
80 81
80 82
80 83
80 84
80 145
81 82
81 83
81 84
81 85
82 84
82 85
82 86
82 87
82 146
82 113
83 84
83 85
83 86
83 87
83 88
84 87
84 88
84 89
84 104
85 86
85 87
85 88
85 89
85 90
86 87
86 88
86 89
86 90
87 88
87 89
87 90
87 91
87 92
88 89
88 90
88 91
88 92
88 147
89 90
89 91
89 92
89 94
89 148
90 91
90 92
90 94
90 95
90 126
91 92
91 94
91 95
91 96
91 149
91 150
92 93
92 94
92 95
92 96
92 97
93 94
93 96
93 97
93 98
93 151
94 95
94 96
94 97
94 98
94 99
95 96
95 97
95 98
95 99
95 100
96 97
96 98
96 99
96 101
97 99
97 100
97 101
97 102
98 99
98 100
98 101
98 102
98 103
98 147
99 100
99 101
99 102
99 103
99 104
100 101
100 102
100 103
100 104
100 152
101 102
101 103
101 104
101 152
101 153
101 154
102 103
102 104
102 153
102 111
102 106
102 155
103 104
103 152
103 153
103 156
103 123
104 152
104 153
104 111
104 156
104 157
104 121
105 132
105 142
105 165
105 148
105 166
105 151
105 110
105 167
106 132
106 142
106 165
106 148
106 166
106 110
106 168
106 122
107 170
107 127
107 134
107 133
107 113
107 173
107 130
107 174
107 139
108 158
108 113
108 173
108 130
108 174
108 175
108 178
108 179
108 137
109 171
109 137
109 172
109 162
109 129
109 181
109 182
109 183
110 166
110 151
110 146
110 168
110 131
110 112
110 169
110 124
111 152
111 153
111 156
111 157
111 159
111 160
112 146
112 168
112 131
112 124
112 122
112 170
112 127
112 120
113 134
113 133
113 167
113 173
113 174
114 141
114 188
114 189
114 190
114 164
114 120
114 126
114 191
114 149
114 123
114 138
115 158
115 159
115 160
115 154
115 161
115 132
115 165
115 148
115 117
115 149
116 178
116 179
116 171
116 137
116 172
116 162
116 129
116 180
117 170
117 134
117 133
117 167
117 173
117 130
118 192
118 193
118 135
118 125
118 155
118 163
118 195
118 177
118 150
118 194
119 185
119 145
119 186
119 143
119 187
119 188
119 189
119 190
119 164
119 120
120 188
120 189
120 190
120 164
120 126
120 191
120 139
120 149
121 196
121 136
121 197
121 144
121 128
122 168
122 131
122 169
122 124
122 170
122 127
122 134
123 126
123 191
123 139
123 149
123 193
123 135
123 125
123 155
124 168
124 169
124 170
124 127
124 134
124 133
125 149
125 192
125 193
125 135
125 163
125 195
125 177
126 189
126 190
126 164
126 191
126 139
126 149
126 192
127 170
127 133
127 167
127 172
128 169
128 197
128 198
128 144
128 199
128 138
129 131
129 137
129 172
129 162
129 180
129 181
129 183
129 176
130 167
130 173
130 174
130 175
130 178
131 166
131 151
131 146
131 168
131 169
132 159
132 154
132 161
132 142
132 165
132 148
133 170
133 162
133 139
134 169
134 170
134 167
135 149
135 192
135 193
135 155
135 163
135 195
136 150
136 194
136 196
136 140
136 197
136 198
136 144
136 199
137 141
137 178
137 179
137 171
137 172
137 162
138 197
138 198
138 199
139 164
139 191
139 149
139 194
140 161
140 195
140 177
140 150
140 194
140 196
140 197
140 198
140 144
141 173
141 178
141 179
141 171
142 160
142 154
142 165
142 166
143 147
143 184
143 185
143 145
143 186
143 187
143 188
143 189
143 190
144 192
144 197
144 198
144 199
145 183
145 176
145 147
145 184
145 185
145 186
145 187
145 188
146 148
146 166
146 151
146 168
146 169
147 180
147 181
147 182
147 183
147 176
147 184
147 186
148 161
148 165
148 166
148 151
149 184
149 191
149 192
149 193
150 155
150 163
150 195
150 177
150 194
150 196
151 157
151 165
151 166
151 168
152 153
152 156
152 157
152 158
153 156
153 157
153 158
153 159
154 156
154 157
154 158
154 159
154 160
154 161
154 164
155 185
155 192
155 193
155 195
155 177
156 157
156 158
156 159
156 160
157 158
157 159
157 161
157 162
158 159
158 160
159 160
159 161
160 161
160 163
161 165
162 179
162 171
162 172
162 180
162 182
163 175
163 193
163 195
163 177
163 194
163 196
164 187
164 188
164 189
164 190
165 166
166 168
167 173
167 175
167 176
167 177
168 169
169 170
169 171
171 174
171 175
171 178
171 179
171 172
172 178
172 179
172 180
172 181
173 174
173 175
174 175
174 178
174 179
175 178
175 179
176 180
176 181
176 182
176 183
176 184
176 185
176 186
177 195
177 194
177 196
178 179
180 181
180 182
180 183
181 182
181 183
181 184
182 183
182 184
182 185
183 184
183 185
184 185
184 187
185 186
185 187
186 187
186 188
186 189
187 188
187 189
187 190
188 190
189 190
190 191
191 192
191 193
192 193
194 195
194 196
194 197
195 196
196 197
196 198
197 198
197 199
198 199
