0 1
0 1
0 2
0 3
0 4
0 5
0 6
0 7
0 8
0 9
0 10
0 11
0 12
0 13
0 14
0 15
0 16
0 17
0 18
0 19
0 20
0 21
0 22
0 23
0 24
0 25
0 26
0 27
0 28
0 29
0 30
0 31
0 32
0 33
0 34
0 35
0 36
0 37
0 38
0 39
0 40
0 41
0 42
0 43
0 44
0 45
0 46
0 47
0 48
0 49
0 50
0 51
0 52
0 53
0 54
0 55
0 56
0 57
0 58
0 59
0 60
0 61
0 62
0 63
0 64
0 65
0 66
0 67
0 68
0 69
0 70
0 71
0 72
0 73
0 74
0 75
0 76
0 77
0 78
0 79
0 80
0 81
0 82
0 83
0 84
0 85
0 86
0 87
0 88
0 89
0 90
0 91
0 92
0 93
0 94
0 95
0 96
0 97
0 98
0 99
0 100
0 101
0 102
0 103
1 25
1 42
1 91
1 175
2 118
2 443
2 350
3 277
3 327
3 257
3 289
3 405
3 204
3 296
4 36
4 371
4 150
4 222
5 181
5 302
5 199
6 86
6 104
6 105
6 106
6 107
7 16
7 36
7 96
7 108
7 109
7 110
8 69
8 111
8 112
8 113
9 114
9 115
9 116
9 117
10 118
10 119
10 120
11 99
11 121
11 122
11 123
11 124
11 125
12 13
12 126
13 127
13 128
13 129
14 22
14 88
14 130
14 131
14 132
14 115
14 133
14 134
15 135
15 136
15 137
15 138
15 139
15 140
15 141
15 142
16 143
16 144
16 145
17 146
17 121
17 147
17 148
17 149
17 150
17 151
18 38
18 92
18 152
18 153
18 154
18 155
19 87
19 156
19 157
20 139
21 158
21 159
21 160
21 161
21 162
21 163
21 144
21 164
22 153
22 165
23 28
23 34
23 166
23 167
23 168
23 169
24 34
24 159
24 170
25 56
25 171
25 155
26 172
26 160
26 115
26 173
27 46
27 174
28 82
28 175
28 154
29 59
29 176
29 127
29 177
29 178
29 179
29 180
30 181
30 182
31 35
31 60
31 61
31 183
31 184
31 185
32 186
32 119
33 187
33 188
33 189
33 190
33 191
34 92
34 192
34 193
34 194
34 184
34 195
35 196
35 106
36 121
36 197
36 198
36 199
37 200
37 119
37 201
38 86
38 202
38 203
38 204
38 205
39 66
39 206
39 148
39 177
39 207
39 199
40 208
40 209
40 172
40 210
40 211
40 212
41 135
41 213
41 214
41 180
41 215
42 54
42 216
43 145
44 49
44 217
44 114
44 218
45 76
45 78
45 88
45 219
45 220
45 221
45 222
46 56
46 60
46 87
46 223
46 224
47 194
47 225
47 226
47 182
47 227
47 228
47 190
48 111
48 229
48 230
49 89
49 231
49 232
49 127
49 233
49 184
49 234
49 235
49 236
50 105
50 237
51 123
51 238
51 239
51 117
52 240
52 241
52 242
52 106
52 243
53 66
53 82
53 99
53 244
53 245
53 246
53 247
54 217
54 130
54 113
54 228
54 119
54 248
55 67
55 232
55 154
55 249
56 74
56 192
56 210
56 160
56 250
56 251
57 252
57 253
57 180
58 152
58 254
58 255
58 247
59 69
59 156
59 256
59 191
60 83
60 100
60 257
60 181
61 258
61 225
61 259
61 260
62 101
62 261
62 262
63 263
63 264
63 250
63 265
63 215
63 145
64 266
64 109
64 119
64 207
65 267
65 268
65 269
65 270
65 271
66 121
66 153
66 261
66 272
66 273
67 127
67 160
67 274
68 84
68 275
68 176
68 276
68 230
69 102
69 148
70 94
70 277
70 278
71 224
71 279
71 259
72 280
72 187
72 281
72 282
72 283
73 103
73 284
73 285
73 286
74 82
74 91
74 112
74 287
74 288
74 113
74 140
74 273
74 120
75 105
75 198
76 95
76 274
77 105
77 289
77 290
78 156
78 291
78 140
78 292
79 293
79 294
80 295
80 197
80 163
80 296
81 200
81 262
81 297
82 298
82 299
82 300
83 229
83 301
83 181
83 302
84 87
84 167
84 132
84 125
86 87
86 90
86 103
86 303
86 304
86 168
87 305
87 306
87 307
87 221
88 308
88 299
88 309
89 310
89 156
89 311
89 312
89 313
89 314
89 253
89 201
89 315
90 217
90 241
90 316
90 267
90 317
90 185
91 318
91 319
91 320
92 209
92 298
92 321
92 142
93 322
93 189
94 232
94 287
94 323
95 324
95 159
95 180
96 135
96 252
96 325
97 324
97 326
97 327
97 181
97 328
98 329
98 330
98 175
98 202
98 264
98 115
98 331
99 332
100 202
100 116
100 333
101 192
101 111
101 334
101 335
101 160
101 319
101 292
102 336
102 337
102 338
102 339
103 340
103 226
103 288
103 281
104 318
104 367
105 267
106 280
106 146
106 159
106 277
106 257
107 462
107 152
107 123
107 139
108 172
108 336
108 376
108 377
109 229
109 358
109 228
110 231
110 307
110 294
110 413
111 153
111 265
111 359
111 169
112 335
112 200
112 114
113 329
113 400
113 343
114 397
114 399
114 258
114 267
114 396
114 163
114 471
114 164
115 135
115 336
115 175
115 352
115 332
115 138
115 403
115 296
116 419
116 314
116 403
116 220
116 124
116 190
117 427
117 253
118 385
119 298
119 478
119 487
120 280
120 407
120 453
120 464
120 302
120 439
120 261
120 180
120 353
121 135
121 275
121 276
121 277
121 253
121 292
121 338
121 155
121 390
122 280
122 340
122 326
122 318
122 438
122 382
123 396
123 256
123 185
124 432
124 171
124 457
125 332
125 431
126 346
126 352
126 425
126 264
126 133
127 424
127 268
127 381
128 131
128 265
128 446
128 170
128 189
129 194
129 308
129 307
129 161
129 492
129 456
130 381
131 217
131 202
131 143
132 395
132 146
132 433
132 250
132 285
132 186
132 475
132 363
133 180
134 316
134 302
134 139
134 491
134 487
135 349
135 208
135 309
135 350
136 216
136 267
136 354
136 355
136 259
137 310
137 287
137 141
138 303
138 314
139 295
139 328
140 280
140 251
140 290
140 328
140 470
141 440
141 301
141 291
141 345
141 143
141 375
141 151
142 192
143 369
144 336
144 445
144 441
144 201
144 154
145 258
145 250
146 360
146 312
146 330
146 233
146 271
146 173
147 441
147 205
148 428
148 366
148 339
149 152
149 354
149 164
150 180
150 221
151 441
151 252
151 469
151 163
152 333
152 196
152 262
152 255
152 394
152 382
153 361
153 231
153 264
153 162
154 308
154 268
154 182
154 201
154 348
155 268
155 468
155 471
155 487
155 382
156 312
156 281
156 378
156 196
157 360
157 293
157 402
157 270
157 403
157 179
157 273
157 404
158 263
158 241
158 277
158 293
158 269
158 238
158 228
159 400
159 197
159 299
160 225
160 178
160 320
161 306
161 265
162 383
162 198
163 341
163 299
163 446
163 343
164 295
164 425
164 214
164 394
164 297
165 295
165 236
166 416
166 316
166 430
166 431
166 188
166 245
167 192
167 305
167 416
167 451
167 308
167 430
167 237
168 334
168 321
168 421
168 207
169 346
169 311
169 465
169 182
169 198
169 375
170 217
170 430
170 261
170 272
170 384
170 171
171 219
171 285
172 257
172 242
172 417
172 418
172 178
173 407
173 269
173 481
173 495
174 208
174 388
174 302
174 285
175 430
175 253
176 365
176 374
176 330
176 411
177 243
177 259
178 279
179 327
179 385
180 324
180 312
180 316
180 369
180 482
180 494
180 248
181 327
181 252
181 182
181 385
182 422
183 344
183 334
183 284
183 214
183 198
184 229
184 460
184 353
184 479
184 370
185 340
185 224
185 435
185 319
185 448
188 318
188 458
188 190
189 229
189 342
189 253
190 206
190 389
190 256
191 240
191 311
191 368
191 264
191 235
192 218
192 339
193 410
193 398
193 390
194 388
194 369
195 231
195 316
195 415
195 403
196 439
196 449
197 448
198 210
199 327
199 202
199 256
199 343
199 479
200 346
200 330
200 287
200 272
200 201
201 444
201 467
201 353
201 495
202 236
203 231
203 215
203 382
204 321
204 376
204 221
205 266
205 492
205 467
206 402
206 434
206 469
206 322
207 334
207 335
208 407
208 408
208 401
208 409
208 256
209 364
209 414
209 415
210 398
210 389
210 422
210 296
211 434
211 435
211 436
212 435
213 225
213 432
213 321
214 419
214 294
214 285
214 467
214 230
215 275
215 414
215 251
215 474
215 487
215 479
215 222
216 385
217 346
217 281
217 358
217 302
217 239
217 359
217 236
218 279
218 418
218 436
219 226
219 392
219 273
220 360
220 440
220 396
220 321
220 279
220 426
220 477
221 317
221 338
222 240
222 453
222 264
222 331
222 333
222 471
223 412
223 411
224 360
224 431
225 330
225 427
225 299
225 369
225 405
226 392
227 428
227 372
228 364
228 240
228 306
228 323
228 273
228 458
228 461
229 276
229 270
230 335
230 470
230 249
230 260
231 358
231 367
231 384
232 391
233 414
233 267
234 411
234 421
234 461
234 479
235 355
236 380
236 347
237 450
238 357
238 477
238 393
239 361
239 311
239 261
240 335
240 383
240 355
241 378
242 451
242 304
242 454
243 307
243 252
244 462
244 484
244 436
244 467
245 464
246 435
247 371
247 432
247 403
247 339
249 378
250 344
250 459
251 410
251 357
251 255
253 471
254 305
254 391
254 258
254 469
255 406
255 429
256 388
257 319
257 459
258 362
258 407
258 413
259 395
259 321
259 449
260 313
260 427
260 394
261 450
261 286
261 274
262 386
262 370
263 326
263 318
263 345
264 358
265 451
266 426
267 298
267 442
268 391
268 293
268 390
270 406
271 305
272 312
272 287
272 392
273 386
274 365
275 372
275 373
276 410
276 314
277 421
277 457
278 340
278 397
278 308
279 399
280 368
280 299
280 282
280 369
280 370
281 354
282 386
282 306
282 322
282 467
282 339
283 452
283 453
283 306
283 387
284 381
284 442
284 403
284 290
284 443
285 341
285 314
285 485
285 475
286 313
286 445
286 295
287 456
288 321
288 469
288 472
288 289
288 448
289 352
289 295
292 395
292 462
292 434
292 426
292 454
293 402
294 321
295 466
295 328
296 399
296 483
297 454
298 449
299 379
299 336
299 434
300 386
300 311
301 451
301 470
302 344
302 453
302 455
303 351
303 352
303 353
304 406
304 354
305 320
306 463
306 355
306 448
308 426
308 319
309 407
309 408
309 333
311 405
312 364
313 326
313 336
313 444
313 402
313 319
314 444
315 478
315 420
316 433
316 368
316 444
316 380
317 376
318 428
321 324
321 467
322 337
323 406
324 356
324 357
325 401
325 404
325 482
325 470
326 368
326 396
326 401
326 345
327 440
327 458
328 419
328 398
328 438
328 493
329 389
329 390
330 386
330 338
331 406
332 416
332 475
334 340
334 391
334 392
334 393
334 394
337 379
337 476
337 449
338 365
339 396
339 476
339 466
341 342
341 343
342 403
342 471
342 457
343 470
344 345
345 400
345 351
345 474
346 347
346 348
347 431
347 354
347 457
348 413
350 367
350 357
351 399
351 433
351 460
352 446
354 424
354 444
354 462
354 358
355 431
355 486
356 423
357 456
358 433
359 445
359 462
359 457
362 363
363 374
363 386
363 435
363 469
365 366
367 412
367 453
368 380
368 383
370 436
372 468
373 481
374 375
375 391
375 389
375 409
376 459
377 419
377 394
378 426
379 380
379 381
379 382
380 473
380 474
381 432
381 469
382 420
382 455
383 440
383 441
385 394
386 387
391 392
392 398
392 454
395 396
397 398
399 400
400 412
401 477
403 410
404 465
405 419
405 473
409 466
410 461
413 425
413 487
415 431
415 418
417 465
417 438
418 467
418 479
419 420
419 421
420 466
422 438
422 473
423 482
424 451
425 439
425 467
428 429
429 439
430 440
432 433
434 438
434 480
436 468
437 438
440 441
447 448
453 454
453 455
454 478
454 487
457 475
457 471
458 480
459 460
466 483
467 488
471 490
488 489
