0 1
0 2
0 3
0 4
0 5
0 6
1 7
1 8
1 9
1 10
2 199
2 141
2 213
2 249
3 373
3 352
3 125
3 374
4 27
4 468
4 145
4 266
5 109
5 173
5 418
5 14
6 31
6 76
6 84
6 85
6 131
6 155
6 179
6 71
6 199
6 214
6 218
6 255
6 99
6 279
6 301
6 169
6 337
6 10
6 144
6 189
6 356
6 362
6 117
6 254
6 265
6 112
6 65
6 422
6 372
6 432
6 288
6 82
6 442
6 405
6 446
6 68
6 389
6 449
6 433
6 324
6 196
6 441
6 312
6 383
6 224
6 477
6 440
6 90
6 153
6 429
6 61
6 108
6 332
6 281
6 489
6 390
6 203
6 74
6 273
6 461
6 314
6 465
6 488
6 328
6 467
6 463
6 418
6 178
6 305
6 152
6 157
6 151
6 232
6 18
6 454
6 276
6 452
6 105
6 221
6 306
6 186
6 427
6 53
6 229
6 263
6 322
6 357
6 321
6 445
6 195
6 438
6 277
6 24
6 19
6 243
6 483
6 290
6 378
6 335
6 471
6 69
6 423
6 55
7 112
7 225
7 64
7 113
8 35
8 80
8 480
8 397
9 185
9 330
9 338
9 445
10 120
10 342
10 29
11 12
11 13
11 14
11 15
11 16
12 17
12 18
12 19
12 20
13 192
13 169
13 325
13 161
14 255
14 307
14 229
15 326
15 327
15 322
15 306
16 23
16 398
16 96
16 485
17 51
17 56
17 57
17 58
18 220
18 203
18 29
18 152
19 281
19 498
19 161
19 398
20 148
20 319
20 205
20 247
21 22
21 23
21 24
21 25
21 26
22 27
22 28
22 29
22 30
23 77
23 124
23 254
24 481
24 351
24 177
24 268
25 307
25 443
25 38
25 461
26 180
26 188
26 467
26 175
27 289
27 361
27 461
28 59
28 60
28 53
28 61
29 78
29 471
30 254
30 159
30 392
30 393
31 32
31 33
31 34
31 35
31 36
32 37
32 38
32 39
32 40
33 282
33 126
33 454
33 141
34 338
34 372
34 48
34 411
35 246
35 414
35 415
36 180
36 60
36 136
36 488
37 46
37 202
37 150
37 371
38 327
38 194
38 325
39 167
39 353
39 297
39 386
40 136
40 400
40 495
40 210
41 42
41 43
41 44
41 45
41 46
42 47
42 48
42 49
42 50
43 247
43 243
43 61
43 248
44 241
44 117
44 389
44 491
45 230
45 107
45 231
45 232
46 163
46 469
46 316
47 58
47 135
47 250
47 251
48 58
48 165
48 318
49 76
49 466
49 231
49 92
50 443
50 448
50 350
50 407
51 52
51 53
51 54
51 55
52 208
52 120
52 412
52 413
53 218
53 224
53 202
54 94
54 257
54 248
54 494
55 169
55 449
55 90
55 377
56 292
56 238
56 92
56 349
57 94
57 82
57 98
57 99
58 109
58 113
59 62
59 63
59 64
59 65
60 425
60 74
60 431
61 436
61 276
61 435
62 73
62 379
62 380
62 181
63 340
63 175
63 366
63 97
64 459
64 217
64 411
65 123
65 270
65 406
65 219
66 67
66 68
66 69
66 70
66 71
67 72
67 73
67 74
67 75
68 95
68 264
68 393
68 453
69 206
69 129
69 357
69 284
70 206
70 326
70 153
70 154
71 192
71 193
71 194
71 195
72 262
72 263
72 75
72 92
73 200
73 300
73 278
74 115
74 415
74 382
75 101
75 172
75 145
76 77
76 78
76 79
76 80
77 81
77 82
77 83
78 241
78 306
78 274
79 402
79 108
79 437
79 473
80 293
80 422
80 228
81 275
81 313
81 318
81 265
82 144
82 207
82 358
83 189
83 95
83 435
83 386
84 85
84 86
84 87
84 88
84 89
85 90
85 91
85 92
85 93
86 270
86 271
86 272
86 273
87 420
87 354
87 418
87 152
88 443
88 209
88 408
88 343
89 387
89 260
89 405
89 299
90 380
90 481
90 482
91 132
91 442
91 284
91 403
92 159
93 259
93 359
93 263
93 334
94 95
94 96
94 97
95 131
95 370
96 310
96 365
96 232
97 419
97 477
97 467
98 383
98 365
98 233
98 430
99 218
99 254
99 268
99 269
100 101
100 102
100 103
100 104
100 105
101 106
101 107
101 108
102 381
102 382
102 158
102 274
103 171
103 117
103 426
103 202
104 138
104 155
104 307
104 268
105 189
105 333
105 195
105 299
106 421
106 203
106 411
106 423
107 132
107 338
107 423
108 287
108 272
108 194
109 110
109 111
109 112
110 272
110 361
110 372
110 369
111 364
111 438
111 366
111 430
112 269
112 140
112 217
113 164
113 464
113 121
114 115
114 116
114 117
114 118
114 119
115 120
115 121
115 122
116 214
116 441
116 305
116 158
117 387
117 388
118 184
118 208
118 209
118 210
119 330
119 333
119 334
119 297
120 275
120 296
121 336
121 497
121 335
122 420
122 204
122 364
122 360
123 124
123 125
123 126
123 127
124 128
124 129
124 130
125 488
125 471
125 494
126 180
126 281
126 427
127 271
127 327
127 332
127 142
128 275
128 276
128 277
128 234
129 259
129 354
129 355
130 180
130 314
130 195
130 485
131 132
131 133
131 134
131 135
132 136
132 137
133 387
133 414
133 467
133 310
134 258
134 499
134 454
134 346
135 243
135 252
135 253
136 290
136 159
137 301
137 464
137 175
137 177
138 139
138 140
138 141
138 142
139 143
139 144
139 145
139 146
140 326
140 432
140 161
141 375
141 342
142 457
142 498
142 249
143 206
143 197
143 207
143 177
144 225
144 343
144 304
145 147
145 198
146 482
146 417
146 158
146 321
147 148
147 149
147 150
147 151
148 152
148 153
148 154
149 264
149 265
149 266
149 267
150 262
150 401
150 439
151 456
151 462
151 274
151 284
152 179
152 320
153 340
153 226
153 181
154 165
154 286
154 181
155 156
155 157
155 158
155 159
156 160
156 161
156 162
156 163
157 415
157 456
157 168
157 458
158 232
159 279
160 223
160 227
160 228
160 229
161 490
162 410
162 409
162 296
162 297
163 425
163 486
163 494
164 165
164 166
164 167
164 168
165 169
165 170
166 196
166 306
166 430
166 494
167 375
167 407
167 203
168 377
168 483
168 466
169 179
169 230
170 199
170 383
170 478
170 385
171 172
171 173
171 174
171 175
172 176
172 177
172 178
173 273
173 417
173 292
174 414
174 409
174 234
174 469
175 492
176 211
176 312
176 235
176 346
177 484
178 418
178 398
178 266
178 245
179 180
179 181
179 182
181 267
182 300
182 331
182 292
182 434
183 184
183 185
183 186
183 187
183 188
184 189
184 190
184 191
185 319
185 320
185 321
186 486
186 415
186 247
186 495
187 333
187 416
187 481
187 480
188 258
188 262
188 310
189 344
189 195
190 289
190 261
190 440
190 429
191 307
191 308
191 309
191 310
192 196
192 197
192 198
193 337
193 470
193 485
193 428
194 422
194 404
195 452
196 331
196 390
197 288
197 365
197 435
198 223
198 392
198 358
199 200
199 201
199 202
200 203
200 204
200 205
201 375
201 341
201 377
201 378
202 236
203 446
204 432
204 296
204 391
205 242
205 256
205 266
206 291
206 292
207 349
207 438
207 355
208 211
208 212
208 213
209 359
209 383
209 455
210 479
210 491
210 253
211 419
211 358
211 454
212 436
212 462
212 496
212 493
213 426
213 430
213 268
214 215
214 216
214 217
214 218
215 219
215 220
215 221
215 222
216 368
216 228
216 391
216 283
217 424
217 329
218 236
218 237
219 451
219 452
219 264
220 432
220 458
220 408
221 362
221 227
221 342
221 450
222 258
222 457
222 465
222 378
223 224
223 225
223 226
224 396
224 475
225 241
225 354
226 330
226 483
226 251
227 256
227 402
227 248
228 457
228 352
229 270
229 364
229 233
230 233
230 234
230 235
231 333
231 304
231 384
232 310
232 283
233 265
233 441
234 387
234 413
235 324
235 314
235 430
236 238
236 239
236 240
237 254
237 460
237 484
237 444
238 275
238 345
238 378
239 425
239 431
239 316
239 244
240 375
240 395
240 495
240 483
241 242
241 243
242 244
242 245
242 246
243 406
243 478
244 285
244 345
244 250
245 446
245 438
245 321
246 416
246 344
246 267
247 497
247 277
248 368
248 469
249 420
249 322
249 334
250 285
250 424
250 466
251 395
251 342
251 493
252 394
252 312
252 398
252 374
253 325
253 304
253 316
254 287
255 256
255 257
255 258
255 259
256 260
256 261
257 311
257 385
257 386
258 335
259 353
259 347
260 409
260 410
260 411
261 280
261 442
261 410
262 336
262 303
263 271
263 357
263 458
264 396
264 445
265 399
265 400
266 373
267 302
267 457
268 328
269 362
269 316
269 347
270 274
270 271
271 403
272 315
272 371
273 400
273 351
273 497
274 364
275 278
276 287
276 300
276 469
277 279
277 309
277 465
278 468
278 413
278 299
279 280
279 281
279 282
280 283
280 284
280 285
281 321
281 488
282 406
282 422
282 425
283 487
283 463
284 493
285 286
285 312
286 287
286 288
286 289
287 290
288 401
288 408
288 434
289 294
289 341
290 338
290 308
290 385
291 311
291 381
291 371
291 378
292 471
293 294
293 295
293 296
293 297
294 297
294 298
294 299
295 465
295 335
295 459
295 336
296 301
298 448
298 472
298 339
298 367
299 360
300 348
300 349
301 302
301 303
301 304
302 304
302 305
302 306
303 442
303 421
303 458
305 449
305 407
305 390
306 336
307 311
308 345
308 329
308 347
309 432
309 329
309 393
311 350
311 351
312 345
312 371
313 314
313 315
313 316
313 317
314 436
314 499
315 436
315 437
315 370
317 447
317 489
317 452
317 438
318 381
318 441
318 439
319 322
319 323
319 324
320 499
320 451
320 474
321 341
322 476
322 428
323 425
323 433
323 355
323 427
324 348
324 392
324 459
325 399
325 428
326 328
326 329
327 410
327 346
328 352
328 369
328 384
329 417
330 331
330 332
331 404
331 405
332 399
332 366
332 428
333 390
334 472
334 467
335 380
335 479
336 404
337 338
337 339
337 340
337 341
339 460
339 489
339 415
340 356
340 361
341 344
342 404
343 389
343 481
343 370
344 439
344 440
345 346
346 493
347 394
347 372
348 350
348 351
348 352
349 496
349 431
350 388
350 397
351 454
352 499
353 393
353 390
353 466
354 470
354 495
355 496
355 487
356 357
356 358
356 359
356 360
357 410
357 492
358 492
359 442
359 369
360 402
360 494
361 479
361 471
362 363
362 364
362 365
363 366
363 367
363 368
363 369
365 453
366 373
367 454
367 483
367 445
368 413
368 401
369 445
370 380
370 486
371 442
372 373
372 396
373 440
374 469
374 418
374 450
375 376
376 433
376 383
376 437
376 465
377 498
377 413
378 419
379 404
379 459
379 462
379 386
380 423
381 383
381 384
382 390
382 462
382 408
384 460
384 396
385 447
385 468
386 463
387 389
388 420
388 462
388 463
389 449
389 421
391 476
391 497
391 480
392 489
392 455
393 439
394 395
394 396
394 397
395 450
395 487
397 497
397 483
398 477
399 401
399 402
400 424
400 474
401 427
402 464
403 449
403 437
403 431
405 443
405 441
405 444
406 407
406 408
407 424
409 470
409 480
411 439
412 464
412 499
412 467
412 444
414 447
414 470
416 440
416 479
416 480
417 491
417 427
418 448
419 420
419 421
421 458
422 423
422 424
423 476
426 427
426 428
426 429
429 484
429 485
431 434
432 433
433 436
433 456
434 482
434 455
435 453
435 451
437 496
438 451
440 468
441 461
443 445
444 474
444 475
446 447
446 448
446 449
447 450
448 460
450 466
451 498
452 459
452 496
453 487
453 488
455 492
455 485
456 465
456 475
457 478
460 472
461 479
463 477
463 487
464 486
468 476
470 484
471 489
472 473
472 474
473 477
473 482
473 481
474 475
475 490
476 478
477 478
482 484
486 495
488 498
489 490
490 491
490 493
491 492
