0 0
0 1
0 1
0 2
0 2
0 3
0 4
0 4
0 5
0 6
0 6
0 7
1 1
1 2
1 2
1 3
1 4
1 4
1 5
1 6
1 6
1 7
2 2
2 3
2 3
2 8
2 8
2 9
2 10
2 10
2 11
2 12
2 12
2 13
3 3
3 8
3 8
3 9
3 10
3 10
3 11
3 12
3 12
3 13
3 13
4 4
4 5
4 5
4 10
4 10
4 11
4 102
4 102
4 103
4 104
4 104
4 105
5 5
5 10
5 10
5 11
5 102
5 102
5 103
5 104
5 104
5 105
5 105
6 6
6 7
6 7
6 12
6 12
6 13
6 104
6 104
6 105
6 550
6 550
6 551
7 7
7 12
7 12
7 13
7 104
7 104
7 105
7 550
7 550
7 551
8 8
8 9
8 9
8 14
8 14
8 15
8 16
8 16
8 17
8 18
8 18
8 19
9 9
9 14
9 14
9 15
9 16
9 16
9 17
9 18
9 18
9 19
10 10
10 11
10 11
10 16
10 16
10 17
10 106
10 106
10 107
10 108
10 108
10 109
11 11
11 16
11 16
11 17
11 106
11 106
11 107
11 108
11 108
11 109
12 12
12 13
12 13
12 18
12 18
12 19
12 108
12 108
12 109
12 552
12 552
12 553
13 13
13 18
13 18
13 19
13 108
13 108
13 109
13 552
13 552
13 553
14 14
14 15
14 15
14 20
14 20
14 21
14 22
14 22
14 23
14 24
14 24
14 25
15 15
15 20
15 20
15 21
15 22
15 22
15 23
15 24
15 24
15 25
16 16
16 17
16 17
16 22
16 22
16 23
16 110
16 110
16 111
16 112
16 112
16 113
17 17
17 22
17 22
17 23
17 110
17 110
17 111
17 112
17 112
17 113
18 18
18 19
18 19
18 24
18 24
18 25
18 112
18 112
18 113
18 554
18 554
18 555
19 19
19 24
19 24
19 25
19 112
19 112
19 113
19 554
19 554
19 555
20 20
20 21
20 21
20 26
20 26
20 27
20 28
20 28
20 29
20 30
20 30
20 31
21 21
21 26
21 26
21 27
21 28
21 28
21 29
21 30
21 30
21 31
22 22
22 23
22 23
22 28
22 28
22 29
22 114
22 114
22 115
22 116
22 116
22 117
23 23
23 28
23 28
23 29
23 114
23 114
23 115
23 116
23 116
23 117
24 24
24 25
24 25
24 30
24 30
24 31
24 116
24 116
24 117
24 556
24 556
24 557
25 25
25 30
25 116
25 556
26 26
26 27
26 27
26 32
26 32
26 33
26 34
26 34
26 35
26 36
26 36
26 37
27 27
27 32
27 32
27 33
27 34
27 34
27 35
27 36
27 36
27 37
28 28
28 29
28 29
28 34
28 34
28 35
28 118
28 118
28 119
28 120
28 120
28 121
29 29
29 34
29 34
29 35
29 118
29 118
29 119
29 120
29 120
29 121
30 30
30 31
30 31
30 36
30 36
30 37
30 120
30 120
30 121
30 558
30 558
30 559
31 31
31 36
31 120
31 558
32 32
32 33
32 33
32 38
32 38
32 39
32 40
32 40
32 41
32 42
32 42
32 43
33 33
33 38
33 38
33 39
33 40
33 40
33 41
33 42
33 42
33 43
34 34
34 35
34 35
34 40
34 40
34 41
34 122
34 122
34 123
34 124
34 124
34 125
35 35
35 40
35 40
35 41
35 122
35 122
35 123
35 124
35 124
35 125
36 36
36 37
36 37
36 42
36 42
36 43
36 124
36 124
36 125
36 560
36 560
36 561
37 37
37 42
37 124
37 560
38 38
38 39
38 39
38 44
38 44
38 45
38 46
38 46
38 47
38 48
38 48
38 49
39 39
39 44
39 46
39 48
40 40
40 41
40 41
40 46
40 46
40 47
40 126
40 126
40 127
40 128
40 128
40 129
41 41
41 46
41 126
41 128
42 42
42 43
42 43
42 48
42 48
42 49
42 128
42 128
42 129
42 562
42 562
42 563
43 43
43 48
43 128
43 562
44 44
44 45
44 45
44 50
44 50
44 51
44 52
44 52
44 53
44 54
44 54
44 55
45 45
45 50
45 52
45 54
46 46
46 47
46 47
46 52
46 52
46 53
46 130
46 130
46 131
46 132
46 132
46 133
47 47
47 52
47 130
47 132
48 48
48 49
48 49
48 54
48 54
48 55
48 132
48 132
48 133
48 564
48 564
48 565
49 49
49 54
49 132
49 564
50 50
50 51
50 51
50 56
50 56
50 57
50 58
50 58
50 59
51 51
51 56
51 58
52 52
52 53
52 53
52 56
52 56
52 57
52 134
52 134
52 135
52 136
52 136
52 137
53 53
53 56
53 134
53 136
54 54
54 55
54 55
54 58
54 58
54 59
54 136
54 136
54 137
54 566
54 566
54 567
55 55
55 58
55 136
55 566
56 56
56 57
56 57
56 138
56 138
56 139
56 140
56 140
56 141
57 57
57 138
57 140
58 58
58 59
58 59
58 140
58 140
58 141
58 568
58 568
58 569
59 59
59 140
59 568
60 60
60 61
60 61
60 62
60 62
60 63
60 64
60 64
60 65
60 66
60 66
60 67
60 68
60 68
60 69
60 70
60 70
60 71
61 61
61 62
61 64
61 66
61 68
61 70
62 62
62 63
62 63
62 72
62 72
62 73
62 74
62 74
62 75
62 66
62 66
62 67
62 76
62 76
62 77
63 63
63 72
63 74
63 66
63 76
64 64
64 65
64 65
64 74
64 74
64 75
64 142
64 142
64 143
64 68
64 68
64 69
64 144
64 144
64 145
65 65
65 74
65 142
65 68
65 144
66 72
66 72
66 392
66 392
66 440
66 440
66 73
66 393
66 441
66 66
66 67
66 67
66 88
66 88
66 89
66 70
66 70
66 71
66 76
66 76
66 77
66 82
66 82
66 83
66 478
66 478
66 479
66 480
66 480
66 481
66 482
66 482
66 483
66 484
66 484
66 485
67 72
67 392
67 440
67 67
67 88
67 70
67 76
67 82
67 478
67 480
67 482
67 484
68 142
68 142
68 440
68 440
68 472
68 472
68 143
68 441
68 473
68 68
68 69
68 69
68 272
68 272
68 273
68 70
68 70
68 71
68 144
68 144
68 145
68 208
68 208
68 209
68 522
68 522
68 523
68 480
68 480
68 481
68 524
68 524
68 525
68 526
68 526
68 527
69 142
69 440
69 472
69 69
69 272
69 70
69 144
69 208
69 522
69 480
69 524
69 526
70 70
70 71
70 71
70 76
70 76
70 77
70 144
70 144
70 145
70 480
70 480
70 481
71 71
71 76
71 144
71 480
72 72
72 73
72 73
72 78
72 78
72 79
72 80
72 80
72 81
72 82
72 82
72 83
73 73
73 78
73 80
73 82
74 74
74 75
74 75
74 80
74 80
74 81
74 146
74 146
74 147
74 148
74 148
74 149
75 75
75 80
75 146
75 148
76 76
76 77
76 77
76 82
76 82
76 83
76 148
76 148
76 149
76 482
76 482
76 483
77 77
77 82
77 148
77 482
78 78
78 79
78 79
78 84
78 84
78 85
78 86
78 86
78 87
78 88
78 88
78 89
78 90
78 90
78 91
79 79
79 84
79 86
79 88
79 90
80 80
80 81
80 81
80 86
80 86
80 87
80 150
80 150
80 151
80 152
80 152
80 153
81 81
81 86
81 150
81 152
82 82
82 83
82 83
82 90
82 90
82 91
82 152
82 152
82 153
82 484
82 484
82 485
83 83
83 90
83 152
83 484
84 84
84 85
84 85
84 92
84 92
84 93
84 94
84 94
84 95
84 88
84 88
84 89
84 96
84 96
84 97
85 85
85 92
85 94
85 88
85 96
86 86
86 87
86 87
86 94
86 94
86 95
86 154
86 154
86 155
86 156
86 156
86 157
87 87
87 94
87 154
87 156
88 92
88 92
88 396
88 396
88 93
88 397
88 88
88 89
88 89
88 90
88 90
88 91
88 96
88 96
88 97
88 100
88 100
88 101
88 486
88 486
88 487
88 488
88 488
88 489
88 490
88 490
88 491
88 492
88 492
88 493
89 92
89 396
89 89
89 90
89 96
89 100
89 486
89 488
89 490
89 492
90 90
90 91
90 91
90 96
90 96
90 97
90 156
90 156
90 157
90 488
90 488
90 489
91 91
91 96
91 156
91 488
92 92
92 93
92 93
92 98
92 98
92 99
92 100
92 100
92 101
93 93
93 98
93 100
94 94
94 95
94 95
94 98
94 98
94 99
94 158
94 158
94 159
94 160
94 160
94 161
95 95
95 98
95 158
95 160
96 96
96 97
96 97
96 100
96 100
96 101
96 160
96 160
96 161
96 490
96 490
96 491
97 97
97 100
97 160
97 490
98 98
98 99
98 99
98 162
98 162
98 163
98 164
98 164
98 165
99 99
99 162
99 164
100 100
100 101
100 101
100 164
100 164
100 165
100 492
100 492
100 493
101 101
101 164
101 492
102 102
102 103
102 103
102 106
102 106
102 107
102 166
102 166
102 167
102 168
102 168
102 169
103 103
103 106
103 106
103 107
103 166
103 166
103 167
103 168
103 168
103 169
104 104
104 105
104 105
104 108
104 108
104 109
104 168
104 168
104 169
104 570
104 570
104 571
105 105
105 108
105 108
105 109
105 168
105 168
105 169
105 570
105 570
105 571
106 106
106 107
106 107
106 110
106 110
106 111
106 170
106 170
106 171
106 172
106 172
106 173
107 107
107 110
107 110
107 111
107 170
107 170
107 171
107 172
107 172
107 173
108 108
108 109
108 109
108 112
108 112
108 113
108 172
108 172
108 173
108 572
108 572
108 573
109 109
109 112
109 112
109 113
109 172
109 172
109 173
109 572
109 572
109 573
110 110
110 111
110 111
110 114
110 114
110 115
110 174
110 174
110 175
110 176
110 176
110 177
111 111
111 114
111 114
111 115
111 174
111 174
111 175
111 176
111 176
111 177
112 112
112 113
112 113
112 116
112 116
112 117
112 176
112 176
112 177
112 574
112 574
112 575
113 113
113 116
113 176
113 574
114 114
114 115
114 115
114 118
114 118
114 119
114 178
114 178
114 179
114 180
114 180
114 181
115 115
115 118
115 118
115 119
115 178
115 178
115 179
115 180
115 180
115 181
116 116
116 117
116 117
116 120
116 120
116 121
116 180
116 180
116 181
116 576
116 576
116 577
117 117
117 120
117 180
117 576
118 118
118 119
118 119
118 122
118 122
118 123
118 182
118 182
118 183
118 184
118 184
118 185
119 119
119 122
119 122
119 123
119 182
119 182
119 183
119 184
119 184
119 185
120 120
120 121
120 121
120 124
120 124
120 125
120 184
120 184
120 185
120 578
120 578
120 579
121 121
121 124
121 184
121 578
122 122
122 123
122 123
122 126
122 126
122 127
122 186
122 186
122 187
122 188
122 188
122 189
123 123
123 126
123 126
123 127
123 186
123 186
123 187
123 188
123 188
123 189
124 124
124 125
124 125
124 128
124 128
124 129
124 188
124 188
124 189
124 580
124 580
124 581
125 125
125 128
125 188
125 580
126 126
126 127
126 127
126 130
126 130
126 131
126 190
126 190
126 191
126 192
126 192
126 193
127 127
127 130
127 190
127 192
128 128
128 129
128 129
128 132
128 132
128 133
128 192
128 192
128 193
128 582
128 582
128 583
129 129
129 132
129 192
129 582
130 130
130 131
130 131
130 134
130 134
130 135
130 194
130 194
130 195
130 196
130 196
130 197
131 131
131 134
131 194
131 196
132 132
132 133
132 133
132 136
132 136
132 137
132 196
132 196
132 197
132 584
132 584
132 585
133 133
133 136
133 196
133 584
134 134
134 135
134 135
134 138
134 138
134 139
134 198
134 198
134 199
134 200
134 200
134 201
135 135
135 138
135 198
135 200
136 136
136 137
136 137
136 140
136 140
136 141
136 200
136 200
136 201
136 586
136 586
136 587
137 137
137 140
137 200
137 586
138 138
138 139
138 139
138 202
138 202
138 203
138 204
138 204
138 205
139 139
139 202
139 204
140 140
140 141
140 141
140 204
140 204
140 205
140 588
140 588
140 589
141 141
141 204
141 588
142 142
142 143
142 143
142 146
142 146
142 147
142 206
142 206
142 207
142 208
142 208
142 209
143 143
143 146
143 206
143 208
144 144
144 145
144 145
144 148
144 148
144 149
144 208
144 208
144 209
144 524
144 524
144 525
145 145
145 148
145 208
145 524
146 146
146 147
146 147
146 150
146 150
146 151
146 210
146 210
146 211
146 212
146 212
146 213
147 147
147 150
147 210
147 212
148 148
148 149
148 149
148 152
148 152
148 153
148 212
148 212
148 213
148 590
148 590
148 591
149 149
149 152
149 212
149 590
150 150
150 151
150 151
150 154
150 154
150 155
150 214
150 214
150 215
150 216
150 216
150 217
151 151
151 154
151 214
151 216
152 152
152 153
152 153
152 156
152 156
152 157
152 216
152 216
152 217
152 592
152 592
152 593
153 153
153 156
153 216
153 592
154 154
154 155
154 155
154 158
154 158
154 159
154 218
154 218
154 219
154 220
154 220
154 221
155 155
155 158
155 218
155 220
156 156
156 157
156 157
156 160
156 160
156 161
156 220
156 220
156 221
156 594
156 594
156 595
157 157
157 160
157 220
157 594
158 158
158 159
158 159
158 162
158 162
158 163
158 222
158 222
158 223
158 224
158 224
158 225
159 159
159 162
159 222
159 224
160 160
160 161
160 161
160 164
160 164
160 165
160 224
160 224
160 225
160 596
160 596
160 597
161 161
161 164
161 224
161 596
162 162
162 163
162 163
162 226
162 226
162 227
162 228
162 228
162 229
163 163
163 226
163 228
164 164
164 165
164 165
164 228
164 228
164 229
164 598
164 598
164 599
165 165
165 228
165 598
166 166
166 167
166 167
166 170
166 170
166 171
166 230
166 230
166 231
166 232
166 232
166 233
167 167
167 170
167 170
167 171
167 230
167 230
167 231
167 232
167 232
167 233
168 168
168 169
168 169
168 172
168 172
168 173
168 232
168 232
168 233
168 600
168 600
168 601
169 169
169 172
169 172
169 173
169 232
169 232
169 233
169 600
169 600
169 601
170 170
170 171
170 171
170 174
170 174
170 175
170 234
170 234
170 235
170 236
170 236
170 237
171 171
171 174
171 174
171 175
171 234
171 234
171 235
171 236
171 236
171 237
172 172
172 173
172 173
172 176
172 176
172 177
172 236
172 236
172 237
172 602
172 602
172 603
173 173
173 176
173 236
173 602
174 174
174 175
174 175
174 178
174 178
174 179
174 238
174 238
174 239
174 240
174 240
174 241
175 175
175 178
175 178
175 179
175 238
175 238
175 239
175 240
175 240
175 241
176 176
176 177
176 177
176 180
176 180
176 181
176 240
176 240
176 241
176 604
176 604
176 605
177 177
177 180
177 240
177 604
178 178
178 179
178 179
178 182
178 182
178 183
178 242
178 242
178 243
178 244
178 244
178 245
179 179
179 182
179 182
179 183
179 242
179 242
179 243
179 244
179 244
179 245
180 180
180 181
180 181
180 184
180 184
180 185
180 244
180 244
180 245
180 606
180 606
180 607
181 181
181 184
181 244
181 606
182 182
182 183
182 183
182 186
182 186
182 187
182 246
182 246
182 247
182 248
182 248
182 249
183 183
183 186
183 186
183 187
183 246
183 246
183 247
183 248
183 248
183 249
184 184
184 185
184 185
184 188
184 188
184 189
184 248
184 248
184 249
184 608
184 608
184 609
185 185
185 188
185 248
185 608
186 186
186 187
186 187
186 190
186 190
186 191
186 250
186 250
186 251
186 252
186 252
186 253
187 187
187 190
187 250
187 252
188 188
188 189
188 189
188 192
188 192
188 193
188 252
188 252
188 253
188 610
188 610
188 611
189 189
189 192
189 252
189 610
190 190
190 191
190 191
190 194
190 194
190 195
190 254
190 254
190 255
190 256
190 256
190 257
191 191
191 194
191 254
191 256
192 192
192 193
192 193
192 196
192 196
192 197
192 256
192 256
192 257
192 612
192 612
192 613
193 193
193 196
193 256
193 612
194 194
194 195
194 195
194 198
194 198
194 199
194 258
194 258
194 259
194 260
194 260
194 261
195 195
195 198
195 258
195 260
196 196
196 197
196 197
196 200
196 200
196 201
196 260
196 260
196 261
196 614
196 614
196 615
197 197
197 200
197 260
197 614
198 198
198 199
198 199
198 202
198 202
198 203
198 262
198 262
198 263
198 264
198 264
198 265
199 199
199 202
199 262
199 264
200 200
200 201
200 201
200 204
200 204
200 205
200 264
200 264
200 265
200 616
200 616
200 617
201 201
201 204
201 264
201 616
202 202
202 203
202 203
202 266
202 266
202 267
202 268
202 268
202 269
203 203
203 266
203 268
204 204
204 205
204 205
204 268
204 268
204 269
204 618
204 618
204 619
205 205
205 268
205 618
206 206
206 207
206 207
206 210
206 210
206 211
206 270
206 270
206 271
206 272
206 272
206 273
206 274
206 274
206 275
207 207
207 210
207 270
207 272
207 274
208 208
208 209
208 209
208 212
208 212
208 213
208 274
208 274
208 275
208 526
208 526
208 527
209 209
209 212
209 274
209 526
210 210
210 211
210 211
210 214
210 214
210 215
210 276
210 276
210 277
210 278
210 278
210 279
211 211
211 214
211 276
211 278
212 212
212 213
212 213
212 216
212 216
212 217
212 278
212 278
212 279
212 620
212 620
212 621
213 213
213 216
213 278
213 620
214 214
214 215
214 215
214 218
214 218
214 219
214 280
214 280
214 281
214 282
214 282
214 283
215 215
215 218
215 280
215 282
216 216
216 217
216 217
216 220
216 220
216 221
216 282
216 282
216 283
216 622
216 622
216 623
217 217
217 220
217 282
217 622
218 218
218 219
218 219
218 222
218 222
218 223
218 284
218 284
218 285
218 286
218 286
218 287
219 219
219 222
219 284
219 286
220 220
220 221
220 221
220 224
220 224
220 225
220 286
220 286
220 287
220 624
220 624
220 625
221 221
221 224
221 286
221 624
222 222
222 223
222 223
222 226
222 226
222 227
222 288
222 288
222 289
222 290
222 290
222 291
223 223
223 226
223 226
223 227
223 288
223 288
223 289
223 290
223 290
223 291
223 291
224 224
224 225
224 225
224 228
224 228
224 229
224 290
224 290
224 291
224 626
224 626
224 627
225 225
225 228
225 290
225 626
226 226
226 227
226 227
226 292
226 292
226 293
226 294
226 294
226 295
227 227
227 292
227 292
227 293
227 294
227 294
227 295
228 228
228 229
228 229
228 294
228 294
228 295
228 628
228 628
228 629
229 229
229 294
229 628
230 230
230 231
230 231
230 234
230 234
230 235
230 296
230 296
230 297
230 298
230 298
230 299
231 231
231 234
231 234
231 235
231 296
231 296
231 297
231 298
231 298
231 299
232 232
232 233
232 233
232 236
232 236
232 237
232 298
232 298
232 299
232 630
232 630
232 631
233 233
233 236
233 298
233 630
234 234
234 235
234 235
234 238
234 238
234 239
234 300
234 300
234 301
234 302
234 302
234 303
235 235
235 238
235 238
235 239
235 300
235 300
235 301
235 302
235 302
235 303
236 236
236 237
236 237
236 240
236 240
236 241
236 302
236 302
236 303
236 632
236 632
236 633
237 237
237 240
237 302
237 632
238 238
238 239
238 239
238 242
238 242
238 243
238 304
238 304
238 305
238 306
238 306
238 307
239 239
239 242
239 242
239 243
239 304
239 304
239 305
239 306
239 306
239 307
240 240
240 241
240 241
240 244
240 244
240 245
240 306
240 306
240 307
240 634
240 634
240 635
241 241
241 244
241 306
241 634
242 242
242 243
242 243
242 246
242 246
242 247
242 308
242 308
242 309
242 310
242 310
242 311
243 243
243 246
243 246
243 247
243 308
243 308
243 309
243 310
243 310
243 311
244 244
244 245
244 245
244 248
244 248
244 249
244 310
244 310
244 311
244 636
244 636
244 637
245 245
245 248
245 310
245 636
246 246
246 247
246 247
246 250
246 250
246 251
246 312
246 312
246 313
246 314
246 314
246 315
247 247
247 250
247 312
247 314
248 248
248 249
248 249
248 252
248 252
248 253
248 314
248 314
248 315
248 638
248 638
248 639
249 249
249 252
249 314
249 638
250 250
250 251
250 251
250 254
250 254
250 255
250 316
250 316
250 317
250 318
250 318
250 319
251 251
251 254
251 316
251 318
252 252
252 253
252 253
252 256
252 256
252 257
252 318
252 318
252 319
252 640
252 640
252 641
253 253
253 256
253 318
253 640
254 254
254 255
254 255
254 258
254 258
254 259
254 320
254 320
254 321
254 322
254 322
254 323
255 255
255 258
255 320
255 322
256 256
256 257
256 257
256 260
256 260
256 261
256 322
256 322
256 323
256 642
256 642
256 643
257 257
257 260
257 322
257 642
258 258
258 259
258 259
258 262
258 262
258 263
258 324
258 324
258 325
258 326
258 326
258 327
259 259
259 262
259 324
259 326
260 260
260 261
260 261
260 264
260 264
260 265
260 326
260 326
260 327
260 644
260 644
260 645
261 261
261 264
261 326
261 644
262 262
262 263
262 263
262 266
262 266
262 267
262 328
262 328
262 329
262 330
262 330
262 331
263 263
263 266
263 328
263 330
264 264
264 265
264 265
264 268
264 268
264 269
264 330
264 330
264 331
264 646
264 646
264 647
265 265
265 268
265 330
265 646
266 266
266 267
266 267
266 332
266 332
266 333
266 334
266 334
266 335
267 267
267 332
267 334
268 268
268 269
268 269
268 334
268 334
268 335
268 648
268 648
268 649
269 269
269 334
269 648
270 270
270 271
270 271
270 276
270 276
270 277
270 336
270 336
270 337
270 272
270 272
270 273
270 338
270 338
270 339
271 271
271 276
271 336
271 272
271 338
272 336
272 336
272 518
272 518
272 337
272 519
272 272
272 273
272 273
272 274
272 274
272 275
272 338
272 338
272 339
272 400
272 400
272 401
272 542
272 542
272 543
272 544
272 544
272 545
272 546
272 546
272 547
272 548
272 548
272 549
273 336
273 518
273 273
273 274
273 338
273 400
273 542
273 544
273 546
273 548
274 274
274 275
274 275
274 278
274 278
274 279
274 338
274 338
274 339
274 544
274 544
274 545
275 275
275 278
275 338
275 544
276 276
276 277
276 277
276 280
276 280
276 281
276 340
276 340
276 341
276 342
276 342
276 343
277 277
277 280
277 340
277 342
278 278
278 279
278 279
278 282
278 282
278 283
278 342
278 342
278 343
278 650
278 650
278 651
279 279
279 282
279 342
279 650
280 280
280 281
280 281
280 284
280 284
280 285
280 344
280 344
280 345
280 346
280 346
280 347
281 281
281 284
281 344
281 346
282 282
282 283
282 283
282 286
282 286
282 287
282 346
282 346
282 347
282 652
282 652
282 653
283 283
283 286
283 346
283 652
284 284
284 285
284 285
284 288
284 288
284 289
284 348
284 348
284 349
284 350
284 350
284 351
285 285
285 288
285 288
285 289
285 348
285 348
285 349
285 350
285 350
285 351
285 351
286 286
286 287
286 287
286 290
286 290
286 291
286 350
286 350
286 351
286 654
286 654
286 655
287 287
287 290
287 350
287 654
288 288
288 289
288 289
288 292
288 292
288 293
288 293
288 352
288 352
288 353
288 353
288 354
288 354
288 355
289 289
289 354
289 354
289 355
289 292
289 293
289 352
289 353
290 290
290 291
290 291
290 294
290 294
290 295
290 354
290 354
290 355
290 656
290 656
290 657
291 291
291 294
291 294
291 295
291 354
291 354
291 355
291 656
291 656
291 657
291 657
292 292
292 293
292 293
292 356
292 356
292 357
292 358
292 358
292 359
293 293
293 356
293 356
293 357
293 358
293 358
293 359
293 359
294 294
294 295
294 295
294 358
294 358
294 359
294 658
294 658
294 659
295 295
295 358
295 358
295 359
295 658
295 658
295 659
296 296
296 297
296 297
296 300
296 300
296 301
296 360
296 360
296 361
296 362
296 362
296 363
297 297
297 300
297 300
297 301
297 360
297 360
297 361
297 362
297 362
297 363
298 298
298 299
298 299
298 302
298 302
298 303
298 362
298 362
298 363
298 660
298 660
298 661
299 299
299 302
299 362
299 660
300 300
300 301
300 301
300 304
300 304
300 305
300 364
300 364
300 365
300 366
300 366
300 367
301 301
301 304
301 304
301 305
301 364
301 364
301 365
301 366
301 366
301 367
302 302
302 303
302 303
302 306
302 306
302 307
302 366
302 366
302 367
302 662
302 662
302 663
303 303
303 306
303 366
303 662
304 304
304 305
304 305
304 308
304 308
304 309
304 368
304 368
304 369
304 370
304 370
304 371
305 305
305 308
305 308
305 309
305 368
305 368
305 369
305 370
305 370
305 371
306 306
306 307
306 307
306 310
306 310
306 311
306 370
306 370
306 371
306 664
306 664
306 665
307 307
307 310
307 370
307 664
308 308
308 309
308 309
308 312
308 312
308 313
308 372
308 372
308 373
308 374
308 374
308 375
309 309
309 312
309 372
309 374
310 310
310 311
310 311
310 314
310 314
310 315
310 374
310 374
310 375
310 666
310 666
310 667
311 311
311 314
311 374
311 666
312 312
312 313
312 313
312 316
312 316
312 317
312 376
312 376
312 377
312 378
312 378
312 379
313 313
313 316
313 376
313 378
314 314
314 315
314 315
314 318
314 318
314 319
314 378
314 378
314 379
314 668
314 668
314 669
315 315
315 318
315 378
315 668
316 316
316 317
316 317
316 320
316 320
316 321
316 380
316 380
316 381
316 382
316 382
316 383
317 317
317 320
317 380
317 382
318 318
318 319
318 319
318 322
318 322
318 323
318 382
318 382
318 383
318 670
318 670
318 671
319 319
319 322
319 382
319 670
320 320
320 321
320 321
320 324
320 324
320 325
320 384
320 384
320 385
320 386
320 386
320 387
321 321
321 324
321 384
321 386
322 322
322 323
322 323
322 326
322 326
322 327
322 386
322 386
322 387
322 672
322 672
322 673
323 323
323 326
323 386
323 672
324 324
324 325
324 325
324 328
324 328
324 329
324 388
324 388
324 389
324 390
324 390
324 391
325 325
325 328
325 388
325 390
326 326
326 327
326 327
326 330
326 330
326 331
326 390
326 390
326 391
326 674
326 674
326 675
327 327
327 330
327 390
327 674
328 328
328 329
328 329
328 332
328 332
328 333
328 392
328 392
328 393
328 394
328 394
328 395
329 329
329 332
329 392
329 394
330 330
330 331
330 331
330 334
330 334
330 335
330 394
330 394
330 395
330 676
330 676
330 677
331 331
331 334
331 394
331 676
332 332
332 333
332 333
332 396
332 396
332 397
332 398
332 398
332 399
333 333
333 396
333 398
334 334
334 335
334 335
334 398
334 398
334 399
334 678
334 678
334 679
335 335
335 398
335 678
336 336
336 337
336 337
336 340
336 340
336 341
336 400
336 400
336 401
337 337
337 340
337 400
338 338
338 339
338 339
338 342
338 342
338 343
338 400
338 400
338 401
338 546
338 546
338 547
339 339
339 342
339 400
339 546
340 340
340 341
340 341
340 344
340 344
340 345
340 402
340 402
340 403
341 341
341 344
341 402
342 342
342 343
342 343
342 346
342 346
342 347
342 402
342 402
342 403
342 680
342 680
342 681
343 343
343 346
343 402
343 680
344 344
344 345
344 345
344 348
344 348
344 349
344 404
344 404
344 405
345 345
345 348
345 404
346 346
346 347
346 347
346 350
346 350
346 351
346 404
346 404
346 405
346 682
346 682
346 683
347 347
347 350
347 404
347 682
348 348
348 349
348 349
348 352
348 352
348 353
348 406
348 406
348 407
349 349
349 352
349 352
349 353
349 406
349 406
349 407
350 350
350 351
350 351
350 354
350 354
350 355
350 406
350 406
350 407
350 684
350 684
350 685
351 351
351 354
351 354
351 355
351 406
351 406
351 407
351 684
351 684
351 685
351 685
352 352
352 353
352 353
352 356
352 356
352 357
352 408
352 408
352 409
353 353
353 356
353 356
353 357
353 408
353 408
353 409
353 409
354 354
354 355
354 355
354 358
354 358
354 359
354 359
354 408
354 408
354 409
354 409
354 686
354 686
354 687
355 355
355 686
355 686
355 687
355 358
355 359
355 408
355 409
356 356
356 357
356 357
356 410
356 410
356 411
357 357
357 410
357 410
357 411
357 411
358 358
358 359
358 359
358 410
358 410
358 411
358 688
358 688
358 689
359 359
359 410
359 410
359 411
359 688
359 688
359 689
359 689
360 360
360 361
360 361
360 364
360 364
360 365
360 412
360 412
360 413
360 414
360 414
360 415
361 361
361 364
361 364
361 365
361 412
361 412
361 413
361 414
361 414
361 415
362 362
362 363
362 363
362 366
362 366
362 367
362 414
362 414
362 415
362 690
362 690
362 691
363 363
363 366
363 414
363 690
364 364
364 365
364 365
364 368
364 368
364 369
364 416
364 416
364 417
364 418
364 418
364 419
365 365
365 368
365 416
365 418
366 366
366 367
366 367
366 370
366 370
366 371
366 418
366 418
366 419
366 692
366 692
366 693
367 367
367 370
367 418
367 692
368 368
368 369
368 369
368 372
368 372
368 373
368 420
368 420
368 421
368 422
368 422
368 423
369 369
369 372
369 420
369 422
370 370
370 371
370 371
370 374
370 374
370 375
370 422
370 422
370 423
370 694
370 694
370 695
371 371
371 374
371 422
371 694
372 372
372 373
372 373
372 376
372 376
372 377
372 424
372 424
372 425
372 426
372 426
372 427
373 373
373 376
373 424
373 426
374 374
374 375
374 375
374 378
374 378
374 379
374 426
374 426
374 427
374 696
374 696
374 697
375 375
375 378
375 426
375 696
376 376
376 377
376 377
376 380
376 380
376 381
376 428
376 428
376 429
376 430
376 430
376 431
377 377
377 380
377 428
377 430
378 378
378 379
378 379
378 382
378 382
378 383
378 430
378 430
378 431
378 698
378 698
378 699
379 379
379 382
379 430
379 698
380 380
380 381
380 381
380 384
380 384
380 385
380 432
380 432
380 433
380 434
380 434
380 435
381 381
381 384
381 432
381 434
382 382
382 383
382 383
382 386
382 386
382 387
382 434
382 434
382 435
382 700
382 700
382 701
383 383
383 386
383 434
383 700
384 384
384 385
384 385
384 388
384 388
384 389
384 436
384 436
384 437
384 438
384 438
384 439
385 385
385 388
385 436
385 438
386 386
386 387
386 387
386 390
386 390
386 391
386 438
386 438
386 439
386 702
386 702
386 703
387 387
387 390
387 438
387 702
388 388
388 389
388 389
388 392
388 392
388 393
388 440
388 440
388 441
388 442
388 442
388 443
389 389
389 392
389 440
389 442
390 390
390 391
390 391
390 394
390 394
390 395
390 442
390 442
390 443
390 704
390 704
390 705
391 391
391 394
391 442
391 704
392 392
392 393
392 393
392 396
392 396
392 397
392 444
392 444
392 445
393 393
393 396
393 444
394 394
394 395
394 395
394 398
394 398
394 399
394 444
394 444
394 445
394 706
394 706
394 707
395 395
395 398
395 444
395 706
396 396
396 397
396 397
396 446
396 446
396 447
397 397
397 446
398 398
398 399
398 399
398 446
398 446
398 447
398 708
398 708
398 709
399 399
399 446
399 708
400 400
400 401
400 401
400 402
400 402
400 403
400 548
400 548
400 549
401 401
401 402
401 548
402 402
402 403
402 403
402 404
402 404
402 405
402 710
402 710
402 711
403 403
403 404
403 710
404 404
404 405
404 405
404 406
404 406
404 407
404 712
404 712
404 713
405 405
405 406
405 712
406 406
406 407
406 407
406 408
406 408
406 409
406 714
406 714
406 715
407 407
407 408
407 408
407 409
407 714
407 714
407 715
408 408
408 409
408 409
408 410
408 410
408 411
408 716
408 716
408 717
409 409
409 410
409 410
409 411
409 716
409 716
409 717
409 717
410 410
410 411
410 411
410 718
410 718
410 719
411 411
411 718
411 718
411 719
411 719
412 412
412 413
412 413
412 416
412 416
412 417
412 448
412 448
412 449
412 450
412 450
412 451
413 413
413 416
413 448
413 450
414 414
414 415
414 415
414 418
414 418
414 419
414 450
414 450
414 451
414 720
414 720
414 721
415 415
415 418
415 450
415 720
416 416
416 417
416 417
416 420
416 420
416 421
416 452
416 452
416 453
416 454
416 454
416 455
417 417
417 420
417 452
417 454
418 418
418 419
418 419
418 422
418 422
418 423
418 454
418 454
418 455
418 722
418 722
418 723
419 419
419 422
419 454
419 722
420 420
420 421
420 421
420 424
420 424
420 425
420 456
420 456
420 457
420 458
420 458
420 459
421 421
421 424
421 456
421 458
422 422
422 423
422 423
422 426
422 426
422 427
422 458
422 458
422 459
422 724
422 724
422 725
423 423
423 426
423 458
423 724
424 424
424 425
424 425
424 428
424 428
424 429
424 460
424 460
424 461
424 462
424 462
424 463
425 425
425 428
425 460
425 462
426 426
426 427
426 427
426 430
426 430
426 431
426 462
426 462
426 463
426 726
426 726
426 727
427 427
427 430
427 462
427 726
428 428
428 429
428 429
428 432
428 432
428 433
428 464
428 464
428 465
428 466
428 466
428 467
429 429
429 432
429 464
429 466
430 430
430 431
430 431
430 434
430 434
430 435
430 466
430 466
430 467
430 728
430 728
430 729
431 431
431 434
431 466
431 728
432 432
432 433
432 433
432 436
432 436
432 437
432 468
432 468
432 469
432 470
432 470
432 471
433 433
433 436
433 468
433 470
434 434
434 435
434 435
434 438
434 438
434 439
434 470
434 470
434 471
434 730
434 730
434 731
435 435
435 438
435 470
435 730
436 436
436 437
436 437
436 440
436 440
436 441
436 472
436 472
436 473
436 474
436 474
436 475
437 437
437 440
437 472
437 474
438 438
438 439
438 439
438 442
438 442
438 443
438 474
438 474
438 475
438 732
438 732
438 733
439 439
439 442
439 474
439 732
440 440
440 441
440 441
440 476
440 476
440 477
441 441
441 476
442 442
442 443
442 443
442 444
442 444
442 445
442 476
442 476
442 477
442 734
442 734
442 735
443 443
443 444
443 476
443 734
444 444
444 445
444 445
444 446
444 446
444 447
444 478
444 478
444 479
444 736
444 736
444 737
445 445
445 446
445 478
445 736
446 446
446 447
446 447
446 486
446 486
446 487
446 738
446 738
446 739
447 447
447 486
447 738
448 448
448 449
448 449
448 452
448 452
448 453
448 494
448 494
448 495
448 496
448 496
448 497
449 449
449 452
449 494
449 496
450 450
450 451
450 451
450 454
450 454
450 455
450 496
450 496
450 497
450 740
450 740
450 741
451 451
451 454
451 496
451 740
452 452
452 453
452 453
452 456
452 456
452 457
452 498
452 498
452 499
452 500
452 500
452 501
453 453
453 456
453 498
453 500
454 454
454 455
454 455
454 458
454 458
454 459
454 500
454 500
454 501
454 742
454 742
454 743
455 455
455 458
455 500
455 742
456 456
456 457
456 457
456 460
456 460
456 461
456 502
456 502
456 503
456 504
456 504
456 505
457 457
457 460
457 502
457 504
458 458
458 459
458 459
458 462
458 462
458 463
458 504
458 504
458 505
458 744
458 744
458 745
459 459
459 462
459 504
459 744
460 460
460 461
460 461
460 464
460 464
460 465
460 506
460 506
460 507
460 508
460 508
460 509
461 461
461 464
461 506
461 508
462 462
462 463
462 463
462 466
462 466
462 467
462 508
462 508
462 509
462 746
462 746
462 747
463 463
463 466
463 508
463 746
464 464
464 465
464 465
464 468
464 468
464 469
464 510
464 510
464 511
464 512
464 512
464 513
465 465
465 468
465 510
465 512
466 466
466 467
466 467
466 470
466 470
466 471
466 512
466 512
466 513
466 748
466 748
466 749
467 467
467 470
467 512
467 748
468 468
468 469
468 469
468 472
468 472
468 473
468 514
468 514
468 515
468 516
468 516
468 517
469 469
469 472
469 514
469 516
470 470
470 471
470 471
470 474
470 474
470 475
470 516
470 516
470 517
470 750
470 750
470 751
471 471
471 474
471 516
471 750
472 472
472 473
472 473
472 518
472 518
472 519
472 520
472 520
472 521
473 473
473 518
473 520
474 474
474 475
474 475
474 476
474 476
474 477
474 520
474 520
474 521
474 752
474 752
474 753
475 475
475 476
475 520
475 752
476 476
476 477
476 477
476 478
476 478
476 479
476 522
476 522
476 523
476 754
476 754
476 755
477 477
477 478
477 522
477 754
478 478
478 479
478 479
478 486
478 486
478 487
478 756
478 756
478 757
478 758
478 758
478 759
478 760
478 760
478 761
478 762
478 762
478 763
478 764
478 764
478 765
478 766
478 766
478 767
478 768
478 768
478 769
478 770
478 770
478 771
478 772
478 772
478 773
478 774
478 774
478 775
479 479
479 486
479 756
479 758
479 760
479 762
479 764
479 766
479 768
479 770
479 772
479 774
480 480
480 481
480 481
480 482
480 482
480 483
480 524
480 524
480 525
480 758
480 758
480 759
481 481
481 482
481 524
481 758
482 482
482 483
482 483
482 484
482 484
482 485
482 590
482 590
482 591
482 760
482 760
482 761
483 483
483 484
483 590
483 760
484 484
484 485
484 485
484 488
484 488
484 489
484 592
484 592
484 593
484 762
484 762
484 763
485 485
485 488
485 592
485 762
486 486
486 487
486 487
486 776
486 776
486 777
486 778
486 778
486 779
486 780
486 780
486 781
486 782
486 782
486 783
486 784
486 784
486 785
486 786
486 786
486 787
486 788
486 788
486 789
486 790
486 790
486 791
486 792
486 792
486 793
486 794
486 794
486 795
487 487
487 776
487 778
487 780
487 782
487 784
487 786
487 788
487 790
487 792
487 794
488 488
488 489
488 489
488 490
488 490
488 491
488 594
488 594
488 595
488 778
488 778
488 779
489 489
489 490
489 594
489 778
490 490
490 491
490 491
490 492
490 492
490 493
490 596
490 596
490 597
490 780
490 780
490 781
491 491
491 492
491 596
491 780
492 492
492 493
492 493
492 598
492 598
492 599
492 782
492 782
492 783
493 493
493 598
493 782
494 494
494 495
494 495
494 498
494 498
494 499
494 528
494 528
494 529
495 495
495 498
495 528
496 496
496 497
496 497
496 500
496 500
496 501
496 528
496 528
496 529
496 796
496 796
496 797
497 497
497 500
497 528
497 796
498 498
498 499
498 499
498 502
498 502
498 503
498 530
498 530
498 531
499 499
499 502
499 530
500 500
500 501
500 501
500 504
500 504
500 505
500 530
500 530
500 531
500 798
500 798
500 799
501 501
501 504
501 530
501 798
502 502
502 503
502 503
502 506
502 506
502 507
502 532
502 532
502 533
503 503
503 506
503 532
504 504
504 505
504 505
504 508
504 508
504 509
504 532
504 532
504 533
504 800
504 800
504 801
505 505
505 508
505 532
505 800
506 506
506 507
506 507
506 510
506 510
506 511
506 534
506 534
506 535
507 507
507 510
507 534
508 508
508 509
508 509
508 512
508 512
508 513
508 534
508 534
508 535
508 802
508 802
508 803
509 509
509 512
509 534
509 802
510 510
510 511
510 511
510 514
510 514
510 515
510 536
510 536
510 537
511 511
511 514
511 536
512 512
512 513
512 513
512 516
512 516
512 517
512 536
512 536
512 537
512 804
512 804
512 805
513 513
513 516
513 536
513 804
514 514
514 515
514 515
514 518
514 518
514 519
514 538
514 538
514 539
515 515
515 518
515 538
516 516
516 517
516 517
516 520
516 520
516 521
516 538
516 538
516 539
516 806
516 806
516 807
517 517
517 520
517 538
517 806
518 518
518 519
518 519
518 540
518 540
518 541
519 519
519 540
520 520
520 521
520 521
520 522
520 522
520 523
520 540
520 540
520 541
520 808
520 808
520 809
521 521
521 522
521 540
521 808
522 522
522 523
522 523
522 542
522 542
522 543
522 810
522 810
522 811
522 758
522 758
522 759
522 812
522 812
522 813
522 814
522 814
522 815
522 764
522 764
522 765
522 816
522 816
522 817
522 818
522 818
522 819
522 770
522 770
522 771
522 820
522 820
522 821
522 822
522 822
522 823
523 523
523 542
523 810
523 758
523 812
523 814
523 764
523 816
523 818
523 770
523 820
523 822
524 524
524 525
524 525
524 590
524 590
524 591
524 526
524 526
524 527
524 812
524 812
524 813
525 525
525 590
525 526
525 812
526 526
526 527
526 527
526 620
526 620
526 621
526 544
526 544
526 545
526 814
526 814
526 815
527 527
527 620
527 544
527 814
528 528
528 529
528 529
528 530
528 530
528 531
528 824
528 824
528 825
529 529
529 530
529 824
530 530
530 531
530 531
530 532
530 532
530 533
530 826
530 826
530 827
531 531
531 532
531 826
532 532
532 533
532 533
532 534
532 534
532 535
532 828
532 828
532 829
533 533
533 534
533 828
534 534
534 535
534 535
534 536
534 536
534 537
534 830
534 830
534 831
535 535
535 536
535 830
536 536
536 537
536 537
536 538
536 538
536 539
536 832
536 832
536 833
537 537
537 538
537 832
538 538
538 539
538 539
538 540
538 540
538 541
538 834
538 834
538 835
539 539
539 540
539 834
540 540
540 541
540 541
540 542
540 542
540 543
540 836
540 836
540 837
541 541
541 542
541 836
542 542
542 543
542 543
542 838
542 838
542 839
542 840
542 840
542 841
542 842
542 842
542 843
542 844
542 844
542 845
542 846
542 846
542 847
542 848
542 848
542 849
542 850
542 850
542 851
542 852
542 852
542 853
542 854
542 854
542 855
542 856
542 856
542 857
543 543
543 838
543 840
543 842
543 844
543 846
543 848
543 850
543 852
543 854
543 856
544 544
544 545
544 545
544 650
544 650
544 651
544 546
544 546
544 547
544 840
544 840
544 841
545 545
545 650
545 546
545 840
546 546
546 547
546 547
546 680
546 680
546 681
546 548
546 548
546 549
546 842
546 842
546 843
547 547
547 680
547 548
547 842
548 548
548 549
548 549
548 710
548 710
548 711
548 844
548 844
548 845
549 549
549 710
549 844
550 550
550 551
550 551
550 552
550 552
550 553
550 570
550 570
550 571
551 551
551 552
551 552
551 553
551 570
551 570
551 571
552 552
552 553
552 553
552 554
552 554
552 555
552 572
552 572
552 573
553 553
553 554
553 554
553 555
553 572
553 572
553 573
554 554
554 555
554 555
554 556
554 556
554 557
554 574
554 574
554 575
555 555
555 556
555 574
556 556
556 557
556 557
556 558
556 558
556 559
556 576
556 576
556 577
557 557
557 558
557 576
558 558
558 559
558 559
558 560
558 560
558 561
558 578
558 578
558 579
559 559
559 560
559 578
560 560
560 561
560 561
560 562
560 562
560 563
560 580
560 580
560 581
561 561
561 562
561 580
562 562
562 563
562 563
562 564
562 564
562 565
562 582
562 582
562 583
563 563
563 564
563 582
564 564
564 565
564 565
564 566
564 566
564 567
564 584
564 584
564 585
565 565
565 566
565 584
566 566
566 567
566 567
566 568
566 568
566 569
566 586
566 586
566 587
567 567
567 568
567 586
568 568
568 569
568 569
568 588
568 588
568 589
569 569
569 588
570 570
570 571
570 571
570 572
570 572
570 573
570 600
570 600
570 601
571 571
571 572
571 572
571 573
571 600
571 600
571 601
572 572
572 573
572 573
572 574
572 574
572 575
572 602
572 602
572 603
573 573
573 574
573 602
574 574
574 575
574 575
574 576
574 576
574 577
574 604
574 604
574 605
575 575
575 576
575 604
576 576
576 577
576 577
576 578
576 578
576 579
576 606
576 606
576 607
577 577
577 578
577 606
578 578
578 579
578 579
578 580
578 580
578 581
578 608
578 608
578 609
579 579
579 580
579 608
580 580
580 581
580 581
580 582
580 582
580 583
580 610
580 610
580 611
581 581
581 582
581 610
582 582
582 583
582 583
582 584
582 584
582 585
582 612
582 612
582 613
583 583
583 584
583 612
584 584
584 585
584 585
584 586
584 586
584 587
584 614
584 614
584 615
585 585
585 586
585 614
586 586
586 587
586 587
586 588
586 588
586 589
586 616
586 616
586 617
587 587
587 588
587 616
588 588
588 589
588 589
588 618
588 618
588 619
589 589
589 618
590 590
590 591
590 591
590 592
590 592
590 593
590 620
590 620
590 621
590 858
590 858
590 859
591 591
591 592
591 620
591 858
592 592
592 593
592 593
592 594
592 594
592 595
592 622
592 622
592 623
592 860
592 860
592 861
593 593
593 594
593 622
593 860
594 594
594 595
594 595
594 596
594 596
594 597
594 624
594 624
594 625
594 862
594 862
594 863
595 595
595 596
595 624
595 862
596 596
596 597
596 597
596 598
596 598
596 599
596 626
596 626
596 627
596 864
596 864
596 865
597 597
597 598
597 626
597 864
598 598
598 599
598 599
598 628
598 628
598 629
598 866
598 866
598 867
599 599
599 628
599 866
600 600
600 601
600 601
600 602
600 602
600 603
600 630
600 630
600 631
601 601
601 602
601 630
602 602
602 603
602 603
602 604
602 604
602 605
602 632
602 632
602 633
603 603
603 604
603 632
604 604
604 605
604 605
604 606
604 606
604 607
604 634
604 634
604 635
605 605
605 606
605 634
606 606
606 607
606 607
606 608
606 608
606 609
606 636
606 636
606 637
607 607
607 608
607 636
608 608
608 609
608 609
608 610
608 610
608 611
608 638
608 638
608 639
609 609
609 610
609 638
610 610
610 611
610 611
610 612
610 612
610 613
610 640
610 640
610 641
611 611
611 612
611 640
612 612
612 613
612 613
612 614
612 614
612 615
612 642
612 642
612 643
613 613
613 614
613 642
614 614
614 615
614 615
614 616
614 616
614 617
614 644
614 644
614 645
615 615
615 616
615 644
616 616
616 617
616 617
616 618
616 618
616 619
616 646
616 646
616 647
617 617
617 618
617 646
618 618
618 619
618 619
618 648
618 648
618 649
619 619
619 648
620 620
620 621
620 621
620 622
620 622
620 623
620 650
620 650
620 651
620 868
620 868
620 869
621 621
621 622
621 650
621 868
622 622
622 623
622 623
622 624
622 624
622 625
622 652
622 652
622 653
622 870
622 870
622 871
623 623
623 624
623 652
623 870
624 624
624 625
624 625
624 626
624 626
624 627
624 654
624 654
624 655
624 872
624 872
624 873
625 625
625 626
625 654
625 872
626 626
626 627
626 627
626 628
626 628
626 629
626 656
626 656
626 657
626 874
626 874
626 875
627 627
627 628
627 656
627 874
628 628
628 629
628 629
628 658
628 658
628 659
628 876
628 876
628 877
629 629
629 658
629 876
630 630
630 631
630 631
630 632
630 632
630 633
630 660
630 660
630 661
631 631
631 632
631 660
632 632
632 633
632 633
632 634
632 634
632 635
632 662
632 662
632 663
633 633
633 634
633 662
634 634
634 635
634 635
634 636
634 636
634 637
634 664
634 664
634 665
635 635
635 636
635 664
636 636
636 637
636 637
636 638
636 638
636 639
636 666
636 666
636 667
637 637
637 638
637 666
638 638
638 639
638 639
638 640
638 640
638 641
638 668
638 668
638 669
639 639
639 640
639 668
640 640
640 641
640 641
640 642
640 642
640 643
640 670
640 670
640 671
641 641
641 642
641 670
642 642
642 643
642 643
642 644
642 644
642 645
642 672
642 672
642 673
643 643
643 644
643 672
644 644
644 645
644 645
644 646
644 646
644 647
644 674
644 674
644 675
645 645
645 646
645 674
646 646
646 647
646 647
646 648
646 648
646 649
646 676
646 676
646 677
647 647
647 648
647 676
648 648
648 649
648 649
648 678
648 678
648 679
649 649
649 678
650 650
650 651
650 651
650 652
650 652
650 653
650 680
650 680
650 681
650 878
650 878
650 879
651 651
651 652
651 680
651 878
652 652
652 653
652 653
652 654
652 654
652 655
652 682
652 682
652 683
652 880
652 880
652 881
653 653
653 654
653 682
653 880
654 654
654 655
654 655
654 656
654 656
654 657
654 684
654 684
654 685
654 882
654 882
654 883
655 655
655 656
655 684
655 882
656 656
656 657
656 657
656 658
656 658
656 659
656 686
656 686
656 687
656 884
656 884
656 885
657 657
657 658
657 658
657 659
657 686
657 686
657 687
657 884
657 884
657 885
658 658
658 659
658 659
658 688
658 688
658 689
658 886
658 886
658 887
659 659
659 688
659 688
659 689
659 886
659 886
659 887
660 660
660 661
660 661
660 662
660 662
660 663
660 690
660 690
660 691
661 661
661 662
661 690
662 662
662 663
662 663
662 664
662 664
662 665
662 692
662 692
662 693
663 663
663 664
663 692
664 664
664 665
664 665
664 666
664 666
664 667
664 694
664 694
664 695
665 665
665 666
665 694
666 666
666 667
666 667
666 668
666 668
666 669
666 696
666 696
666 697
667 667
667 668
667 696
668 668
668 669
668 669
668 670
668 670
668 671
668 698
668 698
668 699
669 669
669 670
669 698
670 670
670 671
670 671
670 672
670 672
670 673
670 700
670 700
670 701
671 671
671 672
671 700
672 672
672 673
672 673
672 674
672 674
672 675
672 702
672 702
672 703
673 673
673 674
673 702
674 674
674 675
674 675
674 676
674 676
674 677
674 704
674 704
674 705
675 675
675 676
675 704
676 676
676 677
676 677
676 678
676 678
676 679
676 706
676 706
676 707
677 677
677 678
677 706
678 678
678 679
678 679
678 708
678 708
678 709
679 679
679 708
680 680
680 681
680 681
680 682
680 682
680 683
680 710
680 710
680 711
680 888
680 888
680 889
681 681
681 682
681 710
681 888
682 682
682 683
682 683
682 684
682 684
682 685
682 712
682 712
682 713
682 890
682 890
682 891
683 683
683 684
683 712
683 890
684 684
684 685
684 685
684 686
684 686
684 687
684 714
684 714
684 715
684 892
684 892
684 893
685 685
685 686
685 686
685 687
685 714
685 714
685 715
685 892
685 892
685 893
686 686
686 687
686 687
686 688
686 688
686 689
686 689
686 716
686 716
686 717
686 717
686 894
686 894
686 895
687 687
687 894
687 894
687 895
687 688
687 689
687 716
687 717
688 688
688 689
688 689
688 718
688 718
688 719
688 896
688 896
688 897
689 689
689 718
689 718
689 719
689 896
689 896
689 897
689 897
690 690
690 691
690 691
690 692
690 692
690 693
690 720
690 720
690 721
691 691
691 692
691 720
692 692
692 693
692 693
692 694
692 694
692 695
692 722
692 722
692 723
693 693
693 694
693 722
694 694
694 695
694 695
694 696
694 696
694 697
694 724
694 724
694 725
695 695
695 696
695 724
696 696
696 697
696 697
696 698
696 698
696 699
696 726
696 726
696 727
697 697
697 698
697 726
698 698
698 699
698 699
698 700
698 700
698 701
698 728
698 728
698 729
699 699
699 700
699 728
700 700
700 701
700 701
700 702
700 702
700 703
700 730
700 730
700 731
701 701
701 702
701 730
702 702
702 703
702 703
702 704
702 704
702 705
702 732
702 732
702 733
703 703
703 704
703 732
704 704
704 705
704 705
704 706
704 706
704 707
704 734
704 734
704 735
705 705
705 706
705 734
706 706
706 707
706 707
706 708
706 708
706 709
706 736
706 736
706 737
707 707
707 708
707 736
708 708
708 709
708 709
708 738
708 738
708 739
709 709
709 738
710 710
710 711
710 711
710 712
710 712
710 713
710 898
710 898
710 899
711 711
711 712
711 898
712 712
712 713
712 713
712 714
712 714
712 715
712 900
712 900
712 901
713 713
713 714
713 900
714 714
714 715
714 715
714 716
714 716
714 717
714 902
714 902
714 903
715 715
715 716
715 716
715 717
715 902
715 902
715 903
716 716
716 717
716 717
716 718
716 718
716 719
716 904
716 904
716 905
717 717
717 718
717 718
717 719
717 904
717 904
717 905
717 905
718 718
718 719
718 719
718 906
718 906
718 907
719 719
719 906
719 906
719 907
719 907
720 720
720 721
720 721
720 722
720 722
720 723
720 740
720 740
720 741
721 721
721 722
721 740
722 722
722 723
722 723
722 724
722 724
722 725
722 742
722 742
722 743
723 723
723 724
723 742
724 724
724 725
724 725
724 726
724 726
724 727
724 744
724 744
724 745
725 725
725 726
725 744
726 726
726 727
726 727
726 728
726 728
726 729
726 746
726 746
726 747
727 727
727 728
727 746
728 728
728 729
728 729
728 730
728 730
728 731
728 748
728 748
728 749
729 729
729 730
729 748
730 730
730 731
730 731
730 732
730 732
730 733
730 750
730 750
730 751
731 731
731 732
731 750
732 732
732 733
732 733
732 734
732 734
732 735
732 752
732 752
732 753
733 733
733 734
733 752
734 734
734 735
734 735
734 736
734 736
734 737
734 754
734 754
734 755
735 735
735 736
735 754
736 736
736 737
736 737
736 738
736 738
736 739
736 756
736 756
736 757
737 737
737 738
737 756
738 738
738 739
738 739
738 776
738 776
738 777
739 739
739 776
740 740
740 741
740 741
740 742
740 742
740 743
740 796
740 796
740 797
741 741
741 742
741 796
742 742
742 743
742 743
742 744
742 744
742 745
742 798
742 798
742 799
743 743
743 744
743 798
744 744
744 745
744 745
744 746
744 746
744 747
744 800
744 800
744 801
745 745
745 746
745 800
746 746
746 747
746 747
746 748
746 748
746 749
746 802
746 802
746 803
747 747
747 748
747 802
748 748
748 749
748 749
748 750
748 750
748 751
748 804
748 804
748 805
749 749
749 750
749 804
750 750
750 751
750 751
750 752
750 752
750 753
750 806
750 806
750 807
751 751
751 752
751 806
752 752
752 753
752 753
752 754
752 754
752 755
752 808
752 808
752 809
753 753
753 754
753 808
754 754
754 755
754 755
754 756
754 756
754 757
754 810
754 810
754 811
755 755
755 756
755 810
756 756
756 757
756 757
756 776
756 776
756 777
756 908
756 908
756 909
756 910
756 910
756 911
756 912
756 912
756 913
756 914
756 914
756 915
756 916
756 916
756 917
756 918
756 918
756 919
756 920
756 920
756 921
756 922
756 922
756 923
756 924
756 924
756 925
757 757
757 776
757 908
757 910
757 912
757 914
757 916
757 918
757 920
757 922
757 924
758 758
758 759
758 759
758 760
758 760
758 761
758 812
758 812
758 813
758 764
758 764
758 765
759 759
759 760
759 812
759 764
760 760
760 761
760 761
760 762
760 762
760 763
760 858
760 858
760 859
760 766
760 766
760 767
761 761
761 762
761 858
761 766
762 762
762 763
762 763
762 778
762 778
762 779
762 860
762 860
762 861
762 768
762 768
762 769
763 763
763 778
763 860
763 768
764 764
764 765
764 765
764 766
764 766
764 767
764 816
764 816
764 817
764 770
764 770
764 771
765 765
765 766
765 816
765 770
766 766
766 767
766 767
766 768
766 768
766 769
766 974
766 974
766 975
766 772
766 772
766 773
767 767
767 768
767 974
767 772
768 768
768 769
768 769
768 784
768 784
768 785
768 976
768 976
768 977
768 774
768 774
768 775
769 769
769 784
769 976
769 774
770 770
770 771
770 771
770 772
770 772
770 773
770 820
770 820
770 821
770 908
770 908
770 909
771 771
771 772
771 820
771 908
772 772
772 773
772 773
772 774
772 774
772 775
772 1024
772 1024
772 1025
772 910
772 910
772 911
773 773
773 774
773 1024
773 910
774 774
774 775
774 775
774 790
774 790
774 791
774 1026
774 1026
774 1027
774 912
774 912
774 913
775 775
775 790
775 1026
775 912
776 776
776 777
776 777
776 926
776 926
776 927
776 928
776 928
776 929
776 930
776 930
776 931
776 932
776 932
776 933
776 934
776 934
776 935
776 936
776 936
776 937
776 938
776 938
776 939
776 940
776 940
776 941
776 942
776 942
776 943
777 777
777 926
777 928
777 930
777 932
777 934
777 936
777 938
777 940
777 942
778 778
778 779
778 779
778 780
778 780
778 781
778 862
778 862
778 863
778 784
778 784
778 785
779 779
779 780
779 862
779 784
780 780
780 781
780 781
780 782
780 782
780 783
780 864
780 864
780 865
780 786
780 786
780 787
781 781
781 782
781 864
781 786
782 782
782 783
782 783
782 866
782 866
782 867
782 788
782 788
782 789
783 783
783 866
783 788
784 784
784 785
784 785
784 786
784 786
784 787
784 978
784 978
784 979
784 790
784 790
784 791
785 785
785 786
785 978
785 790
786 786
786 787
786 787
786 788
786 788
786 789
786 980
786 980
786 981
786 792
786 792
786 793
787 787
787 788
787 980
787 792
788 788
788 789
788 789
788 982
788 982
788 983
788 794
788 794
788 795
789 789
789 982
789 794
790 790
790 791
790 791
790 792
790 792
790 793
790 1028
790 1028
790 1029
790 926
790 926
790 927
791 791
791 792
791 1028
791 926
792 792
792 793
792 793
792 794
792 794
792 795
792 1030
792 1030
792 1031
792 928
792 928
792 929
793 793
793 794
793 1030
793 928
794 794
794 795
794 795
794 1032
794 1032
794 1033
794 930
794 930
794 931
795 795
795 1032
795 930
796 796
796 797
796 797
796 798
796 798
796 799
796 824
796 824
796 825
797 797
797 798
797 824
798 798
798 799
798 799
798 800
798 800
798 801
798 826
798 826
798 827
799 799
799 800
799 826
800 800
800 801
800 801
800 802
800 802
800 803
800 828
800 828
800 829
801 801
801 802
801 828
802 802
802 803
802 803
802 804
802 804
802 805
802 830
802 830
802 831
803 803
803 804
803 830
804 804
804 805
804 805
804 806
804 806
804 807
804 832
804 832
804 833
805 805
805 806
805 832
806 806
806 807
806 807
806 808
806 808
806 809
806 834
806 834
806 835
807 807
807 808
807 834
808 808
808 809
808 809
808 810
808 810
808 811
808 836
808 836
808 837
809 809
809 810
809 836
810 810
810 811
810 811
810 838
810 838
810 839
810 908
810 908
810 909
810 944
810 944
810 945
810 946
810 946
810 947
810 914
810 914
810 915
810 948
810 948
810 949
810 950
810 950
810 951
810 920
810 920
810 921
810 952
810 952
810 953
810 954
810 954
810 955
811 811
811 838
811 908
811 944
811 946
811 914
811 948
811 950
811 920
811 952
811 954
812 812
812 813
812 813
812 858
812 858
812 859
812 814
812 814
812 815
812 816
812 816
812 817
813 813
813 858
813 814
813 816
814 814
814 815
814 815
814 868
814 868
814 869
814 840
814 840
814 841
814 818
814 818
814 819
815 815
815 868
815 840
815 818
816 816
816 817
816 817
816 974
816 974
816 975
816 818
816 818
816 819
816 820
816 820
816 821
817 817
817 974
817 818
817 820
818 818
818 819
818 819
818 984
818 984
818 985
818 846
818 846
818 847
818 822
818 822
818 823
819 819
819 984
819 846
819 822
820 820
820 821
820 821
820 1024
820 1024
820 1025
820 822
820 822
820 823
820 944
820 944
820 945
821 821
821 1024
821 822
821 944
822 822
822 823
822 823
822 1034
822 1034
822 1035
822 852
822 852
822 853
822 946
822 946
822 947
823 823
823 1034
823 852
823 946
824 824
824 825
824 825
824 826
824 826
824 827
825 825
825 826
826 826
826 827
826 827
826 828
826 828
826 829
827 827
827 828
828 828
828 829
828 829
828 830
828 830
828 831
829 829
829 830
830 830
830 831
830 831
830 832
830 832
830 833
831 831
831 832
832 832
832 833
832 833
832 834
832 834
832 835
833 833
833 834
834 834
834 835
834 835
834 836
834 836
834 837
835 835
835 836
836 836
836 837
836 837
836 838
836 838
836 839
837 837
837 838
838 838
838 839
838 839
838 956
838 956
838 957
838 958
838 958
838 959
838 960
838 960
838 961
838 962
838 962
838 963
838 964
838 964
838 965
838 966
838 966
838 967
838 968
838 968
838 969
838 970
838 970
838 971
838 972
838 972
838 973
839 839
839 956
839 958
839 960
839 962
839 964
839 966
839 968
839 970
839 972
840 840
840 841
840 841
840 878
840 878
840 879
840 842
840 842
840 843
840 846
840 846
840 847
841 841
841 878
841 842
841 846
842 842
842 843
842 843
842 888
842 888
842 889
842 844
842 844
842 845
842 848
842 848
842 849
843 843
843 888
843 844
843 848
844 844
844 845
844 845
844 898
844 898
844 899
844 850
844 850
844 851
845 845
845 898
845 850
846 846
846 847
846 847
846 994
846 994
846 995
846 848
846 848
846 849
846 852
846 852
846 853
847 847
847 994
847 848
847 852
848 848
848 849
848 849
848 1004
848 1004
848 1005
848 850
848 850
848 851
848 854
848 854
848 855
849 849
849 1004
849 850
849 854
850 850
850 851
850 851
850 1014
850 1014
850 1015
850 856
850 856
850 857
851 851
851 1014
851 856
852 852
852 853
852 853
852 1044
852 1044
852 1045
852 854
852 854
852 855
852 956
852 956
852 957
853 853
853 1044
853 854
853 956
854 854
854 855
854 855
854 1054
854 1054
854 1055
854 856
854 856
854 857
854 958
854 958
854 959
855 855
855 1054
855 856
855 958
856 856
856 857
856 857
856 1064
856 1064
856 1065
856 960
856 960
856 961
857 857
857 1064
857 960
858 858
858 859
858 859
858 860
858 860
858 861
858 868
858 868
858 869
858 974
858 974
858 975
859 859
859 860
859 868
859 974
860 860
860 861
860 861
860 862
860 862
860 863
860 870
860 870
860 871
860 976
860 976
860 977
861 861
861 862
861 870
861 976
862 862
862 863
862 863
862 864
862 864
862 865
862 872
862 872
862 873
862 978
862 978
862 979
863 863
863 864
863 872
863 978
864 864
864 865
864 865
864 866
864 866
864 867
864 874
864 874
864 875
864 980
864 980
864 981
865 865
865 866
865 874
865 980
866 866
866 867
866 867
866 876
866 876
866 877
866 982
866 982
866 983
867 867
867 876
867 982
868 868
868 869
868 869
868 870
868 870
868 871
868 878
868 878
868 879
868 984
868 984
868 985
869 869
869 870
869 878
869 984
870 870
870 871
870 871
870 872
870 872
870 873
870 880
870 880
870 881
870 986
870 986
870 987
871 871
871 872
871 880
871 986
872 872
872 873
872 873
872 874
872 874
872 875
872 882
872 882
872 883
872 988
872 988
872 989
873 873
873 874
873 882
873 988
874 874
874 875
874 875
874 876
874 876
874 877
874 884
874 884
874 885
874 990
874 990
874 991
875 875
875 876
875 884
875 990
876 876
876 877
876 877
876 886
876 886
876 887
876 992
876 992
876 993
877 877
877 886
877 992
878 878
878 879
878 879
878 880
878 880
878 881
878 888
878 888
878 889
878 994
878 994
878 995
879 879
879 880
879 888
879 994
880 880
880 881
880 881
880 882
880 882
880 883
880 890
880 890
880 891
880 996
880 996
880 997
881 881
881 882
881 890
881 996
882 882
882 883
882 883
882 884
882 884
882 885
882 892
882 892
882 893
882 998
882 998
882 999
883 883
883 884
883 892
883 998
884 884
884 885
884 885
884 886
884 886
884 887
884 894
884 894
884 895
884 1000
884 1000
884 1001
885 885
885 886
885 886
885 887
885 894
885 894
885 895
885 1000
885 1000
885 1001
886 886
886 887
886 887
886 896
886 896
886 897
886 1002
886 1002
886 1003
887 887
887 896
887 896
887 897
887 1002
887 1002
887 1003
888 888
888 889
888 889
888 890
888 890
888 891
888 898
888 898
888 899
888 1004
888 1004
888 1005
889 889
889 890
889 898
889 1004
890 890
890 891
890 891
890 892
890 892
890 893
890 900
890 900
890 901
890 1006
890 1006
890 1007
891 891
891 892
891 900
891 1006
892 892
892 893
892 893
892 894
892 894
892 895
892 902
892 902
892 903
892 1008
892 1008
892 1009
893 893
893 894
893 894
893 895
893 902
893 902
893 903
893 1008
893 1008
893 1009
894 894
894 895
894 895
894 896
894 896
894 897
894 897
894 904
894 904
894 905
894 905
894 1010
894 1010
894 1011
895 895
895 1010
895 1010
895 1011
895 896
895 897
895 904
895 905
896 896
896 897
896 897
896 906
896 906
896 907
896 1012
896 1012
896 1013
897 897
897 906
897 906
897 907
897 1012
897 1012
897 1013
897 1013
898 898
898 899
898 899
898 900
898 900
898 901
898 1014
898 1014
898 1015
899 899
899 900
899 1014
900 900
900 901
900 901
900 902
900 902
900 903
900 1016
900 1016
900 1017
901 901
901 902
901 1016
902 902
902 903
902 903
902 904
902 904
902 905
902 1018
902 1018
902 1019
903 903
903 904
903 904
903 905
903 1018
903 1018
903 1019
904 904
904 905
904 905
904 906
904 906
904 907
904 1020
904 1020
904 1021
905 905
905 906
905 906
905 907
905 1020
905 1020
905 1021
905 1021
906 906
906 907
906 907
906 1022
906 1022
906 1023
907 907
907 1022
907 1022
907 1023
907 1023
908 908
908 909
908 909
908 910
908 910
908 911
908 944
908 944
908 945
908 914
908 914
908 915
909 909
909 910
909 944
909 914
910 910
910 911
910 911
910 912
910 912
910 913
910 1074
910 1074
910 1075
910 916
910 916
910 917
911 911
911 912
911 1074
911 916
912 912
912 913
912 913
912 926
912 926
912 927
912 1076
912 1076
912 1077
912 918
912 918
912 919
913 913
913 926
913 1076
913 918
914 914
914 915
914 915
914 916
914 916
914 917
914 948
914 948
914 949
914 920
914 920
914 921
915 915
915 916
915 948
915 920
916 916
916 917
916 917
916 918
916 918
916 919
916 1124
916 1124
916 1125
916 922
916 922
916 923
917 917
917 918
917 1124
917 922
918 918
918 919
918 919
918 932
918 932
918 933
918 1126
918 1126
918 1127
918 924
918 924
918 925
919 919
919 932
919 1126
919 924
920 920
920 921
920 921
920 922
920 922
920 923
920 952
920 952
920 953
921 921
921 922
921 952
922 922
922 923
922 923
922 924
922 924
922 925
922 1176
922 1176
922 1177
923 923
923 924
923 1176
924 924
924 925
924 925
924 938
924 938
924 939
924 1178
924 1178
924 1179
925 925
925 938
925 1178
926 926
926 927
926 927
926 928
926 928
926 929
926 1078
926 1078
926 1079
926 932
926 932
926 933
927 927
927 928
927 1078
927 932
928 928
928 929
928 929
928 930
928 930
928 931
928 1080
928 1080
928 1081
928 934
928 934
928 935
929 929
929 930
929 1080
929 934
930 930
930 931
930 931
930 1082
930 1082
930 1083
930 936
930 936
930 937
931 931
931 1082
931 936
932 932
932 933
932 933
932 934
932 934
932 935
932 1128
932 1128
932 1129
932 938
932 938
932 939
933 933
933 934
933 1128
933 938
934 934
934 935
934 935
934 936
934 936
934 937
934 1130
934 1130
934 1131
934 940
934 940
934 941
935 935
935 936
935 1130
935 940
936 936
936 937
936 937
936 1132
936 1132
936 1133
936 942
936 942
936 943
937 937
937 1132
937 942
938 938
938 939
938 939
938 940
938 940
938 941
938 1180
938 1180
938 1181
939 939
939 940
939 1180
940 940
940 941
940 941
940 942
940 942
940 943
940 1182
940 1182
940 1183
941 941
941 942
941 1182
942 942
942 943
942 943
942 1184
942 1184
942 1185
943 943
943 1184
944 944
944 945
944 945
944 1074
944 1074
944 1075
944 946
944 946
944 947
944 948
944 948
944 949
945 945
945 1074
945 946
945 948
946 946
946 947
946 947
946 1084
946 1084
946 1085
946 956
946 956
946 957
946 950
946 950
946 951
947 947
947 1084
947 956
947 950
948 948
948 949
948 949
948 1124
948 1124
948 1125
948 950
948 950
948 951
948 952
948 952
948 953
949 949
949 1124
949 950
949 952
950 950
950 951
950 951
950 1134
950 1134
950 1135
950 962
950 962
950 963
950 954
950 954
950 955
951 951
951 1134
951 962
951 954
952 952
952 953
952 953
952 1176
952 1176
952 1177
952 954
952 954
952 955
953 953
953 1176
953 954
954 954
954 955
954 955
954 1186
954 1186
954 1187
954 968
954 968
954 969
955 955
955 1186
955 968
956 956
956 957
956 957
956 1094
956 1094
956 1095
956 958
956 958
956 959
956 962
956 962
956 963
957 957
957 1094
957 958
957 962
958 958
958 959
958 959
958 1104
958 1104
958 1105
958 960
958 960
958 961
958 964
958 964
958 965
959 959
959 1104
959 960
959 964
960 960
960 961
960 961
960 1114
960 1114
960 1115
960 966
960 966
960 967
961 961
961 1114
961 966
962 962
962 963
962 963
962 1144
962 1144
962 1145
962 964
962 964
962 965
962 968
962 968
962 969
963 963
963 1144
963 964
963 968
964 964
964 965
964 965
964 1154
964 1154
964 1155
964 966
964 966
964 967
964 970
964 970
964 971
965 965
965 1154
965 966
965 970
966 966
966 967
966 967
966 1166
966 1166
966 1167
966 972
966 972
966 973
967 967
967 1166
967 972
968 968
968 969
968 969
968 1196
968 1196
968 1197
968 970
968 970
968 971
969 969
969 1196
969 970
970 970
970 971
970 971
970 1206
970 1206
970 1207
970 972
970 972
970 973
971 971
971 1206
971 972
972 972
972 973
972 973
972 1214
972 1214
972 1215
973 973
973 1214
974 974
974 975
974 975
974 976
974 976
974 977
974 984
974 984
974 985
974 1024
974 1024
974 1025
975 975
975 976
975 984
975 1024
976 976
976 977
976 977
976 978
976 978
976 979
976 986
976 986
976 987
976 1026
976 1026
976 1027
977 977
977 978
977 986
977 1026
978 978
978 979
978 979
978 980
978 980
978 981
978 988
978 988
978 989
978 1028
978 1028
978 1029
979 979
979 980
979 988
979 1028
980 980
980 981
980 981
980 982
980 982
980 983
980 990
980 990
980 991
980 1030
980 1030
980 1031
981 981
981 982
981 990
981 1030
982 982
982 983
982 983
982 992
982 992
982 993
982 1032
982 1032
982 1033
983 983
983 992
983 1032
984 984
984 985
984 985
984 986
984 986
984 987
984 994
984 994
984 995
984 1034
984 1034
984 1035
985 985
985 986
985 994
985 1034
986 986
986 987
986 987
986 988
986 988
986 989
986 996
986 996
986 997
986 1036
986 1036
986 1037
987 987
987 988
987 996
987 1036
988 988
988 989
988 989
988 990
988 990
988 991
988 998
988 998
988 999
988 1038
988 1038
988 1039
989 989
989 990
989 998
989 1038
990 990
990 991
990 991
990 992
990 992
990 993
990 1000
990 1000
990 1001
990 1040
990 1040
990 1041
991 991
991 992
991 1000
991 1040
992 992
992 993
992 993
992 1002
992 1002
992 1003
992 1042
992 1042
992 1043
993 993
993 1002
993 1042
994 994
994 995
994 995
994 996
994 996
994 997
994 1004
994 1004
994 1005
994 1044
994 1044
994 1045
995 995
995 996
995 1004
995 1044
996 996
996 997
996 997
996 998
996 998
996 999
996 1006
996 1006
996 1007
996 1046
996 1046
996 1047
997 997
997 998
997 1006
997 1046
998 998
998 999
998 999
998 1000
998 1000
998 1001
998 1008
998 1008
998 1009
998 1048
998 1048
998 1049
999 999
999 1000
999 1008
999 1048
1000 1000
1000 1001
1000 1001
1000 1002
1000 1002
1000 1003
1000 1003
1000 1010
1000 1010
1000 1011
1000 1050
1000 1050
1000 1051
1001 1001
1001 1010
1001 1010
1001 1011
1001 1050
1001 1050
1001 1051
1001 1002
1001 1003
1002 1002
1002 1003
1002 1003
1002 1012
1002 1012
1002 1013
1002 1052
1002 1052
1002 1053
1003 1003
1003 1012
1003 1012
1003 1013
1003 1052
1003 1052
1003 1053
1004 1004
1004 1005
1004 1005
1004 1006
1004 1006
1004 1007
1004 1014
1004 1014
1004 1015
1004 1054
1004 1054
1004 1055
1005 1005
1005 1006
1005 1014
1005 1054
1006 1006
1006 1007
1006 1007
1006 1008
1006 1008
1006 1009
1006 1016
1006 1016
1006 1017
1006 1056
1006 1056
1006 1057
1007 1007
1007 1008
1007 1016
1007 1056
1008 1008
1008 1009
1008 1009
1008 1010
1008 1010
1008 1011
1008 1018
1008 1018
1008 1019
1008 1019
1008 1058
1008 1058
1008 1059
1009 1009
1009 1010
1009 1010
1009 1011
1009 1058
1009 1058
1009 1059
1009 1018
1009 1019
1010 1010
1010 1011
1010 1011
1010 1012
1010 1012
1010 1013
1010 1013
1010 1020
1010 1020
1010 1021
1010 1021
1010 1060
1010 1060
1010 1061
1011 1011
1011 1060
1011 1060
1011 1061
1011 1012
1011 1013
1011 1020
1011 1021
1012 1012
1012 1013
1012 1013
1012 1022
1012 1022
1012 1023
1012 1062
1012 1062
1012 1063
1013 1013
1013 1022
1013 1022
1013 1023
1013 1062
1013 1062
1013 1063
1013 1063
1014 1014
1014 1015
1014 1015
1014 1016
1014 1016
1014 1017
1014 1064
1014 1064
1014 1065
1015 1015
1015 1016
1015 1064
1016 1016
1016 1017
1016 1017
1016 1018
1016 1018
1016 1019
1016 1066
1016 1066
1016 1067
1017 1017
1017 1018
1017 1066
1018 1018
1018 1019
1018 1019
1018 1020
1018 1020
1018 1021
1018 1068
1018 1068
1018 1069
1019 1019
1019 1020
1019 1020
1019 1021
1019 1068
1019 1068
1019 1069
1020 1020
1020 1021
1020 1021
1020 1022
1020 1022
1020 1023
1020 1070
1020 1070
1020 1071
1021 1021
1021 1022
1021 1022
1021 1023
1021 1070
1021 1070
1021 1071
1021 1071
1022 1022
1022 1023
1022 1023
1022 1072
1022 1072
1022 1073
1023 1023
1023 1072
1023 1072
1023 1073
1023 1073
1024 1024
1024 1025
1024 1025
1024 1026
1024 1026
1024 1027
1024 1034
1024 1034
1024 1035
1024 1074
1024 1074
1024 1075
1025 1025
1025 1026
1025 1034
1025 1074
1026 1026
1026 1027
1026 1027
1026 1028
1026 1028
1026 1029
1026 1036
1026 1036
1026 1037
1026 1076
1026 1076
1026 1077
1027 1027
1027 1028
1027 1036
1027 1076
1028 1028
1028 1029
1028 1029
1028 1030
1028 1030
1028 1031
1028 1038
1028 1038
1028 1039
1028 1078
1028 1078
1028 1079
1029 1029
1029 1030
1029 1038
1029 1078
1030 1030
1030 1031
1030 1031
1030 1032
1030 1032
1030 1033
1030 1040
1030 1040
1030 1041
1030 1080
1030 1080
1030 1081
1031 1031
1031 1032
1031 1040
1031 1080
1032 1032
1032 1033
1032 1033
1032 1042
1032 1042
1032 1043
1032 1082
1032 1082
1032 1083
1033 1033
1033 1042
1033 1082
1034 1034
1034 1035
1034 1035
1034 1036
1034 1036
1034 1037
1034 1044
1034 1044
1034 1045
1034 1084
1034 1084
1034 1085
1035 1035
1035 1036
1035 1044
1035 1084
1036 1036
1036 1037
1036 1037
1036 1038
1036 1038
1036 1039
1036 1046
1036 1046
1036 1047
1036 1086
1036 1086
1036 1087
1037 1037
1037 1038
1037 1046
1037 1086
1038 1038
1038 1039
1038 1039
1038 1040
1038 1040
1038 1041
1038 1048
1038 1048
1038 1049
1038 1088
1038 1088
1038 1089
1039 1039
1039 1040
1039 1048
1039 1088
1040 1040
1040 1041
1040 1041
1040 1042
1040 1042
1040 1043
1040 1050
1040 1050
1040 1051
1040 1090
1040 1090
1040 1091
1041 1041
1041 1042
1041 1050
1041 1090
1042 1042
1042 1043
1042 1043
1042 1052
1042 1052
1042 1053
1042 1092
1042 1092
1042 1093
1043 1043
1043 1052
1043 1092
1044 1044
1044 1045
1044 1045
1044 1046
1044 1046
1044 1047
1044 1054
1044 1054
1044 1055
1044 1094
1044 1094
1044 1095
1045 1045
1045 1046
1045 1054
1045 1094
1046 1046
1046 1047
1046 1047
1046 1048
1046 1048
1046 1049
1046 1056
1046 1056
1046 1057
1046 1096
1046 1096
1046 1097
1047 1047
1047 1048
1047 1056
1047 1096
1048 1048
1048 1049
1048 1049
1048 1050
1048 1050
1048 1051
1048 1058
1048 1058
1048 1059
1048 1098
1048 1098
1048 1099
1049 1049
1049 1050
1049 1058
1049 1098
1050 1050
1050 1051
1050 1051
1050 1052
1050 1052
1050 1053
1050 1053
1050 1060
1050 1060
1050 1061
1050 1100
1050 1100
1050 1101
1051 1051
1051 1060
1051 1060
1051 1061
1051 1100
1051 1100
1051 1101
1051 1052
1051 1053
1052 1052
1052 1053
1052 1053
1052 1062
1052 1062
1052 1063
1052 1102
1052 1102
1052 1103
1053 1053
1053 1062
1053 1062
1053 1063
1053 1102
1053 1102
1053 1103
1054 1054
1054 1055
1054 1055
1054 1056
1054 1056
1054 1057
1054 1064
1054 1064
1054 1065
1054 1104
1054 1104
1054 1105
1055 1055
1055 1056
1055 1064
1055 1104
1056 1056
1056 1057
1056 1057
1056 1058
1056 1058
1056 1059
1056 1066
1056 1066
1056 1067
1056 1106
1056 1106
1056 1107
1057 1057
1057 1058
1057 1066
1057 1106
1058 1058
1058 1059
1058 1059
1058 1060
1058 1060
1058 1061
1058 1068
1058 1068
1058 1069
1058 1069
1058 1108
1058 1108
1058 1109
1059 1059
1059 1060
1059 1060
1059 1061
1059 1108
1059 1108
1059 1109
1059 1068
1059 1069
1060 1060
1060 1061
1060 1061
1060 1062
1060 1062
1060 1063
1060 1063
1060 1070
1060 1070
1060 1071
1060 1071
1060 1110
1060 1110
1060 1111
1061 1061
1061 1110
1061 1110
1061 1111
1061 1062
1061 1063
1061 1070
1061 1071
1062 1062
1062 1063
1062 1063
1062 1072
1062 1072
1062 1073
1062 1112
1062 1112
1062 1113
1063 1063
1063 1072
1063 1072
1063 1073
1063 1112
1063 1112
1063 1113
1063 1113
1064 1064
1064 1065
1064 1065
1064 1066
1064 1066
1064 1067
1064 1114
1064 1114
1064 1115
1065 1065
1065 1066
1065 1114
1066 1066
1066 1067
1066 1067
1066 1068
1066 1068
1066 1069
1066 1116
1066 1116
1066 1117
1067 1067
1067 1068
1067 1116
1068 1068
1068 1069
1068 1069
1068 1070
1068 1070
1068 1071
1068 1118
1068 1118
1068 1119
1069 1069
1069 1070
1069 1070
1069 1071
1069 1118
1069 1118
1069 1119
1070 1070
1070 1071
1070 1071
1070 1072
1070 1072
1070 1073
1070 1120
1070 1120
1070 1121
1071 1071
1071 1072
1071 1072
1071 1073
1071 1120
1071 1120
1071 1121
1071 1121
1072 1072
1072 1073
1072 1073
1072 1122
1072 1122
1072 1123
1073 1073
1073 1122
1073 1122
1073 1123
1073 1123
1074 1074
1074 1075
1074 1075
1074 1076
1074 1076
1074 1077
1074 1084
1074 1084
1074 1085
1074 1124
1074 1124
1074 1125
1075 1075
1075 1076
1075 1084
1075 1124
1076 1076
1076 1077
1076 1077
1076 1078
1076 1078
1076 1079
1076 1086
1076 1086
1076 1087
1076 1126
1076 1126
1076 1127
1077 1077
1077 1078
1077 1086
1077 1126
1078 1078
1078 1079
1078 1079
1078 1080
1078 1080
1078 1081
1078 1088
1078 1088
1078 1089
1078 1128
1078 1128
1078 1129
1079 1079
1079 1080
1079 1088
1079 1128
1080 1080
1080 1081
1080 1081
1080 1082
1080 1082
1080 1083
1080 1090
1080 1090
1080 1091
1080 1130
1080 1130
1080 1131
1081 1081
1081 1082
1081 1090
1081 1130
1082 1082
1082 1083
1082 1083
1082 1092
1082 1092
1082 1093
1082 1132
1082 1132
1082 1133
1083 1083
1083 1092
1083 1132
1084 1084
1084 1085
1084 1085
1084 1086
1084 1086
1084 1087
1084 1094
1084 1094
1084 1095
1084 1134
1084 1134
1084 1135
1085 1085
1085 1086
1085 1094
1085 1134
1086 1086
1086 1087
1086 1087
1086 1088
1086 1088
1086 1089
1086 1096
1086 1096
1086 1097
1086 1136
1086 1136
1086 1137
1087 1087
1087 1088
1087 1096
1087 1136
1088 1088
1088 1089
1088 1089
1088 1090
1088 1090
1088 1091
1088 1098
1088 1098
1088 1099
1088 1138
1088 1138
1088 1139
1089 1089
1089 1090
1089 1098
1089 1138
1090 1090
1090 1091
1090 1091
1090 1092
1090 1092
1090 1093
1090 1100
1090 1100
1090 1101
1090 1140
1090 1140
1090 1141
1091 1091
1091 1092
1091 1100
1091 1140
1092 1092
1092 1093
1092 1093
1092 1102
1092 1102
1092 1103
1092 1142
1092 1142
1092 1143
1093 1093
1093 1102
1093 1142
1094 1094
1094 1095
1094 1095
1094 1096
1094 1096
1094 1097
1094 1104
1094 1104
1094 1105
1094 1144
1094 1144
1094 1145
1095 1095
1095 1096
1095 1104
1095 1144
1096 1096
1096 1097
1096 1097
1096 1098
1096 1098
1096 1099
1096 1106
1096 1106
1096 1107
1096 1146
1096 1146
1096 1147
1097 1097
1097 1098
1097 1106
1097 1146
1098 1098
1098 1099
1098 1099
1098 1100
1098 1100
1098 1101
1098 1108
1098 1108
1098 1109
1098 1148
1098 1148
1098 1149
1099 1099
1099 1100
1099 1108
1099 1148
1100 1100
1100 1101
1100 1101
1100 1102
1100 1102
1100 1103
1100 1103
1100 1110
1100 1110
1100 1111
1100 1150
1100 1150
1100 1151
1101 1101
1101 1110
1101 1110
1101 1111
1101 1150
1101 1150
1101 1151
1101 1102
1101 1103
1102 1102
1102 1103
1102 1103
1102 1112
1102 1112
1102 1113
1102 1152
1102 1152
1102 1153
1103 1103
1103 1112
1103 1112
1103 1113
1103 1152
1103 1152
1103 1153
1104 1104
1104 1105
1104 1105
1104 1106
1104 1106
1104 1107
1104 1114
1104 1114
1104 1115
1104 1154
1104 1154
1104 1155
1105 1105
1105 1106
1105 1114
1105 1154
1106 1106
1106 1107
1106 1107
1106 1108
1106 1108
1106 1109
1106 1116
1106 1116
1106 1117
1106 1156
1106 1156
1106 1157
1107 1107
1107 1108
1107 1116
1107 1156
1108 1108
1108 1109
1108 1109
1108 1110
1108 1110
1108 1111
1108 1118
1108 1118
1108 1119
1108 1119
1108 1158
1108 1158
1108 1159
1109 1109
1109 1110
1109 1110
1109 1111
1109 1158
1109 1158
1109 1159
1109 1118
1109 1119
1110 1110
1110 1111
1110 1111
1110 1112
1110 1112
1110 1113
1110 1113
1110 1120
1110 1120
1110 1121
1110 1121
1110 1160
1110 1160
1110 1161
1110 1161
1110 1162
1110 1162
1110 1163
1110 1163
1111 1111
1111 1160
1111 1160
1111 1161
1111 1161
1111 1162
1111 1162
1111 1163
1111 1163
1111 1112
1111 1113
1111 1120
1111 1121
1112 1112
1112 1113
1112 1113
1112 1122
1112 1122
1112 1123
1112 1123
1112 1164
1112 1164
1112 1165
1113 1113
1113 1164
1113 1164
1113 1165
1113 1165
1113 1122
1113 1123
1114 1114
1114 1115
1114 1115
1114 1116
1114 1116
1114 1117
1114 1166
1114 1166
1114 1167
1115 1115
1115 1116
1115 1166
1116 1116
1116 1117
1116 1117
1116 1118
1116 1118
1116 1119
1116 1168
1116 1168
1116 1169
1117 1117
1117 1118
1117 1168
1118 1118
1118 1119
1118 1119
1118 1120
1118 1120
1118 1121
1118 1170
1118 1170
1118 1171
1119 1119
1119 1120
1119 1120
1119 1121
1119 1170
1119 1170
1119 1171
1120 1120
1120 1121
1120 1121
1120 1122
1120 1122
1120 1123
1120 1123
1120 1172
1120 1172
1120 1173
1121 1121
1121 1172
1121 1172
1121 1173
1121 1173
1121 1122
1121 1123
1122 1122
1122 1123
1122 1123
1122 1174
1122 1174
1122 1175
1123 1123
1123 1174
1123 1174
1123 1175
1123 1175
1124 1124
1124 1125
1124 1125
1124 1126
1124 1126
1124 1127
1124 1134
1124 1134
1124 1135
1124 1176
1124 1176
1124 1177
1125 1125
1125 1126
1125 1134
1125 1176
1126 1126
1126 1127
1126 1127
1126 1128
1126 1128
1126 1129
1126 1136
1126 1136
1126 1137
1126 1178
1126 1178
1126 1179
1127 1127
1127 1128
1127 1136
1127 1178
1128 1128
1128 1129
1128 1129
1128 1130
1128 1130
1128 1131
1128 1138
1128 1138
1128 1139
1128 1180
1128 1180
1128 1181
1129 1129
1129 1130
1129 1138
1129 1180
1130 1130
1130 1131
1130 1131
1130 1132
1130 1132
1130 1133
1130 1140
1130 1140
1130 1141
1130 1182
1130 1182
1130 1183
1131 1131
1131 1132
1131 1140
1131 1182
1132 1132
1132 1133
1132 1133
1132 1142
1132 1142
1132 1143
1132 1184
1132 1184
1132 1185
1133 1133
1133 1142
1133 1184
1134 1134
1134 1135
1134 1135
1134 1136
1134 1136
1134 1137
1134 1144
1134 1144
1134 1145
1134 1186
1134 1186
1134 1187
1135 1135
1135 1136
1135 1144
1135 1186
1136 1136
1136 1137
1136 1137
1136 1138
1136 1138
1136 1139
1136 1146
1136 1146
1136 1147
1136 1188
1136 1188
1136 1189
1137 1137
1137 1138
1137 1146
1137 1188
1138 1138
1138 1139
1138 1139
1138 1140
1138 1140
1138 1141
1138 1148
1138 1148
1138 1149
1138 1190
1138 1190
1138 1191
1139 1139
1139 1140
1139 1148
1139 1190
1140 1140
1140 1141
1140 1141
1140 1142
1140 1142
1140 1143
1140 1150
1140 1150
1140 1151
1140 1192
1140 1192
1140 1193
1141 1141
1141 1142
1141 1150
1141 1192
1142 1142
1142 1143
1142 1143
1142 1152
1142 1152
1142 1153
1142 1194
1142 1194
1142 1195
1143 1143
1143 1152
1143 1194
1144 1144
1144 1145
1144 1145
1144 1146
1144 1146
1144 1147
1144 1154
1144 1154
1144 1155
1144 1196
1144 1196
1144 1197
1145 1145
1145 1146
1145 1154
1145 1196
1146 1146
1146 1147
1146 1147
1146 1148
1146 1148
1146 1149
1146 1156
1146 1156
1146 1157
1146 1198
1146 1198
1146 1199
1147 1147
1147 1148
1147 1156
1147 1198
1148 1148
1148 1149
1148 1149
1148 1150
1148 1150
1148 1151
1148 1158
1148 1158
1148 1159
1148 1200
1148 1200
1148 1201
1149 1149
1149 1150
1149 1158
1149 1200
1150 1150
1150 1151
1150 1151
1150 1152
1150 1152
1150 1153
1150 1153
1150 1160
1150 1160
1150 1161
1150 1202
1150 1202
1150 1203
1151 1151
1151 1160
1151 1160
1151 1161
1151 1202
1151 1202
1151 1203
1151 1152
1151 1153
1152 1152
1152 1153
1152 1153
1152 1164
1152 1164
1152 1165
1152 1204
1152 1204
1152 1205
1153 1153
1153 1164
1153 1164
1153 1165
1153 1204
1153 1204
1153 1205
1154 1154
1154 1155
1154 1155
1154 1156
1154 1156
1154 1157
1154 1166
1154 1166
1154 1167
1154 1206
1154 1206
1154 1207
1155 1155
1155 1156
1155 1166
1155 1206
1156 1156
1156 1157
1156 1157
1156 1158
1156 1158
1156 1159
1156 1168
1156 1168
1156 1169
1156 1208
1156 1208
1156 1209
1157 1157
1157 1158
1157 1168
1157 1208
1158 1158
1158 1159
1158 1159
1158 1160
1158 1160
1158 1161
1158 1170
1158 1170
1158 1171
1158 1171
1158 1210
1158 1210
1158 1211
1159 1159
1159 1160
1159 1160
1159 1161
1159 1210
1159 1210
1159 1211
1159 1170
1159 1171
1160 1160
1160 1161
1160 1161
1160 1164
1160 1164
1160 1165
1160 1165
1160 1172
1160 1172
1160 1173
1160 1173
1160 1162
1160 1162
1160 1163
1160 1163
1161 1161
1161 1162
1161 1162
1161 1163
1161 1163
1161 1164
1161 1165
1161 1172
1161 1173
1162 1202
1162 1202
1162 1203
1162 1203
1162 1210
1162 1210
1162 1211
1162 1211
1162 1162
1162 1163
1162 1163
1162 1212
1162 1212
1162 1213
1162 1213
1162 1220
1162 1220
1162 1221
1162 1221
1163 1202
1163 1203
1163 1210
1163 1211
1163 1163
1163 1212
1163 1213
1163 1220
1163 1221
1164 1164
1164 1165
1164 1165
1164 1174
1164 1174
1164 1175
1164 1175
1164 1212
1164 1212
1164 1213
1165 1165
1165 1212
1165 1212
1165 1213
1165 1213
1165 1174
1165 1175
1166 1166
1166 1167
1166 1167
1166 1168
1166 1168
1166 1169
1166 1214
1166 1214
1166 1215
1167 1167
1167 1168
1167 1214
1168 1168
1168 1169
1168 1169
1168 1170
1168 1170
1168 1171
1168 1216
1168 1216
1168 1217
1169 1169
1169 1170
1169 1216
1170 1170
1170 1171
1170 1171
1170 1172
1170 1172
1170 1173
1170 1218
1170 1218
1170 1219
1171 1171
1171 1172
1171 1172
1171 1173
1171 1218
1171 1218
1171 1219
1172 1172
1172 1173
1172 1173
1172 1174
1172 1174
1172 1175
1172 1175
1172 1220
1172 1220
1172 1221
1173 1173
1173 1220
1173 1220
1173 1221
1173 1221
1173 1174
1173 1175
1174 1174
1174 1175
1174 1175
1174 1222
1174 1222
1174 1223
1175 1175
1175 1222
1175 1222
1175 1223
1176 1176
1176 1177
1176 1177
1176 1178
1176 1178
1176 1179
1176 1186
1176 1186
1176 1187
1177 1177
1177 1178
1177 1186
1178 1178
1178 1179
1178 1179
1178 1180
1178 1180
1178 1181
1178 1188
1178 1188
1178 1189
1179 1179
1179 1180
1179 1188
1180 1180
1180 1181
1180 1181
1180 1182
1180 1182
1180 1183
1180 1190
1180 1190
1180 1191
1181 1181
1181 1182
1181 1190
1182 1182
1182 1183
1182 1183
1182 1184
1182 1184
1182 1185
1182 1192
1182 1192
1182 1193
1183 1183
1183 1184
1183 1192
1184 1184
1184 1185
1184 1185
1184 1194
1184 1194
1184 1195
1185 1185
1185 1194
1186 1186
1186 1187
1186 1187
1186 1188
1186 1188
1186 1189
1186 1196
1186 1196
1186 1197
1187 1187
1187 1188
1187 1196
1188 1188
1188 1189
1188 1189
1188 1190
1188 1190
1188 1191
1188 1198
1188 1198
1188 1199
1189 1189
1189 1190
1189 1198
1190 1190
1190 1191
1190 1191
1190 1192
1190 1192
1190 1193
1190 1200
1190 1200
1190 1201
1191 1191
1191 1192
1191 1200
1192 1192
1192 1193
1192 1193
1192 1194
1192 1194
1192 1195
1192 1202
1192 1202
1192 1203
1193 1193
1193 1194
1193 1202
1194 1194
1194 1195
1194 1195
1194 1204
1194 1204
1194 1205
1195 1195
1195 1204
1196 1196
1196 1197
1196 1197
1196 1198
1196 1198
1196 1199
1196 1206
1196 1206
1196 1207
1197 1197
1197 1198
1197 1206
1198 1198
1198 1199
1198 1199
1198 1200
1198 1200
1198 1201
1198 1208
1198 1208
1198 1209
1199 1199
1199 1200
1199 1208
1200 1200
1200 1201
1200 1201
1200 1202
1200 1202
1200 1203
1200 1210
1200 1210
1200 1211
1201 1201
1201 1202
1201 1210
1202 1202
1202 1203
1202 1203
1202 1204
1202 1204
1202 1205
1202 1205
1203 1203
1203 1204
1203 1205
1204 1204
1204 1205
1204 1205
1204 1212
1204 1212
1204 1213
1205 1205
1205 1212
1205 1212
1205 1213
1206 1206
1206 1207
1206 1207
1206 1208
1206 1208
1206 1209
1206 1214
1206 1214
1206 1215
1207 1207
1207 1208
1207 1214
1208 1208
1208 1209
1208 1209
1208 1210
1208 1210
1208 1211
1208 1216
1208 1216
1208 1217
1209 1209
1209 1210
1209 1216
1210 1210
1210 1211
1210 1211
1210 1218
1210 1218
1210 1219
1210 1219
1211 1211
1211 1218
1211 1219
1212 1212
1212 1213
1212 1213
1212 1222
1212 1222
1212 1223
1212 1223
1213 1213
1213 1222
1213 1223
1214 1214
1214 1215
1214 1215
1214 1216
1214 1216
1214 1217
1215 1215
1215 1216
1216 1216
1216 1217
1216 1217
1216 1218
1216 1218
1216 1219
1217 1217
1217 1218
1218 1218
1218 1219
1218 1219
1218 1220
1218 1220
1218 1221
1219 1219
1219 1220
1219 1220
1219 1221
1220 1220
1220 1221
1220 1221
1220 1222
1220 1222
1220 1223
1220 1223
1221 1221
1221 1222
1221 1223
1222 1222
1222 1223
1222 1223
1223 1223
