0 1
0 8
0 10
1 1
1 2
1 3
1 4
1 5
1 6
1 7
1 8
1 10
2 8
2 10
2 170
2 171
2 268
2 269
2 296
2 297
2 227
2 298
2 299
2 300
2 301
2 302
2 303
2 304
2 305
2 52
2 306
2 307
2 288
2 176
2 308
2 289
2 177
2 309
2 310
2 311
2 312
2 313
2 314
2 315
2 316
2 317
2 318
2 319
2 236
2 237
2 238
2 53
2 320
2 321
2 54
2 322
2 323
2 324
2 325
2 326
2 327
2 328
2 329
2 330
2 331
2 332
2 333
2 334
2 335
2 336
2 337
2 338
2 339
2 340
2 341
2 342
2 343
2 344
2 345
2 346
2 347
2 348
2 349
2 350
2 351
2 352
3 8
3 10
3 170
3 171
3 195
3 266
3 267
3 61
3 268
3 353
3 269
3 354
3 270
3 271
3 355
3 356
3 357
3 358
3 279
3 280
3 281
3 359
3 360
3 208
3 106
3 107
3 108
3 109
3 110
3 111
3 74
3 75
3 76
3 77
3 78
3 79
3 361
3 362
3 86
3 87
3 88
3 89
3 90
3 91
3 363
3 364
3 365
3 366
3 367
3 368
3 369
3 370
3 371
3 372
3 373
3 374
3 375
3 376
3 288
3 176
3 289
3 177
3 377
3 378
3 379
3 380
3 381
3 382
3 383
3 62
3 63
3 116
3 117
3 118
3 119
3 384
3 385
3 386
3 387
4 8
4 10
4 34
4 196
4 178
4 179
4 35
4 266
4 36
4 267
4 200
4 201
4 388
4 389
4 390
4 270
4 271
4 296
4 297
4 279
4 280
4 281
4 391
4 182
4 392
4 183
4 184
4 185
4 186
4 393
4 394
4 395
4 396
4 306
4 307
4 397
4 398
4 399
4 400
4 401
4 402
4 193
4 194
4 403
4 404
5 8
5 10
5 195
5 266
5 267
5 270
5 271
5 355
5 356
5 180
5 181
5 51
5 296
5 405
5 297
5 406
5 279
5 280
5 281
5 359
5 360
5 208
5 407
5 408
5 74
5 75
5 76
5 77
5 78
5 79
5 80
5 81
5 82
5 83
5 84
5 85
5 86
5 87
5 88
5 89
5 90
5 91
5 409
5 410
5 411
5 412
5 306
5 307
5 413
5 414
5 415
5 416
5 417
5 418
5 419
5 420
5 187
5 188
5 189
5 190
5 191
5 192
5 421
5 422
5 96
5 97
5 98
5 99
5 55
5 56
5 57
5 58
5 59
5 60
5 423
5 424
5 425
5 426
6 8
6 10
6 197
6 198
6 199
6 427
6 428
6 429
6 430
6 431
6 432
6 433
6 434
6 213
6 214
6 217
6 218
6 225
6 226
6 435
6 436
7 8
7 10
7 197
7 198
7 199
7 229
7 437
7 438
7 439
7 440
7 441
7 442
7 443
7 444
7 445
7 446
7 225
7 447
7 448
7 226
7 449
7 450
7 451
7 452
7 453
7 454
7 455
7 456
7 457
7 251
7 252
7 253
7 254
7 255
7 256
7 257
7 258
7 259
7 260
7 261
7 262
7 458
7 459
8 9
8 8
8 10
8 11
8 12
8 13
8 14
8 15
8 16
8 30
8 31
8 32
9 30
9 31
9 32
10 17
10 18
10 19
10 20
10 21
10 22
10 23
10 24
10 25
10 26
10 27
10 28
10 29
10 30
10 31
10 32
11 30
11 158
11 158
11 159
11 160
11 161
11 162
11 163
11 164
11 165
11 166
11 167
11 168
11 169
11 12
12 30
12 12
12 158
12 158
12 159
12 170
12 171
12 13
12 14
12 162
12 163
12 39
12 40
12 41
12 42
12 43
12 44
12 45
12 46
12 47
12 48
12 49
12 50
12 172
12 173
12 174
12 175
12 176
12 177
13 30
13 158
13 178
13 179
13 61
13 106
13 107
13 108
13 109
13 110
13 111
13 80
13 81
13 82
13 83
13 84
13 85
13 645
13 646
13 647
13 324
13 193
13 325
13 194
13 326
13 327
13 328
13 648
13 649
13 329
13 650
13 651
13 62
13 63
13 652
13 96
13 97
13 98
13 99
13 116
13 117
13 118
13 119
13 653
13 332
13 333
13 334
13 335
13 336
13 337
13 654
13 655
13 656
13 657
13 658
13 659
13 660
13 661
13 662
13 663
13 664
13 665
13 666
13 667
14 30
14 158
14 388
14 389
14 390
14 668
14 93
14 669
14 670
14 671
14 672
14 673
14 674
14 675
14 676
14 94
14 677
14 678
14 95
14 679
14 680
14 681
14 682
14 683
14 684
14 403
14 685
14 686
14 687
14 688
14 404
14 521
14 522
14 689
14 690
14 691
14 529
14 530
14 628
14 629
14 630
14 631
14 632
14 692
14 693
14 694
14 695
14 696
14 697
15 30
15 31
15 32
15 392
15 1395
15 1530
15 393
15 1458
15 394
15 1459
15 395
15 1460
15 396
15 1461
15 1396
15 1397
15 1398
15 1399
15 1579
15 1580
15 1467
15 1468
15 1581
15 1582
15 1470
15 1471
15 1583
15 1584
15 1475
15 1585
15 1586
15 1538
15 1539
16 30
16 31
16 32
16 1530
16 1618
16 628
16 629
16 1619
16 1620
16 630
16 1621
16 1622
16 631
16 1623
16 1624
16 632
16 1625
16 1626
16 1627
16 1628
16 1629
16 1630
16 1538
16 1631
16 1632
16 1633
16 1634
16 1539
16 1635
16 1636
16 1637
16 1638
16 1639
16 1640
16 1641
17 31
17 158
17 171
17 178
17 179
17 612
17 613
17 52
17 311
17 312
17 614
17 615
17 53
17 320
17 321
17 54
17 322
17 323
17 324
17 616
17 617
17 193
17 325
17 618
17 619
17 194
17 620
17 326
17 327
17 328
17 329
17 621
17 622
17 623
17 624
17 625
17 626
17 332
17 333
17 334
17 335
17 336
17 337
17 627
17 628
17 629
17 630
17 631
17 632
17 633
17 634
17 635
17 636
17 637
17 638
17 639
17 640
17 641
17 642
17 643
17 644
18 31
18 158
18 171
19 31
19 158
19 171
20 31
20 158
20 171
21 31
21 158
21 171
22 31
22 158
22 171
23 31
23 158
23 171
24 31
24 158
24 171
25 31
25 158
25 171
26 31
26 158
26 171
27 31
27 158
27 171
28 31
28 158
28 171
29 31
29 158
29 171
30 30
30 31
30 32
30 33
30 33
30 34
30 35
30 36
30 37
30 38
30 64
30 65
31 39
31 40
31 41
31 42
31 43
31 44
31 45
31 46
31 47
31 48
31 49
31 50
31 51
31 52
31 53
31 54
31 55
31 56
31 57
31 58
31 59
31 60
31 33
31 64
31 65
32 39
32 40
32 41
32 42
32 43
32 44
32 45
32 46
32 61
32 47
32 48
32 49
32 50
32 62
32 63
32 33
32 64
32 65
33 33
33 64
33 64
33 65
33 65
33 66
33 67
33 68
33 34
33 69
33 35
33 36
33 70
33 71
33 37
33 38
33 72
33 73
34 161
34 263
34 264
34 265
34 69
34 427
34 428
34 70
34 486
34 71
34 487
34 429
34 430
34 432
34 488
34 489
34 490
34 491
34 492
34 433
34 493
34 494
34 495
34 434
34 282
34 283
34 286
34 287
34 496
34 497
34 498
34 499
34 294
34 295
35 161
35 272
35 431
35 492
35 882
35 730
35 883
35 884
35 290
35 496
35 291
35 497
35 731
35 435
35 436
35 732
35 815
35 733
35 734
35 885
35 886
35 735
35 736
35 737
35 887
35 888
35 889
35 890
35 891
35 892
35 893
35 894
35 895
35 896
35 897
35 840
35 841
35 842
35 898
35 899
35 900
35 901
36 161
36 719
36 852
36 855
36 856
36 857
36 858
36 905
36 418
36 449
36 813
36 906
36 814
36 907
36 859
36 860
36 861
36 450
36 862
36 863
36 728
36 419
36 908
36 420
36 909
36 451
36 452
36 500
36 505
36 506
36 509
36 512
36 910
36 911
36 513
36 514
36 516
36 912
36 913
36 914
36 915
36 527
36 916
36 917
36 454
36 455
36 918
36 919
36 920
36 921
36 834
36 835
36 922
36 923
36 924
36 925
36 926
36 927
36 928
36 929
36 930
36 931
36 932
36 933
37 64
37 65
38 64
38 65
39 158
39 741
39 742
39 976
39 1124
39 1125
39 1126
39 1127
39 1128
39 1129
39 820
39 1130
39 1131
39 826
39 827
39 523
39 524
39 627
39 1132
39 1133
39 528
39 1134
39 1135
39 453
39 830
39 831
39 1136
39 1137
39 1138
39 751
39 1139
39 1140
39 1141
39 752
39 1142
39 1143
39 1144
39 1145
39 1146
39 1147
39 832
39 833
39 1148
39 1149
39 1150
39 1151
39 1152
39 690
39 691
39 456
39 533
39 534
39 1153
39 1154
39 1155
39 1156
39 1157
39 1158
39 1159
39 1160
39 1161
39 692
39 693
39 694
39 695
39 535
39 536
39 537
39 538
39 1162
39 1163
39 1164
39 1165
39 983
39 984
39 985
39 633
39 634
39 635
39 636
39 637
39 638
40 158
40 741
40 742
40 601
40 603
40 605
40 584
40 586
40 588
40 460
40 539
40 540
40 1063
40 550
40 551
40 652
40 1166
40 1167
40 1125
40 1168
40 1169
40 1126
40 1170
40 1171
40 1172
40 1173
40 554
40 464
40 1068
40 1069
40 1070
40 1071
40 555
40 556
40 557
40 558
40 1174
40 563
40 564
40 565
40 566
40 1175
40 1176
40 1177
40 1178
40 1179
40 1180
40 711
40 712
40 568
40 569
40 1181
40 600
40 611
40 1136
40 751
40 1139
40 752
40 1182
40 1183
40 1184
40 1185
40 1186
40 1187
40 1188
40 1189
40 1190
40 1191
40 1192
40 1193
40 713
40 714
40 1194
40 1195
40 1196
40 1197
40 1198
40 1199
40 658
40 659
40 660
40 661
40 662
40 663
41 158
41 391
41 731
41 971
41 947
41 948
41 397
41 398
41 972
41 399
41 400
41 973
41 401
41 402
41 974
41 735
41 736
41 737
41 977
41 1124
41 978
41 951
41 952
41 953
41 1163
41 1164
41 1165
41 966
41 967
42 158
42 786
42 793
42 794
42 795
42 796
42 581
42 582
42 583
42 409
42 410
42 936
42 937
42 938
42 939
42 797
42 798
42 799
42 800
42 801
42 802
42 585
42 587
42 589
42 593
42 594
42 595
42 743
42 744
42 745
42 940
42 988
42 989
42 990
42 944
42 596
42 597
42 598
42 749
42 750
42 946
42 599
42 423
42 424
43 158
43 786
43 361
43 362
43 789
43 790
43 791
43 792
43 793
43 794
43 795
43 796
43 602
43 604
43 606
43 581
43 582
43 583
43 797
43 798
43 799
43 800
43 801
43 802
43 593
43 594
43 595
43 755
43 803
43 804
43 986
43 607
43 608
43 609
43 760
43 761
43 987
43 809
43 810
43 384
43 385
43 610
44 158
44 407
44 408
44 910
44 911
44 515
44 1200
44 1201
44 521
44 522
44 627
44 1202
44 1203
44 690
44 1204
44 1205
44 691
44 1206
44 1207
44 529
44 530
44 531
44 532
44 1208
44 1209
44 1210
44 920
44 425
44 1211
44 1212
44 1213
44 921
44 426
44 1003
44 1004
44 1005
44 1214
44 1215
44 1216
44 1217
44 1218
44 1219
44 1220
44 1221
44 1222
44 1223
44 1224
44 1009
44 1010
44 1011
44 1012
44 1013
44 1014
44 1015
44 1016
44 1017
44 1225
44 1226
44 1227
44 1228
44 1154
44 1157
44 1160
44 692
44 693
44 694
44 695
44 1229
44 633
44 634
44 635
44 636
44 637
44 638
44 1230
44 1231
44 1232
44 1233
44 1234
44 1235
44 1236
44 1237
44 1238
45 158
45 407
45 408
45 1062
45 703
45 704
45 705
45 706
45 652
45 559
45 560
45 561
45 562
45 1179
45 711
45 712
45 1239
45 1240
45 1241
45 1208
45 425
45 1211
45 426
45 1033
45 1034
45 1035
45 1036
45 1037
45 1038
45 1039
45 1040
45 1041
45 1042
45 1043
45 1044
45 1045
45 1046
45 1047
45 1048
45 1049
45 1050
45 1242
45 1243
45 1244
45 1245
45 713
45 1246
45 1247
45 714
45 1214
45 1248
45 1249
45 1076
45 1215
45 1250
45 1251
45 1077
45 572
45 573
45 715
45 716
45 1051
45 1052
45 1053
45 1252
45 1253
45 1198
45 1254
45 1255
45 1199
45 1256
45 1257
45 658
45 659
45 660
45 661
45 662
45 663
45 1258
45 1259
45 1260
45 1261
45 1262
45 1263
45 1264
45 1265
46 158
46 361
46 362
46 968
46 1090
46 505
46 506
46 1172
46 1173
46 1266
46 653
46 826
46 827
46 828
46 1267
46 1268
46 829
46 1269
46 1270
46 1175
46 1176
46 384
46 1177
46 1178
46 385
46 1271
46 1272
46 1273
46 527
46 1094
46 832
46 833
46 1018
46 843
46 969
46 970
46 844
46 654
46 655
46 656
46 657
46 847
46 848
46 1021
46 1274
46 1275
47 158
47 229
47 251
47 252
47 253
47 254
47 255
47 256
47 257
47 258
47 259
47 260
47 261
47 262
47 1540
47 1541
47 1542
47 1543
47 1544
47 1545
47 1546
47 1547
48 158
48 968
48 975
48 330
48 331
48 890
48 1548
48 1549
48 628
48 1550
48 1551
48 341
48 979
48 980
48 342
48 981
48 982
48 1552
48 898
48 899
48 969
48 1553
48 900
48 901
48 970
48 1554
48 1555
48 1556
48 1557
48 629
48 630
48 631
48 632
48 1558
48 1559
48 1560
48 1561
48 1562
48 1563
48 1564
48 1565
48 1566
48 1567
48 1568
48 1569
48 1570
48 1571
48 1572
48 1573
48 1574
48 1575
48 1576
48 1577
48 1578
49 158
49 1394
49 1458
49 1459
49 1460
49 1461
49 1462
49 413
49 1494
49 977
49 1441
49 620
49 1124
49 1587
49 421
49 1503
49 1588
49 422
49 1504
49 1589
49 978
49 1473
49 1474
49 1475
49 1444
49 1590
49 1591
49 1411
49 669
49 670
49 671
49 672
49 673
49 674
49 675
49 676
49 681
49 682
49 685
49 686
49 1166
49 1167
49 1592
49 1593
49 1594
49 1132
49 1133
49 1142
49 1143
49 1145
49 1146
49 1182
49 1183
49 1184
49 1185
49 1595
49 1596
49 1597
49 1598
49 1599
49 1600
49 1601
49 1602
49 1603
49 1604
49 1605
49 1163
49 1164
49 1165
49 639
49 640
49 641
49 642
49 643
49 644
49 696
49 697
50 158
50 1394
50 1458
50 1459
50 1460
50 1461
50 373
50 374
50 1579
50 1580
50 501
50 502
50 503
50 504
50 1606
50 647
50 976
50 1440
50 382
50 1607
50 383
50 1608
50 977
50 1583
50 1584
50 1441
50 1609
50 1610
50 978
50 1475
50 1444
50 1411
50 699
50 700
50 701
50 702
50 669
50 670
50 671
50 672
50 681
50 682
50 685
50 686
50 546
50 547
50 548
50 549
50 525
50 526
50 570
50 571
50 1611
50 1612
50 1613
50 1454
50 1614
50 1615
50 1455
50 1456
50 1616
50 1617
50 1457
50 983
50 984
50 985
50 664
50 665
50 666
50 667
50 717
50 718
51 429
51 430
51 234
51 235
51 239
51 240
51 241
51 242
51 243
51 244
51 245
51 246
51 247
51 248
51 249
51 250
51 1944
51 1945
51 1946
51 1947
51 1948
52 64
53 64
54 64
55 429
55 430
56 429
56 430
57 429
57 430
58 429
58 430
59 429
59 430
60 429
60 430
61 65
61 601
61 603
61 605
61 584
61 586
61 588
61 310
61 449
61 908
61 909
61 1090
61 501
61 502
61 503
61 504
61 505
61 506
61 546
61 547
61 548
61 549
61 1315
61 1316
61 1317
61 1318
61 1319
61 1320
61 1321
61 1322
61 1272
61 1323
61 1273
61 1119
61 1284
61 525
61 1285
61 526
61 1324
61 1325
61 600
61 527
61 570
61 571
61 611
61 1094
61 916
61 917
61 454
61 455
61 1208
61 1211
61 1242
61 1243
61 1214
61 1215
61 1289
61 1290
61 1326
61 1327
61 1291
61 1292
61 1293
61 1294
61 1328
61 1329
61 347
61 348
61 349
61 350
61 351
61 352
61 1120
61 1330
61 1121
61 1331
61 1258
61 1259
61 1260
61 1261
61 1262
61 1263
61 1264
61 1265
62 65
63 65
64 74
64 75
64 76
64 77
64 78
64 79
64 80
64 81
64 82
64 83
64 84
64 85
64 86
64 87
64 88
64 89
64 90
64 91
64 92
64 93
64 94
64 95
64 96
64 97
64 98
64 99
64 100
64 101
64 102
64 103
64 104
64 105
64 66
64 67
64 68
65 106
65 107
65 108
65 109
65 110
65 111
65 74
65 75
65 76
65 77
65 78
65 79
65 112
65 86
65 87
65 88
65 89
65 90
65 91
65 113
65 114
65 115
65 116
65 117
65 118
65 119
65 120
65 121
65 66
65 67
65 68
66 66
66 67
66 67
66 68
66 68
66 69
66 70
66 71
66 72
66 73
67 67
67 68
67 68
67 122
67 123
67 124
67 125
67 126
67 127
67 128
67 129
67 130
67 131
67 132
67 133
67 134
67 135
67 136
67 137
67 138
67 139
67 140
67 141
67 72
67 142
67 143
67 144
67 145
67 73
67 93
67 94
67 95
67 146
67 147
68 68
68 148
68 149
68 150
68 151
68 152
68 153
68 154
68 155
68 122
68 123
68 124
68 125
68 126
68 127
68 128
68 129
68 138
68 139
68 140
68 141
68 72
68 142
68 143
68 144
68 145
68 73
68 113
68 114
68 115
68 156
68 157
69 197
69 353
69 354
69 405
69 406
69 411
69 612
69 412
69 613
69 302
69 304
69 311
69 312
69 414
69 645
69 415
69 416
69 646
69 417
69 313
69 314
69 377
69 378
69 764
69 765
69 320
69 321
69 322
69 323
69 616
69 617
69 618
69 619
69 648
69 649
69 650
69 651
69 766
69 767
69 768
69 769
69 770
69 771
69 772
70 197
70 357
70 358
70 315
70 316
70 991
70 677
70 678
70 679
70 680
70 563
70 564
70 565
70 566
70 992
70 993
70 711
70 712
70 521
70 522
70 523
70 994
70 995
70 524
70 996
70 997
70 568
70 998
70 999
70 386
70 569
70 1000
70 1001
70 387
70 689
70 1002
70 529
70 530
70 1003
70 1004
70 1005
70 1006
70 1007
70 1008
70 713
70 714
70 1009
70 1010
70 1011
70 1012
70 1013
70 1014
70 1015
70 1016
70 1017
70 1018
70 845
70 846
70 1019
70 1020
70 1021
70 849
70 535
70 343
70 536
70 344
70 537
70 345
70 538
70 346
70 1022
71 197
71 782
71 783
71 934
71 935
71 1054
71 1055
71 668
71 1056
71 1057
71 596
71 597
71 513
71 514
71 515
71 1058
71 1059
71 1060
71 1061
71 598
71 1062
71 1063
71 1064
71 1065
71 698
71 945
71 516
71 1066
71 1067
71 545
71 808
71 707
71 708
71 709
71 710
71 677
71 678
71 679
71 680
71 683
71 684
71 687
71 688
71 552
71 553
71 1068
71 1069
71 1070
71 1071
71 912
71 766
71 1072
71 1073
71 689
71 1074
71 1075
71 918
71 919
71 531
71 532
71 1076
71 1077
71 1078
71 1079
71 767
71 768
71 1080
71 1081
71 1082
71 1083
71 1084
71 1085
74 1863
74 1811
74 1812
74 1813
74 1814
74 2052
74 1815
74 1816
74 2053
74 1817
74 1818
74 2054
74 2055
74 1819
74 1820
74 2056
74 1821
74 1822
74 2057
74 1823
74 1824
74 1878
74 1879
74 2062
75 1851
75 2046
75 1866
75 1867
75 1854
75 1868
75 1869
75 1855
75 1870
75 1871
75 1856
75 1872
75 1873
75 1857
75 1874
75 1875
75 1858
75 2047
75 2048
75 2049
75 2050
75 2051
75 1876
75 1877
75 2058
75 2059
75 2060
75 2061
76 2005
76 2006
76 2007
76 2008
76 2009
76 2010
76 2011
76 2012
76 2013
76 2014
76 2015
76 2016
76 2017
76 2018
76 2019
76 2020
76 2021
76 2022
76 2023
76 2024
76 2025
76 2026
76 2027
76 2028
76 2029
76 2030
76 2031
76 2032
76 2033
76 2034
76 2035
80 430
81 430
82 430
83 430
84 430
85 430
92 198
92 270
92 271
93 195
94 195
95 195
96 430
97 430
98 430
99 430
100 198
100 270
100 271
101 198
101 270
101 271
102 198
102 270
102 271
103 198
103 270
103 271
104 198
104 270
104 271
105 198
105 270
105 271
106 430
106 1118
106 1334
106 1335
106 1336
106 1337
106 1338
106 1339
106 1344
106 1345
106 1346
106 1347
106 1348
106 1349
106 1350
106 1351
106 1352
106 1353
106 1354
106 1355
106 1356
106 1357
106 1358
106 1359
106 1360
106 1361
106 1362
106 1363
106 1364
106 1365
106 1366
106 1367
106 1122
106 1123
107 430
107 1724
107 1725
107 1726
107 1727
107 1728
107 1729
107 1730
107 1731
107 1732
107 1733
107 1734
107 1735
107 1825
107 1826
107 874
107 875
107 1736
107 876
107 1737
107 877
107 1827
108 430
108 1724
108 1725
108 1726
108 1727
108 1728
108 1729
108 1730
108 1731
108 1732
108 1733
108 1734
108 1735
108 874
108 875
108 1708
108 1709
108 1773
108 1799
108 1774
108 1800
108 1775
108 1736
108 876
108 1776
108 1737
108 877
108 1745
108 1801
108 914
108 821
108 1712
108 1130
108 1713
108 1131
108 1781
108 1782
108 822
108 823
108 1138
108 1141
108 1852
108 1785
108 928
108 1786
108 929
108 1787
108 930
108 1788
108 931
108 1805
108 1806
108 1807
108 1808
108 1809
108 1810
108 1750
108 1751
108 2046
108 1853
108 1752
108 1753
108 1754
108 1755
108 1756
108 1757
108 1758
108 1759
108 2047
108 2048
108 2049
108 2050
108 2051
109 430
109 774
109 1799
109 1800
109 1779
109 1780
109 828
109 829
109 1144
109 1147
109 1746
109 1747
109 1600
109 1955
109 1601
109 1956
109 778
109 1791
109 1792
109 779
109 1793
109 1794
109 1554
109 1807
109 1808
109 1748
109 1555
109 1809
109 1810
109 1749
109 1602
109 1153
109 1557
109 844
109 1833
109 1834
109 1835
109 1836
109 1839
109 1841
109 1843
109 1844
109 1957
109 1958
109 1959
109 1960
109 1961
109 1962
110 430
110 1773
110 1774
110 1801
110 914
110 1710
110 1711
110 1716
110 1717
110 1718
110 1719
110 1785
110 928
110 1949
110 1786
110 929
110 1950
110 1787
110 1951
110 930
110 1788
110 1952
110 931
110 1828
110 1829
110 1971
110 1972
110 1973
110 1805
110 1974
110 1806
110 1953
110 1954
110 2052
110 2053
110 2054
110 2055
110 2056
110 2057
110 2062
110 1840
110 1842
111 430
111 1102
111 2005
111 2036
111 2037
111 1895
111 1896
111 2038
111 2039
111 2040
111 2041
111 2042
111 2043
111 2044
111 2045
111 1899
111 1900
111 1106
111 1107
111 1108
111 1901
111 1902
111 1109
111 1110
111 1111
111 1903
111 1904
111 1112
111 1113
111 1114
111 1905
111 1906
111 1115
111 1116
111 1117
111 2006
111 2007
111 2008
111 2009
111 2010
111 2011
111 2012
111 2013
111 2014
111 2015
111 2016
111 2017
111 2018
111 2019
111 2020
111 2021
111 2022
111 2023
111 2024
111 2025
111 2026
111 2027
111 2028
111 2029
111 2030
111 2031
111 2032
111 2033
111 2034
111 2035
112 199
112 204
112 205
113 196
113 162
114 196
114 162
115 196
115 162
116 430
117 430
118 430
119 430
120 199
120 204
120 205
121 199
121 204
121 205
122 198
122 199
123 198
123 199
124 198
124 199
125 198
125 199
126 198
126 199
127 198
127 199
128 198
128 199
129 198
129 199
130 198
130 204
130 271
131 198
131 204
131 271
132 198
132 204
132 271
133 198
133 204
133 271
134 198
134 204
134 271
135 198
135 204
135 271
136 198
136 204
136 271
137 198
137 204
137 271
138 198
138 199
139 198
139 199
140 198
140 199
141 198
141 199
142 198
142 199
143 198
143 199
144 198
144 199
145 198
145 199
146 198
146 204
146 271
147 198
147 204
147 271
148 199
148 204
148 271
149 199
149 204
149 271
150 199
150 204
150 271
151 199
151 204
151 271
152 199
152 204
152 271
153 199
153 204
153 271
154 199
154 204
154 271
155 199
155 204
155 271
156 199
156 204
156 271
157 199
157 204
157 271
158 158
158 159
158 162
158 163
158 178
158 179
158 180
158 181
158 182
158 183
158 184
158 185
158 186
158 187
158 188
158 189
158 190
158 191
158 192
158 193
158 194
159 160
159 161
159 195
159 196
159 197
159 198
159 199
159 200
159 201
159 202
159 203
159 204
159 205
159 206
159 207
159 208
159 209
159 210
159 211
159 212
159 213
159 214
159 164
159 165
159 166
159 167
159 168
159 169
159 215
159 216
159 217
159 218
159 219
159 220
159 221
159 222
159 223
159 224
159 225
159 226
160 160
160 161
160 164
160 165
160 166
160 167
160 168
160 169
160 227
160 228
160 229
160 230
160 231
160 232
160 233
160 234
160 235
160 236
160 237
160 238
160 239
160 240
160 241
160 242
160 243
160 244
160 245
160 246
160 247
160 248
160 249
160 250
160 251
160 252
160 253
160 254
160 255
160 256
160 257
160 258
160 259
160 260
160 261
160 262
161 170
161 171
161 195
161 196
161 263
161 264
161 265
161 266
161 267
161 200
161 201
161 268
161 269
161 270
161 271
161 272
161 273
161 274
161 206
161 207
161 275
161 276
161 277
161 278
161 279
161 280
161 281
161 208
161 172
161 173
161 211
161 212
161 282
161 283
161 174
161 284
161 175
161 285
161 286
161 287
161 288
161 176
161 289
161 177
161 290
161 291
161 292
161 293
161 294
161 295
162 388
162 389
162 390
162 698
162 699
162 700
162 701
162 702
162 703
162 704
162 705
162 706
162 669
162 670
162 707
162 708
162 671
162 672
162 709
162 710
162 681
162 682
162 403
162 685
162 686
162 404
162 559
162 560
162 561
162 562
162 653
162 711
162 712
162 713
162 714
162 572
162 573
162 715
162 716
162 654
162 655
162 656
162 657
162 717
162 718
163 202
163 203
163 204
163 205
163 719
163 720
163 721
163 722
163 723
163 724
163 725
163 726
163 219
163 220
163 221
163 222
163 223
163 224
163 727
163 728
170 197
170 198
170 199
170 437
170 438
170 439
170 440
170 441
170 442
170 443
170 444
170 460
170 461
170 445
170 446
170 225
170 447
170 448
170 226
170 462
170 463
170 464
171 465
171 466
171 467
171 468
171 469
171 470
171 471
171 472
171 473
171 474
171 475
171 476
171 477
171 478
171 479
171 480
171 481
171 482
171 483
171 484
171 485
172 265
172 201
173 265
173 201
174 265
174 201
175 265
175 201
178 753
178 754
178 811
178 812
178 729
178 813
178 814
178 815
178 816
178 817
178 818
178 819
178 820
178 821
178 822
178 823
178 824
178 825
178 826
178 827
178 828
178 829
178 528
178 453
178 830
178 831
178 832
178 833
178 338
178 456
178 834
178 835
178 836
178 762
178 837
178 838
178 763
178 839
178 457
178 339
178 533
178 340
178 534
178 458
178 459
178 840
178 841
178 842
178 738
178 739
178 740
178 843
178 844
178 845
178 846
178 847
178 848
178 849
178 850
178 851
179 753
179 754
179 719
179 852
179 379
179 811
179 853
179 812
179 854
179 460
179 855
179 856
179 857
179 858
179 461
179 380
179 539
179 381
179 540
179 462
179 463
179 859
179 860
179 861
179 862
179 863
179 728
179 864
179 865
179 541
179 542
179 544
179 545
179 550
179 551
179 552
179 553
179 554
179 464
179 555
179 556
179 557
179 558
179 866
179 867
179 868
179 869
179 870
179 871
179 872
179 873
179 874
179 875
179 876
179 877
179 878
179 879
179 880
179 881
179 836
179 762
179 838
179 763
180 264
180 200
180 1530
180 653
180 1307
180 1308
180 1309
180 1310
180 1311
180 1312
180 1642
180 654
180 1643
180 1644
180 655
180 1645
180 1646
180 656
180 1647
180 1648
180 657
180 1649
180 1650
180 1651
180 1652
180 1653
180 1654
180 1655
180 1656
180 1657
180 1658
180 1538
180 1539
180 1313
180 1314
180 1659
180 1660
180 1661
180 1662
180 1663
180 1664
181 264
181 200
181 363
181 364
181 365
181 366
181 367
181 368
181 369
181 370
181 371
181 372
181 375
181 303
181 376
181 305
181 1665
181 308
181 309
181 1666
181 1667
182 201
182 720
183 201
183 720
184 201
184 720
185 201
185 720
186 201
186 720
187 264
187 200
188 264
188 200
189 264
189 200
190 264
190 200
191 264
191 200
192 264
192 200
195 263
195 264
195 265
195 500
195 501
195 502
195 503
195 504
195 505
195 506
195 507
195 508
195 509
195 294
195 510
195 511
195 512
195 295
195 513
195 514
195 515
195 516
195 517
195 518
195 519
195 520
195 330
195 331
195 521
195 522
195 523
195 524
195 525
195 526
195 527
195 528
195 453
195 529
195 530
195 531
195 532
195 456
195 533
195 534
195 341
195 342
195 535
195 536
195 537
195 538
196 263
196 264
196 265
196 361
196 362
196 460
196 539
196 540
196 541
196 542
196 543
196 544
196 507
196 508
196 294
196 510
196 511
196 295
196 545
196 546
196 547
196 548
196 549
196 550
196 551
196 517
196 518
196 552
196 519
196 520
196 553
196 554
196 464
196 555
196 556
196 557
196 558
196 559
196 560
196 561
196 562
196 563
196 564
196 565
196 566
196 384
196 385
196 567
196 568
196 569
196 570
196 571
196 572
196 573
197 428
197 388
197 389
197 390
197 486
197 487
197 429
197 430
197 490
197 491
197 574
197 575
197 493
197 494
197 495
197 392
197 393
197 394
197 395
197 396
197 576
197 577
197 403
197 404
198 427
198 486
198 487
198 578
198 579
198 580
198 581
198 582
198 583
198 584
198 585
198 586
198 587
198 588
198 589
198 590
198 591
198 592
198 495
198 593
198 594
198 595
198 434
198 413
198 596
198 597
198 598
198 421
198 422
198 599
198 600
199 427
199 486
199 487
199 601
199 602
199 603
199 604
199 605
199 606
199 578
199 579
199 580
199 581
199 582
199 583
199 590
199 591
199 592
199 495
199 593
199 594
199 595
199 434
199 373
199 374
199 607
199 608
199 609
199 382
199 383
199 610
199 611
200 227
200 298
200 299
200 300
200 301
200 465
200 317
200 318
200 319
200 236
200 237
200 238
200 947
200 948
200 614
200 615
200 324
200 325
200 949
200 950
200 328
200 329
200 621
200 622
200 623
200 624
200 625
200 626
200 951
200 952
200 953
200 466
200 467
200 468
200 469
200 470
200 471
200 472
200 473
200 474
200 475
200 476
200 477
200 478
200 479
200 480
200 481
200 482
200 483
200 484
200 485
200 954
200 955
200 956
200 957
200 958
200 959
200 960
200 961
200 962
200 963
200 964
200 965
200 966
200 967
201 273
201 274
201 209
201 210
201 227
201 284
201 285
201 228
201 215
201 216
201 968
201 298
201 299
201 300
201 301
201 230
201 231
201 232
201 233
201 612
201 613
201 302
201 303
201 304
201 305
201 308
201 309
201 313
201 314
201 882
201 905
201 883
201 884
201 317
201 318
201 319
201 236
201 237
201 238
201 616
201 617
201 618
201 619
201 892
201 893
201 894
201 895
201 896
201 897
201 922
201 923
201 924
201 925
201 926
201 927
201 969
201 970
202 263
202 789
202 790
202 791
202 792
202 936
202 937
202 938
202 939
202 853
202 854
202 906
202 907
202 975
202 1168
202 1170
202 1276
202 1277
202 1278
202 1279
202 890
202 913
202 819
202 766
202 1129
202 820
202 914
202 1266
202 915
202 1280
202 1174
202 946
202 1281
202 821
202 879
202 810
202 1130
202 1131
202 822
202 823
202 1282
202 1283
202 824
202 825
202 1267
202 1268
202 1269
202 1270
202 1284
202 1285
202 1134
202 1135
202 830
202 831
202 1138
202 1141
202 1286
202 1148
202 1074
202 1075
202 1151
202 1152
202 928
202 929
202 930
202 931
202 979
202 980
202 981
202 982
202 898
202 899
202 900
202 901
202 1078
202 1079
202 932
202 933
202 767
202 768
202 1287
202 1288
202 1289
202 1290
202 1291
202 1292
202 1293
202 1294
202 1295
202 1296
202 1297
202 1298
202 1299
202 1300
202 1301
202 1302
203 263
203 789
203 790
203 791
203 792
203 936
203 937
203 938
203 939
203 1169
203 1171
203 870
203 871
203 872
203 873
203 774
203 1276
203 1127
203 1277
203 1128
203 1278
203 874
203 816
203 1279
203 875
203 817
203 876
203 877
203 1091
203 878
203 1280
203 946
203 1281
203 810
203 1137
203 1140
203 1095
203 1187
203 1188
203 1189
203 1190
203 1191
203 1192
203 1193
203 837
203 839
203 778
203 779
203 1303
203 1304
203 1194
203 1195
203 1305
203 1306
204 263
204 647
204 1003
204 1004
204 1005
204 1006
204 1307
204 1308
204 1007
204 1309
204 1310
204 1008
204 1311
204 1312
204 1009
204 1010
204 1011
204 1012
204 1013
204 1014
204 1015
204 1016
204 1017
204 1313
204 1314
204 664
204 665
204 666
204 667
204 1022
205 263
205 1033
205 1034
205 1035
205 1036
205 1037
205 1038
205 1039
205 1040
205 1041
205 1042
205 1043
205 1044
205 1045
205 1046
205 1047
205 1048
205 1049
205 1050
205 1051
205 1052
205 1053
206 264
206 265
206 1420
206 1421
206 743
206 744
206 745
206 1424
206 1425
206 1426
206 1427
206 1428
206 1429
206 1485
206 1431
206 1435
206 1496
206 749
206 750
206 1276
206 1277
206 1280
207 264
207 265
207 1516
207 1517
207 1722
207 1723
207 1518
207 1519
207 1424
207 1425
207 1426
207 1427
207 1428
207 1429
207 1521
207 1522
207 1523
207 756
207 757
207 725
207 1387
207 726
207 1388
207 1389
207 1390
207 853
207 854
207 857
207 858
207 758
207 1432
207 759
207 1433
207 1391
207 1392
207 1434
207 1393
207 1435
207 727
207 862
207 863
207 1724
207 1725
207 1726
207 1727
207 1728
207 1729
207 1730
207 1731
207 1732
207 1733
207 1734
207 1735
207 1736
207 1737
207 1738
207 879
208 315
208 316
208 523
208 524
208 690
208 691
208 1970
208 1619
208 1620
208 1621
208 1622
208 1623
208 1624
208 1625
208 1626
208 1760
208 1761
208 692
208 693
208 694
208 695
208 535
208 343
208 1762
208 1763
208 536
208 344
208 1764
208 1765
208 537
208 1766
208 1767
208 345
208 538
208 1768
208 1769
208 346
208 1637
208 1975
208 2000
208 2001
208 2002
208 2003
208 2004
209 265
210 265
211 264
211 265
212 264
212 265
213 356
213 753
214 356
214 753
215 265
216 265
217 356
217 753
218 356
218 753
219 263
220 263
221 263
222 263
223 263
224 263
228 720
229 753
230 720
231 720
232 720
233 720
234 263
235 263
239 263
240 263
241 263
242 263
243 263
244 263
245 263
246 263
247 263
248 263
249 263
250 263
251 753
252 753
253 753
254 753
255 753
256 753
257 753
258 753
259 753
260 753
261 753
262 753
263 729
263 730
263 731
263 732
263 733
263 734
263 735
263 736
263 737
263 738
263 739
263 740
264 268
264 269
264 355
264 356
264 273
264 274
264 296
264 405
264 297
264 406
264 359
264 360
264 741
264 742
264 284
264 285
264 411
264 412
264 306
264 307
264 288
264 289
264 743
264 744
264 745
264 414
264 415
264 416
264 417
264 746
264 747
264 748
264 749
264 750
264 751
264 752
265 353
265 354
265 355
265 356
265 753
265 754
265 273
265 274
265 359
265 360
265 755
265 284
265 285
265 363
265 364
265 365
265 366
265 367
265 368
265 369
265 370
265 371
265 372
265 375
265 376
265 377
265 378
265 756
265 757
265 758
265 759
265 760
265 761
265 762
265 763
266 272
266 720
266 275
266 276
266 277
266 278
266 721
266 722
266 852
266 723
266 724
266 902
266 903
266 904
266 290
266 291
266 861
266 292
266 293
267 432
267 720
267 488
267 489
267 784
267 785
267 741
267 742
267 391
267 492
267 852
267 433
267 786
267 723
267 574
267 934
267 575
267 935
267 787
267 788
267 793
267 794
267 795
267 796
267 936
267 937
267 938
267 939
267 797
267 798
267 799
267 800
267 801
267 802
267 902
267 903
267 940
267 941
267 904
267 942
267 943
267 746
267 496
267 497
267 861
267 747
267 748
267 576
267 577
267 498
267 499
267 397
267 398
267 399
267 400
267 401
267 402
267 944
267 945
267 946
267 751
267 752
268 602
268 604
268 606
268 585
268 587
268 589
268 991
268 765
268 910
268 911
268 515
268 677
268 678
268 679
268 680
268 1023
268 1024
268 1025
268 1026
268 1027
268 1028
268 1029
268 1030
268 1180
268 1272
268 1239
268 1323
268 1072
268 1332
268 1073
268 1333
268 689
268 1181
268 1240
268 1241
268 599
268 1273
268 1031
268 1032
268 1002
268 610
268 531
268 532
268 920
268 921
268 1248
268 1249
268 1250
268 1251
268 1334
268 1335
268 1336
268 1337
268 1338
268 1339
268 1287
268 1288
268 1326
268 1327
268 1080
268 1082
268 1328
268 1329
268 1295
268 1296
268 771
268 772
268 1252
268 1253
268 1340
268 1341
268 1342
268 1343
268 1330
268 1331
268 1344
268 1345
268 1346
268 1347
268 1348
268 1349
268 1350
268 1351
268 1352
268 1353
268 1354
268 1355
268 1356
268 1357
268 1358
268 1359
268 1360
268 1361
268 1362
268 1363
268 1364
268 1365
268 1366
268 1367
269 409
269 410
269 449
269 908
269 909
269 949
269 950
269 1166
269 1167
269 826
269 827
269 1132
269 1133
269 1102
269 1142
269 1143
269 1144
269 1145
269 1146
269 1147
269 1182
269 1183
269 423
269 916
269 1184
269 1185
269 424
269 917
269 832
269 833
269 454
269 455
269 1202
269 1203
269 1208
269 1211
269 1214
269 1215
269 1153
269 1227
269 1228
269 1161
269 1229
269 1162
269 954
269 955
269 956
269 957
269 958
269 959
269 960
269 961
269 962
269 963
269 964
269 965
269 1231
269 1232
269 1233
269 1234
269 1235
269 1236
269 1237
269 1238
269 1106
269 1107
269 1108
269 1109
269 1110
269 1111
269 1112
269 1113
269 1114
269 1115
269 1116
269 1117
270 1003
270 1004
270 1005
270 1216
270 1217
270 1218
270 1219
270 1220
270 1221
270 1222
270 1223
270 1224
270 1009
270 1010
270 1011
270 1012
270 1013
270 1014
270 1015
270 1016
270 1017
270 1103
270 1104
270 1105
270 1230
271 1119
271 1033
271 1034
271 1035
271 1036
271 1037
271 1038
271 1039
271 1040
271 1041
271 1042
271 1043
271 1044
271 1045
271 1046
271 1047
271 1048
271 1049
271 1050
271 1334
271 1335
271 1336
271 1337
271 1338
271 1339
271 1051
271 1052
271 1053
271 1120
271 1121
271 1344
271 1345
271 1346
271 1347
271 1348
271 1349
271 1350
271 1351
271 1352
271 1353
271 1354
271 1355
271 1356
271 1357
271 1358
271 1359
271 1360
271 1361
271 1362
271 1363
271 1364
271 1365
271 1366
271 1367
272 428
272 755
272 1438
272 1439
272 1440
272 1441
272 1442
272 1443
272 1444
272 1278
272 1279
272 330
272 331
272 760
272 1445
272 1446
272 761
272 1447
272 1448
272 1449
272 1450
272 1451
272 1452
272 1453
272 1129
272 1281
272 1134
272 1135
272 1454
272 341
272 342
272 1455
272 1456
272 1457
273 1418
273 1419
273 940
273 1463
273 1668
273 1485
273 1486
273 988
273 989
273 1056
273 1057
273 765
273 990
273 1494
273 1495
273 975
273 944
273 1669
273 1496
273 1497
273 1606
273 1498
273 1472
273 887
273 1436
273 1670
273 1059
273 1061
273 1066
273 1067
273 1609
273 1610
273 1503
273 1588
273 1504
273 1589
273 1590
273 1591
273 1315
273 1316
273 1317
273 1318
273 1319
273 1320
273 1321
273 1322
273 1127
273 1128
273 1505
273 1592
273 891
273 1506
273 1129
273 1671
273 1672
273 1673
273 1674
273 1593
273 1594
273 1324
273 1325
273 1134
273 1135
273 1137
273 1140
273 1675
273 1595
273 1676
273 1677
273 1678
273 1679
273 1680
273 1681
273 1682
273 1683
273 1684
273 1685
273 1686
273 1687
273 1688
273 1598
273 1599
273 979
273 980
273 981
273 982
273 1689
273 1690
273 1512
273 1513
273 1514
273 1515
273 1691
273 1692
273 1084
273 1085
273 1693
273 771
273 1694
273 772
274 1418
274 1419
274 1516
274 1517
274 805
274 806
274 1518
274 1519
274 773
274 940
274 1695
274 986
274 1520
274 941
274 1462
274 807
274 1463
274 1668
274 1483
274 1521
274 1484
274 1485
274 1487
274 942
274 1579
274 943
274 1580
274 1490
274 1491
274 1522
274 1523
274 1696
274 1697
274 1698
274 1699
274 1086
274 1088
274 1054
274 1055
274 944
274 1496
274 1472
274 1436
274 1670
274 1700
274 1701
274 1702
274 1703
274 1704
274 1705
274 1706
274 1707
274 1064
274 1065
274 1583
274 1584
274 1473
274 1474
274 1168
274 1170
274 1172
274 1173
274 1524
274 1525
274 1526
274 1527
274 1708
274 1709
274 987
274 1528
274 1529
274 1174
274 1710
274 1711
274 1712
274 1713
274 1175
274 1176
274 1177
274 1178
274 1714
274 1715
274 1716
274 1717
274 1718
274 1719
274 1720
274 1721
274 1098
274 1099
274 780
274 781
275 388
275 389
275 1516
275 1517
275 941
275 1462
275 1483
275 764
275 988
275 1488
275 989
275 1489
275 942
275 1579
275 943
275 1580
275 1490
275 1491
275 1522
275 1523
275 1054
275 1055
275 990
275 1494
275 1058
275 1060
275 1064
275 1065
275 1583
275 1584
275 1503
275 1504
275 1473
275 1474
275 1315
275 1316
275 1317
275 1318
275 1319
275 1320
275 1321
275 1322
275 1507
275 1673
275 1674
275 1508
275 1509
275 1324
275 1325
275 1510
275 1511
275 1689
275 1690
275 1081
275 1083
275 769
275 770
276 388
276 389
276 1665
276 803
276 1722
276 804
276 1723
276 805
276 1422
276 806
276 1423
276 1518
276 1519
276 807
276 1668
276 1521
276 1484
276 1464
276 1487
276 1739
276 1740
276 1741
276 1742
276 1696
276 1697
276 1698
276 1699
276 1670
276 1704
276 1705
276 1706
276 1707
276 1724
276 1725
276 1726
276 1727
276 1728
276 1729
276 1730
276 1731
276 1732
276 1733
276 1734
276 1735
276 816
276 817
276 1736
276 1737
276 1445
276 1446
276 1447
276 1448
276 809
276 1453
276 1437
276 1476
276 1738
276 837
276 839
276 1666
276 1667
276 1743
276 1744
277 388
277 389
277 1665
277 1745
277 1746
277 1747
277 1454
277 1548
277 843
277 1549
277 1552
277 1553
277 1748
277 1749
277 1750
277 1751
277 1455
277 845
277 1456
277 846
277 1666
277 1752
277 1753
277 1667
277 1754
277 1755
277 847
277 1756
277 1757
277 848
277 1758
277 1759
277 1760
277 1761
277 849
277 1762
277 1763
277 1764
277 1765
277 1766
277 1767
277 1768
277 1769
277 1561
277 1562
277 1563
278 388
278 389
278 1665
278 885
278 886
278 607
278 864
278 608
278 865
278 1739
278 1740
278 1741
278 1742
278 541
278 1696
278 1697
278 542
278 1698
278 1699
278 609
278 1090
278 544
278 500
278 509
278 512
278 1704
278 1705
278 888
278 1706
278 1707
278 889
278 1770
278 880
278 1094
278 1750
278 1751
278 1771
278 1772
278 1666
278 1752
278 1753
278 1667
278 1754
278 1755
278 1743
278 1744
279 883
279 884
279 1465
279 1466
279 1581
279 1582
279 528
279 338
279 457
279 1944
279 1945
279 339
279 533
279 340
279 534
279 1585
279 1586
279 1481
279 896
279 1746
279 1482
279 897
279 1747
279 458
279 459
279 1946
279 1947
279 1948
279 1970
279 1618
279 1971
279 1972
279 1830
279 1831
279 1973
279 1974
279 1748
279 1749
279 1627
279 1628
279 1629
279 1630
279 1631
279 1632
279 1633
279 1634
279 1837
279 1838
279 1975
280 732
280 1467
280 1468
280 1939
280 1940
280 418
280 450
280 1531
280 1581
280 1963
280 1582
280 1964
280 419
280 908
280 420
280 909
280 1470
280 1471
280 971
280 1941
280 1942
280 451
280 452
280 734
280 972
280 973
280 974
280 1062
280 698
280 707
280 708
280 709
280 710
280 1976
280 1977
280 1859
280 1860
280 916
280 917
280 1861
280 1076
280 1077
280 1585
280 1586
280 1532
280 1533
280 1534
280 1535
280 1536
280 1537
280 1978
280 1979
280 1969
281 1937
281 1938
281 1963
281 1964
281 766
281 1965
281 1966
281 828
281 829
281 1144
281 1147
281 1677
281 1678
281 1679
281 1680
281 1681
281 1682
281 1949
281 1950
281 1951
281 1952
281 1618
281 1600
281 1601
281 1554
281 1555
281 1556
281 1602
281 1832
281 1153
281 767
281 1691
281 768
281 1692
281 1642
281 1967
281 1968
281 1969
281 1557
281 844
281 1953
281 1954
281 1943
281 1651
281 1652
281 1653
281 1654
281 1655
281 1656
281 1657
281 1658
281 1619
281 1620
281 1621
281 1622
281 1623
281 1624
281 1625
281 1626
281 1627
281 1628
281 1629
281 1630
281 1631
281 1632
281 1633
281 1634
281 1980
281 1981
281 1982
281 1983
281 1923
281 1924
281 1835
281 1836
281 1637
281 1843
281 1844
281 1984
281 1985
281 1567
281 1568
281 1569
281 1570
281 1571
281 1572
281 1929
281 1930
281 1931
281 1932
281 1845
281 1846
281 1847
281 1848
281 1849
281 1850
281 1986
281 1987
281 1988
281 1989
282 754
282 431
283 754
283 431
286 754
286 431
287 754
287 431
290 428
291 428
292 388
292 389
293 388
293 389
296 379
296 461
296 883
296 884
296 732
296 1465
296 1937
296 1466
296 1938
296 380
296 539
296 381
296 540
296 1467
296 1468
296 1939
296 1940
296 462
296 463
296 1470
296 1471
296 971
296 1941
296 1942
296 734
296 972
296 973
296 974
296 991
296 668
296 683
296 684
296 687
296 688
296 554
296 1745
296 1770
296 1002
296 1481
296 896
296 1482
296 897
296 1943
296 1771
296 1772
296 1756
296 1757
296 1758
296 1759
297 729
297 905
297 815
297 951
297 1540
297 922
297 923
297 840
297 924
297 925
297 841
297 926
297 927
297 842
297 1541
297 738
297 739
297 740
297 952
297 1880
297 953
297 1881
297 1542
297 1543
297 1549
297 1550
297 1551
297 1552
297 1553
297 1955
297 1956
297 1554
297 1555
297 1557
297 1564
297 1565
297 1566
297 1883
297 1884
297 1885
297 1886
297 1544
297 1545
297 1546
297 1547
297 1957
297 1958
297 1959
297 1960
297 1961
297 1962
298 720
299 720
300 720
301 720
302 427
303 427
304 427
305 427
308 427
309 427
310 719
310 490
313 427
314 427
315 388
316 388
317 720
318 720
319 720
326 429
327 429
332 429
333 429
334 429
335 429
336 429
337 429
338 388
339 388
340 388
343 388
344 388
345 388
346 388
347 719
347 490
348 719
348 490
349 719
349 490
350 719
350 490
351 719
351 490
352 719
352 490
353 427
353 602
353 604
353 606
353 585
353 587
353 589
353 773
353 864
353 865
353 543
353 1062
353 703
353 704
353 705
353 706
353 1179
353 1271
353 1092
353 1368
353 1369
353 1093
353 1370
353 1371
353 567
353 1180
353 1200
353 1201
353 1272
353 992
353 993
353 880
353 998
353 999
353 1000
353 1001
353 1181
353 599
353 1273
353 610
353 1186
353 1209
353 1210
353 1212
353 1213
353 1307
353 1308
353 1309
353 1310
353 1311
353 1312
353 1076
353 1077
353 715
353 716
353 1303
353 1304
353 1096
353 1097
353 1196
353 1197
353 1305
353 1306
353 1372
353 1373
353 1374
353 1375
353 780
353 781
353 1198
353 1313
353 1199
353 1314
353 1274
353 1275
354 427
354 409
354 410
354 1063
354 550
354 551
354 1118
354 1315
354 1316
354 1068
354 1317
354 1318
354 1069
354 1319
354 1320
354 1070
354 1321
354 1322
354 1071
354 555
354 556
354 557
354 558
354 1180
354 1239
354 1181
354 1324
354 1325
354 423
354 424
354 1252
354 1253
354 1122
354 1123
355 1376
355 1377
355 1378
355 1379
356 1376
356 1377
356 1380
356 1381
356 1382
356 1383
356 1378
356 1379
356 1384
356 1385
356 1386
356 1387
356 1388
356 1389
356 1390
356 437
356 438
356 439
356 440
356 441
356 442
356 443
356 444
356 1391
356 1392
356 1393
356 445
356 446
356 447
356 448
357 389
357 486
357 1722
357 1723
357 1520
357 1524
357 866
357 1525
357 867
357 1526
357 868
357 1527
357 869
357 870
357 871
357 1825
357 872
357 873
357 1826
357 1528
357 1529
357 878
357 1738
357 1827
357 1023
357 1024
357 1025
357 1026
357 1027
357 1028
357 1029
357 1030
357 1031
357 1032
357 881
358 389
358 486
358 743
358 744
358 745
358 1402
358 1492
358 1493
358 1439
358 1441
358 949
358 950
358 749
358 1499
358 1500
358 750
358 1501
358 1502
358 1407
358 1408
358 1442
358 1409
358 1410
358 1443
358 1587
358 1444
358 1125
358 1126
358 1132
358 1133
358 1136
358 1139
358 1142
358 1143
358 1145
358 1146
358 1600
358 1601
358 1602
358 1605
358 954
358 955
358 956
358 957
358 958
358 959
358 960
358 961
358 962
358 963
358 964
358 965
359 1937
359 1938
359 1963
359 1964
359 775
359 1976
359 1977
359 1369
359 1371
359 994
359 995
359 996
359 997
359 1862
359 1018
359 1454
359 1970
359 1548
359 776
359 1864
359 1828
359 777
359 1865
359 1829
359 1618
359 1978
359 1979
359 843
359 1549
359 1971
359 1972
359 1552
359 1553
359 1973
359 1974
359 1642
359 1969
359 1943
359 1643
359 1644
359 1645
359 1646
359 1647
359 1648
359 1649
359 1650
359 1651
359 1652
359 1653
359 1654
359 1655
359 1656
359 1657
359 1658
359 1627
359 1628
359 1629
359 1630
359 1631
359 1632
359 1633
359 1634
359 1455
359 1456
359 847
359 848
359 1990
359 1991
359 1019
359 1020
359 1372
359 1373
359 1021
359 1840
359 1842
359 1975
359 1561
359 1562
359 1563
359 1659
359 1660
359 1661
359 1662
359 1663
359 1664
359 1992
359 1993
359 1994
359 1995
359 1996
359 1997
359 1998
359 1999
360 1531
360 1944
360 1945
360 951
360 1541
360 952
360 1880
360 953
360 1881
360 1532
360 1533
360 1534
360 1535
360 1536
360 1537
360 1542
360 1543
360 1946
360 1947
360 1948
360 1832
360 1642
360 1651
360 1652
360 1653
360 1654
360 1655
360 1656
360 1657
360 1658
360 1883
360 1884
360 1885
360 1886
360 1845
360 1846
360 1847
360 1848
360 1849
360 1850
363 427
364 427
365 427
366 427
367 427
368 427
369 427
370 427
371 427
372 427
373 432
374 432
375 427
376 427
377 427
378 427
379 389
380 389
381 389
382 432
383 432
386 389
386 486
387 389
387 486
388 488
388 489
388 574
388 575
388 731
388 971
388 576
388 577
388 498
388 885
388 499
388 886
388 972
388 973
388 974
388 735
388 736
388 737
388 975
388 887
388 888
388 889
388 976
388 977
388 978
388 891
388 979
388 980
388 981
388 982
388 983
388 984
388 985
389 721
389 722
389 488
389 782
389 489
389 783
389 490
389 491
389 784
389 785
389 493
389 494
389 787
389 788
389 724
389 601
389 603
389 605
389 578
389 579
389 580
389 590
389 591
389 592
389 805
389 806
389 986
389 807
389 498
389 499
389 808
389 987
389 611
390 721
390 722
390 490
390 491
390 784
390 785
390 391
390 407
390 408
390 574
390 934
390 575
390 935
390 493
390 494
390 787
390 788
390 724
390 578
390 579
390 580
390 584
390 586
390 588
390 590
390 591
390 592
390 941
390 988
390 989
390 942
390 943
390 418
390 419
390 420
390 576
390 577
390 397
390 398
390 399
390 400
390 401
390 402
390 990
390 945
390 600
390 425
390 426
391 947
391 948
391 627
391 1955
391 1956
391 1556
391 2036
391 2037
391 633
391 634
391 1567
391 1568
391 635
391 636
391 1569
391 1570
391 637
391 638
391 1571
391 1572
391 1887
391 1957
391 1958
391 1959
391 966
391 1888
391 1960
391 1961
391 1962
391 967
391 2000
391 2001
391 2002
391 1897
391 1898
391 2003
391 2004
391 2038
391 2039
391 2040
391 2041
391 2042
391 2043
391 2044
391 2045
392 431
393 431
394 431
395 431
396 431
405 427
405 882
405 1400
405 1469
405 892
405 1477
405 893
405 1478
405 894
405 1479
405 895
405 1480
405 1412
405 1413
405 1944
405 1414
405 1415
405 1945
405 1746
405 1747
405 1946
405 1947
405 1948
405 1949
405 1950
405 1951
405 1952
405 1748
405 1749
405 1953
405 1954
406 427
406 1401
406 730
406 746
406 1403
406 1465
406 1466
406 1939
406 1940
406 1531
406 1469
406 815
406 747
406 1492
406 748
406 1493
406 1404
406 1439
406 733
406 1405
406 1406
406 1581
406 1963
406 1582
406 1964
406 1941
406 1942
406 1669
406 1606
406 1609
406 1610
406 1499
406 1500
406 1501
406 1502
406 1442
406 1443
406 1168
406 1170
406 1266
406 1174
406 1965
406 1966
406 1671
406 1672
406 1267
406 1268
406 1269
406 1270
406 1676
406 1683
406 1684
406 1685
406 1686
406 1687
406 1688
406 1477
406 1478
406 1479
406 1480
406 1585
406 1586
406 1481
406 1482
406 840
406 841
406 842
406 1532
406 1533
406 1534
406 1535
406 1536
406 1537
406 1967
406 1968
406 1969
407 1087
407 1089
407 1059
407 1061
407 1332
407 1333
407 1186
407 1863
407 1244
407 1245
407 1246
407 1247
407 1303
407 1304
407 1866
407 1867
407 1868
407 1869
407 1870
407 1871
407 1872
407 1873
407 1874
407 1875
407 1907
407 1876
407 1980
407 1908
407 1877
407 1981
407 1196
407 1990
407 1991
407 1197
407 1833
407 1305
407 1878
407 1834
407 1306
407 1879
407 1084
407 1085
407 1100
407 1101
407 1909
407 1910
407 1911
407 1912
407 1839
407 1841
407 1984
407 1985
407 1254
407 1255
407 1256
407 1257
407 1340
407 1341
407 1342
407 1343
407 1992
407 1993
407 1994
407 1995
407 1996
407 1997
407 1998
407 1999
408 765
408 1440
408 1587
408 818
408 1282
408 1283
408 1675
408 1596
408 1597
408 1970
408 1955
408 1956
408 1556
408 1619
408 1620
408 1621
408 1622
408 1623
408 1624
408 1625
408 1626
408 1907
408 1980
408 1908
408 1981
408 1227
408 1228
408 1909
408 1910
408 1911
408 1912
408 1161
408 1835
408 1836
408 1559
408 1229
408 1882
408 1603
408 1604
408 1637
408 1162
408 1843
408 1844
408 1605
408 1693
408 1984
408 771
408 1301
408 1694
408 1985
408 772
408 1302
408 1560
408 1975
408 1457
408 850
408 851
408 1567
408 1568
408 1569
408 1570
408 1571
408 1572
408 1957
408 1958
408 1959
408 1960
408 1961
408 1962
408 1889
408 1890
408 1891
408 1892
408 1893
408 1894
408 1913
408 1914
408 1915
408 1916
408 1917
408 1918
408 1919
408 1920
408 1921
408 1922
411 427
412 427
413 719
414 427
415 427
416 427
417 427
421 719
422 719
427 612
427 613
427 773
427 645
427 646
427 616
427 617
427 618
427 619
427 648
427 649
427 650
427 651
427 774
427 775
427 776
427 777
427 778
427 779
427 780
427 781
428 753
428 754
428 431
428 719
428 432
428 720
428 782
428 783
428 784
428 785
428 492
428 433
428 786
428 723
428 787
428 788
428 789
428 790
428 791
428 792
428 793
428 794
428 795
428 796
428 797
428 798
428 799
428 800
428 801
428 802
428 803
428 804
428 805
428 806
428 807
428 756
428 757
428 725
428 726
428 758
428 759
428 727
428 496
428 497
428 435
428 436
428 728
428 808
428 809
428 810
428 762
428 763
429 465
429 614
429 615
429 621
429 622
429 623
429 624
429 625
429 626
429 1102
429 1103
429 466
429 467
429 468
429 469
429 470
429 471
429 472
429 473
429 474
429 475
429 476
429 477
429 478
429 479
429 480
429 481
429 482
429 483
429 484
429 485
429 1104
429 1105
429 1106
429 1107
429 1108
429 1109
429 1110
429 1111
429 1112
429 1113
429 1114
429 1115
429 1116
429 1117
430 1118
430 1119
430 1120
430 1121
430 1122
430 1123
431 1382
431 1383
431 968
431 1394
431 1416
431 1417
431 1395
431 1384
431 1385
431 1458
431 1459
431 1460
431 1461
431 1396
431 1397
431 1398
431 1399
431 1462
431 1463
431 1438
431 1464
431 1430
431 855
431 856
431 1401
431 1465
431 1466
431 1467
431 1468
431 813
431 814
431 859
431 860
431 1469
431 1404
431 1470
431 1471
431 1472
431 1473
431 1474
431 1475
431 1411
431 1449
431 1450
431 1451
431 1452
431 1476
431 834
431 835
431 1477
431 1478
431 1479
431 1480
431 1481
431 1482
431 969
431 970
432 1380
432 1381
432 1416
432 1417
432 902
432 1418
432 903
432 1419
432 1420
432 1516
432 1421
432 1517
432 1422
432 1423
432 1518
432 1519
432 1520
432 1521
432 904
432 1430
432 1431
432 1386
432 1522
432 1523
432 507
432 508
432 510
432 511
432 1436
432 546
432 547
432 548
432 549
432 517
432 518
432 519
432 520
432 1524
432 1525
432 1526
432 1527
432 1437
432 1528
432 1529
432 570
432 571
433 1739
433 1740
433 1741
433 1742
433 1669
433 1700
433 1701
433 1702
433 1703
433 1607
433 1608
433 1770
433 1369
433 1371
433 992
433 993
433 998
433 999
433 1000
433 1001
433 1187
433 1676
433 1612
433 1613
433 1852
433 1795
433 1303
433 1796
433 1304
433 1750
433 1751
433 2046
433 1614
433 1771
433 1615
433 1772
433 1194
433 1195
433 1853
433 1752
433 1753
433 1754
433 1755
433 1811
433 1720
433 1812
433 1721
433 1743
433 1744
433 2047
433 2048
433 2049
433 2050
433 2051
433 1813
433 1814
433 1815
433 1816
433 1817
433 1818
433 1819
433 1820
433 1821
433 1822
433 1823
433 1824
433 1305
433 1306
433 1372
433 1373
433 1797
433 1798
437 753
438 753
439 753
440 753
441 753
442 753
443 753
444 753
445 753
446 753
447 753
448 753
465 742
466 742
467 742
468 742
469 742
470 742
471 742
472 742
473 742
474 742
475 742
476 742
477 742
478 742
479 742
480 742
481 742
482 742
483 742
484 742
485 742
486 864
486 865
486 543
486 559
486 560
486 561
486 562
486 563
486 1023
486 1024
486 564
486 1025
486 1026
486 565
486 1027
486 1028
486 566
486 1029
486 1030
486 567
486 880
486 568
486 569
486 1031
486 1032
486 1033
486 1034
486 1035
486 1036
486 1037
486 1038
486 1039
486 1040
486 1041
486 1042
486 1043
486 1044
486 1045
486 1046
486 1047
486 1048
486 1049
486 1050
486 572
486 573
486 1051
486 1052
486 1053
487 782
487 783
487 934
487 935
487 607
487 608
487 541
487 542
487 1086
487 1087
487 1088
487 1089
487 543
487 609
487 991
487 1090
487 1054
487 1055
487 668
487 1056
487 1057
487 544
487 500
487 509
487 512
487 1064
487 1065
487 698
487 945
487 1066
487 1067
487 808
487 703
487 704
487 705
487 706
487 707
487 708
487 709
487 710
487 683
487 684
487 687
487 688
487 866
487 867
487 868
487 869
487 775
487 1091
487 1092
487 1093
487 567
487 1002
487 1094
487 1095
487 881
487 715
487 716
487 776
487 777
487 1096
487 1097
487 1098
487 1099
487 1100
487 1101
488 1424
488 1425
488 1426
488 1427
488 1428
488 1429
488 1695
488 1483
488 1484
488 1438
488 1486
488 1487
488 1490
488 1491
488 725
488 726
488 1389
488 1390
488 811
488 812
488 857
488 858
488 1432
488 1433
488 905
488 746
488 1402
488 1434
488 1393
488 1435
488 1403
488 727
488 813
488 906
488 814
488 907
488 862
488 863
488 747
488 1492
488 748
488 1493
488 1405
488 1406
488 1497
488 1498
488 1499
488 1500
488 1501
488 1502
488 1407
488 1408
488 1409
488 1410
488 1127
488 1128
488 1278
488 1279
488 1708
488 1709
488 1773
488 1774
488 1445
488 1446
488 1447
488 1448
488 1449
488 1450
488 1451
488 1452
488 1777
488 1505
488 1453
488 915
488 1281
488 1712
488 1713
488 1137
488 1140
488 1714
488 1715
488 834
488 835
488 836
488 838
488 922
488 923
488 924
488 925
488 926
488 927
488 1785
488 1786
488 1787
488 1788
488 1789
488 1790
489 1695
489 1488
489 1489
489 912
489 1200
489 1201
489 1675
489 1595
489 1802
489 1148
489 1596
489 1149
489 1597
489 1150
489 1074
489 1075
489 1851
489 1598
489 918
489 1803
489 1510
489 1599
489 919
489 1804
489 1511
489 1151
489 1152
489 1852
489 1714
489 1715
489 1204
489 1205
489 1206
489 1207
489 1209
489 1210
489 1212
489 1213
489 1078
489 1079
489 1853
489 1854
489 1855
489 1856
489 1857
489 1858
489 1225
489 1226
489 1155
489 1156
489 1158
489 1159
489 1603
489 1604
489 1693
489 1694
490 976
490 1124
490 1540
490 1880
490 1881
490 1548
490 1550
490 1551
490 1559
490 1882
490 1560
490 1103
490 1163
490 1164
490 1165
490 983
490 1561
490 984
490 1562
490 985
490 1563
490 1564
490 1565
490 1566
490 1883
490 1884
490 1885
490 1886
490 1544
490 1545
490 1546
490 1547
490 1887
490 1888
490 1104
490 1889
490 1890
490 1891
490 1105
490 1892
490 1893
490 1894
490 1895
490 1896
490 1897
490 1898
490 1899
490 1900
490 1901
490 1902
490 1903
490 1904
490 1905
490 1906
491 764
491 1286
491 1149
491 1150
491 1907
491 1908
491 1227
491 1228
491 1154
491 1635
491 1155
491 1156
491 1157
491 1636
491 1158
491 1159
491 1909
491 1910
491 1297
491 1298
491 769
491 1911
491 1912
491 1299
491 1300
491 770
491 1160
491 1558
491 1229
491 1882
491 1889
491 1890
491 1891
491 1892
491 1893
491 1894
491 1573
491 1574
491 1575
491 1576
491 1577
491 1578
491 1638
491 1639
491 1640
491 1641
491 1913
491 1914
491 1915
491 1916
491 1917
491 1918
491 1919
491 1920
491 1921
491 1922
492 947
492 948
492 652
492 1006
492 1007
492 1008
492 1216
492 1217
492 1218
492 1219
492 1220
492 1221
492 1222
492 1223
492 1224
492 1832
492 1643
492 1644
492 1645
492 1646
492 1647
492 1648
492 1649
492 1650
492 1887
492 966
492 1888
492 967
492 1895
492 1896
492 1897
492 1845
492 1846
492 1847
492 1898
492 1848
492 1849
492 1850
492 1659
492 1660
492 658
492 659
492 1661
492 1662
492 660
492 661
492 1663
492 1664
492 662
492 663
492 1230
492 1022
492 1899
492 1900
492 1901
492 1902
492 1903
492 1904
492 1905
492 1906
493 620
493 699
493 700
493 701
493 702
493 673
493 674
493 675
493 676
493 1271
493 1323
493 1119
493 1202
493 1203
493 1006
493 1007
493 1008
493 1242
493 1243
493 1216
493 1217
493 1218
493 1219
493 1220
493 1221
493 1222
493 1223
493 1224
493 1982
493 1983
493 639
493 640
493 641
493 642
493 643
493 644
493 1925
493 1926
493 1927
493 1928
493 1913
493 1914
493 1230
493 1986
493 1987
493 696
493 1988
493 1989
493 697
493 1933
493 1934
493 1120
493 1330
493 1935
493 1936
493 1121
493 1331
493 1022
493 717
493 718
493 1274
493 1275
493 1915
493 1916
493 1231
493 1232
493 1917
493 1918
493 1233
493 1234
493 1919
493 1920
493 1235
493 1236
493 1921
493 1922
493 1237
493 1238
493 1258
493 1259
493 1260
493 1261
493 1262
493 1263
493 1264
493 1265
494 1588
494 1589
494 1825
494 1826
494 1778
494 1507
494 819
494 1965
494 1966
494 1673
494 1282
494 1674
494 1283
494 1976
494 1977
494 1508
494 1859
494 1593
494 1509
494 1860
494 1594
494 824
494 825
494 1827
494 1783
494 1784
494 1332
494 1333
494 1240
494 1241
494 1861
494 1802
494 1677
494 1678
494 1679
494 1680
494 1681
494 1682
494 1803
494 1804
494 1248
494 1249
494 1250
494 1251
494 1978
494 1979
494 1689
494 1690
494 1691
494 1692
494 1967
494 1968
494 1866
494 1867
494 1868
494 1869
494 1870
494 1871
494 1872
494 1873
494 1874
494 1875
494 1876
494 1877
494 1301
494 1302
494 1340
494 1341
494 1342
494 1343
501 719
502 719
503 719
504 719
507 719
508 719
510 719
511 719
513 741
514 741
516 741
517 719
518 719
519 719
520 719
525 719
526 719
545 741
552 741
553 741
574 1495
574 1777
574 1506
574 913
574 1801
574 1673
574 1674
574 1074
574 1075
574 1949
574 1950
574 1951
574 1952
574 1971
574 1972
574 1689
574 1078
574 1690
574 1079
574 1512
574 1513
574 1830
574 1514
574 1831
574 1515
574 932
574 1789
574 1973
574 1805
574 933
574 1974
574 1790
574 1806
574 1953
574 1954
574 1760
574 1761
574 1907
574 1908
574 2058
574 2059
574 2060
574 2061
574 1909
574 1910
574 1911
574 1912
574 1837
574 1838
574 1762
574 1763
574 1764
574 1765
574 1766
574 1767
574 1768
574 1769
575 949
575 950
575 1540
575 1880
575 1881
575 2005
575 954
575 955
575 956
575 1883
575 957
575 958
575 959
575 1884
575 960
575 961
575 962
575 1885
575 963
575 964
575 965
575 1886
575 1544
575 1545
575 1546
575 1547
575 2036
575 2037
575 1887
575 1888
575 1897
575 1898
575 2038
575 2039
575 2040
575 2041
575 2042
575 2043
575 2044
575 2045
575 2006
575 2007
575 2008
575 2009
575 2010
575 2011
575 2012
575 2013
575 2014
575 2015
575 2016
575 2017
575 2018
575 2019
575 2020
575 2021
575 2022
575 2023
575 2024
575 2025
575 2026
575 2027
575 2028
575 2029
575 2030
575 2031
575 2032
575 2033
575 2034
575 2035
596 741
597 741
598 741
620 935
639 935
640 935
641 935
642 935
643 935
644 935
645 720
646 720
647 934
648 720
649 720
650 720
651 720
664 934
665 934
666 934
667 934
673 934
674 934
675 934
676 934
696 934
697 934
699 934
700 934
701 934
702 934
717 934
718 934
719 1380
719 1381
719 1416
719 1417
719 902
719 903
719 1420
719 1421
719 1463
719 1483
719 1484
719 1485
719 1438
719 1486
719 904
719 1464
719 1430
719 1431
719 1487
719 1386
719 1488
719 1489
719 1490
719 1491
719 1402
719 1492
719 1493
719 1494
719 1495
719 1496
719 1497
719 1498
719 1472
719 1499
719 1500
719 1501
719 1502
719 1407
719 1408
719 1409
719 1410
719 1503
719 1504
719 1166
719 1167
719 1125
719 1126
719 1276
719 1277
719 1449
719 1450
719 1451
719 1452
719 1505
719 1476
719 1506
719 1507
719 1280
719 1508
719 1509
719 1136
719 1139
719 1182
719 1183
719 1184
719 1185
719 1510
719 1511
719 1512
719 1513
719 1514
719 1515
720 1530
720 1531
720 1532
720 1533
720 1534
720 1535
720 1536
720 1537
720 1538
720 1539
721 803
721 804
721 1422
721 1423
721 986
721 1668
721 1486
721 1464
721 853
721 854
721 906
721 907
721 1087
721 1089
721 1056
721 1057
721 1497
721 1606
721 1498
721 887
721 1670
721 1066
721 1067
721 1607
721 1608
721 1609
721 1610
721 1590
721 1591
721 1172
721 1173
721 1773
721 1774
721 1775
721 1776
721 1445
721 1446
721 1447
721 1448
721 775
721 1777
721 890
721 987
721 1505
721 1592
721 809
721 1778
721 1453
721 891
721 1437
721 1476
721 1266
721 915
721 879
721 1710
721 1779
721 1711
721 1780
721 1781
721 1782
721 1783
721 1784
721 1267
721 1268
721 1269
721 1270
721 1175
721 1176
721 1177
721 1178
721 1612
721 1613
721 1716
721 1717
721 1718
721 1719
721 1785
721 1786
721 1787
721 1788
721 776
721 777
721 898
721 899
721 900
721 901
721 1789
721 1790
721 1791
721 1792
721 1793
721 1794
721 1795
721 1796
721 1614
721 1615
721 1100
721 1101
721 1797
721 1798
722 1722
722 1723
722 1520
722 1495
722 1588
722 1589
722 1524
722 1525
722 1526
722 1527
722 870
722 871
722 872
722 873
722 1799
722 1800
722 1777
722 1778
722 1506
722 818
722 1091
722 1507
722 912
722 913
722 1745
722 1801
722 1528
722 1770
722 1529
722 819
722 878
722 1738
722 1779
722 1780
722 1508
722 1593
722 1509
722 1594
722 824
722 825
722 1783
722 1784
722 1368
722 1370
722 1200
722 1201
722 992
722 993
722 994
722 995
722 996
722 997
722 998
722 999
722 1000
722 1001
722 1802
722 1095
722 918
722 1803
722 919
722 1804
722 1209
722 1210
722 1212
722 1213
722 1512
722 1513
722 1514
722 1515
722 932
722 1789
722 1805
722 933
722 1790
722 1806
722 1791
722 1792
722 1793
722 1794
722 1807
722 1808
722 1809
722 1810
722 1771
722 1772
722 1756
722 1757
722 1758
722 1759
722 1811
722 1812
722 1813
722 1814
722 1815
722 1816
722 1817
722 1818
722 1819
722 1820
722 1821
722 1822
722 1823
722 1824
722 1019
722 1020
722 1374
722 1375
722 850
722 851
723 1087
723 1089
723 1059
723 1061
723 1368
723 1370
723 1286
723 1149
723 1150
723 1204
723 1205
723 1206
723 1207
723 1287
723 1288
723 2052
723 2053
723 2054
723 2055
723 2056
723 2057
723 1326
723 1327
723 2058
723 2059
723 1982
723 1225
723 1983
723 1226
723 1328
723 1329
723 1923
723 1295
723 2060
723 1084
723 1924
723 1296
723 2061
723 1085
723 1374
723 1375
723 2062
723 1100
723 1101
723 1155
723 1156
723 1158
723 1159
723 1297
723 1298
723 1299
723 1300
723 1925
723 1926
723 1927
723 1928
723 1929
723 1930
723 1931
723 1932
723 1986
723 1987
723 1988
723 1989
723 1933
723 1934
723 1935
723 1936
724 1118
724 1102
724 1202
724 1203
724 1242
724 1243
724 1913
724 1914
724 1915
724 1916
724 1231
724 1232
724 1917
724 1918
724 1233
724 1234
724 1919
724 1920
724 1235
724 1236
724 1921
724 1922
724 1237
724 1238
724 1258
724 1259
724 1260
724 1261
724 1122
724 1262
724 1263
724 1264
724 1265
724 1123
724 1106
724 1107
724 1108
724 1109
724 1110
724 1111
724 1112
724 1113
724 1114
724 1115
724 1116
724 1117
729 785
730 785
733 785
738 785
739 785
740 785
741 885
741 886
741 1696
741 1697
741 1698
741 1699
741 910
741 911
741 1700
741 1701
741 1702
741 1703
741 1704
741 1705
741 888
741 1706
741 1707
741 889
741 1063
741 1068
741 1069
741 1070
741 1071
741 774
741 1859
741 1860
741 1861
741 1862
741 920
741 921
741 1864
741 1865
741 778
741 779
741 1720
741 1721
742 2005
742 2006
742 2007
742 2008
742 2009
742 2010
742 2011
742 2012
742 2013
742 2014
742 2015
742 2016
742 2017
742 2018
742 2019
742 2020
742 2021
742 2022
742 2023
742 2024
742 2025
742 2026
742 2027
742 2028
742 2029
742 2030
742 2031
742 2032
742 2033
742 2034
742 2035
753 1376
753 1377
753 1378
753 1379
753 1394
753 1395
753 1396
753 1397
753 1398
753 1399
753 1400
753 1401
753 1402
753 1403
753 1404
753 1405
753 1406
753 1407
753 1408
753 1409
753 1410
753 1411
753 1412
753 1413
753 1414
753 1415
754 755
754 1380
754 1381
754 1382
754 1383
754 1416
754 1417
754 1384
754 1385
754 1418
754 1419
754 1420
754 1421
754 1422
754 1423
754 1424
754 1425
754 1426
754 1427
754 1428
754 1429
754 1430
754 1431
754 1386
754 1389
754 1390
754 811
754 812
754 855
754 856
754 1432
754 1433
754 1434
754 1393
754 1435
754 859
754 860
754 1436
754 760
754 761
754 1437
754 836
754 838
756 785
757 785
758 785
759 785
764 784
769 784
770 784
773 782
780 782
781 782
782 1440
782 1587
782 1368
782 1370
782 1611
782 1204
782 1205
782 1206
782 1207
782 1018
782 1828
782 1829
782 1830
782 1831
782 1832
782 1643
782 1644
782 1645
782 1646
782 1647
782 1648
782 1649
782 1650
782 1795
782 1796
782 845
782 846
782 1833
782 1834
782 1225
782 1226
782 1374
782 1375
782 1154
782 1635
782 1157
782 1636
782 1160
782 1558
782 1161
782 1835
782 1836
782 1021
782 1616
782 1617
782 1559
782 849
782 1837
782 1838
782 1839
782 1797
782 1840
782 1841
782 1798
782 1842
782 1162
782 1843
782 1844
782 1605
782 1560
782 1457
782 1573
782 1574
782 1575
782 1576
782 1577
782 1578
782 1845
782 1846
782 1847
782 1848
782 1849
782 1850
782 1659
782 1660
782 1661
782 1662
782 1663
782 1664
782 1638
782 1639
782 1640
782 1641
783 1695
783 1488
783 1489
783 1086
783 1088
783 1669
783 1058
783 1060
783 1607
783 1608
783 866
783 867
783 868
783 869
783 1091
783 1859
783 1860
783 1023
783 1024
783 1025
783 1026
783 1027
783 1028
783 1029
783 1030
783 1240
783 1241
783 1031
783 1032
783 1186
783 1611
783 1675
783 1286
783 1595
783 1861
783 1802
783 1862
783 1863
783 1095
783 1187
783 1148
783 1676
783 1612
783 881
783 1613
783 1598
783 1803
783 1510
783 1599
783 1804
783 1511
783 1151
783 1152
783 1714
783 1715
783 1244
783 1245
783 1246
783 1247
783 1248
783 1249
783 1250
783 1251
783 1864
783 1865
783 1795
783 1796
783 1614
783 1615
783 1194
783 1195
783 1866
783 1867
783 1868
783 1869
783 1870
783 1871
783 1872
783 1873
783 1874
783 1875
783 1876
783 1877
783 1196
783 1197
783 1878
783 1879
783 1081
783 1083
783 1098
783 1099
783 1297
783 1298
783 1299
783 1300
783 1616
783 1617
783 1797
783 1798
783 1693
783 1694
783 1254
783 1255
783 1256
783 1257
784 1179
784 1271
784 1239
784 1323
784 1332
784 1333
784 1307
784 1308
784 1309
784 1310
784 1311
784 1312
784 1244
784 1245
784 1246
784 1247
784 1334
784 1335
784 1336
784 1337
784 1338
784 1339
784 1923
784 1924
784 1252
784 1925
784 1926
784 1253
784 1927
784 1928
784 1198
784 1313
784 1254
784 1255
784 1199
784 1314
784 1256
784 1257
784 1929
784 1930
784 1340
784 1341
784 1931
784 1932
784 1342
784 1343
784 1933
784 1934
784 1330
784 1935
784 1936
784 1331
784 1274
784 1275
784 1344
784 1345
784 1346
784 1347
784 1348
784 1349
784 1350
784 1351
784 1352
784 1353
784 1354
784 1355
784 1356
784 1357
784 1358
784 1359
784 1360
784 1361
784 1362
784 1363
784 1364
784 1365
784 1366
784 1367
785 1387
785 1388
785 882
785 1400
785 1432
785 1433
785 1401
785 1391
785 1392
785 1434
785 1937
785 1938
785 1939
785 1940
785 1469
785 1404
785 1439
785 1941
785 1942
785 1442
785 1443
785 1590
785 1591
785 816
785 817
785 1799
785 1800
785 1775
785 1776
785 1592
785 1778
785 1781
785 1782
785 1783
785 1784
785 837
785 839
785 892
785 1477
785 893
785 1478
785 894
785 1479
785 895
785 1480
785 1412
785 1413
785 1414
785 1415
785 1807
785 1808
785 1809
785 1810
785 1943
786 1086
786 1088
786 1058
786 1060
786 818
786 1282
786 1283
786 1369
786 1371
786 994
786 995
786 996
786 997
786 1072
786 1073
786 1284
786 1285
786 1289
786 1290
786 2052
786 2053
786 2054
786 2055
786 2056
786 2057
786 1326
786 1327
786 1080
786 2058
786 1081
786 1082
786 2059
786 1083
786 1291
786 1292
786 1019
786 1293
786 1294
786 1020
786 1098
786 1099
786 1372
786 1373
786 1328
786 1329
786 1923
786 2060
786 1924
786 2061
786 2062
786 1301
786 1302
786 850
786 851
786 1925
786 1926
786 1927
786 1928
786 1929
786 1930
786 1931
786 1932
786 1933
786 1934
786 1935
786 1936
787 1169
787 1171
787 1671
787 1672
787 1072
787 1073
787 1677
787 1678
787 1679
787 1680
787 1681
787 1682
787 1683
787 1684
787 1188
787 1189
787 1685
787 1686
787 1190
787 1191
787 1687
787 1688
787 1192
787 1193
787 1851
787 1852
787 1691
787 1692
787 1853
787 1854
787 1855
787 1856
787 1857
787 1858
787 1080
787 1082
788 1169
788 1171
788 1825
788 1826
788 1708
788 1709
788 1775
788 1776
788 821
788 1710
788 1779
788 1711
788 1780
788 1965
788 1966
788 1712
788 1671
788 1130
788 1713
788 1672
788 1131
788 1781
788 1782
788 822
788 823
788 1976
788 1977
788 1827
788 1092
788 1093
788 1138
788 1141
788 1862
788 1863
788 1683
788 1684
788 1188
788 1189
788 1685
788 1686
788 1190
788 1191
788 1687
788 1688
788 1192
788 1193
788 1716
788 1717
788 1718
788 1719
788 1864
788 1865
788 1978
788 1979
788 1791
788 1792
788 1793
788 1794
788 1967
788 1968
788 1096
788 1097
788 1878
788 1879
852 1739
852 1740
852 1741
852 1742
852 1700
852 1701
852 1702
852 1703
852 1092
852 1093
852 1284
852 1285
852 1851
852 1828
852 1829
852 1830
852 1831
852 2046
852 1287
852 1288
852 1289
852 1760
852 1290
852 1761
852 1811
852 1096
852 1720
852 1812
852 1097
852 1721
852 1743
852 1744
852 1854
852 1855
852 1856
852 1857
852 1858
852 2047
852 2048
852 2049
852 2050
852 2051
852 1813
852 1814
852 1815
852 1816
852 1817
852 1818
852 1819
852 1820
852 1821
852 1822
852 1823
852 1824
852 1980
852 1981
852 1833
852 1834
852 1291
852 1292
852 1293
852 1294
852 1295
852 1296
852 1837
852 1838
852 1839
852 1840
852 1841
852 1842
852 1762
852 1763
852 1764
852 1765
852 1766
852 1767
852 1768
852 1769
852 1984
852 1985
934 1990
934 1991
934 1635
934 1636
934 2000
934 2001
934 2002
934 2003
934 1638
934 1639
934 2004
934 1640
934 1641
934 1992
934 1993
934 1994
934 1995
934 1996
934 1997
934 1998
934 1999
935 1558
935 1882
935 1103
935 2036
935 2037
935 1104
935 1889
935 1890
935 1891
935 1105
935 1892
935 1893
935 1894
935 2000
935 1573
935 1574
935 2001
935 1575
935 1576
935 2002
935 1577
935 1578
935 1895
935 1896
935 2003
935 2004
935 2038
935 2039
935 2040
935 2041
935 2042
935 2043
935 2044
935 2045
935 1899
935 1900
935 1901
935 1902
935 1903
935 1904
935 1905
935 1906
