0 1
0 1
0 4
0 4
0 5
0 329
0 197
0 216
0 538
0 693
0 9
0 378
1 2
1 3
1 3
1 202
1 275
1 326
1 20
1 347
1 228
1 679
1 9
2 292
2 347
2 365
2 414
2 216
2 216
2 15
2 195
2 310
3 11
3 30
3 30
3 59
3 59
3 715
3 340
3 340
3 733
3 733
3 35
3 98
3 181
3 8
3 8
3 13
3 764
3 765
3 765
3 761
3 766
3 114
3 767
3 746
3 746
3 811
4 366
4 228
4 228
4 5
4 7
4 272
4 154
4 410
4 537
5 6
5 6
5 7
5 8
5 9
5 9
5 99
5 586
5 593
5 664
5 538
6 557
6 560
7 252
7 252
8 664
8 337
8 28
8 28
8 725
8 725
8 737
8 188
8 726
8 9
8 9
8 768
8 768
8 731
8 731
8 53
8 53
8 54
8 54
8 750
8 750
8 729
8 314
8 314
8 361
8 361
8 740
8 740
8 189
8 728
8 784
9 586
9 593
9 664
9 690
9 690
9 728
9 773
9 773
9 559
9 686
9 53
9 784
9 427
9 427
9 182
9 313
9 740
9 251
9 455
10 11
10 11
10 16
10 17
10 17
10 18
10 18
11 12
11 12
11 13
11 14
11 15
11 15
11 234
11 355
11 396
11 61
12 417
12 417
12 18
12 18
12 217
12 473
12 470
12 420
12 477
13 36
13 771
13 771
13 764
13 764
13 785
13 84
13 84
13 513
13 513
13 398
13 787
13 683
13 681
13 720
13 765
14 44
14 45
14 45
14 52
14 52
14 211
14 211
14 713
14 89
14 59
14 264
14 241
14 241
14 93
14 86
14 237
14 237
14 776
14 313
15 98
15 98
15 100
15 100
15 263
15 359
15 359
15 61
15 61
15 182
15 167
15 110
15 775
15 93
15 93
15 117
15 117
15 369
15 114
16 19
16 19
16 20
16 20
17 151
17 169
17 169
17 179
17 18
18 462
18 413
18 472
19 368
19 498
19 462
20 289
20 292
20 292
20 344
20 344
20 351
21 22
21 22
21 26
21 26
21 27
21 28
21 138
21 236
21 141
22 23
22 23
22 24
22 25
22 25
22 29
22 32
22 30
22 128
22 48
22 222
23 44
23 44
23 30
23 30
23 26
23 26
23 36
23 36
23 45
23 45
23 62
23 63
23 63
23 64
23 65
23 66
23 66
23 67
23 67
23 68
23 69
23 69
23 70
23 71
23 144
24 690
24 686
24 686
24 688
24 692
25 222
25 787
26 41
26 72
26 73
26 74
26 75
26 76
26 77
26 39
26 39
26 78
26 78
26 236
27 356
27 320
27 359
27 359
28 65
28 65
28 74
28 189
28 189
28 689
28 689
28 731
28 731
28 732
28 725
28 53
29 30
29 31
29 31
30 35
30 35
30 44
30 40
30 40
30 47
30 36
30 48
30 49
30 49
30 50
30 52
30 787
31 289
31 302
31 345
31 346
31 380
31 380
31 145
32 33
32 330
33 82
33 82
33 330
33 330
33 523
33 192
33 192
33 901
33 901
33 902
33 902
34 35
34 35
34 37
34 38
34 38
34 39
34 39
34 82
35 36
35 36
35 47
35 52
36 42
36 42
36 82
36 83
36 84
36 84
36 85
36 86
37 82
37 82
37 63
37 63
37 39
37 39
37 523
37 325
37 192
37 147
38 72
38 137
38 196
38 459
38 459
38 460
39 82
39 325
39 325
39 399
39 521
39 531
39 144
39 144
39 192
39 192
39 730
39 730
39 903
39 147
40 41
40 41
40 43
40 48
40 236
40 196
41 42
41 42
41 235
41 196
41 718
42 100
42 103
43 44
43 44
43 46
43 235
43 236
43 351
43 487
44 45
44 45
45 56
45 59
45 59
45 236
45 236
45 67
45 237
46 196
46 488
46 156
47 50
47 50
47 56
47 56
47 54
47 54
47 49
47 49
47 57
47 58
47 52
48 104
48 177
49 50
49 50
49 405
49 61
49 824
49 824
49 594
49 594
49 57
49 57
49 251
49 251
49 55
49 55
49 514
49 825
50 51
50 51
50 52
50 53
50 53
50 54
50 55
50 55
52 255
52 264
52 264
52 265
52 266
52 266
52 267
52 268
52 269
52 270
52 195
52 195
52 316
52 645
53 768
53 768
53 685
53 685
53 765
53 765
53 785
53 731
53 54
53 54
53 784
53 784
53 812
53 812
53 427
53 427
53 732
53 364
53 777
53 777
53 813
53 813
53 814
53 815
53 815
53 741
54 593
54 664
54 797
54 797
54 731
54 731
54 328
54 737
54 685
54 765
54 784
54 784
54 750
54 812
54 812
54 352
54 352
54 732
54 182
54 339
54 791
54 313
54 777
54 777
54 816
54 816
54 815
54 815
54 779
54 779
55 61
55 812
55 233
55 514
55 786
55 838
55 817
56 59
56 60
56 61
58 715
58 61
58 250
58 826
58 826
58 799
58 799
58 758
59 235
59 235
59 770
60 781
60 211
60 806
60 806
60 796
60 796
60 807
60 808
60 1007
61 234
61 688
61 688
61 711
61 90
61 90
61 715
61 715
61 205
61 206
61 206
61 84
61 84
61 513
61 513
61 790
61 593
61 462
61 349
61 250
61 250
61 820
61 757
61 789
61 734
61 703
61 703
61 821
61 821
61 822
61 822
61 879
62 284
62 172
62 73
62 73
62 67
62 67
62 310
62 313
62 383
62 522
62 926
62 131
63 66
63 66
63 144
63 144
63 69
63 399
63 145
64 351
64 351
64 238
64 74
64 74
64 693
64 354
64 191
64 497
64 337
65 692
65 692
65 716
65 716
65 694
65 730
65 730
65 700
65 707
66 715
66 715
66 700
66 695
66 75
66 75
66 720
66 720
66 567
66 567
66 144
66 144
66 69
66 568
66 751
66 751
66 752
66 752
66 753
66 250
67 369
67 369
67 680
67 76
67 76
68 369
68 114
68 874
68 77
68 77
68 450
68 450
68 195
69 144
69 144
69 145
69 78
69 78
69 509
69 509
69 393
69 393
69 891
69 891
69 966
70 83
70 83
70 667
70 352
70 115
70 614
70 614
70 449
70 434
70 434
70 71
71 426
71 498
71 788
71 788
71 464
71 594
71 493
71 493
71 960
71 960
71 237
71 237
71 814
71 242
72 135
72 135
72 180
72 180
72 137
72 137
72 183
72 183
72 184
72 184
72 185
72 185
72 186
72 186
72 187
72 187
72 188
72 189
72 190
72 191
72 78
72 192
72 193
72 194
72 236
72 388
73 287
73 287
73 284
73 307
73 307
73 270
73 76
73 76
73 314
73 188
73 165
74 270
74 191
74 325
74 361
74 596
74 596
74 315
74 726
74 244
75 726
75 726
75 707
75 707
75 521
75 521
75 78
75 78
75 754
75 754
75 755
75 755
75 740
75 740
75 338
75 322
76 130
76 270
76 689
76 374
76 191
76 325
77 597
77 597
77 374
77 364
77 857
77 857
78 187
78 692
78 692
78 707
78 893
78 730
78 730
78 899
78 899
78 736
78 903
78 955
79 80
79 80
79 81
79 81
79 98
79 483
80 102
81 180
82 87
82 95
82 95
82 96
82 97
82 97
83 217
83 425
83 425
83 487
84 345
84 700
84 733
84 764
84 764
84 346
84 349
84 190
84 768
84 768
84 513
84 211
84 789
84 769
84 694
84 757
84 761
85 332
85 319
85 734
85 734
86 194
86 194
86 110
86 202
86 202
86 143
86 368
86 181
86 181
86 308
86 308
86 309
86 309
86 211
86 713
86 182
86 182
86 546
86 200
86 347
86 680
86 115
86 478
86 175
86 175
86 173
86 311
86 313
86 497
86 399
87 88
87 88
87 89
87 90
87 91
87 91
87 92
87 93
87 93
87 94
87 95
88 217
88 217
88 91
88 91
88 473
89 153
89 153
89 234
89 234
90 247
90 247
90 107
90 483
90 444
90 562
90 578
90 619
90 219
90 560
90 718
91 397
91 416
91 533
91 533
91 394
92 98
92 98
92 168
92 168
92 347
92 366
92 506
92 225
92 221
92 109
92 109
92 130
92 130
92 866
92 866
92 847
92 847
92 882
93 99
93 99
93 103
93 103
93 356
93 301
93 742
93 706
93 689
93 689
93 771
93 107
93 270
93 270
93 374
93 613
93 514
93 243
93 626
93 626
93 868
93 710
93 710
93 549
94 99
94 171
94 171
94 152
94 301
94 154
94 425
94 174
94 174
94 109
94 109
94 374
94 374
94 115
94 115
94 103
94 114
94 126
94 126
94 493
94 493
94 175
95 722
95 722
95 904
96 930
96 930
96 941
96 926
96 938
96 867
96 867
96 935
96 935
96 936
96 936
97 798
97 973
97 991
97 604
98 99
98 99
98 100
98 100
98 101
98 101
98 102
98 102
98 120
98 167
98 168
98 236
98 221
98 271
98 183
98 111
98 225
98 244
99 103
99 104
99 104
99 105
99 105
99 106
99 107
99 107
99 108
99 109
99 109
99 121
99 301
99 119
100 103
100 103
100 110
100 111
100 111
100 112
100 113
100 113
100 114
100 114
100 115
100 116
100 117
100 120
100 132
100 550
100 130
100 916
101 128
101 167
101 153
101 153
101 221
101 221
101 102
101 222
101 223
101 223
101 224
101 225
101 225
101 130
101 145
101 145
101 226
101 227
101 227
101 888
101 517
102 167
102 271
102 272
102 107
102 107
102 111
102 111
102 404
102 112
103 118
103 119
103 119
103 121
103 868
104 138
104 167
104 167
104 169
104 169
104 170
104 107
104 402
104 435
104 934
105 221
105 221
105 263
105 263
106 272
106 272
107 121
107 119
107 119
107 422
107 422
107 423
107 423
107 424
107 108
108 119
108 138
108 572
109 171
109 171
109 356
109 356
109 174
109 174
109 188
109 382
109 231
109 841
109 270
109 361
109 867
109 867
109 942
109 939
109 950
110 118
110 118
110 198
110 198
110 200
110 203
110 359
110 204
111 120
111 120
111 119
111 119
111 404
111 423
111 425
111 426
111 426
111 427
111 130
112 168
112 423
112 438
112 438
112 113
112 113
112 426
112 426
112 439
112 117
112 413
112 444
112 458
112 492
113 208
113 441
113 441
113 115
113 413
114 855
114 855
114 369
114 369
114 734
114 374
114 374
114 115
114 115
114 399
114 614
114 614
114 869
114 869
114 856
114 856
114 123
114 947
114 455
114 846
114 871
115 168
115 168
115 369
115 734
115 478
115 117
115 871
115 126
115 173
115 856
116 512
116 383
116 313
116 313
116 325
116 325
116 173
116 361
116 361
116 906
116 906
116 401
116 401
116 226
116 819
117 458
117 620
117 762
117 821
117 821
117 886
117 237
117 237
117 968
117 968
117 856
117 856
117 811
117 811
117 846
117 916
117 963
117 739
117 819
118 199
118 199
118 218
118 207
118 484
119 121
119 121
119 422
119 422
119 423
119 428
119 429
119 224
119 224
119 126
119 126
119 470
119 147
120 121
120 121
120 122
120 122
120 123
120 153
120 458
121 124
121 124
121 125
121 125
121 123
121 126
121 126
121 422
121 551
122 124
122 124
122 127
122 128
122 128
122 129
122 129
122 130
122 473
122 477
123 194
123 357
123 512
123 512
123 458
123 492
123 858
123 872
123 211
123 855
123 369
123 874
123 126
123 126
123 450
123 450
123 195
123 399
124 131
124 131
124 422
125 301
125 183
125 183
125 165
125 165
125 393
125 394
125 395
125 395
125 386
125 386
125 401
125 147
126 301
126 329
126 329
126 327
126 327
126 529
126 551
126 216
126 270
126 270
126 374
126 374
126 549
126 549
126 209
126 373
126 364
126 534
126 325
126 743
126 434
126 493
126 875
126 875
126 339
126 880
126 816
126 596
127 132
127 132
127 129
127 129
127 201
128 135
128 138
128 138
128 139
128 139
128 140
128 140
128 136
128 136
128 141
128 142
128 143
128 144
128 145
128 146
128 147
128 147
128 148
128 148
129 141
129 141
129 275
130 132
130 132
130 550
130 550
130 506
130 427
130 267
130 225
130 231
130 168
130 270
130 949
130 992
131 422
131 476
131 526
131 414
131 226
131 226
131 865
131 865
131 160
131 543
131 877
131 877
131 816
131 816
131 932
132 133
132 133
132 270
132 549
133 526
133 322
133 322
133 375
133 375
133 804
133 804
133 160
133 160
133 865
134 135
134 135
134 138
134 872
135 136
135 136
135 137
135 137
135 184
135 473
135 677
136 149
136 150
136 150
136 166
136 141
136 144
137 194
137 194
137 180
137 196
137 197
137 185
137 190
137 500
138 149
138 150
138 150
138 151
138 152
138 152
138 153
138 153
138 141
138 154
138 155
138 155
138 156
138 146
138 146
138 465
138 934
139 157
139 157
139 143
139 143
139 158
139 159
139 159
139 160
139 436
140 149
140 149
140 161
140 162
140 162
140 163
140 164
140 164
141 167
141 252
141 253
141 253
142 278
142 278
142 318
142 318
142 280
142 280
142 321
142 340
142 341
142 269
142 342
142 342
142 343
142 406
143 441
143 441
143 157
143 157
143 345
143 359
143 412
143 321
143 449
143 158
143 450
143 451
143 399
143 399
143 452
143 453
143 454
143 455
144 399
144 399
144 145
144 145
144 892
145 898
145 227
146 505
146 505
146 876
146 876
146 840
146 840
146 147
146 147
146 918
146 919
146 919
147 470
147 470
147 325
147 325
147 842
147 842
147 401
147 401
147 482
147 532
147 478
147 920
147 920
147 805
147 805
147 386
147 736
147 528
147 159
148 721
148 304
148 305
148 978
148 978
148 979
148 979
148 604
149 165
149 162
150 153
150 460
150 549
151 166
151 166
151 178
151 188
151 253
152 218
152 218
152 171
152 220
152 220
152 154
152 154
152 316
152 473
153 228
153 229
153 230
153 156
153 156
153 231
153 934
154 171
154 171
154 272
154 161
154 161
154 423
154 431
154 420
154 432
154 432
154 433
154 433
154 473
155 426
155 495
155 495
155 487
155 487
155 387
155 158
155 507
155 527
156 488
156 488
156 223
156 223
157 158
158 507
158 511
158 519
158 387
158 492
158 492
158 554
158 381
158 381
158 382
158 861
158 582
158 582
158 527
158 160
159 419
159 419
159 325
159 325
159 482
159 532
159 451
159 883
159 822
159 401
159 921
160 225
160 920
160 931
160 931
161 222
161 222
161 483
162 494
162 494
162 563
162 564
163 570
163 570
163 342
164 542
164 584
164 586
164 586
165 307
165 307
165 214
165 320
165 320
165 321
165 321
165 312
165 312
165 319
165 319
165 342
165 531
165 323
165 323
165 310
165 310
165 172
165 301
165 609
165 699
165 188
165 270
165 324
165 880
165 314
165 613
165 613
165 881
165 626
165 522
166 177
166 177
166 169
167 168
167 168
168 171
168 171
168 172
168 173
168 173
169 892
170 252
170 252
171 174
171 174
171 175
171 175
171 176
171 176
171 188
171 173
172 273
172 273
172 274
172 274
172 275
172 276
172 278
172 282
173 208
173 208
173 407
173 407
173 269
173 347
173 384
173 176
173 176
174 550
174 550
174 176
174 176
174 361
174 361
174 188
175 345
175 465
175 188
175 188
175 239
175 839
175 182
175 545
175 545
175 270
175 270
175 339
175 925
176 188
176 188
176 314
176 361
177 178
177 178
177 470
179 406
179 228
179 367
179 367
179 411
179 411
180 181
180 182
180 194
180 218
180 316
181 690
181 688
181 688
181 408
181 188
181 188
181 680
181 680
181 308
181 308
181 309
181 309
181 478
181 478
181 703
181 704
181 310
181 310
181 399
181 452
181 311
181 311
181 872
181 811
182 194
182 194
182 331
182 345
182 414
182 332
182 853
182 853
182 309
182 205
182 693
182 398
182 381
182 382
182 384
182 859
182 859
182 313
182 777
182 777
183 358
183 285
183 387
183 388
183 388
183 212
183 286
183 389
183 389
183 390
183 390
183 391
183 392
183 187
183 728
183 911
183 702
184 317
184 461
184 186
184 186
185 368
185 368
185 434
185 425
186 474
186 474
186 457
186 461
186 490
186 191
187 280
187 280
187 552
187 556
187 344
187 389
187 388
188 688
188 688
188 699
188 699
188 705
188 706
188 685
188 707
188 323
188 314
188 708
188 613
188 613
188 702
188 702
188 709
188 710
188 710
188 701
188 239
188 549
189 696
189 696
189 689
189 689
189 771
189 771
189 427
189 427
189 268
189 243
190 661
190 588
190 663
190 337
190 337
190 727
190 727
190 771
190 771
190 764
190 764
190 681
190 681
190 685
190 685
190 712
190 712
190 731
190 729
190 244
190 244
190 785
190 768
191 337
191 712
191 712
191 342
191 356
191 692
191 497
191 497
191 325
191 325
191 596
192 357
192 269
192 342
192 376
192 704
192 452
192 193
192 193
192 903
192 568
192 343
192 480
193 900
193 900
193 708
193 569
193 569
193 823
193 823
193 246
193 246
193 754
194 195
194 250
194 224
195 278
195 365
195 365
195 255
195 295
195 317
195 357
195 406
195 874
195 534
195 534
195 450
195 450
195 876
195 876
195 363
195 363
195 877
195 877
195 454
195 454
195 878
196 318
196 318
196 280
196 280
196 319
196 326
196 328
196 197
196 230
196 338
197 406
197 406
197 230
197 230
197 537
197 526
197 253
198 200
198 203
198 203
198 204
198 199
198 199
198 550
199 207
199 207
199 484
199 484
199 212
199 212
200 201
200 201
200 202
200 203
200 203
200 204
200 205
200 205
200 206
200 206
201 207
202 208
202 208
202 209
202 209
202 210
202 211
202 212
202 213
202 213
202 298
202 345
202 481
202 204
202 537
203 207
203 207
203 289
203 289
203 284
203 205
204 484
204 484
205 353
205 308
205 309
205 206
205 206
205 703
205 703
205 778
205 779
205 779
206 245
206 703
207 291
208 214
208 214
208 215
208 216
208 216
208 481
208 484
209 289
209 289
209 295
209 295
209 296
209 296
209 297
209 270
209 242
210 686
210 700
210 733
210 695
210 610
210 727
210 727
210 756
210 680
210 513
210 513
210 713
210 757
210 757
210 758
210 313
210 313
210 684
210 211
211 688
211 695
211 695
211 513
211 513
211 731
211 731
211 713
211 713
211 314
212 285
212 424
212 692
212 692
212 711
212 398
212 398
212 293
212 531
212 531
212 858
212 858
212 514
212 213
212 384
212 286
212 914
213 345
213 341
213 341
213 858
213 858
213 398
213 384
213 310
213 721
213 722
214 289
214 265
214 265
214 321
214 216
214 216
214 322
214 322
214 323
214 324
214 325
214 407
215 345
215 345
215 346
216 364
216 364
216 596
216 597
216 332
216 603
217 232
217 232
217 223
218 219
219 422
219 422
219 788
220 316
220 316
221 252
221 271
222 229
222 229
222 430
222 293
222 223
223 232
223 232
224 422
224 422
224 429
224 251
225 412
225 412
225 232
225 307
225 583
225 250
225 382
225 546
225 546
225 704
225 704
225 527
225 226
225 418
225 862
225 421
225 421
225 863
225 311
226 347
226 347
226 855
226 733
226 865
226 865
226 931
226 334
226 543
226 543
226 877
226 866
226 866
226 932
226 932
226 926
226 816
226 936
227 835
227 835
227 514
227 514
227 891
227 891
227 268
227 253
227 253
227 539
227 539
228 272
228 272
228 406
228 406
228 367
228 321
228 408
228 409
228 409
229 272
230 330
230 326
230 336
230 510
230 512
230 502
230 416
230 334
230 334
230 524
230 535
231 501
231 546
231 546
231 270
231 270
231 864
231 864
231 865
231 865
231 949
232 233
233 903
234 236
234 396
236 238
236 238
236 239
236 240
236 241
236 242
236 237
236 243
236 244
236 244
236 245
236 246
237 464
237 462
237 719
237 242
237 242
237 916
237 916
237 539
237 539
237 814
238 715
238 715
238 707
238 724
238 337
238 693
238 946
239 282
239 699
239 699
239 725
239 308
239 308
239 284
239 339
239 777
239 361
239 702
239 244
239 244
239 738
240 319
240 319
240 280
240 844
240 314
241 322
241 375
241 375
241 314
242 297
242 549
242 616
242 434
242 719
242 719
242 961
242 961
242 243
242 813
242 868
243 771
243 514
243 514
243 434
243 956
243 786
243 838
243 817
244 738
244 738
244 308
244 776
244 776
244 779
246 805
246 805
246 852
246 852
246 708
246 985
246 910
247 248
247 249
248 930
248 930
248 941
248 944
249 250
249 250
249 251
250 289
250 715
250 715
250 775
250 775
250 513
250 513
250 349
250 720
250 820
250 820
250 251
250 251
250 723
250 723
250 294
250 908
251 513
251 513
251 684
251 720
251 294
251 294
251 792
253 360
253 322
253 685
253 531
253 451
253 973
253 1009
254 255
255 256
255 256
257 258
257 258
259 260
259 260
261 262
261 262
263 264
263 264
263 315
264 281
265 281
265 269
265 269
266 648
266 648
266 645
267 429
267 429
267 831
267 794
267 268
267 268
267 788
268 794
268 794
268 641
268 641
268 835
268 835
269 318
269 357
269 341
269 342
269 310
269 310
269 385
269 385
269 343
270 356
270 356
270 360
270 360
270 369
270 369
270 329
270 689
270 374
270 549
270 549
270 364
270 375
270 314
270 314
270 325
270 361
270 361
271 272
271 281
272 402
272 402
272 403
272 403
272 404
274 276
274 276
274 277
274 277
274 289
275 282
276 316
278 279
278 279
278 281
278 289
278 296
278 307
278 312
279 280
279 280
279 282
279 284
279 285
279 286
280 336
280 337
280 319
280 319
280 338
280 339
280 555
281 282
281 282
282 283
282 284
282 284
282 285
282 286
282 286
283 290
283 290
284 298
284 291
284 307
284 307
284 308
284 309
284 310
284 310
284 286
284 286
284 311
284 285
285 336
285 510
285 312
285 312
285 512
285 310
285 310
285 286
285 286
285 550
286 310
286 310
286 522
286 522
287 288
287 288
289 291
289 291
289 294
289 295
289 775
291 292
291 292
291 293
291 308
291 309
292 293
292 308
292 308
292 351
292 347
292 340
292 332
293 529
293 529
295 300
296 300
296 300
296 302
297 785
297 787
297 761
297 761
297 757
297 789
297 827
297 827
297 729
297 828
297 647
297 786
298 299
298 299
300 301
301 303
301 356
301 356
301 357
301 357
301 364
301 364
302 303
302 303
303 304
303 305
304 306
304 306
304 305
304 305
305 306
305 306
307 312
307 312
307 308
308 697
308 697
308 353
308 353
308 695
308 408
308 688
308 309
308 309
308 455
308 455
308 776
309 725
309 680
309 680
309 311
309 311
309 703
310 358
310 358
310 512
310 688
310 680
310 680
310 341
310 341
310 384
310 384
310 713
310 858
310 385
310 385
310 313
310 325
311 703
311 703
311 313
311 313
311 702
311 702
311 680
311 478
312 326
312 521
312 522
312 314
313 680
313 680
313 855
313 383
313 385
313 859
313 559
313 713
313 567
313 314
313 314
313 777
313 777
313 497
313 762
314 699
314 737
314 727
314 689
314 689
314 763
314 725
314 374
314 361
314 361
314 702
314 702
314 818
315 353
315 353
315 726
316 317
316 555
317 327
317 327
317 523
317 534
318 320
318 321
318 342
319 555
319 555
319 565
319 337
319 337
319 341
319 341
319 320
319 521
319 338
319 338
319 748
319 748
319 848
319 848
320 358
320 358
320 342
320 342
320 386
320 386
320 321
321 406
321 367
321 336
321 336
321 508
321 508
321 323
321 509
321 407
321 451
321 324
322 338
322 338
322 531
322 323
322 325
322 804
322 804
322 378
323 329
323 531
323 531
323 384
323 384
323 522
323 324
323 324
324 385
324 385
324 522
324 363
325 428
325 428
325 466
325 532
325 532
325 450
325 450
325 506
325 451
325 399
325 399
325 452
325 452
325 840
325 805
325 805
325 893
326 368
327 523
327 512
327 512
327 529
327 529
327 534
327 361
328 329
328 329
329 347
329 347
329 370
329 371
329 372
329 373
329 374
329 339
329 375
329 376
329 361
329 377
329 378
329 378
329 541
329 597
330 331
330 331
330 334
330 335
330 335
331 332
331 333
331 334
331 335
331 787
331 887
332 350
332 350
332 351
332 340
332 521
332 839
332 839
332 354
332 354
332 841
332 841
332 842
332 842
332 401
332 779
332 1006
333 887
334 926
334 926
334 335
335 722
335 722
335 858
335 927
336 510
336 511
336 387
336 488
336 524
337 661
337 663
337 692
337 692
337 711
337 340
337 340
337 705
337 726
337 726
337 727
337 727
337 689
337 728
337 685
337 729
337 354
337 354
337 785
337 748
338 707
338 707
338 342
338 342
338 726
338 378
338 378
338 850
338 798
338 798
339 400
339 400
339 478
339 478
339 748
339 748
339 702
339 702
339 791
339 703
339 879
339 596
339 343
339 778
340 716
340 716
340 725
340 695
340 695
340 720
341 564
341 700
341 358
341 350
341 342
341 342
341 734
341 734
341 398
341 398
341 385
341 385
341 343
341 343
341 845
341 846
341 847
342 564
342 725
342 725
342 350
342 737
342 689
342 521
342 532
342 754
342 849
342 740
342 741
343 900
343 900
343 730
343 903
343 848
343 848
343 702
344 952
344 952
344 629
344 629
344 389
344 389
344 928
344 386
344 453
344 614
344 966
345 346
345 346
345 347
345 347
345 348
345 349
345 350
345 379
345 396
345 398
346 351
346 351
346 352
347 365
347 366
347 366
347 367
347 368
347 369
348 381
348 381
348 382
348 382
348 383
348 384
348 384
348 359
348 416
349 692
349 692
349 714
349 733
349 780
350 567
350 567
350 734
350 734
350 839
350 840
350 840
350 751
350 853
350 398
350 851
351 353
351 354
351 354
352 387
352 524
352 535
352 567
352 734
352 844
352 844
352 532
352 532
352 398
352 398
352 796
352 796
352 629
352 629
352 614
352 614
352 779
352 752
352 914
352 1006
353 462
353 715
353 695
353 695
354 839
354 855
354 398
354 398
354 844
354 514
355 356
355 356
355 357
355 357
355 358
355 358
355 359
355 359
355 366
355 885
355 842
356 360
356 361
356 361
357 358
357 358
357 362
357 363
357 363
357 842
358 385
358 385
358 627
358 628
358 629
359 885
360 366
360 366
361 551
361 738
361 568
361 377
361 377
361 907
361 867
362 605
362 605
363 880
363 880
363 454
363 454
364 426
364 426
364 689
364 728
364 874
364 874
364 374
364 596
366 369
366 369
367 402
367 402
367 406
367 406
367 403
367 412
367 412
367 413
367 413
367 414
367 415
367 416
367 419
367 1009
368 479
368 462
368 462
368 498
369 396
369 396
369 398
369 858
369 381
369 381
369 855
369 383
369 383
369 399
369 399
369 384
369 980
370 379
370 379
370 597
370 857
370 921
371 715
371 715
371 372
371 707
371 732
371 854
372 716
372 716
372 707
373 855
373 855
373 374
373 374
373 857
373 857
373 377
373 377
373 615
373 615
373 816
373 616
373 599
373 1001
374 597
374 857
374 857
374 616
374 616
374 870
374 480
374 480
374 864
374 596
374 598
374 599
374 875
374 989
374 528
375 526
375 383
375 383
375 544
376 387
376 387
376 452
376 452
376 528
377 906
377 906
377 615
377 616
377 616
377 942
378 526
378 526
378 707
378 707
378 915
378 915
378 804
378 754
379 861
381 396
381 416
381 382
381 382
381 383
381 861
381 399
381 399
382 416
382 545
382 546
382 546
382 399
382 399
382 451
382 930
383 864
383 864
384 858
384 858
384 859
384 859
384 385
384 861
384 814
385 717
386 568
386 568
386 613
386 613
386 389
386 389
386 629
386 753
386 905
387 523
387 523
387 524
387 524
387 525
387 526
387 527
387 527
387 528
387 528
388 506
388 506
388 526
388 578
388 491
388 504
389 629
389 629
389 611
389 843
389 843
389 392
389 392
389 391
390 962
390 819
390 819
390 720
390 739
390 803
390 961
390 392
391 629
391 629
391 961
391 961
391 955
391 955
391 616
391 632
391 899
391 392
391 392
391 849
391 849
391 598
391 901
391 964
392 730
392 730
392 611
392 961
392 961
392 849
392 849
392 976
392 901
393 903
393 903
393 509
393 904
393 709
395 911
395 911
395 708
395 751
395 913
395 913
396 397
396 397
396 398
396 399
396 399
396 400
397 405
397 461
397 488
397 488
398 567
398 853
398 853
398 843
399 414
399 546
399 497
399 891
399 869
399 869
399 815
399 894
400 401
401 568
401 885
401 911
401 569
401 569
401 883
401 840
401 840
401 858
401 917
402 483
403 405
403 405
403 412
403 444
404 423
404 423
406 407
406 477
407 537
407 537
407 475
407 679
407 451
408 678
408 678
408 409
408 409
408 679
408 679
408 663
408 680
408 680
408 681
408 664
408 697
408 688
409 703
410 931
410 865
411 868
412 417
412 419
412 419
412 420
412 420
412 421
412 519
413 435
413 435
413 463
413 463
413 464
413 464
413 465
413 466
413 467
413 467
413 468
413 468
413 591
413 685
413 797
413 452
414 476
414 476
414 540
414 540
414 545
414 546
414 546
414 514
414 514
414 547
414 547
414 548
414 548
414 628
415 482
415 482
415 606
415 608
415 514
415 514
416 433
416 433
416 503
416 503
416 475
416 501
416 502
416 505
416 859
416 859
417 418
419 470
419 470
419 479
419 479
419 482
419 451
419 452
419 452
420 457
420 426
420 426
420 438
420 431
420 433
420 433
420 447
420 494
420 432
420 583
421 866
422 425
422 429
422 429
422 434
423 425
423 434
423 436
424 518
424 606
424 606
425 443
425 443
425 457
425 434
425 434
426 445
426 445
426 492
426 492
426 439
426 493
427 742
427 742
427 768
427 784
427 743
427 743
427 819
427 819
427 744
427 788
428 433
428 433
428 506
428 466
430 456
430 459
430 459
431 440
431 440
431 553
433 481
433 475
433 501
433 477
433 502
433 503
433 503
433 504
433 504
433 505
434 667
434 666
434 549
434 616
434 616
434 493
434 960
435 436
435 436
435 437
436 487
437 442
437 442
437 438
437 445
437 445
437 446
437 447
437 448
438 447
439 560
439 581
439 581
439 582
439 582
442 443
442 444
443 456
443 456
443 444
443 457
443 457
443 458
444 499
444 500
445 446
445 446
446 487
446 487
446 496
446 496
446 497
447 492
447 492
447 551
448 583
448 583
449 556
449 556
449 453
449 453
449 614
449 614
449 630
449 633
449 637
449 650
449 992
450 692
450 855
450 874
450 857
450 857
450 454
450 454
451 797
451 797
451 478
451 478
451 791
451 791
451 505
451 505
451 452
451 452
452 470
452 797
452 478
452 478
452 704
452 704
452 527
452 527
453 567
453 855
453 855
453 615
453 615
453 614
453 614
453 753
453 753
453 953
453 953
453 514
453 514
453 966
453 878
454 497
454 497
454 743
454 743
455 664
455 695
455 695
455 478
455 953
455 596
455 596
455 748
455 748
455 843
455 843
455 878
457 461
457 461
457 474
457 474
457 488
457 488
458 550
458 551
458 551
458 552
460 554
460 554
461 564
462 664
462 664
462 679
462 679
462 682
462 538
462 538
462 686
462 514
462 683
462 814
463 469
464 465
464 465
464 470
464 469
464 471
464 471
464 474
464 814
466 507
466 507
467 594
468 661
468 593
468 593
469 576
469 576
469 619
469 619
469 563
469 563
469 592
469 592
469 620
469 545
469 621
470 472
470 472
470 478
472 473
472 473
472 474
472 479
472 481
473 475
473 476
473 477
473 477
474 479
474 489
474 489
474 490
475 501
475 501
475 477
475 477
475 502
475 476
475 503
476 526
476 526
476 543
476 477
477 541
477 541
477 553
477 579
477 601
478 704
478 704
478 505
478 505
478 703
478 811
479 480
480 603
480 603
480 632
480 965
480 965
480 981
480 981
480 964
480 964
480 710
480 856
480 856
480 968
480 986
480 988
480 988
480 902
480 902
480 907
480 907
480 875
482 597
485 486
485 486
487 498
488 532
488 533
488 533
488 555
489 491
490 533
490 533
491 506
493 549
494 561
494 574
496 572
496 572
496 573
496 573
496 497
496 591
497 565
497 840
497 840
497 751
498 571
501 537
501 537
501 526
501 540
501 540
501 541
501 502
501 542
501 506
501 506
501 503
501 504
501 505
502 510
502 511
502 503
503 504
503 504
505 537
505 531
505 531
505 876
506 526
506 579
506 579
506 575
506 581
507 527
508 639
508 639
508 641
508 641
508 642
508 646
509 730
509 730
509 891
509 891
510 511
510 511
510 512
510 512
510 513
510 515
510 519
511 514
511 516
511 520
511 537
513 688
513 764
513 683
513 681
513 681
513 775
513 685
513 685
513 684
513 684
513 790
513 790
513 792
513 792
513 793
513 793
513 720
513 720
513 713
513 713
513 794
513 703
513 795
513 796
513 802
514 552
514 552
514 730
514 730
514 614
514 614
514 956
514 956
514 656
514 953
514 881
514 881
514 786
514 786
514 838
514 838
514 908
515 516
515 516
516 517
517 520
517 524
517 886
518 519
518 520
519 520
519 520
521 707
521 567
521 567
521 844
521 532
521 531
521 531
521 842
521 842
521 632
521 632
521 754
521 626
521 965
523 529
523 530
523 530
523 531
523 645
524 535
524 535
524 526
524 526
524 527
524 527
524 554
525 536
525 536
526 537
526 540
526 541
526 538
526 544
526 528
527 597
527 545
527 616
528 597
528 556
528 616
528 968
528 991
528 991
528 936
528 921
529 531
529 531
529 537
530 566
530 566
531 537
531 537
531 544
531 748
531 848
531 632
532 796
532 924
532 632
537 538
537 538
537 539
538 820
539 719
539 905
539 905
539 917
539 961
539 961
539 957
539 974
539 974
539 869
539 971
539 971
539 958
539 928
540 549
540 549
542 579
542 579
542 580
542 580
542 584
543 926
543 926
543 932
543 932
544 707
544 707
544 734
544 734
544 754
544 754
544 710
545 557
545 582
546 898
546 863
547 843
547 843
547 967
547 967
548 995
548 995
549 638
549 638
549 872
549 872
549 873
549 873
549 992
552 553
552 553
553 579
556 615
556 615
556 616
556 598
556 652
557 558
557 558
558 559
558 559
559 687
559 687
559 688
559 680
559 680
559 689
559 690
561 562
561 562
563 618
563 618
564 565
564 565
565 566
565 567
565 568
565 569
567 713
567 751
567 752
567 752
567 843
567 843
567 840
567 914
567 952
568 569
568 569
568 905
568 905
568 798
569 883
569 883
569 767
569 767
569 917
571 595
571 595
571 607
571 608
573 590
573 590
573 591
574 575
574 575
574 577
574 577
574 578
574 586
575 576
575 576
576 577
576 577
578 579
578 579
578 586
582 885
582 840
582 931
582 931
582 933
582 930
582 930
582 866
582 866
582 932
582 932
582 923
582 926
582 943
582 939
584 585
584 585
586 587
586 587
586 588
586 588
586 589
587 620
587 620
587 661
587 661
587 588
587 588
587 663
587 663
587 666
588 665
588 665
588 661
588 663
589 665
589 665
591 592
591 593
592 593
593 619
593 619
593 620
593 620
593 661
593 664
594 620
594 667
594 667
596 738
596 954
596 954
596 865
596 615
596 748
597 598
597 599
597 600
597 921
598 616
598 616
598 899
598 899
598 961
598 955
598 955
598 849
598 869
598 869
598 911
598 912
598 912
598 901
598 901
598 875
598 964
599 857
599 857
599 940
599 897
599 897
599 616
599 600
599 600
599 1001
600 940
600 949
600 850
600 850
600 875
600 875
600 871
600 871
600 747
600 741
600 1001
601 602
601 603
601 603
601 604
603 644
603 655
603 615
603 615
603 755
603 755
603 870
603 870
603 956
603 956
603 656
603 954
603 958
603 958
604 928
604 928
604 1006
604 889
607 608
607 608
609 610
609 610
609 612
609 613
609 613
610 611
610 611
611 742
611 613
611 613
611 965
612 617
612 617
613 699
613 706
613 698
613 701
613 626
613 626
613 702
613 803
614 630
614 633
614 629
614 629
614 650
614 855
614 906
614 616
614 616
614 753
614 953
614 953
614 843
614 843
614 878
615 616
615 616
615 954
615 954
615 755
615 881
615 849
615 1003
616 857
616 857
616 631
616 629
616 954
616 748
616 632
616 955
616 964
616 921
618 619
618 619
619 620
619 623
620 661
620 661
620 662
620 682
621 622
621 622
624 625
624 625
624 626
625 630
626 699
626 699
626 706
626 702
626 843
626 843
626 710
627 627
627 628
627 628
627 629
627 631
627 634
629 743
630 631
630 631
631 632
631 634
632 843
632 843
632 899
632 955
632 955
632 882
633 634
633 634
635 636
635 636
637 638
637 638
639 640
639 640
639 645
640 643
640 644
640 644
640 650
640 646
640 646
640 658
641 685
641 685
641 646
641 646
641 794
641 681
642 643
642 643
642 645
642 646
642 647
642 647
642 650
643 644
643 644
643 645
643 652
643 655
644 652
644 655
644 655
645 649
645 649
645 650
645 651
645 652
646 652
646 654
646 647
647 794
647 794
650 652
650 654
650 654
650 656
650 656
650 657
650 658
651 660
651 660
652 653
652 653
652 654
652 654
652 655
656 657
656 657
656 658
656 658
657 659
657 658
658 837
658 837
661 662
661 662
662 668
662 668
662 669
662 669
663 678
663 679
663 679
663 681
663 681
663 685
663 685
664 678
664 678
664 682
664 797
666 667
666 667
666 668
669 670
669 670
671 672
671 672
673 674
673 674
675 676
675 676
678 685
679 683
679 683
679 684
679 688
680 718
680 718
680 700
680 689
680 689
680 764
680 777
680 719
681 733
681 683
681 683
681 771
681 685
681 685
681 712
681 712
681 791
681 791
681 684
683 688
683 688
683 733
683 764
683 764
683 715
683 684
683 684
683 790
683 790
683 720
683 766
683 732
683 765
683 802
684 733
684 733
684 685
684 797
684 797
684 792
684 792
684 765
684 798
684 790
685 727
685 785
685 797
685 797
685 712
685 712
685 731
685 784
685 777
685 777
686 690
686 695
686 695
686 696
686 693
687 689
688 690
688 690
688 699
688 699
688 700
689 699
689 725
689 725
689 737
689 691
689 728
689 728
689 772
689 772
689 702
690 691
690 691
690 692
690 692
690 693
690 694
690 699
690 775
690 796
691 699
691 725
692 697
692 697
692 711
692 711
692 700
692 712
692 712
692 713
692 694
692 796
692 914
693 695
693 695
693 775
693 720
695 700
695 700
695 726
695 726
695 737
695 737
695 696
695 720
695 720
695 745
695 746
695 746
696 700
696 769
696 770
696 770
697 698
697 698
697 792
699 701
699 701
699 702
700 716
700 733
700 733
700 725
700 725
700 734
700 734
700 735
700 736
700 781
701 775
701 775
701 820
701 709
703 879
703 879
703 796
703 778
703 778
704 876
704 1006
705 718
705 718
706 742
706 742
706 725
706 710
706 710
706 838
706 970
706 988
707 726
707 726
707 720
707 720
707 804
707 805
707 805
707 754
707 754
708 885
708 885
708 910
708 910
708 840
709 901
709 901
709 984
709 919
709 919
710 964
710 964
710 965
711 715
711 716
711 717
711 717
712 727
712 792
712 792
712 785
712 786
713 806
713 806
714 810
714 810
715 716
715 716
715 720
715 720
715 721
715 722
715 723
715 723
718 719
718 719
719 834
720 765
720 802
720 721
720 721
720 803
721 752
721 918
721 918
721 722
721 722
721 723
721 723
721 860
722 904
722 801
722 724
722 723
723 929
723 929
723 927
723 930
723 923
724 851
725 737
725 737
725 738
725 739
725 740
725 741
725 742
726 747
726 747
726 748
726 749
726 749
727 759
728 774
728 774
728 954
729 785
729 766
729 766
730 903
730 903
732 784
732 784
732 854
732 854
732 744
734 851
734 843
734 843
734 852
735 902
735 909
735 909
735 997
735 795
735 796
735 998
736 902
736 902
737 747
737 747
737 750
737 750
737 740
737 740
739 962
739 963
739 963
739 742
739 970
739 970
739 819
739 819
739 951
739 951
739 814
739 803
740 746
740 746
740 747
740 745
740 889
740 749
740 1005
740 1008
741 812
741 981
741 875
741 987
741 987
741 749
742 743
742 744
744 917
744 856
744 988
744 988
744 815
747 749
748 848
748 848
748 778
748 778
748 1001
749 987
749 987
750 763
750 763
750 759
750 812
750 812
750 817
750 817
751 840
751 840
751 915
751 915
751 885
751 805
751 805
751 752
751 752
751 922
751 923
751 852
751 852
751 919
752 754
752 754
752 856
753 755
753 755
753 870
753 953
754 925
754 925
755 870
755 870
755 954
755 954
756 759
756 759
756 760
756 760
756 757
756 761
756 762
756 806
757 761
757 809
757 769
757 829
757 794
758 790
758 800
758 800
758 799
759 763
759 763
759 806
759 818
760 763
760 763
760 762
760 783
761 789
761 769
761 809
762 812
762 818
762 818
762 940
762 783
763 773
763 773
763 818
764 766
765 811
765 811
765 802
767 823
767 823
767 811
769 787
769 787
769 829
769 829
770 852
770 851
772 954
772 786
772 786
773 954
775 908
775 901
776 881
777 784
777 802
777 802
778 900
778 900
778 981
778 981
780 781
780 781
780 782
780 783
780 783
782 1004
782 1004
783 1001
784 797
784 827
785 786
785 786
786 953
786 817
786 838
787 788
788 833
788 833
788 834
788 834
788 828
788 828
788 794
788 813
788 814
789 827
789 827
790 792
790 792
790 799
791 797
791 797
793 800
793 801
793 801
794 829
794 810
794 810
794 835
794 835
794 836
795 884
795 884
795 886
795 886
795 801
795 801
795 887
795 887
795 796
795 888
796 884
796 914
798 870
798 870
798 990
798 990
799 825
799 825
799 826
799 826
801 883
801 883
801 861
801 904
801 915
801 887
801 887
801 898
801 941
802 811
802 811
802 890
802 890
803 911
803 911
803 813
803 963
803 917
803 917
805 924
805 924
807 920
807 920
808 809
808 810
809 830
809 830
810 835
811 860
811 860
811 922
811 815
811 815
811 845
811 846
811 846
811 890
811 890
812 818
812 818
812 813
812 940
813 962
813 828
813 963
813 814
813 819
813 972
814 962
814 821
814 908
814 908
814 856
815 823
815 823
815 968
815 968
815 875
815 875
815 989
816 937
816 867
817 959
819 962
819 908
819 956
819 963
820 823
821 908
821 908
821 969
822 885
822 969
828 830
828 834
828 834
831 832
831 832
831 833
835 836
835 836
835 888
838 964
838 964
839 853
839 853
840 918
840 948
841 843
841 843
841 851
841 914
842 911
842 911
842 885
842 851
843 952
843 965
843 965
843 882
843 882
843 966
843 967
845 869
845 869
845 980
845 951
845 951
846 860
846 860
846 922
846 875
846 875
846 890
846 890
846 847
847 992
847 992
847 995
849 961
849 961
849 977
850 917
851 885
851 885
851 914
851 914
851 852
851 852
852 922
852 922
852 923
854 902
854 902
854 890
854 919
855 856
855 856
855 906
855 926
856 966
856 971
856 971
857 921
857 1001
858 859
858 860
858 860
859 884
860 911
860 923
860 922
860 986
860 986
860 984
860 984
861 883
861 883
861 887
863 945
863 945
863 950
864 949
866 930
866 930
866 906
866 942
866 942
866 932
867 942
867 942
867 939
867 939
867 948
868 916
868 916
868 969
868 969
869 891
869 891
869 966
869 966
869 945
869 980
869 980
869 913
870 954
871 980
871 897
871 897
871 890
871 987
873 996
873 996
873 993
875 985
875 910
875 986
875 902
875 989
875 989
878 1003
878 1003
880 881
880 881
880 882
881 954
881 954
881 882
881 882
883 886
883 886
883 894
883 917
883 917
884 885
884 885
884 888
885 888
885 909
885 909
885 911
885 886
885 915
885 887
885 923
886 915
886 887
886 916
886 916
886 933
886 909
887 915
888 889
888 997
889 1007
890 989
890 989
890 919
891 899
891 899
891 966
891 966
891 896
892 934
893 894
893 894
893 895
893 895
894 896
894 896
894 897
895 896
895 896
895 955
898 938
898 927
898 927
898 941
899 955
899 955
901 912
901 912
901 955
902 988
902 923
902 907
902 907
905 968
905 968
905 963
905 963
905 970
905 970
905 917
905 917
907 919
907 919
908 956
908 956
908 928
909 997
909 997
910 923
910 923
910 985
911 912
911 912
912 913
912 913
913 914
913 980
913 958
914 925
914 925
914 924
914 924
914 928
914 928
914 1006
916 969
917 971
917 972
917 972
917 928
919 984
921 936
921 936
922 985
922 985
922 923
922 923
922 936
925 926
925 926
925 927
925 927
926 935
926 935
926 936
926 936
926 948
927 938
927 938
928 971
928 971
928 956
928 983
928 987
929 937
929 937
930 942
930 943
930 939
930 932
930 946
931 933
932 935
932 935
932 936
935 938
935 938
935 945
935 944
935 936
936 969
936 969
936 944
936 991
936 991
937 938
937 939
937 939
939 943
939 943
939 942
939 944
944 946
944 946
945 949
947 948
947 948
947 949
949 950
949 950
950 951
950 951
951 977
952 966
953 954
953 954
953 956
955 961
955 966
955 966
956 957
956 957
957 958
961 964
961 964
964 971
964 971
964 988
964 988
966 975
966 975
966 974
966 974
967 973
968 970
971 987
971 987
972 976
972 976
976 988
977 980
977 980
982 983
982 983
986 989
993 994
993 994
999 1000
999 1000
999 1001
1001 1002
1001 1002
1004 1005
1004 1005
1007 1008
1007 1008
