0 1
0 1
0 2
0 2
0 3
0 3
0 4
0 4
1 2
1 2
1 3
1 3
1 3
1 3
1 3
1 3
1 3
1 3
1 3
1 3
1 3
1 3
1 3
1 3
1 3
1 3
1 3
1 3
1 3
1 4
1 4
1 4
1 4
1 4
1 4
1 4
1 4
1 4
1 4
1 4
1 4
1 4
1 4
1 4
1 4
1 4
1 4
1 4
1 4
1 4
1 4
1 4
1 4
1 4
1 4
1 4
1 4
1 4
1 4
1 4
1 4
1 4
1 4
1 4
1 4
1 11
1 11
1 11
1 11
1 11
1 36
1 36
1 25
1 25
1 37
1 37
1 37
1 37
1 37
1 37
1 37
1 37
1 37
1 37
1 37
1 37
1 37
1 37
1 81
1 81
1 12
1 12
1 94
1 94
1 95
1 95
1 95
1 95
1 96
1 96
1 96
1 96
1 96
1 96
1 96
1 96
1 96
1 96
1 96
1 96
1 96
1 96
1 96
1 96
1 96
1 96
1 96
1 96
1 96
1 96
1 96
1 96
1 96
1 96
1 96
1 96
1 96
1 96
1 96
1 96
1 96
1 96
1 96
1 96
1 96
1 96
1 96
1 96
1 96
1 96
1 96
1 96
1 96
1 96
1 96
1 96
1 96
1 96
1 96
1 96
1 96
1 96
1 96
1 96
1 96
1 96
1 96
1 96
1 96
1 96
1 96
1 96
1 96
1 96
1 96
1 96
1 96
1 96
1 96
1 96
1 96
1 96
1 96
1 96
1 96
1 96
1 96
1 96
1 96
1 96
1 96
1 96
1 96
1 96
1 96
1 96
1 96
1 96
1 96
1 96
1 96
1 96
1 96
1 96
1 96
1 96
1 96
1 96
1 96
1 96
1 96
1 96
1 96
1 96
1 96
1 96
1 96
1 96
1 96
1 96
1 96
1 96
1 97
1 97
1 97
1 97
1 55
1 55
1 55
1 55
1 98
1 98
1 107
1 107
1 1
1 50
1 50
1 50
1 50
1 50
1 50
1 50
1 50
1 50
1 50
1 50
1 50
1 50
1 50
1 50
1 50
1 50
1 50
1 50
1 111
1 111
1 112
1 112
1 113
1 113
1 116
1 116
1 117
1 117
1 114
1 114
1 86
1 86
1 85
1 85
1 85
1 85
1 14
1 14
1 14
1 14
1 14
1 14
1 14
1 14
1 120
1 130
1 130
1 130
1 130
1 130
1 130
1 130
1 130
1 56
1 56
1 56
1 56
1 56
1 56
1 56
1 56
1 129
1 129
1 131
1 131
1 133
1 133
1 134
1 134
1 139
1 146
1 146
1 146
1 146
1 147
1 147
1 147
1 147
1 147
1 149
1 149
1 149
1 149
1 149
1 151
1 151
1 181
1 181
1 181
1 57
1 57
1 57
1 57
1 57
1 182
1 182
1 183
1 183
1 184
1 184
1 191
1 193
1 194
1 197
1 197
1 197
1 197
1 198
1 198
1 199
1 199
1 200
1 202
1 201
1 201
1 204
1 204
1 204
1 204
1 205
1 205
1 206
1 206
1 236
1 236
1 236
1 236
1 237
1 237
1 242
1 242
1 243
1 243
1 243
1 244
1 244
1 244
1 245
1 245
1 248
1 248
1 252
1 252
1 263
1 263
1 263
1 165
1 267
1 267
1 268
1 268
1 268
1 268
1 269
1 269
1 286
1 286
1 287
1 287
1 266
1 266
1 297
1 297
1 250
1 250
1 54
1 54
1 54
1 54
1 301
1 277
1 300
1 300
1 61
1 61
1 61
1 61
1 145
1 145
1 143
1 143
1 189
1 310
1 310
1 137
1 137
1 137
1 311
1 314
1 314
1 153
1 153
1 153
1 327
1 326
1 102
1 102
1 103
1 103
1 103
1 103
1 343
1 343
1 340
1 340
1 348
1 355
1 178
1 368
1 369
1 392
1 392
1 257
1 257
1 397
1 397
1 398
1 398
1 399
1 399
1 396
1 401
1 400
1 400
1 403
1 403
1 88
1 88
1 410
1 410
1 411
1 411
1 411
1 411
1 24
1 24
1 109
1 109
1 158
1 158
1 415
1 415
1 415
1 415
1 385
1 385
1 278
1 278
1 427
1 427
1 427
1 428
1 428
1 434
1 434
1 234
1 234
1 234
1 234
1 274
1 274
1 274
1 274
1 274
1 232
1 232
1 232
1 192
2 3
2 3
2 4
2 4
3 4
3 4
3 11
3 11
3 11
3 11
3 36
3 36
3 25
3 25
3 37
3 37
3 37
3 37
3 37
3 37
3 37
3 37
3 37
3 37
3 37
3 81
3 81
3 12
3 12
3 107
3 107
3 96
3 96
3 96
3 96
3 96
3 96
3 96
3 96
3 96
3 117
3 117
3 114
3 114
3 86
3 86
3 85
3 85
3 14
3 14
3 14
3 14
3 14
3 14
3 119
3 57
3 120
3 130
3 130
3 130
3 130
3 56
3 56
3 56
3 129
3 129
3 50
3 50
3 50
3 139
3 183
3 183
3 184
3 184
3 263
3 165
3 165
3 165
3 266
3 266
3 297
3 297
3 305
3 277
3 347
3 347
3 71
3 71
3 348
3 153
3 108
3 108
4 14
4 14
4 14
4 14
4 14
4 14
4 14
4 14
4 14
4 14
4 14
4 14
4 14
4 14
4 14
4 14
4 14
4 14
4 14
4 14
4 58
4 58
4 59
4 59
4 78
4 79
4 85
4 85
4 85
4 85
4 85
4 84
4 11
4 11
4 11
4 11
4 86
4 86
4 86
4 86
4 86
4 86
4 64
4 97
4 97
4 96
4 96
4 96
4 96
4 96
4 96
4 96
4 96
4 96
4 96
4 96
4 96
4 96
4 96
4 96
4 96
4 96
4 96
4 96
4 96
4 96
4 96
4 96
4 96
4 96
4 96
4 96
4 96
4 96
4 96
4 96
4 96
4 55
4 55
4 55
4 55
4 98
4 98
4 104
4 104
4 105
4 105
4 105
4 105
4 105
4 106
4 106
4 108
4 108
4 108
4 108
4 107
4 107
4 107
4 107
4 110
4 110
4 110
4 110
4 50
4 50
4 50
4 50
4 50
4 50
4 50
4 50
4 50
4 50
4 50
4 50
4 50
4 50
4 111
4 111
4 112
4 112
4 113
4 113
4 116
4 116
4 131
4 131
4 46
4 46
4 46
4 46
4 132
4 132
4 48
4 48
4 48
4 48
4 134
4 134
4 135
4 135
4 139
4 57
4 57
4 57
4 57
4 57
4 182
4 182
4 182
4 182
4 182
4 182
4 122
4 122
4 183
4 183
4 192
4 188
4 188
4 188
4 207
4 207
4 208
4 208
4 208
4 208
4 208
4 208
4 209
4 209
4 209
4 209
4 249
4 249
4 250
4 250
4 250
4 251
4 251
4 251
4 251
4 252
4 253
4 253
4 246
4 246
4 159
4 81
4 81
4 12
4 12
4 267
4 267
4 268
4 268
4 268
4 268
4 269
4 269
4 282
4 283
4 284
4 285
4 163
4 163
4 163
4 163
4 6
4 6
4 300
4 300
4 300
4 300
4 8
4 8
4 303
4 303
4 304
4 304
4 56
4 56
4 56
4 56
4 56
4 130
4 130
4 130
4 130
4 130
4 130
4 308
4 308
4 189
4 310
4 310
4 137
4 137
4 137
4 311
4 314
4 314
4 124
4 124
4 152
4 323
4 323
4 324
4 324
4 327
4 326
4 328
4 328
4 102
4 102
4 103
4 103
4 103
4 103
4 343
4 343
4 340
4 340
4 119
4 119
4 347
4 347
4 355
4 178
4 37
4 37
4 389
4 289
4 390
4 391
4 397
4 397
4 398
4 398
4 399
4 399
4 396
4 401
4 400
4 400
4 403
4 403
4 54
4 54
4 88
4 88
4 242
4 242
4 433
4 433
4 202
4 202
4 274
4 274
4 274
4 147
4 147
4 147
5 6
5 6
5 7
5 7
5 8
5 8
6 7
6 7
6 7
6 7
6 8
6 8
6 8
6 8
6 8
6 8
6 8
6 8
6 8
6 8
6 8
6 8
6 8
6 8
6 8
6 8
6 8
6 8
6 8
6 8
6 8
6 8
6 8
6 8
6 8
6 8
6 8
6 8
6 8
6 8
6 8
6 8
6 8
6 8
6 8
6 8
6 8
6 8
6 8
6 8
6 8
6 8
6 8
6 8
6 8
6 8
6 8
6 8
6 8
6 8
6 8
6 8
6 8
6 8
6 8
6 8
6 8
6 8
6 8
6 8
6 8
6 8
6 8
6 8
6 8
6 8
6 8
6 8
6 8
6 8
6 8
6 8
6 8
6 9
6 9
6 10
6 10
6 16
6 16
6 17
6 17
6 19
6 19
6 20
6 20
6 22
6 22
6 23
6 23
6 14
6 14
6 14
6 14
6 14
6 14
6 14
6 14
6 14
6 14
6 14
6 14
6 14
6 14
6 14
6 36
6 36
6 38
6 38
6 39
6 39
6 40
6 40
6 41
6 41
6 42
6 42
6 43
6 43
6 45
6 45
6 47
6 47
6 51
6 51
6 51
6 51
6 56
6 50
6 50
6 50
6 50
6 50
6 57
6 57
6 61
6 61
6 60
6 60
6 63
6 63
6 64
6 64
6 72
6 72
6 73
6 73
6 87
6 87
6 88
6 88
6 91
6 55
6 55
6 55
6 55
6 55
6 124
6 124
6 125
6 125
6 126
6 126
6 132
6 132
6 133
6 133
6 167
6 167
6 69
6 69
6 249
6 249
6 260
6 260
6 260
6 260
6 254
6 254
6 80
6 80
6 80
6 80
6 81
6 81
6 261
6 261
6 272
6 272
6 270
6 270
6 289
6 289
6 77
6 77
6 278
6 278
6 296
6 296
6 163
6 163
6 300
6 300
6 143
6 143
6 143
6 298
6 298
6 298
6 309
6 309
6 307
6 307
6 338
6 338
6 344
6 344
6 119
6 348
6 372
6 373
6 378
6 378
6 376
6 376
6 407
6 407
6 408
6 408
6 448
6 448
6 449
6 449
6 449
6 449
6 11
6 11
6 343
6 343
7 8
7 8
7 8
7 8
7 14
7 14
7 36
7 36
8 9
8 9
8 10
8 10
8 16
8 16
8 17
8 17
8 19
8 19
8 20
8 20
8 22
8 22
8 23
8 23
8 14
8 14
8 14
8 14
8 14
8 14
8 14
8 14
8 14
8 14
8 14
8 14
8 14
8 14
8 14
8 36
8 36
8 38
8 38
8 39
8 39
8 40
8 40
8 41
8 41
8 42
8 42
8 43
8 43
8 45
8 45
8 47
8 47
8 51
8 51
8 51
8 51
8 56
8 50
8 50
8 50
8 50
8 50
8 57
8 57
8 61
8 61
8 60
8 60
8 63
8 63
8 64
8 64
8 72
8 72
8 73
8 73
8 87
8 87
8 88
8 88
8 91
8 55
8 55
8 55
8 55
8 55
8 124
8 124
8 125
8 125
8 126
8 126
8 132
8 132
8 133
8 133
8 167
8 167
8 69
8 69
8 249
8 249
8 260
8 260
8 260
8 260
8 254
8 254
8 80
8 80
8 80
8 80
8 81
8 81
8 261
8 261
8 272
8 272
8 270
8 270
8 289
8 289
8 77
8 77
8 278
8 278
8 296
8 296
8 163
8 163
8 300
8 300
8 143
8 143
8 143
8 298
8 298
8 298
8 309
8 309
8 307
8 307
8 338
8 338
8 344
8 344
8 119
8 348
8 372
8 373
8 378
8 378
8 376
8 376
8 407
8 407
8 408
8 408
8 448
8 448
8 449
8 449
8 449
8 449
8 11
8 11
8 343
8 343
9 10
9 10
9 14
9 14
9 29
9 29
10 11
10 11
10 12
10 12
10 13
10 13
11 12
11 12
11 12
11 12
11 12
11 12
11 12
11 12
11 12
11 12
11 12
11 12
11 12
11 12
11 12
11 12
11 12
11 12
11 12
11 12
11 12
11 12
11 12
11 12
11 12
11 12
11 12
11 12
11 12
11 12
11 12
11 13
11 13
11 23
11 23
11 33
11 33
11 36
11 36
11 25
11 25
11 25
11 25
11 37
11 37
11 37
11 37
11 41
11 41
11 41
11 41
11 43
11 43
11 28
11 28
11 39
11 39
11 31
11 31
11 20
11 20
11 32
11 32
11 17
11 17
11 34
11 34
11 81
11 81
11 81
11 81
11 82
11 83
11 83
11 83
11 83
11 83
11 84
11 84
11 85
11 85
11 85
11 86
11 86
11 86
11 64
11 14
11 14
11 14
11 14
11 14
11 14
11 14
11 14
11 14
11 88
11 89
11 93
11 93
11 77
11 77
11 87
11 87
11 327
11 96
11 326
11 342
11 336
11 344
11 344
11 343
11 343
11 343
11 343
11 370
11 370
11 370
11 371
11 377
11 377
11 406
11 406
11 59
11 59
11 416
11 418
11 419
11 420
11 55
11 55
11 55
11 447
11 447
11 448
11 448
11 449
11 449
11 444
11 445
12 13
12 13
12 23
12 23
12 33
12 33
12 41
12 41
12 41
12 41
12 43
12 43
12 28
12 28
12 39
12 39
12 31
12 31
12 20
12 20
12 32
12 32
12 17
12 17
12 34
12 34
12 81
12 81
12 81
12 81
12 37
12 37
12 14
12 14
12 14
12 14
12 14
12 14
12 14
12 88
12 89
12 93
12 93
12 77
12 77
12 87
12 87
12 86
12 86
12 85
12 85
12 344
12 344
12 343
12 343
12 370
12 370
12 370
12 371
12 377
12 377
12 406
12 406
12 83
12 83
12 59
12 416
13 24
13 24
13 26
13 26
13 30
13 30
14 15
14 15
14 16
14 16
14 18
14 18
14 19
14 19
14 21
14 21
14 22
14 22
14 36
14 36
14 30
14 30
14 38
14 38
14 27
14 27
14 42
14 42
14 29
14 29
14 35
14 35
14 40
14 40
14 47
14 47
14 49
14 49
14 51
14 51
14 51
14 51
14 57
14 57
14 57
14 57
14 57
14 57
14 57
14 57
14 57
14 57
14 57
14 57
14 57
14 57
14 57
14 57
14 57
14 57
14 57
14 57
14 57
14 57
14 57
14 57
14 57
14 57
14 57
14 57
14 57
14 57
14 57
14 57
14 57
14 57
14 57
14 50
14 50
14 50
14 50
14 50
14 50
14 50
14 50
14 50
14 50
14 50
14 50
14 50
14 50
14 50
14 46
14 46
14 46
14 46
14 46
14 46
14 46
14 46
14 48
14 48
14 48
14 48
14 48
14 48
14 48
14 48
14 58
14 58
14 59
14 59
14 59
14 59
14 59
14 59
14 59
14 59
14 59
14 59
14 63
14 63
14 63
14 63
14 64
14 64
14 64
14 64
14 68
14 68
14 70
14 70
14 71
14 71
14 71
14 71
14 71
14 71
14 71
14 72
14 72
14 72
14 72
14 73
14 73
14 75
14 75
14 24
14 24
14 76
14 76
14 76
14 76
14 26
14 26
14 78
14 79
14 80
14 80
14 80
14 81
14 81
14 81
14 81
14 81
14 81
14 87
14 87
14 87
14 88
14 89
14 89
14 89
14 90
14 90
14 90
14 90
14 91
14 91
14 41
14 41
14 93
14 93
14 102
14 102
14 102
14 102
14 103
14 103
14 103
14 103
14 107
14 107
14 107
14 107
14 107
14 104
14 104
14 104
14 108
14 109
14 109
14 109
14 118
14 119
14 119
14 119
14 119
14 120
14 124
14 124
14 124
14 124
14 121
14 121
14 122
14 122
14 123
14 123
14 125
14 125
14 65
14 65
14 65
14 65
14 65
14 65
14 127
14 128
14 129
14 130
14 130
14 134
14 134
14 135
14 135
14 135
14 135
14 135
14 135
14 138
14 138
14 137
14 137
14 137
14 113
14 113
14 142
14 143
14 143
14 144
14 144
14 145
14 145
14 139
14 146
14 148
14 148
14 149
14 150
14 150
14 150
14 150
14 150
14 152
14 153
14 153
14 154
14 154
14 155
14 156
14 157
14 158
14 161
14 162
14 55
14 55
14 55
14 55
14 55
14 55
14 55
14 172
14 173
14 174
14 175
14 176
14 177
14 96
14 96
14 96
14 96
14 96
14 182
14 182
14 185
14 54
14 54
14 54
14 54
14 54
14 54
14 186
14 186
14 187
14 188
14 189
14 189
14 189
14 189
14 190
14 190
14 190
14 190
14 190
14 191
14 192
14 195
14 196
14 200
14 201
14 201
14 203
14 202
14 238
14 238
14 239
14 239
14 245
14 37
14 37
14 37
14 37
14 37
14 37
14 37
14 37
14 246
14 246
14 247
14 247
14 249
14 249
14 250
14 250
14 250
14 250
14 251
14 251
14 272
14 272
14 270
14 270
14 275
14 275
14 276
14 276
14 282
14 283
14 284
14 285
14 225
14 225
14 292
14 292
14 299
14 299
14 56
14 56
14 56
14 56
14 56
14 308
14 308
14 309
14 309
14 86
14 86
14 317
14 317
14 318
14 319
14 322
14 322
14 323
14 323
14 323
14 324
14 324
14 328
14 209
14 258
14 258
14 258
14 311
14 311
14 311
14 329
14 133
14 133
14 53
14 53
14 53
14 53
14 53
14 53
14 53
14 14
14 14
14 14
14 14
14 14
14 330
14 330
14 330
14 331
14 331
14 332
14 332
14 333
14 333
14 333
14 333
14 334
14 334
14 337
14 337
14 338
14 338
14 345
14 345
14 346
14 346
14 347
14 347
14 348
14 348
14 348
14 106
14 77
14 349
14 301
14 286
14 355
14 178
14 358
14 358
14 210
14 210
14 359
14 360
14 361
14 362
14 362
14 363
14 364
14 365
14 366
14 367
14 367
14 367
14 367
14 266
14 266
14 369
14 369
14 370
14 370
14 370
14 370
14 370
14 371
14 371
14 371
14 372
14 372
14 377
14 377
14 377
14 377
14 379
14 379
14 379
14 379
14 378
14 378
14 388
14 388
14 386
14 386
14 386
14 389
14 289
14 390
14 391
14 393
14 393
14 85
14 85
14 165
14 400
14 401
14 399
14 402
14 402
14 408
14 408
14 179
14 179
14 413
14 414
14 422
14 423
14 423
14 424
14 424
14 425
14 425
14 425
14 425
14 426
14 426
14 426
14 429
14 430
14 430
14 431
14 431
14 432
14 435
14 435
14 435
14 436
14 437
14 437
14 438
14 438
14 439
14 439
14 234
14 234
14 234
14 440
14 244
14 244
14 244
14 441
14 442
14 442
14 443
14 443
14 443
14 140
14 447
14 447
14 447
14 448
14 448
14 446
14 451
14 452
15 16
15 16
15 24
15 24
15 33
15 33
15 26
15 26
16 17
16 17
17 34
17 34
18 19
18 19
18 24
18 24
18 31
18 31
18 26
18 26
19 20
19 20
20 32
20 32
21 22
21 22
21 24
21 24
21 32
21 32
21 26
21 26
22 23
22 23
23 33
23 33
24 25
24 25
24 26
24 26
24 26
24 26
24 26
24 26
24 26
24 26
24 26
24 26
24 26
24 26
24 26
24 26
24 26
24 26
24 26
24 26
24 26
24 26
24 26
24 26
24 26
24 27
24 27
24 28
24 28
24 29
24 29
24 30
24 30
24 31
24 31
24 32
24 32
24 33
24 33
24 34
24 34
24 35
24 35
24 35
24 75
24 75
24 76
24 76
24 64
24 71
24 143
24 143
24 298
24 298
24 326
24 55
24 336
24 337
24 411
24 411
24 37
24 37
24 417
24 418
24 445
24 446
25 26
25 26
25 27
25 27
25 36
25 36
25 37
25 37
25 418
25 419
25 59
25 420
25 55
26 27
26 27
26 28
26 28
26 29
26 29
26 30
26 30
26 31
26 31
26 32
26 32
26 33
26 33
26 34
26 34
26 35
26 35
26 35
26 75
26 75
26 76
26 76
26 64
26 71
26 143
26 143
26 298
26 298
26 326
26 55
26 336
26 337
26 417
26 418
26 445
26 446
27 42
27 42
28 29
28 29
28 43
28 43
30 38
30 38
31 39
31 39
34 35
34 35
35 40
35 40
35 326
35 55
36 37
36 37
37 81
37 81
37 99
37 99
37 98
37 98
37 100
37 100
37 101
37 114
37 115
37 111
37 130
37 130
37 130
37 130
37 56
37 56
37 56
37 56
37 129
37 129
37 50
37 50
37 50
37 50
37 165
37 165
37 165
37 165
37 165
37 165
37 165
37 165
37 165
37 165
37 160
37 166
37 169
37 170
37 171
37 183
37 183
37 184
37 184
37 245
37 201
37 273
37 273
37 274
37 274
37 274
37 274
37 234
37 234
37 272
37 272
37 272
37 272
37 163
37 163
37 147
37 147
37 147
37 147
37 143
37 295
37 307
37 307
37 306
37 306
37 322
37 323
37 348
37 153
37 153
37 153
37 350
37 351
37 351
37 351
37 355
37 178
37 194
37 194
37 393
37 393
37 85
37 85
37 108
37 108
37 394
37 394
37 395
37 395
37 400
37 209
37 209
37 411
37 411
37 158
37 158
37 415
37 415
37 164
37 164
37 65
37 65
37 438
37 438
38 39
38 39
40 41
40 41
41 93
41 93
42 43
42 43
44 45
44 45
44 53
44 53
44 54
44 54
44 55
44 55
45 46
45 46
45 47
45 47
45 47
45 47
45 48
45 48
46 47
46 47
46 48
46 48
46 48
46 48
46 48
46 48
46 48
46 48
46 48
46 48
46 48
46 48
46 48
46 48
46 48
46 48
46 48
46 48
46 48
46 48
46 48
46 48
46 48
46 48
46 48
46 48
46 48
46 48
46 48
46 48
46 48
46 48
46 48
46 48
46 48
46 48
46 48
46 48
46 48
46 48
46 48
46 48
46 48
46 48
46 48
46 48
46 48
46 48
46 51
46 51
46 51
46 57
46 57
46 57
46 57
46 50
46 50
46 61
46 61
46 60
46 60
46 63
46 63
46 64
46 64
46 80
46 81
46 93
46 93
46 94
46 94
46 112
46 112
46 113
46 113
46 125
46 125
46 126
46 126
46 131
46 131
46 132
46 132
46 132
46 132
46 133
46 133
46 172
46 65
46 65
46 65
46 173
46 174
46 175
46 176
46 177
46 240
46 241
46 247
46 247
46 248
46 248
46 276
46 276
46 55
46 55
46 55
46 265
46 265
46 277
46 277
46 275
46 275
46 290
46 291
46 143
46 143
46 298
46 298
46 314
46 314
46 124
46 124
46 153
46 153
46 119
46 119
46 318
46 318
46 320
46 320
46 320
46 320
46 321
46 321
46 91
46 407
46 407
46 408
46 408
46 420
46 417
46 433
46 433
46 437
46 437
46 188
46 188
46 442
46 442
47 48
47 48
47 49
47 49
48 51
48 51
48 51
48 57
48 57
48 57
48 57
48 50
48 50
48 61
48 61
48 60
48 60
48 63
48 63
48 64
48 64
48 80
48 81
48 93
48 93
48 94
48 94
48 112
48 112
48 113
48 113
48 125
48 125
48 126
48 126
48 131
48 131
48 132
48 132
48 132
48 132
48 133
48 133
48 172
48 65
48 65
48 65
48 173
48 174
48 175
48 176
48 177
48 240
48 241
48 247
48 247
48 248
48 248
48 276
48 276
48 55
48 55
48 55
48 265
48 265
48 277
48 277
48 275
48 275
48 290
48 291
48 143
48 143
48 298
48 298
48 314
48 314
48 124
48 124
48 153
48 153
48 119
48 119
48 318
48 318
48 320
48 320
48 320
48 320
48 321
48 321
48 91
48 407
48 407
48 408
48 408
48 420
48 417
48 433
48 433
48 437
48 437
48 188
48 188
48 442
48 442
49 50
49 50
49 51
49 51
49 52
49 52
50 51
50 51
50 51
50 51
50 51
50 51
50 51
50 51
50 51
50 51
50 51
50 51
50 51
50 51
50 51
50 51
50 51
50 51
50 51
50 51
50 51
50 51
50 51
50 51
50 51
50 52
50 52
50 56
50 56
50 56
50 56
50 56
50 56
50 56
50 56
50 56
50 56
50 56
50 56
50 57
50 57
50 57
50 57
50 57
50 57
50 57
50 57
50 57
50 60
50 60
50 58
50 58
50 62
50 62
50 62
50 63
50 63
50 73
50 73
50 74
50 74
50 111
50 111
50 112
50 112
50 96
50 96
50 96
50 96
50 96
50 96
50 96
50 96
50 96
50 96
50 96
50 96
50 96
50 96
50 96
50 96
50 113
50 113
50 116
50 116
50 122
50 122
50 124
50 124
50 124
50 124
50 130
50 130
50 130
50 130
50 88
50 88
50 129
50 129
50 140
50 140
50 141
50 141
50 159
50 160
50 54
50 69
50 69
50 168
50 168
50 267
50 267
50 268
50 268
50 268
50 268
50 269
50 269
50 55
50 55
50 182
50 189
50 310
50 312
50 312
50 313
50 313
50 314
50 314
50 86
50 86
50 317
50 322
50 348
50 153
50 374
50 374
50 375
50 375
50 165
50 400
50 401
50 399
50 370
50 370
50 409
50 409
50 438
50 438
50 439
50 439
50 274
50 147
51 52
51 52
51 56
51 57
51 57
51 57
51 57
51 60
51 60
51 58
51 58
51 62
51 62
51 63
51 63
51 73
51 73
51 74
51 74
51 92
51 55
51 55
51 55
51 82
51 91
51 91
51 122
51 122
51 124
51 124
51 130
51 130
51 88
51 88
51 140
51 140
51 141
51 141
51 69
51 69
51 168
51 168
51 254
51 254
51 255
51 255
51 256
51 256
51 374
51 374
51 375
51 375
51 370
51 370
51 409
51 409
52 54
52 54
52 141
52 141
52 341
52 341
53 54
53 54
53 55
53 55
53 133
53 57
53 57
53 57
53 57
53 331
53 189
53 135
53 135
54 55
54 55
54 55
54 55
54 55
54 55
54 74
54 74
54 77
54 77
54 77
54 77
54 56
54 159
54 159
54 159
54 159
54 160
54 160
54 57
54 57
54 57
54 57
54 57
54 169
54 169
54 185
54 186
54 189
54 190
54 210
54 211
54 211
54 212
54 212
54 141
54 141
54 141
54 141
54 141
54 141
54 141
54 141
54 141
54 137
54 137
54 59
54 59
54 59
54 59
54 59
54 96
54 96
54 96
54 96
54 250
54 250
54 341
54 341
54 352
54 92
54 92
54 406
54 406
54 103
54 103
54 88
54 88
54 407
54 407
54 296
54 296
54 409
54 409
54 370
54 370
55 65
55 65
55 69
55 69
55 69
55 69
55 66
55 66
55 92
55 92
55 92
55 92
55 92
55 92
55 92
55 82
55 91
55 91
55 97
55 97
55 96
55 96
55 96
55 96
55 98
55 98
55 161
55 162
55 167
55 167
55 171
55 172
55 103
55 103
55 57
55 57
55 57
55 182
55 182
55 276
55 276
55 265
55 265
55 56
55 306
55 232
55 62
55 326
55 341
55 341
55 342
55 342
55 373
55 374
55 374
55 374
55 376
55 376
55 122
55 380
55 396
55 396
55 397
55 397
55 404
55 405
55 406
55 406
55 407
55 407
55 59
55 420
55 435
55 436
55 443
55 140
55 370
55 370
55 444
55 444
55 449
55 449
55 343
55 343
56 130
56 130
56 129
56 129
56 159
56 160
56 96
56 96
56 96
56 96
56 96
56 182
56 57
56 57
56 57
56 348
56 153
56 165
56 400
56 401
56 399
56 274
56 147
57 107
57 107
57 104
57 104
57 118
57 81
57 119
57 119
57 119
57 129
57 130
57 130
57 159
57 160
57 96
57 96
57 96
57 96
57 96
57 182
57 185
57 186
57 186
57 187
57 188
57 189
57 189
57 189
57 190
57 190
57 191
57 192
57 195
57 196
57 200
57 201
57 203
57 202
57 71
57 312
57 312
57 313
57 313
57 113
57 113
57 315
57 315
57 138
57 138
57 316
57 316
57 153
57 153
57 133
57 331
57 335
57 335
57 332
57 332
57 367
57 367
57 266
57 266
57 59
57 59
57 135
57 135
57 435
57 436
57 443
57 140
57 274
57 274
57 147
57 147
58 59
58 59
58 60
58 60
59 138
59 138
59 137
59 137
59 113
59 113
59 113
59 162
59 163
59 164
59 141
59 141
59 141
59 330
59 331
59 416
59 420
59 296
59 296
59 190
59 189
60 61
60 61
60 61
60 61
61 300
61 300
61 96
61 96
61 96
61 96
61 299
61 299
61 278
61 278
62 63
62 63
63 64
63 64
63 64
63 64
64 85
64 84
64 86
64 71
64 91
64 91
64 77
64 77
65 66
65 66
65 66
65 66
65 67
65 67
65 69
65 69
65 127
65 128
65 172
65 173
65 174
65 175
65 176
65 177
65 257
65 258
65 258
65 258
65 258
65 258
65 259
65 289
65 77
65 413
65 414
65 137
65 102
65 421
65 164
65 164
65 438
65 438
66 67
66 67
66 69
66 69
67 68
67 68
68 70
68 70
68 71
68 71
69 167
69 167
69 168
69 168
70 71
70 71
71 87
71 87
71 184
71 184
71 121
71 121
71 130
71 347
71 347
71 398
71 398
71 395
71 395
72 73
72 73
72 76
72 76
73 74
73 74
74 77
74 77
75 76
75 76
77 87
77 87
77 91
77 91
77 289
77 289
77 289
77 141
77 141
77 137
77 137
77 258
78 79
80 81
80 81
80 81
80 136
80 136
80 137
80 137
80 137
80 137
80 261
80 261
80 135
80 135
81 118
81 86
81 86
81 85
81 85
81 369
81 369
81 367
81 367
81 416
81 190
81 189
82 83
82 84
82 92
83 84
83 342
83 336
83 406
83 406
83 444
83 445
84 85
84 86
84 339
84 339
85 86
85 86
85 86
85 86
85 86
85 86
85 86
85 86
85 86
85 96
85 96
85 96
85 96
85 96
85 96
85 225
85 225
85 225
85 225
85 225
85 225
85 226
85 227
85 227
85 228
85 228
85 229
85 229
85 230
85 230
85 218
85 218
85 218
85 153
85 153
85 119
85 119
85 130
85 130
85 347
85 347
85 393
85 393
86 96
86 96
86 96
86 96
86 152
86 317
86 322
86 119
86 119
86 130
86 130
86 347
86 347
87 88
87 88
88 89
88 130
88 130
88 103
88 103
88 96
88 96
89 90
89 90
90 91
90 91
92 341
92 341
92 342
92 342
92 406
92 406
92 370
92 370
92 444
92 444
93 94
93 94
94 95
94 95
94 96
94 96
95 96
95 96
95 96
95 96
95 97
95 97
96 97
96 97
96 97
96 97
96 98
96 98
96 107
96 107
96 96
96 111
96 111
96 112
96 112
96 113
96 113
96 116
96 116
96 130
96 130
96 130
96 130
96 131
96 131
96 133
96 133
96 134
96 134
96 146
96 146
96 146
96 146
96 147
96 147
96 147
96 147
96 147
96 149
96 149
96 149
96 149
96 149
96 151
96 151
96 181
96 181
96 181
96 182
96 182
96 191
96 193
96 194
96 197
96 197
96 197
96 197
96 198
96 198
96 199
96 199
96 200
96 202
96 201
96 201
96 204
96 204
96 204
96 204
96 205
96 205
96 206
96 206
96 236
96 236
96 236
96 236
96 237
96 237
96 242
96 242
96 243
96 243
96 243
96 244
96 244
96 244
96 245
96 245
96 248
96 248
96 252
96 252
96 267
96 267
96 268
96 268
96 268
96 268
96 269
96 269
96 286
96 286
96 287
96 287
96 266
96 266
96 266
96 266
96 297
96 297
96 297
96 297
96 250
96 250
96 301
96 277
96 277
96 300
96 300
96 305
96 145
96 145
96 143
96 143
96 189
96 310
96 310
96 137
96 137
96 137
96 311
96 314
96 314
96 153
96 153
96 327
96 326
96 102
96 102
96 103
96 103
96 103
96 103
96 343
96 343
96 340
96 340
96 368
96 369
96 392
96 392
96 257
96 257
96 397
96 397
96 398
96 398
96 399
96 399
96 396
96 401
96 400
96 400
96 403
96 403
96 410
96 410
96 411
96 411
96 109
96 109
96 263
96 263
96 415
96 415
96 385
96 385
96 278
96 278
96 427
96 427
96 427
96 428
96 428
96 434
96 434
96 234
96 234
96 234
96 234
96 274
96 274
96 274
96 274
96 274
96 232
96 232
96 232
96 192
97 98
97 98
98 99
98 99
98 100
98 100
98 293
98 293
98 294
98 294
99 100
99 100
102 103
102 103
102 103
102 103
102 103
102 103
102 102
102 102
102 421
102 258
102 450
102 450
102 450
102 450
103 103
103 103
103 343
103 343
103 340
103 340
104 105
104 105
104 106
104 106
104 106
104 107
104 107
104 109
105 106
105 106
105 108
105 108
105 107
105 107
105 192
105 188
106 109
107 108
107 108
107 108
107 108
107 108
107 109
107 110
107 110
107 179
107 179
107 330
107 330
108 109
108 110
108 110
108 165
108 165
109 328
109 209
109 263
109 263
110 328
110 328
110 209
110 209
111 112
111 112
111 114
111 115
112 113
112 113
112 138
112 138
112 201
112 201
112 243
112 243
113 116
113 116
113 138
113 138
113 138
113 138
113 137
113 137
113 315
113 315
113 316
113 316
113 267
113 267
113 267
113 395
113 395
113 402
113 402
113 403
113 401
113 412
113 412
113 330
113 330
113 355
113 355
114 115
114 117
114 117
117 324
117 324
117 325
117 325
119 153
119 153
119 130
119 130
119 347
119 347
119 348
119 402
119 402
121 122
121 122
121 122
121 123
121 123
121 123
121 184
121 184
122 123
122 123
122 123
122 124
122 124
122 182
122 182
122 183
122 183
122 380
124 125
124 125
124 314
124 314
125 126
125 126
125 126
125 126
126 354
126 354
126 354
126 354
126 126
127 128
129 130
129 130
129 130
130 131
130 131
130 183
130 183
130 184
130 184
130 182
130 182
130 308
130 308
130 347
130 347
130 397
130 397
130 398
130 398
131 132
131 132
132 133
132 133
132 133
132 133
133 134
133 134
134 135
134 135
135 137
135 137
136 137
136 137
137 138
137 138
137 141
137 141
137 310
137 311
137 400
137 400
137 403
137 403
137 413
137 258
137 414
138 201
138 201
138 243
138 243
138 315
138 315
138 316
138 316
140 141
140 141
140 443
141 341
141 341
141 296
141 296
141 409
141 409
141 370
141 370
142 143
142 144
143 144
143 144
143 145
143 145
143 145
143 147
143 295
143 298
143 298
143 298
143 298
143 298
143 298
143 298
143 351
143 351
143 390
143 390
143 181
143 181
144 145
145 145
145 426
145 425
146 147
146 147
146 147
146 148
146 149
146 150
146 181
146 181
146 213
146 214
147 213
147 214
147 295
147 350
147 351
147 351
147 351
147 194
147 194
147 274
147 274
147 274
148 149
148 150
148 150
148 234
148 244
149 150
149 151
149 151
149 200
149 149
150 385
150 385
150 386
150 386
150 386
150 386
150 386
150 387
150 387
150 388
150 388
150 388
150 388
150 190
150 190
150 234
150 234
150 244
150 244
152 153
153 348
153 165
153 165
153 209
153 209
154 155
154 156
154 157
154 158
155 156
157 158
158 415
158 415
159 160
159 160
159 167
159 167
159 169
159 169
159 253
160 165
160 166
161 162
161 166
161 166
162 163
162 164
163 164
163 262
163 262
163 262
163 262
163 263
163 263
163 264
163 264
163 264
163 264
163 249
163 249
163 249
163 249
163 266
163 266
163 266
163 266
163 278
163 278
163 274
163 274
163 272
163 272
163 272
163 272
163 287
163 287
163 288
163 288
163 297
163 297
163 297
163 297
163 298
163 298
163 298
163 298
163 300
163 300
163 300
163 300
163 302
163 302
163 302
163 302
163 303
163 303
163 304
163 304
164 438
164 438
165 166
165 263
165 307
165 307
165 306
165 306
165 394
165 394
165 395
165 395
165 400
165 209
165 209
169 170
169 171
170 171
171 172
172 173
173 178
173 174
173 179
174 175
174 178
174 179
175 178
175 176
175 179
176 177
176 178
176 179
177 178
177 180
177 179
178 179
178 179
178 179
178 180
178 355
179 180
179 330
179 330
181 191
181 351
181 351
181 390
181 390
182 183
182 183
182 308
182 308
183 184
183 184
185 186
186 189
186 190
187 188
188 192
188 442
188 442
188 208
188 208
188 202
188 202
189 190
189 190
189 190
189 190
189 310
189 331
189 416
190 388
190 388
190 386
190 386
190 416
191 192
192 232
193 194
194 351
194 351
195 196
197 198
197 198
197 199
197 199
200 201
201 202
201 244
201 245
201 243
201 243
202 203
202 208
202 208
204 205
204 205
204 206
204 206
207 208
207 208
207 209
207 209
208 209
208 209
208 242
208 242
208 433
208 433
209 328
209 328
209 328
210 211
210 212
210 358
210 358
210 311
210 311
211 212
211 212
211 352
212 352
213 214
213 215
213 215
213 216
213 216
213 216
213 217
213 218
213 219
213 219
213 219
213 219
213 219
213 220
213 220
213 221
213 221
213 222
213 222
213 223
213 223
213 224
213 224
213 235
213 235
214 231
214 232
214 233
215 216
215 216
215 217
215 235
216 217
216 224
216 235
216 235
218 219
218 220
218 230
218 225
218 225
218 225
218 218
219 220
219 220
219 221
219 221
219 222
219 222
219 223
219 223
219 224
220 221
221 222
222 223
223 224
224 235
225 226
225 227
225 227
225 228
225 228
225 229
225 229
225 230
225 230
225 292
225 292
226 227
226 231
226 233
226 234
227 228
228 229
229 230
231 232
231 233
231 233
231 234
232 233
232 306
232 234
232 234
233 234
234 273
234 273
234 274
234 274
234 274
234 274
234 272
234 272
234 272
234 272
234 272
234 279
234 280
234 278
234 278
234 284
234 284
234 440
234 244
234 244
234 244
234 441
234 386
236 237
236 237
236 243
236 243
238 239
238 239
239 240
239 240
240 241
242 243
242 433
242 433
242 434
244 245
244 245
244 440
244 441
244 386
246 247
246 247
246 251
246 251
247 248
247 248
248 252
248 252
249 250
249 250
249 251
249 251
249 260
249 260
249 266
249 266
249 266
249 266
249 262
249 262
249 264
249 264
250 251
250 251
250 252
250 253
250 299
250 299
252 253
254 255
254 255
254 256
254 256
254 260
254 260
255 256
255 256
257 258
257 259
257 392
257 392
258 259
258 311
258 329
258 289
258 413
258 414
258 421
262 263
262 263
262 264
262 264
262 266
262 266
263 264
263 264
263 265
263 265
264 265
264 265
264 266
264 266
265 276
265 276
266 297
266 297
266 297
266 297
266 277
266 277
266 367
266 367
267 268
267 268
267 395
267 395
267 402
267 402
267 403
267 401
268 269
268 269
270 271
270 271
270 272
270 272
272 273
272 273
272 274
272 274
272 274
272 274
272 279
272 280
272 278
272 278
272 284
272 284
272 287
272 287
272 288
272 288
272 288
272 288
273 274
273 274
275 276
275 276
275 277
275 277
277 282
277 282
277 301
277 305
278 284
278 284
278 296
278 296
279 280
280 281
282 283
284 285
286 287
286 287
286 349
286 301
287 288
287 288
289 389
290 291
290 292
290 292
293 294
293 294
297 298
297 298
297 302
297 302
300 303
300 303
300 304
300 304
301 349
303 304
303 304
306 307
306 307
307 309
307 309
308 309
308 309
310 311
311 329
311 358
311 358
312 313
312 313
312 312
315 316
315 316
317 318
317 319
318 319
318 320
318 320
320 321
320 321
322 323
323 324
323 324
324 325
324 325
326 327
330 331
330 412
330 412
330 355
330 355
332 333
332 333
332 335
332 335
333 334
333 334
336 337
336 342
337 338
337 338
338 344
338 344
339 340
339 340
340 343
340 343
341 342
341 342
343 344
343 344
343 449
343 449
345 346
345 346
345 345
348 451
348 452
350 351
351 390
351 390
353 354
353 354
353 354
353 354
353 353
354 354
354 354
355 412
355 412
356 357
356 357
356 358
356 358
359 360
359 361
360 361
362 363
362 364
362 365
362 366
363 364
365 366
367 369
367 369
368 369
370 371
370 377
370 377
370 408
370 408
370 409
370 409
370 409
370 409
370 444
370 444
371 372
371 372
372 373
373 374
374 375
374 375
374 376
374 376
376 378
376 378
377 379
377 379
378 379
378 379
380 381
380 382
380 383
381 382
381 382
381 383
381 383
381 384
382 383
382 383
382 384
383 384
385 386
385 386
385 387
385 387
385 388
385 388
385 415
385 415
386 387
386 387
386 388
386 388
386 388
386 388
387 388
387 388
390 391
394 395
394 395
395 398
395 398
395 402
395 402
396 397
396 397
396 399
397 398
397 398
399 401
400 403
400 403
401 403
404 405
407 407
407 408
407 408
407 408
407 408
410 411
410 411
413 414
417 418
417 420
418 419
422 423
422 424
422 425
423 424
423 425
423 425
423 426
424 425
424 425
424 426
425 426
425 426
425 426
427 428
427 428
427 434
429 430
429 431
430 431
430 431
430 432
431 432
433 437
433 437
435 436
435 437
435 437
438 439
438 439
440 441
442 443
442 443
444 445
445 446
446 447
447 448
447 448
448 449
448 449
450 450
451 452
