0 1
0 3
0 20
0 85
0 91
0 94
0 150
0 270
0 406
0 517
0 541
0 689
0 720
0 1068
0 1143
0 1215
0 1291
0 1250
0 1320
0 1324
0 1336
0 1428
0 1490
0 1506
0 1536
0 1615
0 1773
0 1951
0 1952
0 1963
0 1993
0 2102
0 2129
0 2142
0 2152
0 2186
0 2187
0 2216
1 2
3 85
3 112
3 150
3 283
3 303
3 356
3 720
3 776
3 816
3 1010
3 1093
3 1154
3 1156
3 1291
3 1299
3 1324
3 1333
3 1352
3 1426
3 1445
3 1428
3 1615
3 1620
3 1653
3 1658
3 1665
3 1775
3 1809
3 1842
3 1848
3 1951
3 1952
3 2102
3 2113
3 2152
3 2174
3 2194
3 2226
3 2288
3 2308
3 2346
3 2397
3 2431
3 2597
3 2693
3 2716
4 5
4 19
4 49
4 59
4 60
4 112
4 113
4 156
4 203
4 336
4 374
4 432
4 548
4 597
4 851
4 906
4 1803
4 1804
6 7
6 67
6 336
6 441
6 463
6 922
6 1543
8 9
8 30
8 39
8 400
8 433
8 664
8 579
8 1143
8 1313
8 1426
8 1785
9 67
9 176
9 302
9 593
9 1038
9 1409
10 11
10 302
11 12
11 176
12 121
12 336
12 406
12 432
12 433
12 1666
13 14
13 29
13 52
13 57
13 58
13 60
13 65
13 66
13 94
13 117
13 148
13 150
13 157
13 165
13 201
13 214
13 215
13 218
13 221
13 225
13 235
13 373
13 406
13 419
13 420
13 432
13 510
13 529
13 580
13 588
13 595
13 616
13 685
13 700
13 783
13 898
13 936
13 1038
13 1047
13 1069
13 1106
13 1162
13 1194
13 1528
13 1553
13 1566
13 1576
13 1611
13 1682
13 1738
13 1823
13 1827
13 1869
13 1876
13 1885
13 1895
13 2040
13 2044
13 2128
13 2231
13 2292
13 2403
13 2487
13 2627
14 140
14 144
14 237
14 326
14 336
14 240
14 347
14 881
15 16
15 40
15 57
15 96
15 106
15 118
15 264
15 299
15 367
15 360
15 500
15 535
15 595
15 704
15 708
15 709
15 776
15 784
15 804
15 827
15 829
15 834
15 795
15 778
15 1090
15 1366
15 1407
15 1474
15 1570
15 1721
15 1829
16 46
16 96
16 209
16 454
16 492
16 500
16 535
16 776
16 804
16 881
16 965
16 1079
16 1236
16 1422
16 1432
16 1873
16 2227
16 2256
16 2440
16 2614
17 18
17 67
17 91
17 110
17 114
17 116
17 176
17 199
17 203
17 247
17 287
17 289
17 361
17 368
17 403
17 491
17 494
17 495
17 541
17 626
17 686
17 687
17 692
17 705
17 745
17 776
17 808
17 844
17 876
17 941
17 942
17 957
17 961
17 966
17 1070
17 1071
17 1241
17 1328
17 1336
17 1420
17 1686
17 1943
17 2080
17 2499
18 254
18 293
18 690
18 824
18 921
18 1254
18 1475
18 2080
19 78
19 296
20 105
20 176
20 433
20 541
20 1105
20 1615
20 2102
21 22
21 47
21 248
21 294
21 303
21 332
21 356
21 364
21 333
21 240
21 365
21 486
21 487
21 477
21 740
21 745
21 860
21 1232
21 1250
21 1300
21 1303
21 1346
21 1514
21 1807
22 1486
23 24
23 38
23 44
23 48
23 75
23 95
23 102
23 132
23 151
23 133
23 158
23 169
23 221
23 263
23 300
23 336
23 373
23 381
23 402
23 416
23 454
23 465
23 501
23 508
23 596
23 603
23 667
23 680
23 700
23 760
23 776
23 804
23 862
23 1055
23 1080
23 1081
23 1084
23 1167
23 1178
23 1189
23 1236
23 1270
23 1474
23 1513
23 1886
23 1893
24 176
25 26
25 33
25 74
25 85
25 94
25 97
25 107
25 121
25 150
25 255
25 406
25 433
25 517
25 541
25 776
25 924
25 1068
25 1215
25 1250
25 1324
25 1426
25 1506
25 1615
25 1756
25 1851
25 1951
25 1952
25 2078
25 2102
25 2129
25 2132
25 2152
25 2186
25 2607
25 2608
26 61
26 64
26 138
26 176
26 276
26 389
26 433
26 565
26 740
26 1136
26 1470
26 1473
26 2270
27 28
27 29
27 30
27 33
27 49
27 52
27 66
27 139
27 400
27 406
27 595
27 682
27 945
27 1261
27 1274
27 1515
27 1807
27 1876
27 1895
27 2137
27 2179
27 2620
30 156
30 176
30 258
30 332
30 356
30 364
30 365
30 487
30 550
30 586
30 694
30 740
30 745
30 945
30 988
30 1009
30 1027
30 1157
30 1172
30 1300
30 1303
30 1424
30 2165
30 2720
31 32
31 42
31 43
31 336
31 406
31 437
31 445
32 42
32 43
32 176
32 200
32 336
32 406
32 432
32 445
32 703
32 993
32 2682
33 41
33 85
33 105
33 107
33 121
33 150
33 176
33 255
33 336
33 380
33 433
33 542
33 776
33 807
33 850
33 1011
33 1059
33 1068
33 1143
33 1219
33 1426
33 1918
33 2083
33 2102
33 2611
34 35
34 406
36 37
36 306
36 576
37 576
38 75
38 126
38 139
38 140
38 144
38 176
38 209
38 211
38 236
38 308
38 336
38 240
38 432
38 468
38 665
38 992
38 1049
38 1377
39 67
39 176
39 300
39 457
39 493
39 501
39 667
39 776
39 789
39 1120
39 1666
41 236
41 336
41 347
42 43
42 43
42 336
42 347
42 432
42 437
42 445
42 993
43 336
43 347
43 437
43 445
44 83
44 133
44 162
44 197
44 398
44 493
44 506
44 597
44 776
44 822
44 777
44 1240
44 1246
44 2256
45 46
45 75
45 139
45 151
45 209
45 211
45 229
45 236
45 322
45 336
45 422
45 767
45 936
45 992
45 1167
45 1346
45 1375
45 1407
45 1667
45 1823
46 151
46 169
46 197
46 201
46 202
46 235
46 646
46 670
46 685
46 893
46 990
46 1247
46 1407
46 1408
46 1430
46 1713
46 1734
46 1823
46 1869
46 1882
46 2017
46 2312
46 2347
46 2350
46 2352
46 2520
46 2614
47 197
47 258
47 332
47 364
47 333
47 405
47 486
47 487
47 477
47 537
47 651
47 696
47 744
47 745
47 812
47 860
47 953
47 1076
47 1077
47 1231
47 1263
47 1250
47 1307
47 1316
47 1407
47 1486
47 1804
47 2072
47 2227
47 2616
48 197
48 948
49 50
49 51
49 197
49 432
49 776
49 811
49 1214
49 1261
49 1340
49 2137
49 2449
49 2496
49 2630
50 72
50 89
50 90
50 91
50 124
50 156
50 215
50 482
50 952
50 1181
50 2138
51 127
51 769
51 776
51 1572
51 1621
51 2227
51 2284
52 197
52 583
52 776
52 824
52 1885
53 54
53 66
53 212
53 242
53 283
53 292
53 406
53 526
53 595
53 711
53 761
53 977
53 1046
53 1281
53 2260
53 2406
53 2600
55 56
55 93
55 104
55 155
55 406
55 1137
55 1391
55 1874
55 2228
56 393
57 197
57 309
57 359
57 715
57 832
58 132
58 336
58 470
58 505
58 515
58 588
58 792
58 819
58 926
58 1022
58 1073
58 1248
58 1310
58 1437
58 1428
58 1564
58 1611
58 2020
58 2031
58 2059
58 2201
58 2709
59 135
59 331
59 406
59 353
59 564
60 71
60 73
60 80
60 130
60 131
60 165
60 223
60 224
60 225
60 319
60 513
60 559
60 768
60 799
60 979
60 1246
60 2279
61 81
61 138
61 376
61 406
61 453
61 740
61 989
61 1353
61 1694
61 1764
62 63
62 176
62 241
62 259
62 288
62 357
62 764
62 1748
62 1750
62 2097
62 2468
63 220
63 313
63 424
63 587
63 631
63 764
63 1175
63 2688
64 275
64 276
64 384
64 389
64 774
64 1121
64 1136
64 1473
64 1699
64 1921
64 2174
64 2270
64 2715
67 288
67 290
67 543
67 547
67 918
67 1042
67 1048
67 1138
67 1511
67 1573
67 1666
67 1690
67 1744
67 2097
67 2258
68 69
68 72
68 91
69 70
69 2435
70 89
70 90
70 176
70 482
70 523
70 2435
71 132
71 290
71 715
71 779
71 917
71 1057
71 1748
71 2097
72 91
72 277
72 240
72 482
72 948
74 75
74 277
74 235
74 325
74 329
74 331
74 332
74 336
74 433
74 450
74 452
74 463
74 465
74 467
74 468
74 858
74 948
74 1049
75 76
75 77
75 78
75 79
75 139
75 140
75 142
75 144
75 230
75 277
75 235
75 336
75 240
75 432
75 454
75 465
75 468
75 1049
76 304
76 322
76 336
76 481
76 597
76 767
76 819
76 1129
76 1140
77 78
77 204
77 515
77 541
77 634
77 776
77 819
77 934
77 1071
77 1426
77 1568
77 1602
78 541
78 634
78 776
78 819
78 820
78 850
78 1071
78 1426
78 1508
78 1568
78 2227
79 204
79 541
79 819
79 1071
79 1261
79 1426
79 1568
80 290
80 715
80 738
80 798
80 799
80 830
80 917
80 918
80 1042
80 1057
80 2097
80 2586
81 82
81 294
81 356
81 487
81 539
81 558
81 676
81 765
81 886
81 1217
81 1299
81 1303
81 1306
81 1316
81 1703
81 1801
81 1850
81 2224
82 122
82 152
82 204
82 303
82 332
82 356
82 406
82 462
82 539
82 558
82 745
82 765
82 910
82 1119
82 1129
82 1250
82 1296
82 1807
82 1886
82 2165
83 84
83 277
83 398
83 1240
84 123
84 136
84 137
84 169
84 138
84 201
84 216
84 235
84 318
84 326
84 679
84 691
84 739
84 960
84 1012
84 1054
84 1481
85 86
85 149
85 150
85 433
85 689
85 759
85 882
85 2132
85 2227
85 2343
86 121
86 149
86 150
86 433
86 542
86 590
86 689
86 713
86 776
86 882
86 1117
86 1215
86 1426
86 1615
86 1851
86 2063
86 2078
86 2083
86 2102
86 2152
86 2227
86 2231
87 88
87 172
87 204
87 1211
87 1343
88 2640
90 2435
91 92
91 139
91 142
91 336
91 240
91 433
91 482
91 565
91 993
91 1136
91 1143
92 336
92 406
93 277
93 482
94 150
94 155
94 296
94 433
94 491
94 759
94 776
94 820
94 1215
94 1506
94 2152
94 2343
96 134
96 204
96 264
96 360
96 776
96 804
96 778
96 1407
96 2193
97 204
97 517
97 776
97 828
97 1155
97 2517
98 99
98 111
98 154
98 204
98 301
98 319
98 372
98 406
98 1209
98 1253
98 2047
98 2270
99 296
99 301
99 2270
100 101
100 195
100 201
100 461
100 482
100 691
100 739
100 812
100 928
100 1593
102 103
103 230
103 336
105 260
105 393
105 433
105 1203
105 1219
105 1426
105 2142
105 2211
107 255
107 290
107 542
107 593
107 1914
107 2607
107 2608
108 109
110 114
110 138
110 203
110 204
110 213
110 254
110 256
110 282
110 287
110 311
110 368
110 378
110 431
110 434
110 439
110 485
110 532
110 536
110 573
110 618
110 690
110 695
110 705
110 712
110 725
110 726
110 742
110 748
110 776
110 820
110 824
110 842
110 844
110 940
110 941
110 942
110 961
110 1082
110 1208
110 1277
110 1326
110 1405
110 1462
110 1543
110 1686
110 2049
110 2080
110 2479
110 2690
111 463
111 887
112 195
112 204
112 215
112 336
112 374
112 406
112 701
112 790
112 2515
113 204
113 215
113 269
113 376
113 377
113 790
113 818
113 1442
113 1871
113 2296
114 115
114 137
114 138
114 203
114 204
114 213
114 254
114 256
114 282
114 287
114 368
114 378
114 431
114 434
114 439
114 485
114 532
114 536
114 554
114 573
114 613
114 618
114 690
114 695
114 712
114 725
114 726
114 741
114 742
114 776
114 820
114 824
114 842
114 940
114 942
114 1022
114 1082
114 1208
114 1214
114 1277
114 1308
114 1405
114 1462
114 1543
114 2049
114 2080
114 2221
114 2236
114 2479
114 2690
115 116
115 127
115 176
115 336
115 406
116 138
116 203
116 204
116 217
116 254
116 256
116 282
116 287
116 368
116 378
116 431
116 434
116 439
116 485
116 532
116 536
116 573
116 618
116 690
116 695
116 712
116 725
116 726
116 741
116 742
116 748
116 776
116 820
116 824
116 842
116 940
116 942
116 1208
116 1277
116 1326
116 1462
116 1543
116 2080
116 2479
116 2690
117 204
117 769
117 928
118 204
118 262
118 305
118 379
118 423
118 675
118 708
118 801
118 951
118 993
118 1230
118 1366
118 1382
118 1406
118 1381
118 1542
119 120
119 289
119 404
119 432
119 613
119 811
119 845
119 1864
120 204
120 762
120 854
121 336
121 450
121 590
121 713
121 759
121 1011
121 1426
121 1615
121 2102
121 2132
121 2403
123 169
123 204
123 216
123 235
123 354
123 691
123 739
123 896
123 1054
123 2227
124 204
124 232
124 258
124 336
124 406
124 350
124 451
124 586
124 627
124 881
125 126
125 140
125 173
125 211
125 263
125 308
125 310
125 336
125 454
125 501
125 595
125 665
125 667
125 776
125 992
125 1049
126 204
126 336
126 454
126 776
126 992
126 1049
127 129
127 204
128 129
128 156
128 261
128 406
128 425
128 853
128 906
128 1261
128 1577
128 1653
128 2485
129 204
130 132
130 223
130 225
130 393
130 559
130 1276
130 1528
130 1838
131 393
132 133
132 134
133 263
133 296
133 493
133 501
133 776
133 789
133 964
133 1079
133 2334
134 263
134 501
134 776
134 789
134 791
134 964
134 1079
134 1083
134 1167
134 1638
135 277
135 325
135 329
135 331
135 332
135 336
135 330
135 432
135 450
135 452
135 453
135 463
135 681
135 858
136 137
136 232
136 237
136 296
136 326
136 336
137 138
137 230
137 237
137 296
137 326
137 327
137 328
137 336
137 446
137 450
137 948
138 326
138 461
138 466
138 529
138 691
138 721
138 727
138 805
138 869
138 892
138 922
138 1261
138 1481
138 1579
138 1606
138 1700
138 1714
138 1784
138 1799
138 1858
138 1908
139 140
139 142
139 144
139 236
139 296
139 336
139 240
139 432
139 435
139 948
139 1085
140 141
140 142
140 144
140 229
140 236
140 238
140 239
140 296
140 336
140 240
140 432
140 464
141 211
141 263
141 336
141 432
141 454
141 493
141 509
141 665
141 776
141 804
142 143
142 144
142 236
142 237
142 238
142 239
142 296
142 336
142 240
142 432
142 464
142 468
142 1085
143 159
143 359
143 240
143 471
143 554
143 819
143 863
143 1024
143 1055
143 1169
143 1242
143 1260
143 1335
143 1378
143 1714
143 1838
143 1941
143 2417
144 145
144 229
144 236
144 238
144 239
144 296
144 335
144 336
144 240
144 432
144 451
144 464
144 465
144 466
144 564
145 153
145 236
145 295
145 240
145 480
145 968
145 1589
146 147
146 193
146 194
146 415
146 745
146 851
146 1092
146 1220
146 1221
146 1249
146 1250
146 1304
146 2165
146 2686
147 1092
147 1221
148 393
148 347
148 466
148 635
148 739
148 856
148 1024
148 1927
149 150
149 433
149 759
150 290
150 433
150 541
150 689
150 759
150 776
150 820
150 1061
150 1215
150 1426
150 1428
150 1506
150 1615
150 1620
150 1790
150 1851
150 1952
150 2060
150 2129
150 2144
150 2152
150 2227
150 2231
150 2273
150 2343
151 240
151 571
151 732
151 970
151 1433
151 1779
153 381
153 480
153 603
153 968
153 2227
154 296
154 301
154 776
154 829
154 853
154 1430
154 1483
154 1653
154 1765
154 2227
155 296
155 367
155 590
155 1137
155 1391
156 296
156 325
156 329
156 331
156 336
156 330
156 432
156 444
156 447
156 450
156 452
156 461
156 529
156 632
156 875
156 1128
156 1149
156 2060
156 2718
157 296
157 376
157 396
157 240
157 691
157 776
157 970
157 1060
157 2227
158 383
158 554
158 958
159 296
159 554
159 1140
160 161
160 162
160 398
160 621
160 776
160 1885
163 164
163 691
163 881
163 997
165 166
165 222
165 225
165 273
165 274
165 309
165 312
165 316
165 317
165 386
165 406
165 429
165 512
165 593
165 602
165 699
165 714
165 717
165 771
165 799
165 821
165 831
165 909
165 935
165 979
165 1103
165 1276
165 1388
165 1389
165 1440
165 1457
165 1472
165 1823
165 1898
165 1913
165 2000
165 2291
165 2579
165 2602
166 225
166 602
167 168
167 169
167 406
167 597
167 776
167 1572
168 393
168 818
168 777
168 896
168 1054
168 1576
168 1871
169 393
170 171
170 204
170 319
170 369
170 406
170 717
170 737
170 739
170 883
170 971
170 1128
170 1246
170 1363
170 2317
170 2620
171 296
171 513
171 515
171 537
171 737
171 776
171 899
171 1282
171 1363
171 1765
171 1886
171 2271
171 2542
172 2380
172 2698
173 308
173 358
173 665
173 1049
174 175
174 204
174 397
174 819
174 1022
175 219
175 268
175 336
175 387
175 397
175 430
175 506
175 520
175 819
175 898
175 1022
175 1030
175 1248
175 1426
175 1602
175 1836
176 177
176 178
176 179
176 180
176 181
176 182
176 183
176 184
176 185
176 186
176 187
176 188
176 189
176 190
176 191
176 192
176 249
176 336
176 1006
177 265
177 375
177 406
177 706
177 773
177 835
177 1261
177 2023
179 336
179 432
180 303
180 356
180 406
180 427
180 520
180 851
182 310
183 588
183 1807
185 310
187 336
187 406
187 1807
189 406
190 336
192 406
193 303
193 356
193 487
193 745
193 765
193 1220
193 1300
193 1514
194 226
194 947
194 1301
195 406
195 415
195 588
195 1319
195 1484
195 2340
196 197
197 198
197 249
197 336
198 270
198 287
198 343
198 361
198 491
198 554
198 565
198 591
198 626
198 686
198 776
198 820
198 848
198 850
198 1486
198 1543
198 1544
198 1567
198 1659
198 1686
199 741
199 748
199 764
199 786
199 833
199 1129
199 1175
199 1560
200 232
200 336
200 406
200 432
200 445
200 522
200 993
200 2682
201 230
201 232
201 235
201 326
201 328
201 336
201 432
201 446
201 450
201 691
201 997
202 499
202 627
202 670
202 826
202 778
202 1026
202 1085
202 1140
202 1242
202 1247
202 1252
202 1407
202 1422
202 1425
202 1713
202 1747
202 2090
202 2193
202 2269
202 2437
202 2620
202 2629
202 2669
203 439
203 532
203 536
203 618
203 725
203 726
203 844
203 940
204 205
204 206
204 207
204 208
204 249
204 336
204 936
204 1006
205 336
205 1346
206 235
206 336
206 420
206 522
206 554
206 616
206 625
206 691
206 853
206 946
206 960
206 1173
206 1406
206 1427
206 1464
206 1596
206 1640
206 1653
206 1732
206 1737
206 1861
206 2436
206 2507
206 2517
206 2693
207 406
208 291
208 406
208 936
209 210
209 299
209 385
209 393
209 588
209 595
209 640
209 765
209 792
209 853
209 866
209 888
209 946
209 993
209 1005
209 1029
209 1080
209 1165
209 1167
209 1176
209 1330
209 1348
209 1461
209 1466
209 1535
209 1592
209 1596
209 1630
209 1717
209 1731
209 1785
209 1798
209 1992
209 2076
209 2099
209 2250
209 2347
209 2438
209 2440
209 2471
209 2581
210 221
210 299
210 597
210 776
210 822
210 888
211 261
211 296
211 521
211 554
211 665
211 776
211 2347
212 232
212 236
212 296
212 336
212 353
212 461
212 462
212 467
212 696
212 819
212 1076
212 1077
212 1302
215 277
215 790
215 881
215 1933
215 2248
215 2296
215 2313
215 2446
215 2515
215 2574
215 2578
216 218
217 350
218 336
218 393
218 240
221 2192
223 224
225 393
225 777
225 1364
225 1385
225 1528
225 1553
225 1682
225 1690
225 1748
225 1760
225 2040
225 2097
226 694
226 732
227 228
227 249
227 776
227 1579
227 1606
229 230
229 232
229 236
229 239
229 335
229 336
229 393
229 432
229 433
229 435
229 453
229 454
229 465
229 466
229 564
230 232
230 329
230 331
230 336
230 393
230 240
230 463
230 466
230 564
230 578
230 953
231 232
231 336
232 233
232 234
232 235
232 332
232 336
232 330
232 432
232 564
233 336
233 406
233 455
234 336
234 350
234 432
234 446
234 564
234 707
234 786
234 777
234 959
234 1777
235 326
235 336
235 446
235 450
235 685
235 691
235 776
235 960
235 997
235 1251
235 1481
235 1542
235 2277
236 238
236 239
236 335
236 336
236 240
236 432
236 451
236 453
236 462
236 464
236 564
236 1085
236 1196
237 326
237 336
237 240
237 433
237 653
238 239
238 239
238 240
238 240
238 335
238 336
238 459
238 451
238 453
238 465
238 564
238 653
239 240
239 240
239 325
239 335
239 336
239 432
239 433
239 435
239 442
239 454
239 464
239 466
239 467
239 468
239 564
239 653
240 335
240 336
240 245
240 258
240 288
240 303
240 432
240 435
240 436
240 438
240 443
240 459
240 453
240 464
240 465
240 466
240 468
240 653
240 776
240 778
240 881
240 992
240 1254
240 1375
240 1433
240 1579
240 1606
240 1714
240 1732
240 1829
240 2238
240 2266
240 2663
241 357
241 699
241 715
241 806
241 917
241 1057
241 1695
241 2039
241 2097
241 2599
242 511
242 551
242 719
242 732
242 1288
242 1551
242 1674
242 1906
242 2376
242 2412
243 244
243 289
243 2080
243 2263
244 725
244 776
244 824
244 2222
245 246
245 618
245 1197
245 2688
246 441
246 618
246 725
246 1001
246 1405
247 530
247 786
248 547
248 773
249 250
249 251
249 252
249 253
250 406
251 406
252 406
254 554
254 690
254 742
254 776
254 824
254 844
254 1001
254 1266
254 1374
254 1475
254 1544
254 2080
255 542
255 1068
255 1426
255 1756
255 2104
255 2142
255 2607
255 2608
256 257
256 530
256 776
256 921
256 1864
257 393
257 695
257 879
258 336
258 364
258 365
258 461
258 530
258 586
258 694
258 722
258 732
258 745
258 860
258 884
258 988
258 1076
258 1077
258 1231
258 1313
258 1543
259 2055
260 1219
261 347
261 571
261 732
261 2112
261 2227
262 347
262 454
262 554
262 732
262 776
262 869
262 1230
262 1405
262 1406
262 1430
262 1542
262 2436
263 493
263 732
263 776
263 789
263 791
263 964
263 965
263 1079
263 1083
263 1381
263 1875
263 2227
263 2253
263 2664
264 731
264 1199
264 1254
264 1872
264 1978
264 2059
264 2083
264 2227
264 2626
266 267
266 287
266 336
266 382
266 1006
266 1254
266 1260
267 583
267 732
267 776
268 611
268 2521
269 530
270 530
270 1418
270 2244
271 272
271 420
271 566
271 567
271 691
271 700
271 1086
271 1404
272 685
272 700
272 776
272 1086
272 1106
272 1542
273 274
273 671
273 799
274 386
275 1121
275 1473
276 389
276 727
276 1121
276 1136
277 336
277 553
277 1006
278 279
278 406
278 415
278 421
278 427
278 560
278 670
278 730
278 861
278 1062
278 2167
279 427
280 281
280 282
280 283
280 284
280 285
280 286
280 355
280 334
280 538
280 546
280 554
280 910
280 995
280 996
280 1104
280 1118
280 1119
280 1123
280 1071
280 1129
280 1132
280 1259
280 1262
280 1292
280 1579
280 1606
280 2122
282 554
282 1326
283 554
283 996
287 399
287 507
287 527
287 549
287 565
287 568
287 817
287 942
287 1132
287 1210
287 1213
287 1292
287 1420
287 1623
287 1686
287 1700
287 1712
287 1714
287 1950
287 1968
287 2080
287 2258
287 2522
288 1057
288 1188
288 1748
288 1750
288 2045
288 2097
289 613
289 741
289 786
289 1560
290 336
290 553
290 1006
291 936
292 1158
294 336
294 358
294 432
294 449
294 477
294 552
294 678
294 745
294 1038
294 1075
294 1386
294 1399
295 480
295 968
296 297
296 298
296 336
296 553
296 1006
297 319
297 717
297 737
297 883
297 899
297 971
297 1128
297 1246
297 1363
297 1876
297 1895
297 2035
297 2271
297 2317
297 2358
297 2620
298 336
298 376
298 388
298 344
298 416
298 353
298 498
298 513
298 515
298 537
298 588
298 595
298 604
298 606
298 607
298 611
298 620
298 684
298 719
298 739
298 750
298 751
298 752
298 753
298 756
298 776
298 792
298 814
298 819
298 837
298 856
298 858
298 857
298 877
298 898
298 900
298 988
298 989
298 1002
298 1022
298 1030
298 1116
298 1128
298 1133
298 1144
298 1151
298 1153
298 1178
298 1246
298 1282
298 1293
298 1294
298 1353
298 1451
298 1428
298 1480
298 1492
298 1531
298 1539
298 1566
298 1568
298 1755
298 1759
298 1761
298 1765
298 1785
298 1799
298 1817
298 1908
298 1931
298 1969
298 1981
298 2114
298 2116
298 2119
298 2121
298 2230
298 2241
298 2283
298 2310
298 2347
298 2355
298 2358
298 2438
298 2471
298 2487
298 2489
298 2526
298 2528
298 2594
298 2680
299 516
299 595
299 670
299 822
299 834
299 853
299 868
299 869
299 993
299 1013
299 1038
299 1080
299 1167
299 1268
299 1348
299 1631
299 1647
299 1662
299 1722
299 1765
299 1798
299 1992
299 2166
299 2247
299 2373
299 2555
300 1138
300 1190
300 1884
300 2467
302 358
302 1399
303 356
303 347
303 486
303 487
303 745
303 765
303 860
303 1295
303 1300
303 1303
303 1304
303 1346
303 2371
304 481
304 599
304 819
304 893
304 1407
304 1422
304 1873
304 2017
304 2259
304 2312
304 2520
304 2620
304 2625
306 307
308 358
308 665
308 1049
312 593
312 743
312 849
312 1170
312 2296
314 315
314 672
316 317
316 2602
317 512
317 602
317 771
317 935
317 1457
317 2602
318 630
318 813
318 903
318 1926
318 2017
318 2426
319 530
319 732
319 776
319 1091
319 1430
319 1738
319 2270
320 321
320 784
320 1579
320 1606
323 324
323 385
323 575
323 936
324 948
325 336
325 433
325 461
325 462
325 467
325 564
325 653
326 327
326 328
326 336
326 446
326 653
326 739
326 760
326 1574
326 1611
327 328
327 336
327 432
327 446
327 450
327 451
327 466
327 468
327 653
328 336
328 432
328 446
328 450
328 453
328 466
328 564
328 653
329 330
329 331
329 332
329 336
329 432
329 433
329 444
329 450
329 452
329 461
329 462
329 653
329 1965
330 331
330 332
330 336
330 432
330 444
330 450
330 452
330 462
330 534
330 653
330 745
330 1254
330 1483
330 2157
330 2172
330 2536
331 332
331 335
331 336
331 432
331 435
331 450
331 452
331 453
331 462
331 463
331 465
331 466
331 564
331 653
331 681
331 1014
331 1049
332 333
332 334
332 336
332 432
332 461
332 462
332 468
332 653
332 745
333 554
334 546
334 653
334 745
334 851
334 881
334 910
334 936
334 988
334 1038
334 1119
334 1129
334 1158
334 1301
334 1827
335 336
335 432
335 433
335 454
335 463
335 464
335 466
335 653
336 337
336 338
336 339
336 340
336 341
336 342
336 336
336 343
336 344
336 345
336 346
336 347
336 348
336 349
336 350
336 351
336 352
336 353
336 432
336 461
336 465
336 599
336 629
336 632
336 819
336 893
336 948
336 1014
336 1049
337 432
337 466
338 528
341 440
342 440
343 491
343 554
343 573
343 653
343 732
343 742
343 776
343 803
343 848
343 850
343 956
343 1328
343 1336
343 1417
343 1543
343 1659
343 1943
343 1950
343 2220
343 2222
343 2258
343 2537
344 435
344 467
344 498
344 511
344 528
344 565
344 588
344 624
344 653
344 755
344 776
344 792
344 858
344 1153
344 1178
344 1217
345 366
345 351
345 432
345 451
345 454
345 474
345 492
345 509
345 554
345 588
345 623
345 640
345 653
345 667
345 680
345 688
345 761
345 775
345 776
345 792
345 796
345 802
345 834
345 839
345 843
345 858
345 867
345 869
345 915
345 964
345 973
345 990
345 1029
345 1139
345 1165
345 1173
345 1254
345 1282
345 1468
345 1474
345 1483
345 1565
345 1596
345 1654
345 1777
345 1886
345 1988
345 1992
345 2215
345 2374
345 2412
345 2439
345 2453
345 2454
345 2519
345 2581
346 540
346 636
346 649
346 653
346 907
346 1129
346 1254
346 1556
346 1734
346 2459
346 2566
346 2720
347 417
347 1006
348 571
348 606
348 653
348 707
348 776
348 954
348 1046
348 1058
348 1127
348 1191
348 1199
348 1287
348 1572
348 1721
348 1884
348 1992
348 2162
348 2555
348 2560
349 418
349 442
349 533
349 588
349 625
349 653
349 776
349 792
349 819
349 861
349 895
349 960
349 1069
349 1073
349 1125
349 1248
349 1254
349 1282
349 1298
349 1414
349 1481
349 1564
349 1578
349 1604
349 1662
349 1941
349 2020
349 2031
349 2128
349 2201
349 2430
349 2695
350 627
350 653
350 691
350 776
350 1248
350 1611
351 366
351 432
351 474
351 492
351 554
351 571
351 588
351 623
351 653
351 667
351 680
351 761
351 776
351 792
351 796
351 834
351 843
351 835
351 858
351 869
351 863
351 915
351 964
351 973
351 990
351 993
351 1079
351 1080
351 1081
351 1083
351 1093
351 1139
351 1282
351 1366
351 1397
351 1439
351 1464
351 1466
351 1474
351 1492
351 1592
351 1596
351 1654
351 1663
351 1774
351 1777
351 1886
351 1906
351 1988
351 1992
351 2025
351 2312
351 2374
351 2439
351 2447
351 2454
351 2615
351 2624
352 653
352 776
352 880
352 881
352 1130
352 1254
353 467
353 528
353 533
353 604
353 732
353 819
353 858
353 898
353 998
353 1120
353 1254
353 1474
353 1483
353 1593
353 1891
353 2371
353 2438
354 927
356 530
356 615
356 851
356 1002
356 1231
356 1393
357 448
357 715
357 738
357 798
357 806
357 830
357 917
357 1057
357 1690
357 1748
357 1750
357 2045
357 2097
357 2421
357 2468
357 2599
357 2619
358 359
358 360
359 605
359 636
359 641
359 646
359 653
359 819
359 936
359 994
359 1129
359 1427
359 1558
359 1734
359 1959
359 2097
360 422
360 640
360 732
360 776
360 804
360 857
360 836
360 778
360 990
360 1067
360 1085
360 1116
360 1407
360 1679
360 1823
360 1829
360 1869
360 1900
360 2192
360 2193
360 2256
360 2260
360 2312
360 2347
360 2520
360 2546
361 489
361 494
361 490
361 581
361 591
361 619
361 690
361 692
361 695
361 705
361 741
361 742
361 762
361 776
361 824
361 876
361 878
361 921
361 956
361 957
361 961
361 966
361 1070
361 1071
361 1241
361 1417
361 1475
361 1723
361 2080
362 363
364 365
364 486
364 586
364 694
364 812
364 860
364 953
364 1076
364 1077
364 1231
364 1313
364 1346
364 1407
364 2227
364 2616
365 486
365 586
365 653
365 694
365 697
365 745
365 856
365 881
365 897
365 1011
365 1132
365 1158
365 1232
365 1250
365 1303
365 1387
365 1507
365 1754
365 1764
365 2012
365 2616
366 500
366 564
366 680
366 691
366 718
366 776
366 785
366 788
366 801
366 822
366 853
366 869
366 946
366 964
366 992
366 1013
366 1041
366 1087
366 1093
366 1120
366 1126
366 1127
366 1139
366 1165
366 1287
366 1380
366 1382
366 1381
366 1572
366 1777
366 1872
366 1886
366 1978
366 2025
366 2149
366 2306
366 2356
366 2447
366 2632
366 2708
367 492
367 493
367 554
367 590
367 713
367 732
367 776
367 869
367 1013
367 1090
367 1268
368 554
368 573
368 687
368 776
368 808
368 820
368 941
368 1209
368 2573
369 370
369 444
369 503
369 601
369 608
369 653
369 838
369 839
369 955
369 983
369 1031
369 1050
369 1112
369 1166
369 1171
369 1172
369 1289
369 1435
369 1453
369 1454
369 1467
369 1531
369 1598
369 1599
369 1600
369 1605
369 1629
369 1775
369 1863
369 1906
369 1967
369 2010
369 2013
369 2073
369 2099
369 2290
369 2644
369 2684
370 371
370 1197
370 1433
371 554
371 653
371 731
371 776
371 778
371 936
371 992
371 1045
371 1254
371 1335
371 1433
371 1714
371 1818
371 2238
371 2256
372 431
372 485
372 554
372 653
372 690
372 695
372 705
372 725
372 742
372 776
372 808
372 824
372 876
372 941
372 942
372 956
372 1082
372 1209
372 1210
372 1213
372 1233
372 1248
372 1254
372 1417
372 1420
372 1430
372 1543
372 1544
372 1623
372 1700
372 2049
372 2080
372 2221
372 2263
372 2307
372 2522
373 700
373 776
373 888
373 981
373 1083
373 1240
373 2710
376 377
378 527
378 817
378 1462
378 1968
379 801
379 951
379 1406
380 718
380 1680
380 2296
381 603
381 2097
382 653
382 776
382 1006
385 1407
388 624
388 653
388 668
388 819
388 862
389 390
389 457
389 453
389 650
389 653
389 994
389 2174
389 2227
389 2715
390 457
390 650
390 994
390 997
390 1150
390 1180
390 1405
391 392
391 444
391 504
391 588
391 607
391 610
391 1031
391 1074
391 1109
391 1141
391 1476
391 1522
391 1531
391 1595
391 1612
391 1672
391 1673
391 1674
391 1675
391 1711
391 2015
391 2056
391 2284
391 2385
391 2434
391 2483
391 2639
391 2649
391 2688
392 469
392 504
392 585
392 604
392 607
392 609
392 610
392 631
392 653
392 719
392 823
392 931
392 982
392 984
392 987
392 1033
392 1113
392 1141
392 1147
392 1158
392 1197
392 1228
392 1390
392 1450
392 1531
392 1541
392 1551
392 1595
392 1674
392 1752
392 1830
392 1835
392 1845
392 1905
392 2014
392 2034
392 2205
392 2281
392 2376
392 2385
392 2386
392 2410
392 2413
392 2472
392 2473
392 2481
392 2666
392 2688
392 2727
393 394
393 1006
394 481
394 679
395 396
395 628
395 970
396 653
396 776
396 1258
396 1433
396 1434
396 1662
396 1714
396 1732
396 2031
396 2589
397 653
397 856
397 895
397 1128
397 1303
397 1754
397 2323
397 2718
398 653
398 944
398 2449
399 565
399 617
399 686
399 742
399 850
399 1248
399 1254
399 1328
399 1508
399 1659
399 1943
399 1968
400 401
400 427
400 653
400 579
400 666
400 785
400 955
400 1191
400 1797
400 1899
400 2253
400 2345
401 406
401 595
402 596
402 653
402 776
402 862
402 864
402 1067
402 1080
402 1084
402 1316
402 1662
402 1714
402 1815
402 2192
402 2457
402 2546
403 432
403 554
403 592
403 653
403 742
403 820
403 844
403 878
403 956
403 1508
404 450
404 453
404 570
404 632
404 653
404 881
404 936
404 995
404 996
404 1254
404 1321
404 1574
404 1732
404 2337
405 653
405 693
405 696
405 744
406 407
406 408
406 409
406 410
406 411
406 474
406 653
406 1430
408 833
408 1284
409 1515
412 413
412 773
412 993
412 1183
412 1513
412 2117
413 551
413 653
413 717
413 883
413 1223
414 415
415 427
415 653
415 670
415 2019
416 571
416 653
416 707
416 1191
417 776
417 824
417 1254
417 1266
417 1347
417 2222
418 624
418 653
418 776
418 885
418 895
418 989
418 1073
418 1259
418 1480
418 1619
418 2022
418 2358
418 2655
419 653
419 819
419 825
419 927
419 1244
419 1254
419 1298
419 1578
419 1858
419 2020
419 2031
419 2201
420 616
420 653
420 683
420 685
420 777
420 989
420 997
420 1251
420 1663
420 2069
420 2710
422 474
422 778
422 1407
425 426
425 1038
425 1251
425 1542
425 1732
425 2037
425 2059
427 428
427 928
428 670
428 730
428 2019
432 433
432 433
432 434
432 435
432 436
432 437
432 438
432 439
432 440
432 441
432 442
432 443
432 444
432 445
432 446
432 447
432 448
432 449
432 450
432 451
432 452
432 452
432 453
432 454
432 455
432 456
432 461
432 462
432 463
432 464
432 465
432 583
432 732
432 819
432 948
432 1098
432 1375
432 1494
432 1767
432 2549
433 732
433 882
433 1136
433 1143
433 1965
433 2142
433 2230
434 485
434 732
435 464
435 465
435 466
435 468
435 732
435 992
435 1098
435 2060
435 2307
436 449
436 732
436 1557
437 445
437 445
437 448
437 732
437 993
438 452
438 461
438 732
438 745
439 732
440 732
441 618
441 732
441 948
442 443
442 732
443 732
443 1632
443 2705
444 452
444 452
444 461
444 462
444 463
444 465
444 564
444 732
445 463
445 732
445 993
446 653
446 691
446 732
446 996
446 1089
446 1123
446 1213
446 1632
446 1714
446 2495
446 2705
447 461
447 462
447 635
447 653
447 732
447 1354
447 1494
447 1579
447 1606
447 1793
447 1814
447 1965
447 2718
448 715
448 732
448 1748
448 2468
449 464
449 732
449 1557
449 2347
450 452
450 465
450 632
450 732
451 691
451 732
452 460
452 462
452 465
452 681
452 732
452 1988
453 732
454 460
454 465
454 564
454 732
455 732
455 1136
456 457
456 554
456 624
456 636
456 641
456 646
456 819
456 856
456 994
456 1129
456 1248
456 1427
456 1558
456 1734
457 458
457 994
458 565
458 994
458 1150
459 732
460 623
460 653
460 703
460 776
460 1080
460 1886
460 2058
460 2382
461 462
461 1254
461 1375
462 467
462 653
463 465
463 466
463 564
463 653
463 681
463 1430
464 465
464 466
464 467
464 564
464 653
464 1375
465 468
465 653
466 468
466 653
466 992
466 993
467 468
468 948
468 992
469 2688
470 554
470 776
470 920
470 1091
470 1098
470 1481
470 1574
470 1722
470 1732
470 1780
470 1788
470 1858
470 1865
470 2246
470 2318
471 1055
472 473
472 569
472 653
474 475
474 476
474 477
474 478
474 479
474 480
474 481
477 732
477 1235
477 1399
477 1790
477 2060
477 2526
480 1823
481 599
481 624
481 625
481 636
481 645
481 646
481 647
481 649
481 775
481 819
481 849
481 856
481 885
481 893
481 894
481 898
481 960
481 990
481 1059
481 1066
481 1079
481 1110
481 1120
481 1111
481 1156
481 1178
481 1407
481 1570
481 1604
481 1670
481 1734
481 1781
481 1892
481 1977
481 2020
481 2075
481 2085
481 2086
481 2090
481 2193
481 2355
481 2489
481 2610
481 2614
481 2620
482 653
482 868
482 1668
482 2340
482 2517
483 484
483 496
483 622
483 715
483 772
483 779
483 781
483 806
483 832
483 918
483 1038
483 1042
483 1048
483 1271
483 1272
483 1409
483 1511
483 1602
483 1744
483 1860
483 2007
483 2039
483 2097
483 2421
484 809
484 849
484 934
484 1069
484 1107
484 1110
484 1111
484 1271
484 1409
484 1528
484 1553
484 1602
484 1856
484 1860
484 1871
484 1872
484 2007
484 2296
484 2467
485 695
485 732
485 776
485 1018
485 2080
486 487
486 488
486 694
486 697
486 851
486 860
486 1232
486 1303
486 1387
486 1507
486 1614
486 2616
487 614
487 615
487 694
487 696
487 851
487 856
487 860
487 897
487 945
487 1002
487 1021
487 1231
487 1232
487 1300
487 1304
487 1346
487 1564
487 1705
487 1754
487 2272
488 694
488 1232
488 1254
488 1250
488 1300
488 1303
488 2165
488 2600
489 490
489 591
489 686
489 695
490 591
490 617
490 686
490 695
490 732
490 848
490 878
490 996
490 1239
490 1258
490 1392
490 1421
490 1499
490 1560
490 1575
490 1790
491 554
491 592
491 686
491 725
491 742
491 776
491 820
491 850
491 940
491 956
491 992
491 1196
491 1241
491 1248
491 1261
491 1328
491 1336
491 1342
491 1417
491 1544
491 1567
491 1712
491 2220
491 2221
491 2258
491 2522
491 2537
492 500
492 647
492 776
492 788
492 804
492 1038
492 1080
492 1474
492 1535
492 2227
492 2416
492 2436
492 2453
492 2516
493 554
493 776
493 789
493 804
493 990
493 1038
493 1091
493 1127
493 1362
493 1376
493 1496
493 1557
493 1565
493 1875
493 1902
493 2227
493 2253
493 2256
493 2436
494 581
494 591
494 695
494 762
494 776
494 876
494 878
494 921
494 957
494 966
494 1939
495 592
495 619
495 686
495 742
495 748
495 776
495 803
495 824
495 876
495 941
495 956
495 962
495 1070
495 1082
495 1233
495 1245
495 1374
495 1475
495 1499
495 1543
495 1547
495 1723
495 2080
496 497
496 622
496 715
496 772
496 832
496 1022
496 1048
496 1272
496 1409
496 1744
496 1856
496 2097
496 2421
497 541
497 653
497 1035
497 1068
497 1127
497 1144
497 1426
497 1446
497 1856
497 2102
497 2407
498 732
499 776
499 1882
499 2269
501 502
501 702
501 776
501 789
501 964
501 1079
501 1091
501 1167
501 1442
501 1777
502 776
502 789
502 964
502 965
510 971
511 588
511 607
511 732
511 741
511 756
511 792
511 856
511 1015
511 1076
511 1178
511 1282
511 1300
511 1313
511 2695
512 935
512 1898
513 514
513 740
513 790
513 861
513 1008
513 1022
513 2217
514 598
514 653
514 790
514 2134
514 2296
514 2515
515 588
515 627
515 760
515 792
515 926
515 960
515 1125
515 1128
515 1317
515 1718
515 2058
515 2320
516 986
516 1904
516 2285
517 541
517 565
517 574
517 702
517 745
517 776
517 828
517 850
517 882
517 988
517 1127
517 1143
517 1206
517 1426
517 1470
517 1486
517 1566
517 1611
517 1834
517 1851
517 1860
517 1918
517 2102
517 2129
517 2134
517 2358
517 2409
517 2526
517 2578
518 519
518 571
519 715
519 1690
519 1748
519 1949
519 2055
519 2097
519 2421
521 554
521 623
521 640
521 707
521 729
521 776
521 834
521 835
521 865
521 946
521 1005
521 1029
521 1116
521 1173
521 1464
521 1596
521 1777
521 1875
521 1904
521 2135
522 776
522 993
522 950
522 1199
522 1205
522 1666
522 2442
524 525
525 988
525 1174
525 2458
527 718
527 942
527 1034
527 1066
527 1292
527 1456
527 1764
527 2154
528 588
528 611
528 739
528 751
528 753
528 756
528 776
528 792
528 837
528 884
528 1178
528 1254
528 1313
528 1486
528 1826
528 1995
528 2167
528 2358
529 537
529 560
529 574
529 561
529 562
529 563
529 633
529 635
529 723
529 739
529 749
529 758
529 841
529 892
529 992
529 1012
529 1034
529 1128
529 1292
529 1294
529 1321
529 1354
529 1483
529 1574
529 1579
529 1606
529 1657
529 1663
529 1691
529 1793
529 1814
529 1931
529 1936
529 1962
529 1968
529 1987
529 2003
529 2060
529 2157
529 2161
529 2172
529 2310
529 2448
529 2526
529 2536
529 2541
529 2594
529 2695
529 2699
529 2718
529 2720
530 531
530 1006
531 597
531 732
531 783
531 1425
531 1571
531 1834
532 536
532 554
532 725
532 726
532 732
532 742
532 1326
532 2372
533 732
533 739
533 776
533 861
534 564
534 632
534 728
534 732
534 745
534 776
534 873
534 908
534 922
534 1078
534 1398
535 554
535 623
535 732
535 776
535 788
535 1029
535 1283
535 1382
535 1381
535 1474
535 1654
536 726
536 732
536 842
536 1308
536 1326
536 2372
537 627
537 731
537 732
537 739
537 760
537 895
537 936
537 1002
537 1148
537 1293
537 1574
537 1799
537 1886
537 1936
537 1962
537 2020
537 2031
537 2161
537 2201
537 2272
537 2310
537 2448
537 2594
537 2680
537 2685
538 732
538 760
538 936
538 1402
538 1423
538 2372
539 558
539 676
539 732
539 901
539 1232
539 1250
539 1297
539 1303
539 1306
539 1393
539 1456
539 1487
539 1703
539 1801
539 1807
539 1811
539 1802
539 1804
539 2226
540 574
540 629
540 632
540 732
540 745
540 858
540 900
540 988
540 1062
540 1232
540 1263
541 732
541 745
541 759
541 920
541 1071
541 1261
541 1615
541 1653
541 1790
541 2102
541 2129
541 2227
541 2343
541 2715
542 732
542 776
542 1068
542 1143
542 1203
542 1426
542 1486
542 1914
542 2104
542 2142
542 2607
543 669
543 925
544 545
544 967
546 910
546 1119
547 717
547 773
548 732
548 884
548 1263
551 1031
551 1108
551 1531
551 1595
552 1049
554 555
554 556
554 557
554 1544
554 2334
555 573
555 820
555 844
556 653
556 1128
557 776
557 811
557 1419
558 676
558 901
558 1297
558 1455
558 1456
559 2578
560 561
560 562
560 563
561 697
561 698
561 710
561 723
561 739
561 749
561 758
561 838
561 841
561 871
561 884
561 953
561 1011
561 1158
561 1242
561 1292
561 1344
561 1458
561 1497
561 1617
561 1652
561 1886
561 2718
562 676
562 697
562 723
562 739
562 749
562 758
562 763
562 838
562 841
562 871
562 901
562 1011
562 1297
562 1344
562 1458
562 1497
562 1527
562 1617
562 1652
562 2718
563 697
563 723
563 739
563 749
563 758
563 763
563 838
563 841
563 871
563 901
563 953
563 1011
563 1297
563 1306
563 1344
563 1458
563 1497
563 1617
563 1652
565 942
565 1292
565 1470
565 1552
565 1700
566 567
570 920
571 572
571 1430
572 715
572 1275
573 686
573 776
573 820
573 941
573 956
573 1001
573 1070
573 1241
573 1543
573 2258
574 988
574 1754
575 948
576 577
577 578
577 579
578 775
578 1214
579 2466
579 2549
580 793
580 1557
580 1883
580 2259
581 582
581 776
581 921
581 943
581 956
581 1261
581 1325
581 1374
582 762
582 992
582 2303
583 584
583 776
583 785
583 1098
583 1406
583 1647
584 1254
585 1074
585 1288
585 1367
585 1531
585 1601
585 1753
585 1835
585 2015
585 2103
585 2728
586 745
586 1093
586 1232
586 1303
586 1333
586 1507
587 776
587 970
587 1254
587 1407
587 1433
587 1434
587 2160
587 2457
588 589
588 756
588 776
588 792
588 971
588 1038
588 1066
588 1069
588 1080
588 1098
588 1102
588 1117
588 1228
588 1236
588 1282
588 1295
588 1301
588 1438
588 1447
588 1486
588 1566
588 1611
588 1631
588 1765
588 1788
588 1872
588 1876
588 1895
588 1944
588 1987
588 1988
588 1992
588 2017
588 2035
588 2046
588 2061
588 2106
588 2194
588 2227
588 2358
588 2457
588 2578
588 2620
588 2682
588 2695
589 653
589 776
589 792
589 1254
589 2496
590 713
590 776
590 829
590 1105
590 1127
590 1137
590 1615
590 2083
590 2454
591 776
591 824
591 1122
591 1152
591 1210
591 1211
591 1241
591 1254
591 1343
591 1702
592 686
592 820
592 943
592 956
592 1233
592 1325
592 1543
592 1712
593 594
594 653
594 916
594 919
594 1022
594 1036
594 1358
594 1370
594 1379
594 1681
594 1825
594 2379
595 776
595 784
595 785
595 1128
595 1741
595 2035
596 776
596 1418
596 1572
596 2292
597 783
597 1254
597 1425
597 2502
598 2515
599 600
600 670
600 819
600 893
600 1254
600 1884
600 1900
601 750
601 757
601 838
601 846
601 877
601 903
601 972
601 998
601 1088
601 1095
601 1124
601 1133
601 1135
601 1097
601 1171
601 1444
601 1608
601 1832
601 2046
601 2207
601 2509
601 2616
601 2691
604 856
604 1128
604 2032
604 2035
604 2098
604 2364
605 1068
607 1074
607 1164
607 1594
607 1674
607 2056
608 776
608 931
608 1033
608 1074
608 1087
608 1113
608 1141
608 1166
608 1531
608 1551
608 1579
608 1606
608 1621
608 1674
608 1765
608 1911
608 2056
608 2376
608 2511
609 1531
610 931
610 1531
611 612
611 776
611 874
611 1246
611 1282
611 1531
611 1741
612 667
612 750
612 751
612 752
612 753
612 754
612 775
612 776
612 834
612 870
612 863
612 891
612 1013
612 1080
612 1126
612 1287
612 1269
612 1447
612 1449
612 1474
612 1492
612 1496
612 1535
612 1618
612 1654
612 1765
612 1886
612 1988
612 2058
612 2114
612 2025
612 2250
612 2382
612 2438
612 2455
612 2570
613 741
613 745
613 1070
613 1071
613 2529
614 1002
614 1021
614 1300
615 1002
615 1021
615 1300
615 2272
616 800
616 888
616 936
616 960
616 1251
616 1542
616 1777
616 1792
616 1853
617 956
617 2097
618 725
618 1196
618 1214
618 1870
618 2048
618 2236
619 741
619 776
619 803
619 876
619 921
619 962
619 992
619 996
619 1070
619 1241
619 1245
619 1374
619 1475
619 1499
619 1543
619 1547
619 1723
619 2148
619 2161
620 873
620 1327
620 1505
621 2260
621 2673
622 2130
623 776
623 834
623 835
623 869
623 990
623 1029
623 1098
623 1176
623 1266
623 1348
623 1634
623 1732
623 1777
623 1875
623 1988
623 2334
624 885
624 1022
624 1259
624 1451
624 1566
624 1734
624 2283
624 2359
624 2578
625 870
625 946
625 960
625 1288
625 1347
625 1406
625 1490
625 1611
625 1721
625 1780
625 1853
625 2140
625 2162
626 848
626 923
626 1328
626 1336
626 1543
626 1950
626 2222
627 760
627 793
627 863
627 903
627 980
627 990
627 1047
627 1155
627 1407
627 1408
627 1574
627 1636
627 1821
627 1892
627 1946
627 2090
627 2358
627 2437
627 2629
629 856
629 1322
629 1356
630 776
630 902
630 912
630 971
630 1102
630 1198
630 1246
630 1512
630 1566
630 2006
630 2134
630 2188
630 2318
630 2423
631 764
631 780
631 931
631 1056
631 2688
632 776
632 812
634 1184
634 2273
635 692
635 884
635 1011
635 1931
635 2403
635 2592
636 637
636 638
636 639
636 640
636 641
636 642
636 643
636 644
636 645
636 646
636 647
636 648
636 649
636 784
636 849
636 836
636 894
636 907
636 990
636 1110
636 1129
636 1170
636 1177
636 1427
636 1516
636 1558
636 1734
636 1959
636 1977
636 2086
636 2116
636 2359
637 1427
637 1734
637 1959
638 1129
638 1427
638 1734
638 1959
639 1427
639 1734
639 1959
640 835
640 863
640 990
640 1427
640 1734
640 1959
640 2072
640 2359
641 1427
641 1734
641 1959
642 1427
642 1734
642 1959
643 1427
643 1734
643 1959
644 1129
644 1427
644 1734
644 1959
645 862
645 1427
645 1734
645 1959
645 2359
646 856
646 857
646 1068
646 1102
646 1427
646 1516
646 1670
646 1734
646 1838
646 1857
646 1883
646 1959
646 2085
646 2116
646 2347
646 2359
646 2610
646 2627
647 901
647 1461
647 1427
647 1734
647 1959
648 907
648 1427
648 1734
648 1959
649 894
649 898
649 1021
649 1362
649 1427
649 1734
649 1959
650 1640
651 652
651 1322
651 1356
652 653
652 1676
653 654
653 655
653 656
653 657
653 658
653 659
653 660
653 661
653 662
653 663
654 2196
655 1127
655 2403
656 797
658 776
658 851
658 1129
659 881
661 833
662 707
663 963
663 1191
663 1238
663 1415
663 1906
663 2227
663 2326
663 2480
664 785
664 789
664 1777
664 2253
664 2613
665 776
665 869
665 992
665 1049
666 1037
666 2010
667 776
667 785
667 792
667 869
667 870
667 1013
667 1080
667 1474
667 1638
667 1654
667 1765
667 1987
667 1988
667 2382
667 2438
667 2594
671 799
671 1035
673 674
673 1697
676 677
676 901
676 1643
677 758
677 841
677 871
677 872
677 901
677 1002
677 1011
677 1034
677 1062
677 1161
677 1220
677 1231
677 1293
677 1297
677 1306
677 1344
677 1365
677 1458
677 1456
677 1497
677 1527
677 1617
677 1619
677 1652
677 2718
684 837
684 1276
684 1353
684 1364
684 1385
684 1694
684 1760
684 1869
684 2318
685 776
685 800
685 1054
685 1086
685 1251
685 1391
685 1481
685 1732
685 1788
685 2318
685 2436
686 776
686 820
686 1070
686 1071
686 1241
686 1544
686 1552
686 2457
687 776
688 1397
688 1774
688 1988
688 2334
689 1426
689 1498
689 1676
690 705
690 808
690 876
690 921
690 1209
690 1417
690 1420
690 1712
690 1939
690 2080
690 2303
690 2307
691 776
691 784
691 812
691 813
691 960
691 990
691 1054
691 1086
691 1125
691 1173
691 1251
691 1321
691 1442
691 1458
691 1464
691 1481
691 1611
691 1777
691 1853
691 1876
691 1895
691 1926
691 1927
691 1968
691 2017
691 2227
691 2292
691 2426
691 2497
691 2517
692 1458
692 1557
692 1927
692 1931
692 1968
692 1987
692 2003
692 2051
692 2594
694 1295
694 1387
696 697
696 860
696 1231
696 1307
696 1316
696 1387
696 1858
696 2213
697 988
697 1250
697 1316
697 1465
697 1718
697 2068
699 2468
700 776
700 1083
700 1086
700 1382
700 1381
700 2227
700 2664
700 2710
701 1680
701 1871
701 1872
701 2296
702 776
702 964
702 1105
702 1127
704 857
710 814
710 815
710 1294
712 1277
713 1105
715 716
715 917
715 1007
715 1057
715 1272
715 1712
715 1748
715 1750
715 2000
715 2055
715 2097
715 2421
715 2468
715 2599
716 918
716 1022
716 1042
716 1336
718 1282
718 2268
718 2698
719 1289
719 1636
719 1775
719 1906
719 1911
719 2013
719 2217
719 2542
719 2644
719 2679
719 2684
719 2700
719 2714
720 898
720 1021
720 2008
720 2340
722 723
723 724
723 758
723 840
723 841
723 871
723 872
723 877
723 889
723 892
723 998
723 1011
723 1034
723 1097
723 1220
723 1231
723 1294
723 1344
723 1398
723 1458
723 1497
723 1593
723 1614
723 1617
723 1652
723 1886
723 1890
723 2105
723 2165
723 2617
723 2718
726 1001
726 1712
726 1950
727 805
727 813
727 1574
727 1858
727 2351
728 776
728 1078
728 1925
728 2449
729 1759
729 1780
729 2516
731 776
731 857
731 936
731 1371
731 1397
731 1534
731 1774
731 1823
731 1827
731 1876
731 1895
731 2317
732 733
732 734
732 735
732 736
732 1899
733 1197
733 1336
734 878
734 879
734 881
734 2496
735 996
735 1945
735 2020
735 2031
735 2201
735 2546
736 1300
736 1346
736 1407
736 1549
736 1566
736 2083
738 917
738 1485
738 1748
738 2097
738 2468
738 2619
739 760
739 776
739 996
739 1012
739 1110
739 1125
739 1111
739 1148
739 1295
739 1321
739 1398
739 1428
739 1481
739 1486
739 1526
739 1566
739 1611
739 1649
739 1761
739 1927
739 1936
739 1962
739 1992
739 2096
739 2175
739 2262
739 2310
739 2594
739 2655
739 2719
740 1300
740 1313
740 1927
741 786
741 1070
741 1245
741 1609
741 1864
741 2148
742 1196
742 1261
742 1508
742 1790
743 1016
743 1051
743 1170
743 1280
743 1285
743 1286
743 1430
743 1680
743 1871
743 2221
743 2521
743 2522
743 2599
744 782
744 860
744 1002
744 1231
744 2149
745 782
745 812
745 920
745 988
745 1158
745 1471
746 747
746 778
747 852
747 955
748 786
749 1128
750 2614
751 858
751 985
751 1098
751 1099
751 1886
753 755
753 756
753 776
753 837
753 858
753 898
753 975
753 1084
753 1165
753 1334
753 1483
753 1525
753 1657
753 1691
753 1817
753 1924
753 1927
753 2032
753 2066
753 2128
753 2172
754 858
754 890
754 891
754 1165
754 1176
754 1191
754 1348
754 1447
754 1449
754 1474
754 1618
754 1654
754 2438
754 2455
756 776
756 1530
758 841
758 871
758 872
758 901
758 1034
758 1231
758 1254
758 1297
758 1302
758 1306
758 1344
758 1458
758 1456
758 1497
758 1617
758 1652
758 2718
759 1061
759 1127
759 1150
759 1426
759 1462
759 1428
759 1429
759 1794
759 1821
759 1851
759 2060
759 2144
759 2152
760 1125
760 1206
760 1244
760 1481
760 1574
760 1636
760 1663
760 1799
760 1927
760 1936
760 1946
760 1962
760 2161
760 2259
760 2448
760 2536
760 2570
760 2571
760 2594
761 1667
762 854
762 921
762 940
762 943
762 996
762 1025
762 1070
762 1241
762 1245
762 1417
762 1790
762 1864
762 2080
762 2148
762 2307
763 1917
763 2725
765 766
765 782
765 855
765 886
765 898
765 1156
765 1295
765 1303
765 1304
765 1811
765 2011
765 2019
765 2431
765 2686
766 1387
767 910
767 1119
767 1178
767 1254
767 1869
768 1050
768 1112
768 1168
768 1537
769 770
772 1271
773 1183
774 1087
776 777
776 778
776 899
776 965
776 1083
776 1091
776 1102
776 1117
776 1128
776 1191
776 1208
776 1240
776 1372
776 1374
776 1405
776 1407
776 1418
776 1430
776 1486
776 1572
776 1717
776 1722
776 1765
776 1790
776 1837
776 1884
776 1885
776 1892
776 1988
776 2024
776 2035
776 2051
776 2059
776 2079
776 2135
776 2239
776 2246
776 2256
776 2271
776 2302
776 2442
776 2487
776 2518
776 2664
776 2669
777 784
777 936
777 946
777 981
777 1083
777 1091
777 1102
777 1173
777 1240
777 1251
777 1261
777 1278
777 1391
777 1481
777 1576
777 1780
777 1844
777 1854
777 1886
777 2057
777 2239
777 2402
777 2452
777 2467
777 2634
778 1144
778 1169
778 1407
778 1430
778 1433
778 2079
778 2246
778 2260
778 2610
779 1552
782 910
782 1119
782 1301
783 1279
784 1240
784 1844
784 1885
784 2057
784 2613
785 1899
786 787
786 1407
787 872
787 1124
787 1676
788 1604
788 1998
788 2024
788 2079
789 964
789 1091
789 2253
790 1871
790 2296
790 2515
793 794
793 795
793 903
793 1407
794 1574
794 1876
794 1895
794 2578
795 1654
795 1792
800 1542
802 2624
802 2675
803 1499
803 1547
803 1575
803 1712
803 1723
803 1725
803 1878
803 1950
803 2080
803 2258
803 2263
806 917
806 2097
806 2599
807 1615
808 1209
808 1374
809 810
809 1410
810 1187
810 1410
810 2126
812 1086
812 1316
812 1404
812 1481
812 2638
813 1321
813 1481
813 1574
814 815
814 1294
815 1294
815 1486
815 1487
815 1549
815 1810
815 2566
817 942
817 1292
817 1456
817 1968
817 2046
817 2080
818 1407
818 1408
818 2515
819 1060
819 1073
819 1144
819 1244
819 1248
819 1251
819 1298
819 1371
819 1407
819 1441
819 1557
819 1564
819 1568
819 1662
819 1701
819 1732
819 1857
819 1876
819 1886
819 1895
819 1977
819 2017
819 2020
819 2031
819 2059
819 2072
819 2075
819 2086
819 2201
819 2227
819 2244
819 2277
819 2312
819 2334
819 2350
819 2429
819 2442
819 2520
819 2528
819 2614
819 2620
819 2626
819 2633
819 2643
819 2714
820 1241
820 1543
820 2498
822 964
822 1240
822 2024
822 2253
823 931
823 2015
823 2258
823 2385
823 2399
824 1254
824 1571
824 1864
824 2311
824 2717
825 1407
825 1882
830 917
830 1057
830 2097
830 2468
831 1898
832 1602
832 1748
832 2279
834 835
834 836
834 1005
834 1029
834 1116
834 1176
834 1348
834 1904
834 2076
834 2166
834 2247
834 2347
834 2500
835 856
835 857
835 990
835 1005
835 1176
835 1649
835 1662
835 1839
835 1959
835 2121
835 2347
835 2670
836 990
836 1005
836 1176
836 1603
836 1644
836 1857
836 1900
836 2018
836 2107
836 2114
836 2121
836 2260
836 2312
836 2347
836 2354
837 1451
837 1510
838 1050
838 1112
838 1113
838 1118
838 1435
838 1491
838 1594
838 1613
838 1616
838 1672
838 1897
838 1986
838 2046
838 2257
838 2720
839 1515
839 1599
839 1863
839 2120
839 2684
841 892
841 1158
841 1617
841 1652
842 1308
842 1326
844 1510
845 943
846 847
846 972
846 1029
846 1124
846 1133
846 1134
846 1135
846 1097
846 1171
846 1464
846 1492
846 1904
846 2677
847 972
847 986
847 1133
847 1722
847 1765
847 1904
847 1995
848 1328
848 1336
848 1950
848 2222
849 936
849 1060
849 1110
849 1111
849 1128
849 1136
849 1158
849 1285
849 1311
849 1286
849 1361
849 1430
849 1508
849 1576
849 1602
849 1687
849 1827
849 2035
849 2528
849 2625
850 1071
850 1143
850 1206
850 1248
850 1261
850 1328
850 1426
850 1523
850 1552
850 1573
850 1659
850 1666
850 1950
850 1959
850 2002
850 2112
850 2220
851 897
851 1295
851 1303
851 1316
851 1614
851 1665
851 2068
851 2165
851 2274
851 2305
851 2532
852 1041
853 1287
853 1447
855 2011
856 898
856 988
856 1021
856 1229
856 1329
856 2074
856 2489
857 863
857 990
857 1026
857 1116
857 1169
857 1247
857 1260
857 1261
857 1279
857 1422
857 1596
857 1662
857 1667
857 1669
857 1717
857 1721
857 1796
857 1857
857 1869
857 1900
857 2116
857 2202
857 2259
857 2260
857 2271
857 2347
857 2359
857 2429
857 2487
857 2489
857 2520
857 2610
858 859
858 1128
858 1129
858 1133
858 1171
858 1608
858 1886
858 1927
858 2002
858 2175
859 1601
859 1753
859 2728
860 1136
860 1231
860 1416
860 2002
860 2041
860 2149
860 2305
860 2726
862 969
862 1084
862 1116
862 1178
862 1237
862 1314
862 1334
862 1418
862 1451
862 1480
862 1525
862 1666
862 1716
862 1759
862 1882
862 1958
862 2000
862 2002
862 2166
862 2269
862 2340
862 2502
862 2516
862 2523
862 2709
863 1169
864 990
864 1125
864 1177
864 1229
864 1261
864 1465
864 1566
864 1611
864 1865
864 2074
864 2358
864 2546
866 1176
867 868
867 1017
867 1163
867 1176
867 1496
867 1995
868 1116
868 1176
868 1484
868 1668
869 870
869 1013
869 1765
869 1992
869 2135
870 1287
870 1463
870 1474
870 1535
870 1592
870 1721
870 1992
870 2721
871 900
871 905
871 913
871 972
871 974
871 978
871 988
871 991
871 914
871 1000
871 1034
871 1043
871 1044
871 1076
871 1118
871 1077
871 1129
871 1133
871 1134
871 1146
871 1148
871 1181
871 1182
871 1206
871 1218
871 1292
871 1295
871 1300
871 1303
871 1311
871 1318
871 1345
871 1354
871 1365
871 1387
871 1412
871 1455
871 1458
871 1459
871 1463
871 1428
871 1429
871 1474
871 1483
871 1486
871 1495
871 1497
871 1507
871 1579
871 1591
871 1606
871 1608
871 1610
871 1616
871 1652
871 1660
871 1665
871 1685
871 1764
871 1785
871 1793
871 1799
871 1814
871 1877
871 1886
871 1887
871 1894
871 1901
871 1908
871 1912
871 1933
871 1940
871 1957
871 1968
871 2038
871 2041
871 2074
871 2108
871 2167
871 2175
871 2186
871 2187
871 2274
871 2283
871 2305
871 2313
871 2403
871 2459
871 2471
871 2489
871 2510
871 2513
871 2516
871 2531
871 2536
871 2538
871 2556
871 2558
871 2570
871 2574
871 2592
871 2680
871 2699
871 2718
872 2002
872 2578
873 1327
873 1505
873 1708
874 1022
874 1060
874 1178
874 1229
874 1619
874 1840
875 1507
875 1549
875 2688
876 920
876 1070
876 1071
876 1241
876 2148
877 1029
877 1077
877 1133
877 1135
877 1158
877 1464
877 1924
878 1261
880 1130
880 1254
882 1426
882 1498
882 1678
882 1851
882 1889
882 1993
882 2078
882 2129
882 2132
882 2174
882 2315
882 2495
883 1108
883 1261
884 1486
885 1060
885 1451
885 1480
885 1505
885 1566
885 1734
885 1959
885 2283
885 2358
885 2359
885 2497
887 1430
887 2725
888 1746
888 1777
888 2192
888 2447
888 2453
890 946
890 1126
890 1287
890 1348
890 1377
890 1483
890 1535
890 2024
890 2265
890 2440
890 2455
891 1266
891 1287
891 1269
891 1348
891 1447
891 1449
891 1631
891 2076
891 2135
891 2265
891 2440
891 2455
892 1043
892 1044
892 1365
893 895
893 901
893 1977
893 2017
893 2022
893 2086
893 2655
894 895
894 901
894 1144
894 1217
894 1254
894 2017
894 2022
894 2141
894 2459
894 2489
894 2655
895 1073
895 1248
895 1480
895 1564
895 1718
895 2017
895 2022
895 2487
895 2578
896 1574
896 2277
896 2591
898 2096
898 2128
898 2194
898 2408
898 2430
899 1363
901 1297
901 1455
901 1456
902 903
903 904
904 1254
906 1827
906 2017
910 911
911 1119
911 1254
911 1579
911 1606
911 1805
913 914
913 1514
915 1621
917 2097
918 1918
918 2702
921 1241
921 1374
921 1543
921 1544
921 1723
921 2080
921 2327
922 1624
922 1820
922 1864
922 2513
925 1790
929 930
929 1009
929 1221
929 1222
931 932
931 933
931 1087
931 1390
931 1450
931 1522
931 1531
931 1546
931 1594
931 1595
931 1612
931 1621
931 1674
931 1675
931 1711
931 2015
931 2195
931 2205
931 2385
931 2399
931 2412
931 2413
931 2434
931 2471
931 2473
931 2481
931 2484
931 2511
931 2666
931 2684
932 1033
932 1158
932 1288
932 1476
932 1595
932 1674
932 2015
932 2120
932 2195
932 2385
932 2386
932 2399
932 2410
932 2688
932 2712
933 1056
933 1390
933 1551
933 1685
933 2056
935 1457
935 1898
935 2579
936 937
936 938
936 939
937 1313
938 1827
939 1216
939 1433
939 1434
939 1701
939 2427
939 2630
939 2663
940 943
940 1061
940 1122
940 1211
940 1212
940 1214
940 1341
940 1347
940 1374
940 1392
940 1417
940 1419
940 1421
940 1569
940 1725
940 1878
940 2049
940 2067
940 2080
940 2176
942 1292
942 1456
942 2046
942 2499
943 1070
943 1374
943 1544
946 1535
946 1724
946 1777
946 1780
946 2024
948 949
948 950
948 1568
948 1717
948 2079
948 2626
950 2069
950 2227
950 2626
952 2435
955 1298
955 1557
955 1578
955 1734
955 2079
956 1325
956 1341
956 1374
956 2080
957 1211
957 1417
958 2026
959 1418
959 1433
959 1732
960 1244
960 2227
960 2664
961 1233
961 1245
961 1266
961 1374
961 1420
961 1637
961 1639
961 1646
961 2080
961 2171
961 2270
961 2499
962 1547
962 1725
964 965
964 965
964 1091
964 1372
964 1557
964 1667
964 1722
964 1765
964 1837
964 1875
964 1886
964 2024
964 2135
964 2193
964 2227
964 2246
964 2253
964 2256
964 2322
964 2334
964 2439
964 2612
964 2669
965 1557
965 1886
965 2024
965 2227
965 2256
965 2334
965 2615
965 2669
966 1241
966 1325
966 1475
966 1544
966 1609
966 1723
966 2080
966 2148
969 1237
970 1191
971 1240
972 1134
972 1412
975 976
975 1353
975 1730
975 2098
976 1030
976 1178
976 1760
976 1927
976 2066
976 2279
979 1695
979 2468
980 2244
981 1391
982 1074
982 1531
982 1541
982 1752
982 1912
982 2281
982 2642
982 2647
983 1166
983 1289
983 1336
983 1467
983 1474
983 1531
983 1598
983 1599
983 1636
983 1863
983 1906
983 1958
983 1996
983 2098
983 2120
983 2644
983 2679
983 2721
985 1318
985 1819
985 1907
985 2032
987 1476
987 1674
988 1322
988 1356
988 1510
988 1754
988 1887
988 1935
988 1995
988 2409
988 2634
989 1264
990 1116
990 1176
990 1401
990 1596
990 1648
990 1662
990 1669
990 1875
990 2116
990 2117
990 2260
990 2347
990 2429
990 2442
992 1317
993 1179
993 1214
993 1218
993 1459
993 1789
993 1862
993 2356
993 2466
993 2543
994 1261
994 1427
994 1428
994 1857
994 1959
995 1063
995 1777
995 2337
996 1123
996 1459
997 1061
997 1663
997 2228
998 1507
998 1549
999 1000
999 1124
999 1133
999 1134
999 1354
999 1497
999 1931
999 1980
999 2002
999 2691
1000 1134
1000 1904
1000 2647
1001 1405
1002 1293
1002 1300
1002 1303
1002 1387
1002 1487
1002 1507
1002 2165
1003 1004
1003 1035
1003 1185
1003 2339
1003 2637
1005 1028
1005 1029
1005 1330
1005 1348
1005 1351
1005 1798
1005 2076
1006 1254
1006 1609
1006 2717
1009 2227
1010 1291
1010 1292
1010 1299
1010 1305
1010 1324
1010 1345
1010 1352
1010 1355
1010 1445
1010 1428
1010 1429
1010 1474
1010 1487
1010 1490
1010 1615
1010 1620
1010 1653
1010 1665
1010 1809
1010 1821
1010 1847
1010 1851
1010 1904
1010 1919
1010 1963
1010 2102
1010 2129
1010 2152
1010 2186
1010 2187
1010 2212
1010 2226
1010 2308
1010 2324
1010 2338
1010 2531
1010 2548
1010 2550
1010 2575
1010 2583
1010 2693
1010 2699
1010 2716
1011 1764
1011 2038
1011 2403
1011 2592
1012 1236
1012 2257
1012 2277
1012 2517
1012 2591
1012 2631
1013 1347
1013 1765
1013 2024
1014 1369
1014 1494
1014 2230
1016 1170
1016 1373
1016 2221
1016 2424
1016 2522
1017 1348
1017 1474
1017 1649
1017 1654
1018 1579
1018 1606
1019 1020
1019 1703
1019 1801
1019 2184
1019 2226
1019 2272
1019 2305
1020 1801
1020 1953
1020 2617
1021 1801
1022 1023
1022 1236
1022 1510
1022 1619
1024 1246
1024 1524
1025 1241
1025 1489
1025 1723
1025 2080
1025 2717
1026 1316
1026 1407
1026 1460
1026 1549
1026 2072
1026 2227
1027 1234
1027 2165
1028 1173
1028 1330
1028 1348
1028 1351
1028 1649
1028 1720
1028 1798
1028 2076
1029 1135
1029 1173
1029 1330
1029 1348
1029 1464
1029 1596
1029 1644
1029 1904
1030 1824
1031 1032
1031 1033
1031 1108
1031 1685
1031 1769
1031 1989
1032 1319
1032 1863
1033 2473
1033 2688
1036 1059
1036 1068
1036 1358
1036 1359
1036 1370
1036 1379
1036 1681
1036 1825
1036 1914
1036 1918
1036 2379
1038 1286
1038 1361
1038 1441
1039 1040
1043 1559
1045 1414
1048 1511
1048 1602
1048 1744
1048 1748
1048 1860
1048 2007
1051 1371
1051 1373
1052 1053
1052 1261
1054 1738
1054 2517
1055 1679
1055 2037
1055 2467
1057 1272
1057 1690
1057 1748
1057 2055
1057 2097
1057 2468
1057 2599
1059 1359
1061 1426
1061 1794
1061 2325
1062 1471
1064 1065
1064 1254
1067 2440
1068 1914
1068 2104
1068 2607
1068 2608
1070 1071
1070 1241
1070 1420
1070 1728
1070 1729
1070 2080
1071 1241
1071 1261
1071 1290
1071 1723
1071 1728
1071 1729
1072 1073
1072 1248
1072 1371
1073 1437
1073 2032
1073 2585
1074 1367
1074 1531
1074 2015
1074 2071
1074 2385
1074 2473
1076 1077
1076 1387
1076 2404
1076 2595
1077 1387
1077 1687
1077 1709
1077 2404
1077 2595
1080 1461
1080 1466
1080 1474
1080 1483
1080 1535
1080 1638
1080 1654
1080 1721
1080 1806
1080 1854
1080 1988
1080 2024
1080 2025
1080 2135
1080 2250
1080 2334
1080 2359
1080 2429
1080 2438
1080 2447
1080 2454
1080 2471
1080 2513
1080 2558
1080 2570
1080 2624
1080 2701
1081 1382
1081 1381
1081 1466
1081 1474
1081 1535
1081 1638
1081 1654
1081 1806
1081 2024
1081 2135
1081 2227
1081 2250
1081 2359
1081 2429
1081 2447
1081 2454
1081 2571
1081 2664
1081 2701
1082 1374
1082 1615
1082 1851
1082 2080
1082 2341
1083 1441
1083 1780
1083 1886
1083 1988
1083 2024
1083 2135
1083 2227
1083 2322
1083 2633
1083 2664
1083 2701
1084 1237
1084 1334
1084 1858
1084 2166
1084 2227
1084 2502
1084 2550
1084 2683
1085 1407
1085 2072
1085 2090
1085 2437
1086 1404
1086 1481
1086 1875
1086 1876
1086 1895
1086 2024
1086 2227
1086 2664
1091 1442
1091 1557
1091 1722
1091 1765
1091 1873
1091 1886
1091 2024
1091 2246
1091 2725
1093 1094
1093 1490
1093 1846
1093 2394
1094 1593
1094 1665
1094 1904
1094 2008
1094 2112
1095 1096
1095 1608
1095 2720
1096 1097
1096 1608
1097 1608
1097 2282
1100 1101
1100 1269
1100 1438
1100 1634
1100 1765
1102 1500
1110 1111
1111 1687
1111 2035
1112 1450
1112 1598
1112 1600
1112 1605
1112 2013
1112 2289
1112 2398
1113 1621
1113 1629
1113 1636
1113 1674
1113 2399
1113 2401
1113 2412
1113 2542
1114 1115
1114 1145
1114 1160
1114 1166
1114 1176
1114 1348
1114 1350
1114 1468
1114 1621
1114 1638
1114 1651
1114 1661
1114 1664
1114 1902
1114 1996
1115 1357
1115 1531
1115 1891
1115 2281
1116 2502
1117 1442
1117 1698
1117 1717
1117 1851
1117 2063
1117 2350
1117 2614
1118 1497
1118 1677
1118 1687
1118 2016
1118 2122
1118 2510
1119 2122
1120 1244
1120 1529
1120 1663
1120 1881
1120 2546
1121 1687
1121 1852
1121 2052
1121 2174
1121 2273
1122 1254
1122 1261
1122 1325
1122 1374
1124 1236
1124 1254
1124 1264
1124 1608
1124 1714
1124 2037
1125 1236
1125 1254
1125 1260
1125 1264
1125 1474
1125 1481
1125 1946
1125 1962
1125 2180
1125 2259
1125 2358
1125 2571
1126 1790
1127 1474
1127 1778
1127 2024
1127 2144
1127 2273
1127 2345
1127 2713
1127 2721
1128 1246
1128 1265
1128 1323
1128 1687
1128 2035
1129 1218
1129 1459
1129 1558
1129 2002
1129 2510
1130 1131
1130 1254
1130 1436
1130 1563
1130 1684
1130 1726
1130 1757
1130 1833
1130 1998
1130 2133
1130 2299
1131 1195
1131 1254
1131 1563
1131 1726
1131 1757
1131 1833
1131 2299
1131 2568
1132 1254
1132 1261
1132 1462
1132 1881
1132 2499
1133 1193
1133 1352
1133 1464
1133 1429
1133 1492
1133 1495
1133 1597
1133 1608
1133 1785
1133 1904
1133 1933
1133 2716
1134 1464
1134 1429
1134 1495
1134 1596
1134 1608
1134 1644
1134 1933
1134 2718
1135 1464
1135 1429
1135 1495
1135 1608
1135 1644
1135 1933
1136 1687
1136 2174
1136 2273
1137 1261
1137 1426
1137 2134
1137 2227
1137 2548
1137 2646
1139 1397
1139 1569
1139 1864
1139 1886
1139 2351
1140 1192
1140 1206
1140 1662
1141 1142
1141 2576
1142 2012
1143 1186
1143 1426
1143 1568
1143 1993
1143 2142
1143 2400
1144 1206
1144 1264
1146 2134
1147 1909
1147 2103
1147 2330
1148 1962
1148 2680
1149 1357
1149 1479
1149 2060
1149 2319
1150 1426
1151 1856
1151 1922
1151 2721
1152 1212
1152 1239
1152 1243
1152 1421
1152 1544
1152 1567
1152 1702
1152 2148
1153 1473
1154 1490
1154 1658
1154 1722
1154 1765
1154 1842
1154 1904
1154 2113
1154 2118
1154 2288
1154 2433
1155 1247
1155 1407
1155 1441
1155 1667
1155 1714
1155 1747
1155 1873
1155 1977
1155 2060
1155 2090
1155 2244
1155 2252
1155 2277
1155 2346
1155 2437
1155 2629
1156 1429
1156 1490
1156 1495
1156 1665
1156 1755
1156 1781
1156 1809
1156 1993
1156 2102
1156 2226
1156 2346
1156 2431
1156 2559
1156 2583
1156 2693
1156 2716
1157 1204
1157 1224
1157 1426
1157 1429
1157 1490
1157 1495
1157 1536
1157 1657
1157 1658
1157 1755
1157 1781
1157 1842
1157 1851
1157 1967
1157 1993
1157 2008
1157 2046
1157 2094
1157 2102
1157 2113
1157 2118
1157 2129
1157 2167
1157 2217
1157 2226
1157 2218
1157 2397
1157 2414
1157 2431
1157 2433
1157 2486
1157 2548
1157 2575
1157 2680
1158 1159
1160 1478
1160 1798
1162 1492
1164 1309
1164 1483
1165 2455
1166 1266
1166 1348
1166 1468
1166 1478
1166 1635
1166 1651
1166 1654
1166 1661
1166 1664
1166 1731
1166 1798
1166 2024
1166 2088
1166 2170
1166 2219
1166 2443
1166 2455
1166 2505
1166 2506
1166 2580
1166 2581
1167 1638
1167 2265
1168 1751
1169 1432
1169 1508
1169 1714
1169 1838
1169 1872
1169 1978
1169 2578
1169 2618
1170 1286
1170 1519
1170 2221
1170 2522
1171 1218
1171 1459
1171 1685
1173 1330
1173 1348
1173 1350
1173 1351
1173 1401
1173 1464
1173 1596
1173 1671
1173 1720
1173 2251
1174 2458
1176 1348
1176 1777
1176 1904
1176 2076
1177 1558
1177 1872
1177 2268
1178 1451
1178 1857
1178 2350
1178 2358
1178 2429
1178 2502
1178 2614
1179 2466
1184 1539
1185 2200
1185 2318
1187 1625
1187 2411
1189 1679
1189 1765
1189 2024
1190 2024
1194 1738
1195 1436
1195 1726
1195 2299
1195 2568
1199 1200
1199 1376
1199 1441
1199 1572
1199 1884
1199 2270
1199 2280
1199 2440
1199 2442
1199 2626
1200 1572
1200 2083
1200 2280
1200 2440
1200 2626
1201 1202
1201 1233
1201 1241
1201 1261
1201 1421
1201 1723
1201 2148
1206 1207
1207 1656
1207 1708
1208 1724
1209 1417
1209 1543
1209 1567
1209 2080
1209 2258
1209 2263
1210 1421
1210 1728
1210 2080
1211 1212
1211 2302
1213 1462
1213 1623
1213 1714
1213 2705
1214 1569
1214 1637
1214 1870
1215 1413
1215 1426
1215 1524
1215 1536
1215 1615
1215 1808
1215 1809
1215 1851
1215 1889
1215 1923
1215 1952
1215 2078
1215 2083
1215 2129
1215 2132
1215 2152
1215 2186
1215 2343
1215 2693
1216 1340
1216 1433
1216 1434
1216 1482
1216 1545
1216 1622
1216 1628
1216 1732
1216 1818
1216 2077
1216 2160
1216 2342
1216 2494
1216 2517
1216 2623
1216 2628
1216 2630
1216 2705
1217 1850
1217 1832
1217 2364
1220 1249
1224 1426
1224 1568
1224 1856
1224 2352
1225 1226
1225 1227
1225 1261
1225 1273
1225 1433
1225 2238
1226 1227
1226 1736
1226 2106
1228 1724
1229 1568
1229 1716
1229 1979
1229 2051
1230 2024
1231 1858
1231 1890
1231 2213
1231 2274
1231 2404
1232 1235
1232 2060
1232 2213
1232 2319
1232 2720
1235 1790
1235 2060
1235 2526
1235 2720
1236 2057
1237 1334
1237 1451
1237 1480
1237 1882
1237 1972
1237 2046
1237 2123
1237 2269
1237 2616
1239 1489
1239 2048
1240 1425
1240 1441
1240 1790
1240 1854
1240 1875
1240 2253
1240 2402
1240 2664
1241 1420
1241 1544
1241 1712
1241 1728
1241 1729
1241 2080
1241 2148
1241 2263
1241 2311
1241 2573
1241 2671
1242 1407
1242 1441
1242 1543
1242 1632
1242 1734
1242 1882
1242 1885
1242 1977
1242 2269
1244 2227
1245 1543
1245 1864
1245 2080
1245 2303
1246 1658
1246 2358
1246 2446
1246 2449
1247 1422
1247 1747
1247 1855
1247 1873
1247 1884
1247 2090
1247 2252
1247 2256
1248 1543
1248 1564
1248 1568
1248 1836
1248 1857
1248 1872
1248 1924
1248 1945
1248 1967
1248 1978
1248 2017
1248 2020
1248 2031
1248 2037
1248 2201
1248 2241
1248 2244
1248 2296
1248 2497
1248 2510
1248 2585
1248 2620
1248 2715
1249 1250
1250 1683
1250 1804
1250 1827
1250 1915
1250 2600
1250 2685
1250 2726
1251 1557
1251 1732
1251 1854
1251 2037
1251 2051
1251 2726
1254 1255
1254 1256
1254 1257
1254 1624
1254 1820
1254 1885
1256 2060
1257 1590
1257 1705
1257 2083
1259 1264
1259 1437
1259 1577
1259 1578
1259 1887
1259 2106
1259 2485
1259 2553
1259 2634
1260 1264
1260 1437
1260 1577
1260 1578
1260 1745
1260 2106
1260 2485
1260 2488
1261 1264
1261 1437
1261 1577
1261 1578
1261 1868
1261 2106
1261 2233
1261 2485
1261 2634
1262 1264
1262 1437
1262 1577
1262 2106
1262 2485
1262 2487
1263 2017
1263 2485
1264 2634
1266 1267
1266 1268
1266 1269
1267 2024
1267 2087
1267 2265
1267 2455
1268 1765
1269 1372
1269 1492
1269 2170
1269 2265
1269 2455
1269 2581
1273 1608
1278 2024
1279 1422
1281 2260
1282 1973
1282 2024
1282 2358
1285 1286
1286 1360
1287 1463
1287 1496
1287 1592
1287 1741
1287 1765
1287 1780
1287 1992
1287 2024
1287 2555
1289 1435
1289 1531
1289 1621
1289 1636
1289 1775
1289 1867
1289 1903
1289 1906
1289 1912
1289 1967
1289 1996
1289 2013
1289 2042
1289 2043
1289 2121
1289 2217
1289 2282
1289 2289
1289 2300
1289 2500
1289 2643
1289 2679
1289 2684
1291 1490
1291 1536
1291 1653
1291 1657
1291 1658
1291 1662
1291 1665
1291 1775
1291 1819
1291 1842
1291 1848
1291 1903
1291 1904
1291 1919
1291 1923
1291 1941
1291 1951
1291 1952
1291 1963
1291 1970
1291 1983
1291 1993
1291 2102
1291 2112
1291 2113
1291 2146
1291 2152
1291 2186
1291 2187
1291 2216
1291 2226
1291 2249
1291 2414
1291 2514
1291 2547
1291 2560
1291 2583
1291 2642
1291 2646
1291 2706
1291 2716
1292 1403
1292 1497
1292 1739
1292 2002
1292 2122
1292 2550
1293 1643
1293 1915
1293 1916
1293 2165
1293 2685
1295 1487
1295 1643
1295 1804
1295 1937
1295 2127
1295 2685
1296 1804
1296 2369
1297 1456
1297 1487
1297 1643
1297 1812
1297 2127
1297 2335
1297 2588
1298 1626
1298 1810
1298 2227
1298 2299
1299 1413
1299 1487
1299 1809
1299 1925
1299 2226
1299 2365
1299 2431
1299 2514
1301 1533
1302 2026
1302 2165
1302 2550
1303 1487
1303 1557
1303 1977
1303 2165
1303 2431
1303 2525
1303 2550
1303 2685
1305 1352
1305 2314
1305 2324
1306 1487
1306 1959
1307 1502
1307 2165
1307 2213
1307 2600
1308 1326
1308 1989
1311 1312
1311 1444
1311 1591
1311 2028
1313 1548
1313 1561
1313 1562
1313 1787
1313 2179
1313 2319
1313 2376
1313 2526
1313 2536
1313 2695
1313 2720
1314 1315
1314 1804
1314 2502
1315 1958
1315 2465
1315 2546
1316 1804
1316 2068
1316 2304
1316 2396
1316 2532
1316 2606
1318 2002
1318 2217
1318 2489
1318 2565
1320 2431
1320 2693
1321 1624
1321 1804
1321 1820
1321 1953
1322 1754
1322 1887
1322 1931
1322 1935
1322 1953
1322 2409
1324 1352
1324 1657
1324 1658
1324 1784
1324 1785
1324 1821
1324 1982
1324 2102
1324 2127
1324 2531
1325 1374
1325 1544
1325 1567
1325 1880
1327 1870
1327 2048
1328 1336
1328 1455
1328 2537
1329 1559
1329 2002
1330 1401
1330 1464
1330 1671
1330 1720
1330 2651
1331 1332
1334 1480
1334 1510
1334 1557
1334 1755
1334 2098
1335 1557
1336 1337
1336 1508
1336 2537
1338 1339
1339 2342
1340 1545
1340 1622
1340 1623
1340 1632
1340 1818
1340 2077
1340 2336
1340 2492
1340 2496
1340 2573
1340 2630
1340 2681
1340 2723
1341 1725
1341 2067
1342 1489
1344 2718
1344 2725
1345 1846
1345 1963
1345 2186
1345 2187
1345 2531
1346 2227
1348 1349
1348 1651
1348 1902
1348 2150
1348 2251
1348 2347
1349 1651
1349 1902
1349 2150
1349 2455
1350 1351
1350 2150
1351 1401
1351 1720
1351 2076
1351 2079
1352 1588
1352 1616
1352 1620
1352 1774
1352 1775
1352 1785
1352 1817
1352 1877
1352 1923
1352 1951
1352 1970
1352 2102
1352 2231
1352 2314
1352 2345
1352 2431
1352 2646
1352 2647
1352 2693
1352 2716
1353 1730
1353 2066
1353 2278
1353 2295
1354 1987
1354 2002
1355 1508
1355 1620
1355 1809
1355 2308
1355 2716
1356 1754
1356 1887
1356 1935
1356 2094
1356 2096
1356 2709
1357 1973
1358 1370
1358 1379
1358 1681
1358 1918
1358 2040
1359 1825
1360 1528
1360 1553
1362 1734
1364 1385
1364 1760
1368 1369
1368 1965
1369 1965
1370 1681
1370 1825
1370 1918
1371 1680
1371 1972
1371 2296
1374 2067
1374 2341
1374 2671
1375 1758
1376 2024
1380 1381
1381 1535
1381 1557
1381 1633
1381 1746
1381 1777
1381 1872
1381 1978
1381 1988
1381 2024
1381 2256
1381 2360
1381 2447
1381 2506
1381 2632
1383 1384
1383 1411
1387 1620
1388 1389
1391 1788
1394 1395
1395 1396
1396 2672
1399 1400
1401 1671
1401 1720
1401 2347
1404 2024
1404 2429
1404 2467
1405 2236
1406 2024
1406 2256
1407 1408
1407 1716
1407 1717
1407 1734
1407 1882
1407 1892
1407 1977
1407 2017
1407 2020
1407 2046
1407 2066
1407 2072
1407 2075
1407 2090
1407 2193
1407 2265
1407 2437
1407 2442
1407 2620
1408 1892
1408 2090
1408 2252
1410 2126
1410 2411
1412 2248
1416 1680
1417 1544
1417 1567
1417 1732
1417 2049
1417 2080
1417 2221
1417 2258
1417 2522
1418 1434
1418 1732
1418 1816
1418 2227
1418 2630
1419 1732
1419 2227
1422 1570
1422 1721
1422 1746
1422 1855
1422 1873
1422 1979
1422 2051
1422 2069
1422 2227
1422 2269
1422 2429
1422 2517
1426 1427
1426 1428
1426 1429
1426 1970
1426 2066
1426 2078
1426 2132
1426 2142
1426 2305
1426 2449
1426 2607
1426 2622
1426 2680
1426 2693
1427 1959
1428 1761
1428 1821
1428 1851
1428 1936
1428 2069
1428 2231
1428 2371
1428 2594
1428 2701
1429 1495
1429 1608
1429 2167
1429 2186
1429 2308
1429 2538
1429 2622
1429 2693
1430 1431
1430 2256
1432 1873
1432 1884
1433 1818
1433 1882
1433 2266
1433 2342
1434 2427
1435 2139
1437 1754
1437 1887
1437 2273
1437 2485
1437 2486
1437 2487
1437 2488
1437 2634
1442 1443
1442 2270
1444 1591
1444 1638
1444 1896
1444 2028
1445 1811
1446 2621
1447 1448
1447 1449
1447 1496
1447 1535
1447 1611
1447 1618
1447 1621
1447 1630
1447 1631
1447 1663
1447 1765
1447 1798
1447 1806
1447 1837
1447 1994
1447 2024
1447 2158
1447 2166
1447 2250
1447 2339
1447 2438
1447 2721
1449 1535
1449 1566
1449 1611
1449 1618
1449 1630
1449 1663
1449 1765
1449 1798
1449 1806
1449 1837
1449 2024
1449 2158
1449 2250
1451 1452
1451 1680
1451 1741
1451 1759
1451 1806
1451 1958
1451 2247
1451 2273
1451 2318
1451 2358
1451 2502
1451 2523
1451 2603
1452 1480
1452 1786
1452 1958
1453 1877
1455 1456
1455 1801
1456 1477
1456 1764
1458 1557
1458 1801
1458 1812
1458 1968
1458 2038
1458 2318
1458 2517
1458 2625
1459 1616
1459 1764
1459 2002
1459 2091
1459 2173
1459 2510
1460 1799
1460 2068
1461 1502
1461 1999
1461 2024
1461 2513
1461 2558
1461 2565
1461 2709
1463 1995
1464 1557
1464 1655
1464 1933
1464 2024
1464 2051
1464 2043
1464 2313
1464 2507
1464 2574
1465 1641
1465 1718
1466 1496
1466 1535
1466 1592
1466 1618
1466 1621
1466 1651
1466 1777
1466 1798
1466 1841
1466 2024
1466 2302
1466 2322
1466 2438
1467 1557
1467 1621
1467 1822
1467 1911
1467 2051
1467 2043
1467 2290
1467 2644
1467 2684
1467 2688
1467 2700
1467 2714
1468 1469
1468 1710
1468 1822
1468 2455
1468 2505
1468 2688
1471 2026
1472 1666
1472 2000
1472 2002
1472 2199
1472 2368
1473 1852
1473 1973
1473 2052
1473 2174
1474 1654
1474 1988
1474 2721
1475 1732
1475 2457
1475 2717
1476 1477
1476 1636
1476 2688
1477 1685
1477 2376
1477 2410
1477 2666
1477 2688
1478 2024
1478 2512
1479 1560
1479 1787
1479 2148
1479 2179
1479 2717
1480 1611
1480 1716
1480 1759
1480 1764
1480 2017
1480 2098
1480 2320
1480 2502
1480 2523
1480 2603
1481 1732
1481 1788
1481 2318
1482 1545
1482 1622
1482 1818
1482 2342
1482 2351
1482 2358
1482 2628
1482 2630
1482 2681
1483 1657
1483 1691
1483 2024
1483 2060
1483 2319
1483 2365
1483 2526
1483 2695
1484 1627
1484 1634
1484 1668
1484 1891
1484 2340
1485 1666
1485 1959
1485 2235
1487 1488
1487 1809
1487 1831
1487 1851
1487 1832
1487 2002
1487 2046
1487 2129
1487 2149
1487 2167
1487 2226
1487 2394
1487 2514
1487 2550
1488 1502
1488 2167
1488 2565
1489 1702
1490 1658
1490 1676
1490 1775
1490 1923
1490 1933
1490 1963
1490 1970
1490 2008
1490 2102
1490 2134
1490 2186
1490 2187
1490 2227
1490 2231
1490 2248
1490 2313
1490 2326
1490 2338
1490 2480
1490 2547
1490 2574
1490 2575
1490 2646
1490 2693
1490 2701
1490 2713
1490 2716
1492 1493
1492 1538
1492 1722
1492 1884
1492 1995
1493 1698
1494 1984
1494 2230
1495 1784
1495 2318
1495 2680
1495 2709
1496 1724
1496 2024
1496 2203
1496 2322
1497 1617
1497 1652
1497 1793
1497 1814
1497 1847
1497 1931
1497 1940
1497 1957
1497 1963
1497 1972
1497 2050
1497 2122
1497 2123
1497 2212
1498 2136
1498 2144
1498 2621
1499 1725
1499 2080
1501 1502
1502 1503
1502 1504
1502 1982
1503 1664
1506 1952
1506 2227
1507 2616
1508 1509
1508 2551
1509 1662
1509 2002
1509 2488
1509 2726
1511 2097
1511 2381
1511 2491
1512 2006
1513 1573
1513 2002
1516 2045
1516 2141
1517 1518
1517 1625
1517 2277
1517 2517
1517 2591
1518 1642
1518 1644
1518 1662
1518 1664
1518 1823
1518 1929
1520 1521
1524 1851
1524 1889
1524 2078
1526 1913
1526 2586
1528 1682
1528 1838
1531 1532
1531 2330
1531 2576
1534 1907
1534 1973
1534 2698
1535 1765
1535 1780
1535 1806
1535 1972
1535 2024
1535 2099
1535 2123
1535 2219
1535 2250
1535 2374
1535 2443
1536 2216
1536 2414
1537 1699
1537 1921
1537 2715
1539 1540
1539 1913
1539 2609
1540 1769
1540 1927
1540 2001
1540 2230
1540 2297
1542 1777
1542 2318
1542 2436
1544 1880
1544 2080
1544 2671
1545 1622
1545 1702
1545 1818
1545 2342
1545 2623
1547 1723
1547 1725
1547 1878
1547 2080
1547 2258
1547 2263
1549 1550
1550 1557
1550 1846
1550 2051
1551 2688
1552 2371
1552 2522
1553 1838
1554 1555
1557 1716
1557 1882
1557 1969
1557 1977
1557 1980
1557 2066
1557 2072
1557 2438
1557 2620
1557 2721
1560 1795
1561 1562
1561 1787
1564 1836
1564 1871
1564 1945
1564 2017
1564 2020
1564 2031
1564 2201
1564 2227
1564 2551
1564 2578
1564 2598
1564 2683
1565 2024
1565 2227
1565 2256
1565 2334
1565 2615
1566 1663
1566 1740
1566 1785
1566 1788
1566 2318
1566 2339
1566 2358
1566 2359
1566 2721
1568 1716
1568 1856
1568 2051
1568 2066
1568 2227
1568 2358
1568 2445
1568 2620
1570 2090
1570 2193
1570 2269
1570 2350
1570 2429
1570 2614
1572 1875
1572 1884
1572 2024
1572 2246
1572 2250
1572 2267
1572 2280
1572 2284
1572 2322
1574 2059
1574 2087
1574 2239
1574 2292
1577 2095
1577 2485
1579 1580
1579 1581
1579 1582
1579 1583
1579 1584
1579 1585
1580 1606
1581 1606
1582 1606
1583 1606
1584 1606
1585 1606
1586 1587
1588 1785
1588 2275
1591 1896
1592 1630
1592 1765
1592 1785
1592 1806
1592 1877
1592 2024
1592 2547
1592 2688
1594 2015
1595 1685
1595 2372
1595 2476
1595 2712
1596 1655
1596 1740
1596 1858
1596 1875
1596 1904
1596 1995
1596 2024
1596 2217
1596 2489
1598 2250
1599 1806
1599 2013
1599 2099
1599 2043
1599 2290
1599 2376
1599 2536
1599 2642
1599 2644
1599 2684
1600 2099
1600 2576
1602 1856
1602 2622
1603 2018
1603 2691
1605 2099
1606 1607
1606 1645
1606 1805
1608 1904
1608 1912
1608 2114
1608 2282
1608 2459
1608 2478
1608 2528
1609 2148
1609 2717
1610 1793
1610 1814
1610 1933
1610 2177
1610 2186
1610 2187
1610 2507
1611 1837
1611 2214
1611 2359
1611 2523
1611 2721
1613 1986
1615 1794
1615 1851
1615 1923
1615 1952
1615 2078
1615 2129
1615 2152
1615 2226
1615 2249
1615 2267
1615 2343
1616 1775
1616 1785
1616 1817
1616 1877
1616 1923
1616 1951
1616 2002
1616 2024
1616 2134
1616 2248
1616 2510
1616 2531
1616 2647
1616 2693
1617 1693
1617 1793
1617 1799
1617 1814
1617 1817
1617 1890
1617 1965
1617 2046
1617 2094
1617 2108
1617 2122
1617 2127
1617 2175
1617 2177
1617 2197
1617 2289
1617 2431
1617 2459
1617 2718
1618 1765
1618 2024
1618 2135
1618 2250
1618 2267
1619 1716
1619 1946
1619 2214
1619 2293
1619 2358
1619 2430
1619 2578
1620 1851
1620 1852
1620 2002
1620 2033
1620 2052
1620 2092
1620 2129
1620 2231
1620 2431
1620 2547
1620 2593
1620 2597
1620 2693
1620 2706
1621 1765
1621 2493
1622 1650
1622 1725
1622 1865
1622 1878
1622 2061
1622 2123
1622 2671
1623 2177
1623 2238
1623 2298
1623 2417
1623 2531
1623 2569
1624 1820
1624 1865
1624 1879
1624 1954
1624 2084
1624 2264
1626 1858
1626 2223
1626 2299
1626 2365
1627 2340
1629 1705
1629 2013
1629 2053
1629 2139
1629 2258
1629 2218
1629 2399
1629 2644
1629 2712
1629 2714
1630 1806
1630 2001
1630 2024
1631 1798
1632 2623
1632 2681
1632 2705
1633 1792
1633 2024
1633 2036
1633 2025
1633 2299
1633 2306
1633 2418
1633 2447
1633 2568
1634 2340
1635 2265
1635 2455
1636 1867
1636 2139
1636 2688
1637 1943
1637 2073
1637 2572
1638 1988
1638 2024
1638 2178
1638 2265
1639 1855
1640 2185
1640 2389
1640 2563
1641 2183
1643 1703
1643 1807
1643 1812
1652 1693
1652 1705
1652 1793
1652 1814
1652 1817
1652 2046
1652 2094
1652 2096
1652 2122
1652 2127
1652 2175
1652 2234
1652 2392
1652 2485
1652 2486
1652 2550
1653 1903
1653 1923
1653 2226
1653 2227
1653 2231
1653 2249
1653 2289
1653 2474
1653 2394
1653 2548
1653 2575
1653 2643
1654 2024
1654 2519
1654 2721
1655 1904
1655 1988
1655 2140
1655 2162
1657 1851
1657 2078
1657 2129
1657 2343
1657 2547
1658 2123
1658 2394
1660 1896
1660 1932
1661 1664
1661 2265
1661 2581
1662 1865
1662 2077
1662 2117
1662 2347
1662 2457
1662 2670
1663 1962
1663 2069
1663 2227
1663 2228
1664 2024
1664 2265
1664 2373
1665 1970
1665 1982
1665 2002
1665 2008
1665 2127
1665 2204
1665 2207
1665 2249
1665 2693
1666 1959
1666 2002
1667 2260
1667 2663
1668 2340
1670 2024
1670 2400
1670 2467
1671 2121
1673 2483
1675 2473
1677 2016
1679 2467
1679 2516
1680 2620
1681 2379
1685 2473
1687 1688
1687 1689
1688 1764
1691 1692
1691 2012
1691 2024
1691 2032
1691 2128
1691 2526
1691 2536
1691 2541
1691 2695
1691 2720
1695 1696
1696 1748
1699 1921
1699 2279
1700 2177
1700 2258
1703 1704
1703 1801
1703 1850
1703 2030
1703 2105
1703 2184
1703 2223
1703 2226
1703 2419
1703 2514
1703 2559
1704 1812
1704 2001
1706 1707
1706 2001
1706 2283
1706 2500
1706 2676
1706 2682
1707 2271
1708 2259
1712 2191
1713 1883
1714 1715
1714 1857
1714 2177
1714 2238
1714 2298
1714 2417
1714 2457
1714 2467
1714 2517
1714 2531
1714 2569
1714 2699
1714 2705
1716 1856
1716 1857
1716 2027
1716 2066
1717 1885
1717 1886
1717 2024
1717 2057
1717 2063
1717 2090
1717 2347
1717 2437
1718 1719
1718 2068
1718 2304
1718 2559
1718 2567
1721 1746
1721 1806
1721 1979
1721 2024
1721 2069
1721 2227
1721 2359
1721 2429
1721 2560
1721 2571
1721 2624
1721 2721
1722 2024
1722 2135
1722 2162
1722 2246
1722 2721
1722 2725
1723 1728
1723 1729
1723 2080
1723 2161
1723 2263
1723 2671
1723 2717
1724 1855
1724 2024
1724 2203
1724 2256
1724 2451
1724 2550
1725 1878
1725 1879
1725 2080
1725 2176
1725 2258
1725 2263
1725 2264
1725 2309
1725 2671
1726 1727
1726 2054
1726 2299
1726 2568
1728 2080
1730 2295
1731 2178
1732 1733
1733 2270
1733 2428
1733 2690
1734 1735
1736 2488
1737 1861
1738 2246
1738 2465
1741 1742
1741 1743
1741 1971
1743 1927
1743 2241
1746 2024
1746 2025
1746 2306
1748 1749
1749 1750
1752 1905
1752 2542
1753 2728
1754 1887
1754 2217
1754 2248
1754 2284
1754 2634
1755 2096
1755 2217
1755 2392
1755 2680
1758 2236
1759 2001
1759 2114
1759 2516
1759 2709
1760 2032
1760 2066
1760 2318
1761 1762
1761 1763
1761 2310
1761 2465
1763 2271
1763 2465
1764 1959
1764 2002
1764 2038
1764 2046
1764 2403
1764 2638
1765 1766
1765 2024
1765 2135
1765 2689
1768 1769
1769 1770
1769 1771
1769 1772
1769 1849
1769 2368
1770 1849
1770 2062
1770 2268
1770 2521
1773 2136
1775 1776
1775 1842
1775 1928
1775 1941
1775 2194
1775 2380
1775 2650
1776 1906
1776 2245
1776 2326
1776 2480
1777 1800
1777 2024
1777 2296
1777 2301
1778 2302
1779 2227
1779 2669
1780 2024
1780 2507
1780 2523
1781 1941
1781 1993
1781 2194
1781 2346
1781 2680
1781 2693
1782 1783
1784 1968
1784 2543
1784 2718
1785 1877
1785 1897
1785 2002
1785 2204
1785 2226
1785 2275
1785 2314
1785 2324
1785 2345
1785 2709
1786 2001
1786 2374
1787 1950
1787 2179
1787 2220
1788 2318
1789 2130
1789 2543
1790 1791
1790 2535
1792 2507
1793 1917
1793 2046
1793 2094
1793 2096
1793 2108
1793 2161
1793 2162
1793 2173
1793 2177
1793 2197
1793 2257
1793 2417
1793 2431
1793 2536
1793 2543
1793 2550
1793 2584
1793 2709
1793 2718
1793 2721
1794 1888
1794 2325
1796 2243
1797 2345
1798 2024
1798 2256
1798 2405
1799 1908
1799 1931
1799 1972
1799 2070
1799 2117
1799 2123
1799 2162
1799 2166
1799 2230
1799 2283
1799 2310
1799 2313
1799 2320
1799 2346
1799 2358
1799 2516
1799 2526
1799 2570
1799 2594
1799 2645
1799 2680
1799 2681
1799 2682
1801 1802
1801 1803
1801 1804
1801 1850
1801 2030
1801 2127
1801 2153
1801 2184
1801 2225
1801 2226
1801 2316
1801 2550
1802 2316
1802 2364
1802 2422
1803 1813
1803 2224
1803 2225
1803 2446
1803 2685
1803 2694
1804 1849
1804 2396
1804 2605
1804 2685
1807 1812
1807 2550
1809 2226
1809 2458
1809 2693
1809 2706
1809 2716
1812 2184
1812 2335
1814 1917
1814 1986
1814 2020
1814 2031
1814 2046
1814 2094
1814 2096
1814 2134
1814 2161
1814 2173
1814 2197
1814 2198
1814 2204
1814 2232
1814 2218
1814 2417
1814 2485
1814 2584
1814 2718
1815 2192
1815 2202
1816 2363
1816 2425
1816 2457
1817 2157
1817 2314
1817 2345
1817 2365
1817 2688
1818 2209
1818 2351
1818 2358
1818 2557
1818 2630
1818 2681
1819 1973
1820 2264
1820 2270
1820 2725
1821 2594
1822 1920
1823 1969
1823 2040
1823 2202
1823 2260
1823 2358
1823 2429
1823 2627
1828 1829
1830 2205
1830 2413
1831 1832
1832 2029
1832 2141
1832 2143
1832 2207
1832 2316
1832 2335
1832 2364
1832 2525
1836 2217
1836 2408
1836 2430
1836 2578
1840 2022
1841 2166
1842 1843
1842 2113
1843 1918
1843 2112
1843 2113
1843 2415
1843 2419
1843 2711
1844 1854
1844 2057
1844 2416
1844 2627
1844 2669
1846 2065
1846 2725
1847 2050
1847 2276
1849 2605
1850 2223
1851 2129
1853 2411
1854 2024
1855 1979
1855 2203
1855 2604
1855 2612
1856 2066
1856 2350
1857 2066
1857 2309
1857 2411
1857 2502
1858 1859
1858 2272
1858 2351
1858 2540
1858 2559
1859 2072
1859 2227
1859 2532
1859 2534
1860 2474
1860 2523
1860 2578
1861 2096
1861 2569
1861 2598
1862 2356
1863 2476
1863 2480
1864 2148
1865 1866
1865 1954
1865 2077
1865 2310
1865 2351
1865 2497
1865 2622
1865 2630
1866 2048
1867 2139
1870 2048
1871 2515
1871 2726
1872 2296
1875 2024
1875 2121
1875 2150
1875 2166
1875 2322
1875 2664
1875 2670
1876 2264
1876 2628
1877 2024
1877 2166
1877 2227
1877 2257
1877 2275
1877 2314
1877 2345
1877 2516
1877 2524
1877 2688
1878 2084
1878 2176
1878 2622
1879 2084
1879 2227
1879 2264
1879 2309
1879 2630
1879 2685
1879 2725
1882 2269
1883 2271
1883 2347
1883 2500
1883 2627
1884 2024
1884 2440
1885 2024
1885 2328
1885 2356
1886 2024
1886 2328
1886 2356
1886 2457
1887 2273
1887 2634
1888 2325
1890 2143
1890 2509
1902 2024
1902 2099
1903 2289
1903 2480
1903 2647
1903 2684
1904 2284
1904 2677
1905 2284
1906 2289
1906 2326
1906 2480
1906 2647
1906 2684
1907 2521
1907 2698
1908 2276
1908 2280
1908 2283
1909 1910
1915 1916
1916 2335
1916 2525
1916 2722
1917 2725
1918 2646
1919 2033
1919 2117
1919 2331
1919 2345
1919 2643
1919 2646
1919 2650
1919 2713
1919 2716
1922 2027
1922 2465
1922 2614
1923 2146
1923 2249
1923 2647
1924 2323
1924 2426
1924 2497
1926 2020
1926 2031
1926 2201
1926 2261
1926 2647
1926 2690
1926 2692
1927 2096
1927 2175
1927 2230
1927 2565
1927 2692
1928 2182
1928 2326
1928 2543
1928 2707
1929 1930
1929 2123
1929 2180
1929 2438
1929 2542
1929 2620
1929 2709
1930 1933
1930 1937
1930 1966
1930 2114
1930 2117
1930 2123
1930 2351
1931 2020
1931 2123
1931 2180
1931 2426
1931 2574
1931 2709
1932 2020
1932 2031
1932 2201
1932 2206
1932 2654
1933 1934
1933 2248
1933 2507
1933 2693
1935 2267
1935 2507
1935 2709
1936 2571
1937 1938
1937 2686
1940 2411
1940 2417
1940 2502
1940 2699
1940 2711
1940 2718
1941 1942
1941 2194
1941 2329
1941 2358
1941 2465
1943 2148
1943 2228
1943 2537
1943 2549
1944 1964
1944 1985
1945 2227
1945 2546
1946 2020
1946 2031
1946 2201
1946 2358
1947 1948
1948 2066
1948 2230
1948 2242
1948 2502
1950 2220
1950 2222
1952 2152
1954 2077
1954 2084
1954 2351
1954 2497
1954 2622
1954 2630
1955 1956
1957 2463
1957 2718
1958 2502
1958 2523
1959 1960
1959 1961
1959 2002
1959 2367
1959 2368
1960 2032
1960 2317
1961 2151
1961 2191
1961 2221
1961 2522
1961 2537
1962 2020
1962 2031
1962 2161
1962 2201
1962 2542
1963 2308
1963 2338
1963 2547
1963 2693
1964 1997
1965 2230
1965 2325
1965 2551
1967 2020
1967 2154
1967 2201
1967 2297
1967 2438
1967 2620
1968 2003
1968 2031
1968 2147
1968 2154
1968 2709
1969 2031
1969 2280
1969 2283
1969 2297
1969 2310
1969 2370
1969 2438
1969 2487
1969 2528
1969 2594
1969 2620
1970 2024
1970 2033
1970 2129
1970 2211
1970 2227
1970 2231
1970 2345
1970 2548
1970 2575
1970 2646
1970 2647
1970 2693
1970 2715
1972 2066
1972 2070
1972 2123
1972 2162
1972 2238
1972 2250
1972 2268
1972 2276
1972 2283
1972 2318
1972 2320
1972 2346
1972 2359
1972 2469
1972 2497
1972 2523
1972 2528
1972 2620
1972 2641
1972 2645
1972 2680
1972 2681
1973 1974
1973 1975
1973 1976
1973 2497
1975 2465
1976 2123
1977 2020
1977 2066
1977 2075
1977 2086
1977 2147
1977 2334
1977 2349
1977 2408
1977 2430
1977 2465
1977 2487
1977 2528
1977 2550
1977 2620
1979 2180
1979 2237
1979 2426
1979 2451
1979 2562
1979 2612
1980 2020
1980 2031
1980 2138
1980 2201
1980 2233
1980 2238
1980 2276
1980 2432
1980 2490
1980 2542
1980 2551
1980 2569
1980 2585
1981 2020
1981 2031
1981 2093
1981 2201
1981 2283
1981 2539
1981 2598
1982 2308
1982 2396
1983 2575
1983 2710
1984 2230
1984 2551
1986 2054
1986 2324
1987 2513
1988 2178
1988 2334
1989 1990
1989 1991
1989 2695
1991 2493
1991 2688
1992 2267
1992 2555
1993 2174
1993 2227
1993 2565
1993 2693
1993 2706
1994 2024
1998 2393
2002 2368
2003 2004
2003 2005
2003 2497
2003 2542
2003 2659
2004 2208
2004 2426
2005 2089
2005 2175
2005 2337
2005 2388
2008 2009
2013 2217
2013 2294
2013 2297
2013 2679
2013 2684
2015 2482
2017 2408
2017 2426
2017 2430
2017 2598
2020 2021
2020 2022
2020 2391
2020 2525
2020 2569
2020 2598
2020 2709
2021 2031
2021 2201
2021 2242
2021 2293
2022 2201
2022 2578
2022 2585
2022 2655
2024 2025
2025 2306
2025 2356
2025 2418
2025 2447
2025 2453
2025 2507
2025 2513
2025 2558
2031 2038
2031 2276
2031 2293
2031 2218
2031 2353
2031 2403
2031 2433
2031 2489
2031 2569
2031 2598
2031 2601
2032 2430
2032 2591
2036 2353
2037 2452
2037 2467
2037 2625
2038 2403
2038 2408
2038 2430
2041 2213
2041 2274
2041 2404
2041 2509
2041 2595
2042 2043
2043 2290
2043 2642
2043 2679
2046 2616
2049 2428
2051 2446
2060 2526
2060 2720
2063 2457
2064 2065
2066 2271
2066 2445
2066 2525
2066 2614
2067 2675
2068 2532
2068 2559
2069 2571
2070 2600
2072 2227
2072 2358
2074 2180
2074 2561
2074 2562
2074 2612
2074 2702
2075 2085
2075 2227
2075 2358
2076 2455
2076 2500
2077 2358
2077 2417
2080 2081
2080 2082
2080 2270
2083 2555
2084 2264
2084 2538
2084 2622
2085 2240
2085 2659
2086 2350
2087 2261
2087 2277
2087 2591
2087 2685
2087 2725
2089 2391
2090 2437
2090 2627
2090 2629
2091 2510
2091 2718
2091 2725
2094 2095
2094 2095
2094 2273
2094 2485
2094 2486
2094 2487
2094 2634
2095 2096
2095 2096
2095 2273
2095 2486
2095 2578
2096 2392
2096 2485
2096 2487
2096 2634
2097 2221
2097 2258
2097 2468
2097 2522
2097 2599
2099 2100
2099 2101
2100 2114
2101 2285
2102 2182
2102 2326
2102 2343
2102 2560
2102 2575
2102 2642
2102 2646
2102 2693
2102 2715
2102 2716
2109 2110
2109 2123
2109 2159
2109 2162
2109 2359
2110 2111
2110 2349
2110 2656
2112 2113
2112 2415
2112 2711
2112 2716
2114 2115
2114 2500
2116 2289
2116 2312
2116 2347
2116 2352
2116 2359
2116 2507
2116 2515
2116 2546
2116 2659
2117 2347
2117 2359
2117 2500
2117 2623
2121 2347
2121 2354
2121 2500
2121 2648
2121 2670
2122 2356
2122 2536
2122 2550
2122 2718
2123 2124
2123 2125
2123 2438
2123 2620
2124 2420
2127 2226
2127 2706
2128 2430
2128 2565
2130 2131
2130 2543
2131 2191
2132 2345
2132 2446
2132 2661
2133 2333
2133 2470
2133 2554
2134 2529
2135 2482
2136 2529
2137 2138
2137 2138
2139 2688
2140 2539
2140 2697
2141 2316
2142 2529
2143 2525
2143 2550
2144 2145
2144 2529
2146 2647
2146 2716
2147 2659
2148 2717
2149 2550
2149 2551
2149 2708
2151 2221
2151 2522
2151 2537
2152 2343
2152 2529
2154 2155
2154 2156
2154 2295
2154 2339
2154 2685
2155 2438
2155 2529
2155 2620
2158 2455
2158 2539
2159 2455
2159 2500
2160 2342
2160 2494
2161 2448
2161 2536
2161 2594
2161 2719
2163 2164
2163 2344
2163 2543
2163 2696
2164 2344
2166 2455
2166 2502
2166 2516
2166 2711
2168 2169
2168 2387
2168 2390
2169 2590
2170 2505
2170 2581
2171 2499
2172 2375
2172 2536
2172 2541
2172 2668
2173 2510
2173 2515
2173 2550
2173 2574
2174 2565
2175 2525
2180 2181
2180 2240
2180 2426
2180 2604
2180 2612
2180 2633
2181 2257
2181 2277
2182 2358
2182 2548
2182 2575
2182 2680
2185 2345
2185 2378
2185 2564
2187 2693
2187 2699
2189 2190
2190 2648
2190 2650
2194 2217
2195 2639
2201 2598
2201 2620
2202 2467
2204 2584
2209 2557
2209 2623
2210 2211
2212 2721
2213 2404
2213 2595
2217 2218
2217 2433
2217 2489
2217 2565
2218 2297
2218 2433
2218 2489
2221 2522
2224 2559
2224 2694
2225 2694
2226 2419
2226 2514
2226 2605
2228 2229
2233 2585
2237 2517
2237 2554
2238 2432
2238 2569
2238 2692
2240 2391
2240 2574
2240 2612
2240 2633
2241 2638
2242 2502
2248 2397
2248 2481
2248 2567
2248 2574
2248 2725
2249 2548
2249 2575
2249 2713
2249 2716
2250 2284
2250 2438
2250 2570
2250 2641
2251 2455
2252 2437
2254 2255
2256 2418
2256 2445
2256 2518
2256 2612
2256 2613
2256 2622
2257 2517
2257 2725
2258 2270
2258 2522
2259 2426
2259 2625
2260 2627
2261 2262
2265 2455
2266 2427
2266 2630
2268 2660
2270 2725
2271 2692
2274 2404
2275 2524
2279 2605
2279 2609
2279 2715
2280 2507
2280 2528
2280 2539
2280 2565
2280 2586
2280 2642
2282 2474
2283 2682
2286 2287
2286 2652
2288 2575
2293 2598
2294 2295
2294 2718
2295 2622
2296 2726
2297 2463
2297 2489
2300 2542
2300 2560
2300 2679
2300 2684
2304 2532
2306 2356
2306 2443
2306 2513
2306 2558
2308 2587
2310 2526
2310 2571
2310 2594
2311 2556
2311 2573
2311 2577
2312 2353
2312 2500
2312 2520
2313 2391
2313 2529
2313 2559
2313 2726
2314 2345
2314 2524
2314 2574
2314 2688
2316 2364
2317 2358
2317 2364
2318 2364
2318 2601
2318 2620
2319 2536
2319 2541
2319 2720
2320 2321
2320 2463
2320 2582
2321 2528
2321 2546
2323 2525
2324 2719
2325 2719
2326 2480
2327 2479
2328 2539
2329 2539
2329 2697
2331 2332
2331 2460
2331 2644
2331 2700
2332 2460
2332 2543
2332 2644
2338 2472
2339 2721
2342 2494
2344 2696
2347 2348
2347 2349
2347 2500
2347 2614
2347 2627
2347 2676
2347 2710
2349 2500
2349 2528
2349 2586
2349 2714
2350 2445
2350 2500
2350 2633
2351 2500
2352 2500
2353 2500
2353 2528
2353 2574
2353 2616
2353 2658
2354 2500
2354 2667
2354 2677
2355 2500
2355 2659
2355 2676
2356 2357
2356 2500
2356 2649
2356 2677
2357 2701
2358 2448
2358 2500
2360 2453
2360 2500
2361 2362
2364 2525
2364 2722
2366 2367
2366 2368
2369 2370
2369 2396
2371 2609
2371 2715
2372 2666
2373 2670
2375 2719
2376 2377
2376 2536
2376 2541
2376 2695
2377 2688
2380 2650
2383 2384
2394 2395
2404 2595
2417 2513
2417 2558
2417 2702
2426 2598
2426 2600
2431 2616
2437 2604
2438 2471
2438 2570
2438 2641
2440 2441
2440 2626
2442 2626
2443 2444
2444 2551
2447 2453
2449 2450
2455 2456
2457 2630
2459 2528
2459 2718
2461 2462
2462 2463
2463 2464
2463 2681
2464 2484
2471 2678
2473 2684
2474 2475
2475 2603
2475 2727
2476 2477
2481 2693
2486 2654
2492 2719
2492 2723
2500 2501
2502 2503
2502 2504
2502 2709
2502 2711
2504 2534
2504 2552
2507 2508
2509 2692
2510 2574
2511 2678
2513 2558
2513 2692
2513 2722
2515 2722
2517 2631
2517 2692
2521 2698
2525 2722
2526 2527
2526 2720
2527 2720
2528 2586
2528 2658
2529 2530
2530 2621
2531 2677
2532 2533
2534 2631
2536 2541
2536 2695
2536 2720
2539 2661
2539 2697
2540 2683
2543 2544
2543 2545
2548 2575
2558 2570
2558 2722
2560 2642
2562 2665
2562 2699
2562 2711
2567 2678
2567 2722
2569 2594
2574 2691
2595 2596
2607 2608
2635 2636
2643 2644
2652 2653
2656 2657
2661 2662
2661 2697
2662 2710
2673 2674
2686 2687
2694 2704
2699 2724
2702 2703
2702 2703
2709 2715
