0 0
0 1
0 1
0 2
0 3
1 2
1 1
1 4
1 4
1 3
1 5
2 2
2 3
2 3
3 3
3 4
3 5
3 5
4 4
4 6
4 6
4 5
4 7
5 5
5 6
5 7
5 7
6 6
6 8
6 8
6 7
6 9
7 7
7 8
7 9
7 9
8 8
8 10
8 10
8 9
8 11
9 9
9 10
9 11
9 11
10 10
10 12
10 12
10 11
10 13
11 11
11 12
11 13
11 13
12 12
12 14
12 14
12 13
12 15
13 13
13 14
13 15
13 15
14 14
14 16
14 16
14 15
14 17
15 15
15 16
15 17
15 17
16 16
16 18
16 18
16 17
16 19
17 17
17 18
17 19
17 19
18 18
18 20
18 20
18 19
18 21
19 19
19 20
19 21
19 21
20 20
20 22
20 22
20 21
20 23
21 21
21 22
21 23
21 23
22 22
22 24
22 24
22 23
22 25
23 23
23 24
23 25
23 25
24 24
24 26
24 26
24 25
24 27
25 25
25 26
25 27
25 27
26 26
26 28
26 28
26 27
26 29
27 27
27 28
27 29
27 29
28 28
28 30
28 30
28 29
28 31
29 29
29 30
29 31
29 31
30 30
30 32
30 32
30 31
30 33
31 31
31 32
31 33
31 33
32 32
32 34
32 34
32 33
32 35
33 33
33 34
33 35
33 35
34 34
34 36
34 36
34 35
34 37
35 35
35 36
35 37
35 37
36 36
36 38
36 38
36 37
36 39
37 37
37 38
37 39
37 39
38 38
38 40
38 40
38 39
38 41
39 39
39 40
39 41
39 41
40 40
40 42
40 42
40 41
40 43
41 41
41 42
41 43
41 43
42 42
42 44
42 44
42 43
42 45
43 43
43 44
43 45
43 45
44 44
44 46
44 46
44 45
44 47
45 45
45 46
45 47
45 47
46 46
46 48
46 48
46 47
46 49
47 47
47 48
47 49
47 49
48 48
48 50
48 50
48 49
48 51
49 49
49 50
49 51
49 51
50 50
50 52
50 52
50 51
50 53
51 51
51 52
51 53
51 53
52 52
52 54
52 54
52 53
52 55
53 53
53 54
53 55
53 55
54 54
54 56
54 56
54 55
54 57
55 55
55 56
55 57
55 57
56 56
56 58
56 58
56 57
56 59
57 57
57 58
57 59
57 59
58 58
58 60
58 60
58 59
58 61
59 59
59 60
59 61
59 61
60 60
60 62
60 62
60 61
60 63
61 61
61 62
61 63
61 63
62 62
62 64
62 64
62 63
62 65
63 63
63 64
63 65
63 65
64 64
64 66
64 66
64 65
64 67
65 65
65 66
65 67
65 67
66 66
66 68
66 68
66 67
66 69
67 67
67 68
67 69
67 69
68 68
68 70
68 70
68 69
68 71
69 69
69 70
69 71
69 71
70 70
70 72
70 72
70 71
70 73
71 71
71 72
71 73
71 73
72 72
72 74
72 74
72 73
72 75
73 73
73 74
73 75
73 75
74 74
74 76
74 76
74 75
74 77
75 75
75 76
75 77
75 77
76 76
76 78
76 78
76 77
76 79
77 77
77 78
77 79
77 79
78 78
78 80
78 80
78 79
78 81
79 79
79 80
79 81
79 81
80 80
80 82
80 82
80 81
80 83
81 81
81 82
81 83
81 83
82 82
82 84
82 84
82 83
82 85
83 83
83 84
83 85
83 85
84 84
84 86
84 86
84 85
84 87
85 85
85 86
85 87
85 87
86 86
86 88
86 88
86 87
86 89
87 87
87 88
87 89
87 89
88 88
88 90
88 90
88 89
88 91
89 89
89 90
89 91
89 91
90 90
90 92
90 92
90 91
90 93
91 91
91 92
91 93
91 93
92 92
92 94
92 94
92 93
92 95
93 93
93 94
93 95
93 95
94 94
94 96
94 96
94 95
94 97
95 95
95 96
95 97
95 97
96 96
96 98
96 98
96 97
96 99
97 97
97 98
97 99
97 99
98 98
98 100
98 100
98 99
98 101
99 99
99 100
99 101
99 101
100 100
100 102
100 102
100 101
100 103
101 101
101 102
101 103
101 103
102 102
102 104
102 104
102 103
102 105
103 103
103 104
103 105
103 105
104 104
104 106
104 106
104 105
104 107
105 105
105 106
105 107
105 107
106 106
106 108
106 108
106 107
106 109
107 107
107 108
107 109
107 109
108 108
108 110
108 110
108 109
108 111
109 109
109 110
109 111
109 111
110 110
110 112
110 112
110 111
110 113
111 111
111 112
111 113
111 113
112 112
112 114
112 114
112 113
112 115
113 113
113 114
113 115
113 115
114 114
114 116
114 116
114 115
114 117
115 115
115 116
115 117
115 117
116 116
116 118
116 118
116 117
116 119
117 117
117 118
117 119
117 119
118 118
118 120
118 120
118 119
118 121
119 119
119 120
119 121
119 121
120 120
120 122
120 122
120 121
120 123
121 121
121 122
121 123
121 123
122 122
122 124
122 124
122 123
122 125
123 123
123 124
123 125
123 125
124 124
124 126
124 126
124 125
124 127
125 125
125 126
125 127
125 127
126 126
126 128
126 128
126 127
126 129
127 127
127 128
127 129
127 129
128 128
128 130
128 130
128 129
128 131
129 129
129 130
129 131
129 131
130 130
130 132
130 132
130 131
130 133
131 131
131 132
131 133
131 133
132 132
132 134
132 134
132 133
132 135
133 133
133 134
133 135
133 135
134 134
134 136
134 136
134 135
134 137
135 135
135 136
135 137
135 137
136 136
136 138
136 138
136 137
136 139
137 137
137 138
137 139
137 139
138 138
138 140
138 140
138 139
138 141
139 139
139 140
139 141
139 141
140 140
140 142
140 142
140 141
140 143
141 141
141 142
141 143
141 143
142 142
142 144
142 144
142 143
142 145
143 143
143 144
143 145
143 145
144 144
144 146
144 146
144 145
144 147
145 145
145 146
145 147
145 147
146 146
146 148
146 148
146 147
146 149
147 147
147 148
147 149
147 149
148 148
148 150
148 150
148 149
148 151
149 149
149 150
149 151
149 151
150 150
150 152
150 152
150 151
150 153
151 151
151 152
151 153
151 153
152 152
152 154
152 154
152 153
152 155
153 153
153 154
153 155
153 155
154 154
154 156
154 156
154 155
154 157
155 155
155 156
155 157
155 157
156 156
156 158
156 158
156 157
156 159
157 157
157 158
157 159
157 159
158 158
158 160
158 160
158 159
158 161
159 159
159 160
159 161
159 161
160 160
160 162
160 162
160 161
160 163
161 161
161 162
161 163
161 163
162 162
162 164
162 164
162 163
162 165
163 163
163 164
163 165
163 165
164 164
164 166
164 166
164 165
164 167
165 165
165 166
165 167
165 167
166 166
166 168
166 168
166 167
166 169
167 167
167 168
167 169
167 169
168 168
168 170
168 170
168 169
168 171
169 169
169 170
169 171
169 171
170 170
170 172
170 172
170 171
170 173
171 171
171 172
171 173
171 173
172 172
172 174
172 174
172 173
172 175
173 173
173 174
173 175
173 175
174 174
174 176
174 176
174 175
174 177
175 175
175 176
175 177
175 177
176 176
176 178
176 178
176 177
176 179
177 177
177 178
177 179
177 179
178 178
178 180
178 180
178 179
178 181
179 179
179 180
179 181
179 181
180 180
180 182
180 182
180 181
180 183
181 181
181 182
181 183
181 183
182 182
182 184
182 184
182 183
182 185
183 183
183 184
183 185
183 185
184 184
184 186
184 186
184 185
184 187
185 185
185 186
185 187
185 187
186 186
186 188
186 188
186 187
186 189
187 187
187 188
187 189
187 189
188 188
188 190
188 190
188 189
188 191
189 189
189 190
189 191
189 191
190 190
190 192
190 192
190 191
190 193
191 191
191 192
191 193
191 193
192 192
192 194
192 194
192 193
192 195
193 193
193 194
193 195
193 195
194 194
194 196
194 196
194 195
194 197
195 195
195 196
195 197
195 197
196 196
196 198
196 198
196 197
196 199
197 197
197 198
197 199
197 199
198 198
198 200
198 200
198 199
198 201
199 199
199 200
199 201
199 201
200 200
200 202
200 202
200 201
200 203
201 201
201 202
201 203
201 203
202 202
202 204
202 204
202 203
202 205
203 203
203 204
203 205
203 205
204 204
204 206
204 206
204 205
204 207
205 205
205 206
205 207
205 207
206 206
206 208
206 208
206 207
206 209
207 207
207 208
207 209
207 209
208 208
208 210
208 210
208 209
208 211
209 209
209 210
209 211
209 211
210 210
210 212
210 212
210 211
210 213
211 211
211 212
211 213
211 213
212 212
212 214
212 214
212 213
212 215
213 213
213 214
213 215
213 215
214 214
214 216
214 216
214 215
214 217
215 215
215 216
215 217
215 217
216 216
216 218
216 218
216 217
216 219
217 217
217 218
217 219
217 219
218 218
218 220
218 220
218 219
218 221
219 219
219 220
219 221
219 221
220 220
220 222
220 222
220 221
220 223
221 221
221 222
221 223
221 223
222 222
222 224
222 224
222 223
222 225
223 223
223 224
223 225
223 225
224 224
224 226
224 226
224 225
224 227
225 225
225 226
225 227
225 227
226 226
226 228
226 228
226 227
226 229
227 227
227 228
227 229
227 229
228 228
228 230
228 230
228 229
228 231
229 229
229 230
229 231
229 231
230 230
230 232
230 232
230 231
230 233
231 231
231 232
231 233
231 233
232 232
232 234
232 234
232 233
232 235
233 233
233 234
233 235
233 235
234 234
234 236
234 236
234 235
234 237
235 235
235 236
235 237
235 237
236 236
236 238
236 238
236 237
236 239
237 237
237 238
237 239
237 239
238 238
238 240
238 240
238 239
238 241
239 239
239 240
239 241
239 241
240 240
240 242
240 242
240 241
240 243
241 241
241 242
241 243
241 243
242 242
242 244
242 244
242 243
242 245
243 243
243 244
243 245
243 245
244 244
244 246
244 246
244 245
244 247
245 245
245 246
245 247
245 247
246 246
246 248
246 248
246 247
246 249
247 247
247 248
247 249
247 249
248 248
248 250
248 250
248 249
248 251
249 249
249 250
249 251
249 251
250 250
250 252
250 252
250 251
250 253
251 251
251 252
251 253
251 253
252 252
252 254
252 254
252 253
252 255
253 253
253 254
253 255
253 255
254 254
254 256
254 256
254 255
254 257
255 255
255 256
255 257
255 257
256 256
256 258
256 258
256 257
256 259
257 257
257 258
257 259
257 259
258 258
258 260
258 260
258 259
258 261
259 259
259 260
259 261
259 261
260 260
260 262
260 262
260 261
260 263
261 261
261 262
261 263
261 263
262 262
262 264
262 264
262 263
262 265
263 263
263 264
263 265
263 265
264 264
264 266
264 266
264 265
264 267
265 265
265 266
265 267
265 267
266 266
266 268
266 268
266 267
266 269
267 267
267 268
267 269
267 269
268 268
268 270
268 270
268 269
268 271
269 269
269 270
269 271
269 271
270 270
270 272
270 272
270 271
270 273
271 271
271 272
271 273
271 273
272 272
272 274
272 274
272 273
272 275
273 273
273 274
273 275
273 275
274 274
274 276
274 276
274 275
274 277
275 275
275 276
275 277
275 277
276 276
276 278
276 278
276 277
276 279
277 277
277 278
277 279
277 279
278 278
278 280
278 280
278 279
278 281
279 279
279 280
279 281
279 281
280 280
280 282
280 282
280 281
280 283
281 281
281 282
281 283
281 283
282 282
282 284
282 284
282 283
282 285
283 283
283 284
283 285
283 285
284 284
284 286
284 286
284 285
284 287
285 285
285 286
285 287
285 287
286 286
286 288
286 288
286 287
286 289
287 287
287 288
287 289
287 289
288 288
288 290
288 290
288 289
288 291
289 289
289 290
289 291
289 291
290 290
290 292
290 292
290 291
290 293
291 291
291 292
291 293
291 293
292 292
292 294
292 294
292 293
292 295
293 293
293 294
293 295
293 295
294 294
294 296
294 296
294 295
294 297
295 295
295 296
295 297
295 297
296 296
296 298
296 298
296 297
296 299
297 297
297 298
297 299
297 299
298 298
298 300
298 300
298 299
298 301
299 299
299 300
299 301
299 301
300 300
300 302
300 302
300 301
300 303
301 301
301 302
301 303
301 303
302 302
302 304
302 304
302 303
302 305
303 303
303 304
303 305
303 305
304 304
304 306
304 306
304 305
304 307
305 305
305 306
305 307
305 307
306 306
306 308
306 308
306 307
306 309
307 307
307 308
307 309
307 309
308 308
308 310
308 310
308 309
308 311
309 309
309 310
309 311
309 311
310 310
310 312
310 312
310 311
310 313
311 311
311 312
311 313
311 313
312 312
312 314
312 314
312 313
312 315
313 313
313 314
313 315
313 315
314 314
314 316
314 316
314 315
314 317
315 315
315 316
315 317
315 317
316 316
316 318
316 318
316 317
316 319
317 317
317 318
317 319
317 319
318 318
318 320
318 320
318 319
318 321
319 319
319 320
319 321
319 321
320 320
320 322
320 322
320 321
320 323
321 321
321 322
321 323
321 323
322 322
322 324
322 324
322 323
322 325
323 323
323 324
323 325
323 325
324 324
324 326
324 326
324 325
324 327
325 325
325 326
325 327
325 327
326 326
326 328
326 328
326 327
326 329
327 327
327 328
327 329
327 329
328 328
328 330
328 330
328 329
328 331
329 329
329 330
329 331
329 331
330 330
330 332
330 332
330 331
330 333
331 331
331 332
331 333
331 333
332 332
332 334
332 334
332 333
332 335
333 333
333 334
333 335
333 335
334 334
334 336
334 336
334 335
334 337
335 335
335 336
335 337
335 337
336 336
336 338
336 338
336 337
336 339
337 337
337 338
337 339
337 339
338 338
338 340
338 340
338 339
338 341
339 339
339 340
339 341
339 341
340 340
340 342
340 342
340 341
340 343
341 341
341 342
341 343
341 343
342 342
342 344
342 344
342 343
342 345
343 343
343 344
343 345
343 345
344 344
344 346
344 346
344 345
344 347
345 345
345 346
345 347
345 347
346 346
346 348
346 348
346 347
346 349
347 347
347 348
347 349
347 349
348 348
348 350
348 350
348 349
348 351
349 349
349 350
349 351
349 351
350 350
350 352
350 352
350 351
350 353
351 351
351 352
351 353
351 353
352 352
352 354
352 354
352 353
352 355
353 353
353 354
353 355
353 355
354 354
354 356
354 356
354 355
354 357
355 355
355 356
355 357
355 357
356 356
356 358
356 358
356 357
356 359
357 357
357 358
357 359
357 359
358 358
358 360
358 360
358 359
358 361
359 359
359 360
359 361
359 361
360 360
360 362
360 362
360 361
360 363
361 361
361 362
361 363
361 363
362 362
362 364
362 364
362 363
362 365
363 363
363 364
363 365
363 365
364 364
364 366
364 366
364 365
364 367
365 365
365 366
365 367
365 367
366 366
366 368
366 368
366 367
366 369
367 367
367 368
367 369
367 369
368 368
368 370
368 370
368 369
368 371
369 369
369 370
369 371
369 371
370 370
370 372
370 372
370 371
370 373
371 371
371 372
371 373
371 373
372 372
372 374
372 374
372 373
372 375
373 373
373 374
373 375
373 375
374 374
374 376
374 376
374 375
374 377
375 375
375 376
375 377
375 377
376 376
376 378
376 378
376 377
376 379
377 377
377 378
377 379
377 379
378 378
378 380
378 380
378 379
378 381
379 379
379 380
379 381
379 381
380 380
380 382
380 382
380 381
380 383
381 381
381 382
381 383
381 383
382 382
382 384
382 384
382 383
382 385
383 383
383 384
383 385
383 385
384 384
384 386
384 386
384 385
384 387
385 385
385 386
385 387
385 387
386 386
386 388
386 388
386 387
386 389
387 387
387 388
387 389
387 389
388 388
388 390
388 390
388 389
388 391
389 389
389 390
389 391
389 391
390 390
390 392
390 392
390 391
390 393
391 391
391 392
391 393
391 393
392 392
392 394
392 394
392 393
392 395
393 393
393 394
393 395
393 395
394 394
394 396
394 396
394 395
394 397
395 395
395 396
395 397
395 397
396 396
396 398
396 398
396 397
396 399
397 397
397 398
397 399
397 399
398 398
398 400
398 400
398 399
398 401
399 399
399 400
399 401
399 401
400 400
400 402
400 402
400 401
400 403
401 401
401 402
401 403
401 403
402 402
402 404
402 404
402 403
402 405
403 403
403 404
403 405
403 405
404 404
404 406
404 406
404 405
404 407
405 405
405 406
405 407
405 407
406 406
406 408
406 408
406 407
406 409
407 407
407 408
407 409
407 409
408 408
408 410
408 410
408 409
408 411
409 409
409 410
409 411
409 411
410 410
410 412
410 412
410 411
410 413
411 411
411 412
411 413
411 413
412 412
412 414
412 414
412 413
412 415
413 413
413 414
413 415
413 415
414 414
414 416
414 416
414 415
414 417
415 415
415 416
415 417
415 417
416 416
416 418
416 418
416 417
416 419
417 417
417 418
417 419
417 419
418 418
418 420
418 420
418 419
418 421
419 419
419 420
419 421
419 421
420 420
420 422
420 422
420 421
420 423
421 421
421 422
421 423
421 423
422 422
422 424
422 424
422 423
422 425
423 423
423 424
423 425
423 425
424 424
424 426
424 426
424 425
424 427
425 425
425 426
425 427
425 427
426 426
426 428
426 428
426 427
426 429
427 427
427 428
427 429
427 429
428 428
428 430
428 430
428 429
428 431
429 429
429 430
429 431
429 431
430 430
430 432
430 432
430 431
430 433
431 431
431 432
431 433
431 433
432 432
432 434
432 434
432 433
432 435
433 433
433 434
433 435
433 435
434 434
434 436
434 436
434 435
434 437
435 435
435 436
435 437
435 437
436 436
436 438
436 438
436 437
436 439
437 437
437 438
437 439
437 439
438 438
438 440
438 440
438 439
438 441
439 439
439 440
439 441
439 441
440 440
440 442
440 442
440 441
440 443
441 441
441 442
441 443
441 443
442 442
442 444
442 444
442 443
442 445
443 443
443 444
443 445
443 445
444 444
444 446
444 446
444 445
444 447
445 445
445 446
445 447
445 447
446 446
446 448
446 448
446 447
446 449
447 447
447 448
447 449
447 449
448 448
448 450
448 450
448 449
448 451
449 449
449 450
449 451
449 451
450 450
450 452
450 452
450 451
450 453
451 451
451 452
451 453
451 453
452 452
452 454
452 454
452 453
452 455
453 453
453 454
453 455
453 455
454 454
454 456
454 456
454 455
454 457
455 455
455 456
455 457
455 457
456 456
456 458
456 458
456 457
456 459
457 457
457 458
457 459
457 459
458 458
458 460
458 460
458 459
458 461
459 459
459 460
459 461
459 461
460 460
460 462
460 462
460 461
460 463
461 461
461 462
461 463
461 463
462 462
462 464
462 464
462 463
462 465
463 463
463 464
463 465
463 465
464 464
464 466
464 466
464 465
464 467
465 465
465 466
465 467
465 467
466 466
466 468
466 468
466 467
466 469
467 467
467 468
467 469
467 469
468 468
468 470
468 470
468 469
468 471
469 469
469 470
469 471
469 471
470 470
470 472
470 472
470 471
470 473
471 471
471 472
471 473
471 473
472 472
472 474
472 474
472 473
472 475
473 473
473 474
473 475
473 475
474 474
474 476
474 476
474 475
474 477
475 475
475 476
475 477
475 477
476 476
476 478
476 478
476 477
476 479
477 477
477 478
477 479
477 479
478 478
478 480
478 480
478 479
478 481
479 479
479 480
479 481
479 481
480 480
480 482
480 482
480 481
480 483
481 481
481 482
481 483
481 483
482 482
482 484
482 484
482 483
482 485
483 483
483 484
483 485
483 485
484 484
484 486
484 486
484 485
484 487
485 485
485 486
485 487
485 487
486 486
486 488
486 488
486 487
486 489
487 487
487 488
487 489
487 489
488 488
488 490
488 490
488 489
488 491
489 489
489 490
489 491
489 491
490 490
490 492
490 492
490 491
490 493
491 491
491 492
491 493
491 493
492 492
492 494
492 494
492 493
492 495
493 493
493 494
493 495
493 495
494 494
494 496
494 496
494 495
494 497
495 495
495 496
495 497
495 497
496 496
496 498
496 498
496 497
496 499
497 497
497 498
497 499
497 499
498 498
498 500
498 500
498 499
498 501
499 499
499 500
499 501
499 501
500 500
500 502
500 502
500 501
500 503
501 501
501 502
501 503
501 503
502 502
502 504
502 504
502 503
502 505
503 503
503 504
503 505
503 505
504 504
504 506
504 506
504 505
504 507
505 505
505 506
505 507
505 507
506 506
506 508
506 508
506 507
506 509
507 507
507 508
507 509
507 509
508 508
508 510
508 510
508 509
508 511
509 509
509 510
509 511
509 511
510 510
510 512
510 512
510 511
510 513
511 511
511 512
511 513
511 513
512 512
512 514
512 514
512 513
512 515
513 513
513 514
513 515
513 515
514 514
514 516
514 516
514 515
514 517
515 515
515 516
515 517
515 517
516 516
516 518
516 518
516 517
516 519
517 517
517 518
517 519
517 519
518 518
518 520
518 520
518 519
518 521
519 519
519 520
519 521
519 521
520 520
520 522
520 522
520 521
520 523
521 521
521 522
521 523
521 523
522 522
522 524
522 524
522 523
522 525
523 523
523 524
523 525
523 525
524 524
524 526
524 526
524 525
524 527
525 525
525 526
525 527
525 527
526 526
526 528
526 528
526 527
526 529
527 527
527 528
527 529
527 529
528 528
528 530
528 530
528 529
528 531
529 529
529 530
529 531
529 531
530 530
530 532
530 532
530 531
530 533
531 531
531 532
531 533
531 533
532 532
532 534
532 534
532 533
532 535
533 533
533 534
533 535
533 535
534 534
534 536
534 536
534 535
534 537
535 535
535 536
535 537
535 537
536 536
536 538
536 538
536 537
536 539
537 537
537 538
537 539
537 539
538 538
538 540
538 540
538 539
538 541
539 539
539 540
539 541
539 541
540 540
540 542
540 542
540 541
540 543
541 541
541 542
541 543
541 543
542 542
542 544
542 544
542 543
542 545
543 543
543 544
543 545
543 545
544 544
544 546
544 546
544 545
544 547
545 545
545 546
545 547
545 547
546 546
546 548
546 548
546 547
546 549
547 547
547 548
547 549
547 549
548 548
548 550
548 550
548 549
548 551
549 549
549 550
549 551
549 551
550 550
550 552
550 552
550 551
550 553
551 551
551 552
551 553
551 553
552 552
552 554
552 554
552 553
552 555
553 553
553 554
553 555
553 555
554 554
554 556
554 556
554 555
554 557
555 555
555 556
555 557
555 557
556 556
556 558
556 558
556 557
556 559
557 557
557 558
557 559
557 559
558 558
558 560
558 560
558 559
558 561
559 559
559 560
559 561
559 561
560 560
560 562
560 562
560 561
560 563
561 561
561 562
561 563
561 563
562 562
562 564
562 564
562 563
562 565
563 563
563 564
563 565
563 565
564 564
564 566
564 566
564 565
564 567
565 565
565 566
565 567
565 567
566 566
566 568
566 568
566 567
566 569
567 567
567 568
567 569
567 569
568 568
568 570
568 570
568 569
568 571
569 569
569 570
569 571
569 571
570 570
570 572
570 572
570 571
570 573
571 571
571 572
571 573
571 573
572 572
572 574
572 574
572 573
572 575
573 573
573 574
573 575
573 575
574 574
574 576
574 576
574 575
574 577
575 575
575 576
575 577
575 577
576 576
576 578
576 578
576 577
576 579
577 577
577 578
577 579
577 579
578 578
578 580
578 580
578 579
578 581
579 579
579 580
579 581
579 581
580 580
580 582
580 582
580 581
580 583
581 581
581 582
581 583
581 583
582 582
582 584
582 584
582 583
582 585
583 583
583 584
583 585
583 585
584 584
584 586
584 586
584 585
584 587
585 585
585 586
585 587
585 587
586 586
586 588
586 588
586 587
586 589
587 587
587 588
587 589
587 589
588 588
588 590
588 590
588 589
588 591
589 589
589 590
589 591
589 591
590 590
590 592
590 592
590 591
590 593
591 591
591 592
591 593
591 593
592 592
592 594
592 594
592 593
592 595
593 593
593 594
593 595
593 595
594 594
594 596
594 596
594 595
594 597
595 595
595 596
595 597
595 597
596 596
596 598
596 598
596 597
596 599
597 597
597 598
597 599
597 599
598 598
598 600
598 600
598 599
598 601
599 599
599 600
599 601
599 601
600 600
600 602
600 602
600 601
600 603
601 601
601 602
601 603
601 603
602 602
602 604
602 604
602 603
602 605
603 603
603 604
603 605
603 605
604 604
604 606
604 606
604 605
604 607
605 605
605 606
605 607
605 607
606 606
606 608
606 608
606 607
606 609
607 607
607 608
607 609
607 609
608 608
608 610
608 610
608 609
608 611
609 609
609 610
609 611
609 611
610 610
610 612
610 612
610 611
610 613
611 611
611 612
611 613
611 613
612 612
612 614
612 614
612 613
612 615
613 613
613 614
613 615
613 615
614 614
614 616
614 616
614 615
614 617
615 615
615 616
615 617
615 617
616 616
616 618
616 618
616 617
616 619
617 617
617 618
617 619
617 619
618 618
618 620
618 620
618 619
618 621
619 619
619 620
619 621
619 621
620 620
620 622
620 622
620 621
620 623
621 621
621 622
621 623
621 623
622 622
622 624
622 624
622 623
622 625
623 623
623 624
623 625
623 625
624 624
624 626
624 626
624 625
624 627
625 625
625 626
625 627
625 627
626 626
626 628
626 628
626 627
626 629
627 627
627 628
627 629
627 629
628 628
628 630
628 630
628 629
628 631
629 629
629 630
629 631
629 631
630 630
630 632
630 632
630 631
630 633
631 631
631 632
631 633
631 633
632 632
632 634
632 634
632 633
632 635
633 633
633 634
633 635
633 635
634 634
634 636
634 636
634 635
634 637
635 635
635 636
635 637
635 637
636 636
636 638
636 638
636 637
636 639
637 637
637 638
637 639
637 639
638 638
638 640
638 640
638 639
638 641
639 639
639 640
639 641
639 641
640 640
640 642
640 642
640 641
640 643
641 641
641 642
641 643
641 643
642 642
642 644
642 644
642 643
642 645
643 643
643 644
643 645
643 645
644 644
644 646
644 646
644 645
644 647
645 645
645 646
645 647
645 647
646 646
646 648
646 648
646 647
646 649
647 647
647 648
647 649
647 649
648 648
648 650
648 650
648 649
648 651
649 649
649 650
649 651
649 651
650 650
650 652
650 652
650 651
650 653
651 651
651 652
651 653
651 653
652 652
652 654
652 654
652 653
652 655
653 653
653 654
653 655
653 655
654 654
654 656
654 656
654 655
654 657
655 655
655 656
655 657
655 657
656 656
656 658
656 658
656 657
656 659
657 657
657 658
657 659
657 659
658 658
658 660
658 660
658 659
658 661
659 659
659 660
659 661
659 661
660 660
660 662
660 662
660 661
660 663
661 661
661 662
661 663
661 663
662 662
662 664
662 664
662 663
662 665
663 663
663 664
663 665
663 665
664 664
664 666
664 666
664 665
664 667
665 665
665 666
665 667
665 667
666 666
666 668
666 668
666 667
666 669
667 667
667 668
667 669
667 669
668 668
668 670
668 670
668 669
668 671
669 669
669 670
669 671
669 671
670 670
670 672
670 672
670 671
670 673
671 671
671 672
671 673
671 673
672 672
672 674
672 674
672 673
672 675
673 673
673 674
673 675
673 675
674 674
674 676
674 676
674 675
674 677
675 675
675 676
675 677
675 677
676 676
676 678
676 678
676 677
676 679
677 677
677 678
677 679
677 679
678 678
678 680
678 680
678 679
678 681
679 679
679 680
679 681
679 681
680 680
680 682
680 682
680 681
680 683
681 681
681 682
681 683
681 683
682 682
682 684
682 684
682 683
682 685
683 683
683 684
683 685
683 685
684 684
684 686
684 686
684 685
684 687
685 685
685 686
685 687
685 687
686 686
686 688
686 688
686 687
686 689
687 687
687 688
687 689
687 689
688 688
688 690
688 690
688 689
688 691
689 689
689 690
689 691
689 691
690 690
690 692
690 692
690 691
690 693
691 691
691 692
691 693
691 693
692 692
692 694
692 694
692 693
692 695
693 693
693 694
693 695
693 695
694 694
694 696
694 696
694 695
694 697
695 695
695 696
695 697
695 697
696 696
696 698
696 698
696 697
696 699
697 697
697 698
697 699
697 699
698 698
698 700
698 700
698 699
698 701
699 699
699 700
699 701
699 701
700 700
700 702
700 702
700 701
700 703
701 701
701 702
701 703
701 703
702 702
702 704
702 704
702 703
702 705
703 703
703 704
703 705
703 705
704 704
704 706
704 706
704 705
704 707
705 705
705 706
705 707
705 707
706 706
706 708
706 708
706 707
706 709
707 707
707 708
707 709
707 709
708 708
708 710
708 710
708 709
708 711
709 709
709 710
709 711
709 711
710 710
710 712
710 712
710 711
710 713
711 711
711 712
711 713
711 713
712 712
712 714
712 714
712 713
712 715
713 713
713 714
713 715
713 715
714 714
714 716
714 716
714 715
714 717
715 715
715 716
715 717
715 717
716 716
716 718
716 718
716 717
716 719
717 717
717 718
717 719
717 719
718 718
718 720
718 720
718 719
718 721
719 719
719 720
719 721
719 721
720 720
720 722
720 722
720 721
720 723
721 721
721 722
721 723
721 723
722 722
722 724
722 724
722 723
722 725
723 723
723 724
723 725
723 725
724 724
724 726
724 726
724 725
724 727
725 725
725 726
725 727
725 727
726 726
726 728
726 728
726 727
726 729
727 727
727 728
727 729
727 729
728 728
728 730
728 730
728 729
728 731
729 729
729 730
729 731
729 731
730 730
730 732
730 732
730 731
730 733
731 731
731 732
731 733
731 733
732 732
732 734
732 734
732 733
732 735
733 733
733 734
733 735
733 735
734 734
734 736
734 736
734 735
734 737
735 735
735 736
735 737
735 737
736 736
736 738
736 738
736 737
736 739
737 737
737 738
737 739
737 739
738 738
738 740
738 740
738 739
738 741
739 739
739 740
739 741
739 741
740 740
740 742
740 742
740 741
740 743
741 741
741 742
741 743
741 743
742 742
742 744
742 744
742 743
742 745
743 743
743 744
743 745
743 745
744 744
744 746
744 746
744 745
744 747
745 745
745 746
745 747
745 747
746 746
746 748
746 748
746 747
746 749
747 747
747 748
747 749
747 749
748 748
748 750
748 750
748 749
748 751
749 749
749 750
749 751
749 751
750 750
750 752
750 752
750 751
750 753
751 751
751 752
751 753
751 753
752 752
752 754
752 754
752 753
752 755
753 753
753 754
753 755
753 755
754 754
754 756
754 756
754 755
754 757
755 755
755 756
755 757
755 757
756 756
756 758
756 758
756 757
756 759
757 757
757 758
757 759
757 759
758 758
758 760
758 760
758 759
758 761
759 759
759 760
759 761
759 761
760 760
760 762
760 762
760 761
760 763
761 761
761 762
761 763
761 763
762 762
762 764
762 764
762 763
762 765
763 763
763 764
763 765
763 765
764 764
764 766
764 766
764 765
764 767
765 765
765 766
765 767
765 767
766 766
766 768
766 768
766 767
766 769
767 767
767 768
767 769
767 769
768 768
768 770
768 770
768 769
768 771
769 769
769 770
769 771
769 771
770 770
770 772
770 772
770 771
770 773
771 771
771 772
771 773
771 773
772 772
772 774
772 774
772 773
772 775
773 773
773 774
773 775
773 775
774 774
774 776
774 776
774 775
774 777
775 775
775 776
775 777
775 777
776 776
776 778
776 778
776 777
776 779
777 777
777 778
777 779
777 779
778 778
778 780
778 780
778 779
778 781
779 779
779 780
779 781
779 781
780 780
780 782
780 782
780 781
780 783
781 781
781 782
781 783
781 783
782 782
782 784
782 784
782 783
782 785
783 783
783 784
783 785
783 785
784 784
784 786
784 786
784 785
784 787
785 785
785 786
785 787
785 787
786 786
786 788
786 788
786 787
786 789
787 787
787 788
787 789
787 789
788 788
788 790
788 790
788 789
788 791
789 789
789 790
789 791
789 791
790 790
790 792
790 792
790 791
790 793
791 791
791 792
791 793
791 793
792 792
792 794
792 794
792 793
792 795
793 793
793 794
793 795
793 795
794 794
794 796
794 796
794 795
794 797
795 795
795 796
795 797
795 797
796 796
796 798
796 798
796 797
796 799
797 797
797 798
797 799
797 799
798 798
798 800
798 800
798 799
798 801
799 799
799 800
799 801
799 801
800 800
800 802
800 802
800 801
800 803
801 801
801 802
801 803
801 803
802 802
802 804
802 804
802 803
802 805
803 803
803 804
803 805
803 805
804 804
804 806
804 806
804 805
804 807
805 805
805 806
805 807
805 807
806 806
806 808
806 808
806 807
806 809
807 807
807 808
807 809
807 809
808 808
808 810
808 810
808 809
808 811
809 809
809 810
809 811
809 811
810 810
810 812
810 812
810 811
810 813
811 811
811 812
811 813
811 813
812 812
812 814
812 814
812 813
812 815
813 813
813 814
813 815
813 815
814 814
814 816
814 816
814 815
814 817
815 815
815 816
815 817
815 817
816 816
816 818
816 818
816 817
816 819
817 817
817 818
817 819
817 819
818 818
818 820
818 820
818 819
818 821
819 819
819 820
819 821
819 821
820 820
820 822
820 822
820 821
820 823
821 821
821 822
821 823
821 823
822 822
822 824
822 824
822 823
822 825
823 823
823 824
823 825
823 825
824 824
824 826
824 826
824 825
824 827
825 825
825 826
825 827
825 827
826 826
826 828
826 828
826 827
826 829
827 827
827 828
827 829
827 829
828 828
828 830
828 830
828 829
828 831
829 829
829 830
829 831
829 831
830 830
830 832
830 832
830 831
830 833
831 831
831 832
831 833
831 833
832 832
832 834
832 834
832 833
832 835
833 833
833 834
833 835
833 835
834 834
834 836
834 836
834 835
834 837
835 835
835 836
835 837
835 837
836 836
836 838
836 838
836 837
836 839
837 837
837 838
837 839
837 839
838 838
838 840
838 840
838 839
838 841
839 839
839 840
839 841
839 841
840 840
840 842
840 842
840 841
840 843
841 841
841 842
841 843
841 843
842 842
842 844
842 844
842 843
842 845
843 843
843 844
843 845
843 845
844 844
844 846
844 846
844 845
844 847
845 845
845 846
845 847
845 847
846 846
846 848
846 848
846 847
846 849
847 847
847 848
847 849
847 849
848 848
848 850
848 850
848 849
848 851
849 849
849 850
849 851
849 851
850 850
850 852
850 852
850 851
850 853
851 851
851 852
851 853
851 853
852 852
852 854
852 854
852 853
852 855
853 853
853 854
853 855
853 855
854 854
854 856
854 856
854 855
854 857
855 855
855 856
855 857
855 857
856 856
856 858
856 858
856 857
856 859
857 857
857 858
857 859
857 859
858 858
858 860
858 860
858 859
858 861
859 859
859 860
859 861
859 861
860 860
860 862
860 862
860 861
860 863
861 861
861 862
861 863
861 863
862 862
862 864
862 864
862 863
862 865
863 863
863 864
863 865
863 865
864 864
864 866
864 866
864 865
864 867
865 865
865 866
865 867
865 867
866 866
866 868
866 868
866 867
866 869
867 867
867 868
867 869
867 869
868 868
868 870
868 870
868 869
868 871
869 869
869 870
869 871
869 871
870 870
870 872
870 872
870 871
870 873
871 871
871 872
871 873
871 873
872 872
872 874
872 874
872 873
872 875
873 873
873 874
873 875
873 875
874 874
874 876
874 876
874 875
874 877
875 875
875 876
875 877
875 877
876 876
876 878
876 878
876 877
876 879
877 877
877 878
877 879
877 879
878 878
878 880
878 880
878 879
878 881
879 879
879 880
879 881
879 881
880 880
880 882
880 882
880 881
880 883
881 881
881 882
881 883
881 883
882 882
882 884
882 884
882 883
882 885
883 883
883 884
883 885
883 885
884 884
884 886
884 886
884 885
884 887
885 885
885 886
885 887
885 887
886 886
886 888
886 888
886 887
886 889
887 887
887 888
887 889
887 889
888 888
888 890
888 890
888 889
888 891
889 889
889 890
889 891
889 891
890 890
890 892
890 892
890 891
890 893
891 891
891 892
891 893
891 893
892 892
892 894
892 894
892 893
892 895
893 893
893 894
893 895
893 895
894 894
894 896
894 896
894 895
894 897
895 895
895 896
895 897
895 897
896 896
896 898
896 898
896 897
896 899
897 897
897 898
897 899
897 899
898 898
898 900
898 900
898 899
898 901
899 899
899 900
899 901
899 901
900 900
900 902
900 902
900 901
900 903
901 901
901 902
901 903
901 903
902 902
902 904
902 904
902 903
902 905
903 903
903 904
903 905
903 905
904 904
904 906
904 906
904 907
904 907
904 905
904 908
904 909
905 905
905 906
905 908
905 908
905 907
905 909
905 909
906 906
906 910
906 910
906 911
906 911
906 908
906 912
906 913
907 907
907 914
907 914
907 915
907 915
907 909
907 916
907 917
908 908
908 910
908 912
908 912
908 911
908 913
908 913
909 909
909 914
909 916
909 916
909 915
909 917
909 917
910 910
910 918
910 918
910 919
910 919
910 912
910 920
910 921
911 911
911 922
911 922
911 923
911 923
911 913
911 924
911 925
912 912
912 918
912 920
912 920
912 919
912 921
912 921
913 913
913 922
913 924
913 924
913 923
913 925
913 925
914 914
914 926
914 926
914 927
914 927
914 916
914 928
914 929
915 915
915 930
915 930
915 931
915 931
915 917
915 932
915 933
916 916
916 926
916 928
916 928
916 927
916 929
916 929
917 917
917 930
917 932
917 932
917 931
917 933
917 933
918 918
918 934
918 934
918 935
918 935
918 920
918 936
918 937
919 919
919 938
919 938
919 939
919 939
919 921
919 940
919 941
920 920
920 934
920 936
920 936
920 935
920 937
920 937
921 921
921 938
921 940
921 940
921 939
921 941
921 941
922 922
922 942
922 942
922 943
922 943
922 924
922 944
922 945
923 923
923 946
923 946
923 947
923 947
923 925
923 948
923 949
924 924
924 942
924 944
924 944
924 943
924 945
924 945
925 925
925 946
925 948
925 948
925 947
925 949
925 949
926 926
926 950
926 950
926 951
926 951
926 928
926 952
926 953
927 927
927 954
927 954
927 955
927 955
927 929
927 956
927 957
928 928
928 950
928 952
928 952
928 951
928 953
928 953
929 929
929 954
929 956
929 956
929 955
929 957
929 957
930 930
930 958
930 958
930 959
930 959
930 932
930 960
930 961
931 931
931 962
931 962
931 963
931 963
931 933
931 964
931 965
932 932
932 958
932 960
932 960
932 959
932 961
932 961
933 933
933 962
933 964
933 964
933 963
933 965
933 965
934 934
934 966
934 966
934 967
934 967
934 936
934 968
934 969
935 935
935 970
935 970
935 971
935 971
935 937
935 972
935 973
936 936
936 966
936 968
936 968
936 967
936 969
936 969
937 937
937 970
937 972
937 972
937 971
937 973
937 973
938 938
938 974
938 974
938 975
938 975
938 940
938 976
938 977
939 939
939 978
939 978
939 979
939 979
939 941
939 980
939 981
940 940
940 974
940 976
940 976
940 975
940 977
940 977
941 941
941 978
941 980
941 980
941 979
941 981
941 981
942 942
942 982
942 982
942 983
942 983
942 944
942 984
942 985
943 943
943 986
943 986
943 987
943 987
943 945
943 988
943 989
944 944
944 982
944 984
944 984
944 983
944 985
944 985
945 945
945 986
945 988
945 988
945 987
945 989
945 989
946 946
946 990
946 990
946 991
946 991
946 948
946 992
946 993
947 947
947 994
947 994
947 995
947 995
947 949
947 996
947 997
948 948
948 990
948 992
948 992
948 991
948 993
948 993
949 949
949 994
949 996
949 996
949 995
949 997
949 997
950 950
950 998
950 998
950 999
950 999
950 952
950 1000
950 1001
951 951
951 1002
951 1002
951 1003
951 1003
951 953
951 1004
951 1005
952 952
952 998
952 1000
952 1000
952 999
952 1001
952 1001
953 953
953 1002
953 1004
953 1004
953 1003
953 1005
953 1005
954 954
954 1006
954 1006
954 1007
954 1007
954 956
954 1008
954 1009
955 955
955 1010
955 1010
955 1011
955 1011
955 957
955 1012
955 1013
956 956
956 1006
956 1008
956 1008
956 1007
956 1009
956 1009
957 957
957 1010
957 1012
957 1012
957 1011
957 1013
957 1013
958 958
958 1014
958 1014
958 1015
958 1015
958 960
958 1016
958 1017
959 959
959 1018
959 1018
959 1019
959 1019
959 961
959 1020
959 1021
960 960
960 1014
960 1016
960 1016
960 1015
960 1017
960 1017
961 961
961 1018
961 1020
961 1020
961 1019
961 1021
961 1021
962 962
962 1022
962 1022
962 1023
962 1023
962 964
962 1024
962 1025
963 963
963 1026
963 1026
963 1027
963 1027
963 965
963 1028
963 1029
964 964
964 1022
964 1024
964 1024
964 1023
964 1025
964 1025
965 965
965 1026
965 1028
965 1028
965 1027
965 1029
965 1029
966 966
966 1030
966 1030
966 1031
966 1031
966 968
966 1032
966 1033
967 967
967 1034
967 1034
967 1035
967 1035
967 969
967 1036
967 1037
968 968
968 1030
968 1032
968 1032
968 1031
968 1033
968 1033
969 969
969 1034
969 1036
969 1036
969 1035
969 1037
969 1037
970 970
970 1038
970 1038
970 1039
970 1039
970 972
970 1040
970 1041
971 971
971 1042
971 1042
971 1043
971 1043
971 973
971 1044
971 1045
972 972
972 1038
972 1040
972 1040
972 1039
972 1041
972 1041
973 973
973 1042
973 1044
973 1044
973 1043
973 1045
973 1045
974 974
974 1046
974 1046
974 1047
974 1047
974 976
974 1048
974 1049
975 975
975 1050
975 1050
975 1051
975 1051
975 977
975 1052
975 1053
976 976
976 1046
976 1048
976 1048
976 1047
976 1049
976 1049
977 977
977 1050
977 1052
977 1052
977 1051
977 1053
977 1053
978 978
978 1054
978 1054
978 1055
978 1055
978 980
978 1056
978 1057
979 979
979 1058
979 1058
979 981
979 1059
980 980
980 1054
980 1056
980 1056
980 1055
980 1057
980 1057
981 981
981 1058
981 1059
981 1059
982 982
982 1060
982 1060
982 1061
982 1061
982 984
982 1062
982 1063
983 983
983 1064
983 1064
983 1065
983 1065
983 985
983 1066
983 1067
984 984
984 1060
984 1062
984 1062
984 1061
984 1063
984 1063
985 985
985 1064
985 1066
985 1066
985 1065
985 1067
985 1067
986 986
986 1068
986 1068
986 1069
986 1069
986 988
986 1070
986 1071
987 987
987 1072
987 1072
987 989
987 1073
988 988
988 1068
988 1070
988 1070
988 1069
988 1071
988 1071
989 989
989 1072
989 1073
989 1073
990 990
990 1074
990 1074
990 1075
990 1075
990 992
990 1076
990 1077
991 991
991 1078
991 1078
991 993
991 1079
992 992
992 1074
992 1076
992 1076
992 1075
992 1077
992 1077
993 993
993 1078
993 1079
993 1079
994 994
994 1080
994 1080
994 996
994 1081
995 995
995 1082
995 1082
995 997
995 1083
996 996
996 1080
996 1081
996 1081
997 997
997 1082
997 1083
997 1083
998 998
998 1084
998 1084
998 1085
998 1085
998 1000
998 1086
998 1087
999 999
999 1088
999 1088
999 1089
999 1089
999 1001
999 1090
999 1091
1000 1000
1000 1084
1000 1086
1000 1086
1000 1085
1000 1087
1000 1087
1001 1001
1001 1088
1001 1090
1001 1090
1001 1089
1001 1091
1001 1091
1002 1002
1002 1092
1002 1092
1002 1093
1002 1093
1002 1004
1002 1094
1002 1095
1003 1003
1003 1096
1003 1096
1003 1097
1003 1097
1003 1005
1003 1098
1003 1099
1004 1004
1004 1092
1004 1094
1004 1094
1004 1093
1004 1095
1004 1095
1005 1005
1005 1096
1005 1098
1005 1098
1005 1097
1005 1099
1005 1099
1006 1006
1006 1100
1006 1100
1006 1101
1006 1101
1006 1008
1006 1102
1006 1103
1007 1007
1007 1104
1007 1104
1007 1105
1007 1105
1007 1009
1007 1106
1007 1107
1008 1008
1008 1100
1008 1102
1008 1102
1008 1101
1008 1103
1008 1103
1009 1009
1009 1104
1009 1106
1009 1106
1009 1105
1009 1107
1009 1107
1010 1010
1010 1108
1010 1108
1010 1109
1010 1109
1010 1012
1010 1110
1010 1111
1011 1011
1011 1112
1011 1112
1011 1113
1011 1113
1011 1013
1011 1114
1011 1115
1012 1012
1012 1108
1012 1110
1012 1110
1012 1109
1012 1111
1012 1111
1013 1013
1013 1112
1013 1114
1013 1114
1013 1113
1013 1115
1013 1115
1014 1014
1014 1116
1014 1116
1014 1117
1014 1117
1014 1016
1014 1118
1014 1119
1015 1015
1015 1120
1015 1120
1015 1121
1015 1121
1015 1017
1015 1122
1015 1123
1016 1016
1016 1116
1016 1118
1016 1118
1016 1117
1016 1119
1016 1119
1017 1017
1017 1120
1017 1122
1017 1122
1017 1121
1017 1123
1017 1123
1018 1018
1018 1124
1018 1124
1018 1020
1018 1125
1019 1019
1019 1126
1019 1126
1019 1021
1019 1127
1020 1020
1020 1124
1020 1125
1020 1125
1021 1021
1021 1126
1021 1127
1021 1127
1022 1022
1022 1128
1022 1128
1022 1024
1022 1129
1023 1023
1023 1130
1023 1130
1023 1025
1023 1131
1024 1024
1024 1128
1024 1129
1024 1129
1025 1025
1025 1130
1025 1131
1025 1131
1026 1026
1026 1132
1026 1132
1026 1028
1026 1133
1027 1027
1027 1134
1027 1134
1027 1029
1027 1135
1028 1028
1028 1132
1028 1133
1028 1133
1029 1029
1029 1134
1029 1135
1029 1135
1030 1030
1030 1136
1030 1136
1030 1137
1030 1137
1030 1032
1030 1138
1030 1139
1031 1031
1031 1140
1031 1140
1031 1141
1031 1141
1031 1033
1031 1142
1031 1143
1032 1032
1032 1136
1032 1138
1032 1138
1032 1137
1032 1139
1032 1139
1033 1033
1033 1140
1033 1142
1033 1142
1033 1141
1033 1143
1033 1143
1034 1034
1034 1144
1034 1144
1034 1145
1034 1145
1034 1036
1034 1146
1034 1147
1035 1035
1035 1148
1035 1148
1035 1149
1035 1149
1035 1037
1035 1150
1035 1151
1036 1036
1036 1144
1036 1146
1036 1146
1036 1145
1036 1147
1036 1147
1037 1037
1037 1148
1037 1150
1037 1150
1037 1149
1037 1151
1037 1151
1038 1038
1038 1152
1038 1152
1038 1153
1038 1153
1038 1040
1038 1154
1038 1155
1039 1039
1039 1156
1039 1156
1039 1041
1039 1157
1040 1040
1040 1152
1040 1154
1040 1154
1040 1153
1040 1155
1040 1155
1041 1041
1041 1156
1041 1157
1041 1157
1042 1042
1042 1158
1042 1158
1042 1159
1042 1159
1042 1044
1042 1160
1042 1161
1043 1043
1043 1162
1043 1162
1043 1045
1043 1163
1044 1044
1044 1158
1044 1160
1044 1160
1044 1159
1044 1161
1044 1161
1045 1045
1045 1162
1045 1163
1045 1163
1046 1046
1046 1164
1046 1164
1046 1165
1046 1165
1046 1048
1046 1166
1046 1167
1047 1047
1047 1168
1047 1168
1047 1169
1047 1169
1047 1049
1047 1170
1047 1171
1048 1048
1048 1164
1048 1166
1048 1166
1048 1165
1048 1167
1048 1167
1049 1049
1049 1168
1049 1170
1049 1170
1049 1169
1049 1171
1049 1171
1050 1050
1050 1172
1050 1172
1050 1173
1050 1173
1050 1052
1050 1174
1050 1175
1051 1051
1051 1176
1051 1176
1051 1177
1051 1177
1051 1053
1051 1178
1051 1179
1052 1052
1052 1172
1052 1174
1052 1174
1052 1173
1052 1175
1052 1175
1053 1053
1053 1176
1053 1178
1053 1178
1053 1177
1053 1179
1053 1179
1054 1054
1054 1180
1054 1180
1054 1181
1054 1181
1054 1056
1054 1182
1054 1183
1055 1055
1055 1184
1055 1184
1055 1057
1055 1185
1056 1056
1056 1180
1056 1182
1056 1182
1056 1181
1056 1183
1056 1183
1057 1057
1057 1184
1057 1185
1057 1185
1058 1058
1058 1186
1058 1186
1058 1059
1058 1187
1059 1059
1059 1186
1059 1187
1059 1187
1060 1060
1060 1188
1060 1188
1060 1189
1060 1189
1060 1062
1060 1190
1060 1191
1061 1061
1061 1192
1061 1192
1061 1063
1061 1193
1062 1062
1062 1188
1062 1190
1062 1190
1062 1189
1062 1191
1062 1191
1063 1063
1063 1192
1063 1193
1063 1193
1064 1064
1064 1194
1064 1194
1064 1066
1064 1195
1065 1065
1065 1196
1065 1196
1065 1067
1065 1197
1066 1066
1066 1194
1066 1195
1066 1195
1067 1067
1067 1196
1067 1197
1067 1197
1068 1068
1068 1198
1068 1198
1068 1199
1068 1199
1068 1070
1068 1200
1068 1201
1069 1069
1069 1202
1069 1202
1069 1203
1069 1203
1069 1071
1069 1204
1069 1205
1070 1070
1070 1198
1070 1200
1070 1200
1070 1199
1070 1201
1070 1201
1071 1071
1071 1202
1071 1204
1071 1204
1071 1203
1071 1205
1071 1205
1072 1072
1072 1073
1073 1073
1074 1074
1074 1206
1074 1206
1074 1207
1074 1207
1074 1076
1074 1208
1074 1209
1075 1075
1075 1210
1075 1210
1075 1211
1075 1211
1075 1077
1075 1212
1075 1213
1076 1076
1076 1206
1076 1208
1076 1208
1076 1207
1076 1209
1076 1209
1077 1077
1077 1210
1077 1212
1077 1212
1077 1211
1077 1213
1077 1213
1078 1078
1078 1214
1078 1214
1078 1079
1078 1215
1079 1079
1079 1214
1079 1215
1079 1215
1080 1080
1080 1081
1081 1081
1082 1082
1082 1083
1083 1083
1084 1084
1084 1216
1084 1216
1084 1217
1084 1217
1084 1086
1084 1218
1084 1219
1085 1085
1085 1220
1085 1220
1085 1221
1085 1221
1085 1087
1085 1222
1085 1223
1086 1086
1086 1216
1086 1218
1086 1218
1086 1217
1086 1219
1086 1219
1087 1087
1087 1220
1087 1222
1087 1222
1087 1221
1087 1223
1087 1223
1088 1088
1088 1224
1088 1224
1088 1225
1088 1225
1088 1090
1088 1226
1088 1227
1089 1089
1089 1228
1089 1228
1089 1091
1089 1229
1090 1090
1090 1224
1090 1226
1090 1226
1090 1225
1090 1227
1090 1227
1091 1091
1091 1228
1091 1229
1091 1229
1092 1092
1092 1230
1092 1230
1092 1231
1092 1231
1092 1094
1092 1232
1092 1233
1093 1093
1093 1095
1094 1094
1094 1230
1094 1232
1094 1232
1094 1231
1094 1233
1094 1233
1095 1095
1096 1096
1096 1234
1096 1234
1096 1098
1096 1235
1097 1097
1097 1236
1097 1236
1097 1099
1097 1237
1098 1098
1098 1234
1098 1235
1098 1235
1099 1099
1099 1236
1099 1237
1099 1237
1100 1100
1100 1238
1100 1238
1100 1239
1100 1239
1100 1102
1100 1240
1100 1241
1101 1101
1101 1242
1101 1242
1101 1103
1101 1243
1102 1102
1102 1238
1102 1240
1102 1240
1102 1239
1102 1241
1102 1241
1103 1103
1103 1242
1103 1243
1103 1243
1104 1104
1104 1244
1104 1244
1104 1245
1104 1245
1104 1106
1104 1246
1104 1247
1105 1105
1105 1248
1105 1248
1105 1107
1105 1249
1106 1106
1106 1244
1106 1246
1106 1246
1106 1245
1106 1247
1106 1247
1107 1107
1107 1248
1107 1249
1107 1249
1108 1108
1108 1250
1108 1250
1108 1110
1108 1251
1109 1109
1109 1252
1109 1252
1109 1111
1109 1253
1110 1110
1110 1250
1110 1251
1110 1251
1111 1111
1111 1252
1111 1253
1111 1253
1112 1112
1112 1254
1112 1254
1112 1114
1112 1255
1113 1113
1113 1256
1113 1256
1113 1115
1113 1257
1114 1114
1114 1254
1114 1255
1114 1255
1115 1115
1115 1256
1115 1257
1115 1257
1116 1116
1116 1258
1116 1258
1116 1259
1116 1259
1116 1118
1116 1260
1116 1261
1117 1117
1117 1262
1117 1262
1117 1263
1117 1263
1117 1119
1117 1264
1117 1265
1118 1118
1118 1258
1118 1260
1118 1260
1118 1259
1118 1261
1118 1261
1119 1119
1119 1262
1119 1264
1119 1264
1119 1263
1119 1265
1119 1265
1120 1120
1120 1266
1120 1266
1120 1267
1120 1267
1120 1122
1120 1268
1120 1269
1121 1121
1121 1270
1121 1270
1121 1271
1121 1271
1121 1123
1121 1272
1121 1273
1122 1122
1122 1266
1122 1268
1122 1268
1122 1267
1122 1269
1122 1269
1123 1123
1123 1270
1123 1272
1123 1272
1123 1271
1123 1273
1123 1273
1124 1124
1124 1274
1124 1274
1124 1125
1124 1275
1125 1125
1125 1274
1125 1275
1125 1275
1126 1126
1126 1127
1127 1127
1128 1128
1128 1276
1128 1276
1128 1129
1128 1277
1129 1129
1129 1276
1129 1277
1129 1277
1130 1130
1130 1131
1131 1131
1132 1132
1132 1278
1132 1278
1132 1133
1132 1279
1133 1133
1133 1278
1133 1279
1133 1279
1134 1134
1134 1135
1135 1135
1136 1136
1136 1280
1136 1280
1136 1281
1136 1281
1136 1138
1136 1282
1136 1283
1137 1137
1137 1284
1137 1284
1137 1285
1137 1285
1137 1139
1137 1286
1137 1287
1138 1138
1138 1280
1138 1282
1138 1282
1138 1281
1138 1283
1138 1283
1139 1139
1139 1284
1139 1286
1139 1286
1139 1285
1139 1287
1139 1287
1140 1140
1140 1288
1140 1288
1140 1289
1140 1289
1140 1142
1140 1290
1140 1291
1141 1141
1141 1292
1141 1292
1141 1293
1141 1293
1141 1143
1141 1294
1141 1295
1142 1142
1142 1288
1142 1290
1142 1290
1142 1289
1142 1291
1142 1291
1143 1143
1143 1292
1143 1294
1143 1294
1143 1293
1143 1295
1143 1295
1144 1144
1144 1296
1144 1296
1144 1297
1144 1297
1144 1146
1144 1298
1144 1299
1145 1145
1145 1300
1145 1300
1145 1301
1145 1301
1145 1147
1145 1302
1145 1303
1146 1146
1146 1296
1146 1298
1146 1298
1146 1297
1146 1299
1146 1299
1147 1147
1147 1300
1147 1302
1147 1302
1147 1301
1147 1303
1147 1303
1148 1148
1148 1304
1148 1304
1148 1305
1148 1305
1148 1150
1148 1306
1148 1307
1149 1149
1149 1308
1149 1308
1149 1151
1149 1309
1150 1150
1150 1304
1150 1306
1150 1306
1150 1305
1150 1307
1150 1307
1151 1151
1151 1308
1151 1309
1151 1309
1152 1152
1152 1310
1152 1310
1152 1311
1152 1311
1152 1154
1152 1312
1152 1313
1153 1153
1153 1314
1153 1314
1153 1315
1153 1315
1153 1155
1153 1316
1153 1317
1154 1154
1154 1310
1154 1312
1154 1312
1154 1311
1154 1313
1154 1313
1155 1155
1155 1314
1155 1316
1155 1316
1155 1315
1155 1317
1155 1317
1156 1156
1156 1318
1156 1318
1156 1157
1156 1319
1157 1157
1157 1318
1157 1319
1157 1319
1158 1158
1158 1320
1158 1320
1158 1160
1158 1321
1159 1159
1159 1322
1159 1322
1159 1161
1159 1323
1160 1160
1160 1320
1160 1321
1160 1321
1161 1161
1161 1322
1161 1323
1161 1323
1162 1162
1162 1163
1163 1163
1164 1164
1164 1324
1164 1324
1164 1166
1164 1325
1165 1165
1165 1326
1165 1326
1165 1167
1165 1327
1166 1166
1166 1324
1166 1325
1166 1325
1167 1167
1167 1326
1167 1327
1167 1327
1168 1168
1168 1328
1168 1328
1168 1170
1168 1329
1169 1169
1169 1330
1169 1330
1169 1171
1169 1331
1170 1170
1170 1328
1170 1329
1170 1329
1171 1171
1171 1330
1171 1331
1171 1331
1172 1172
1172 1332
1172 1332
1172 1174
1172 1333
1173 1173
1173 1334
1173 1334
1173 1175
1173 1335
1174 1174
1174 1332
1174 1333
1174 1333
1175 1175
1175 1334
1175 1335
1175 1335
1176 1176
1176 1336
1176 1336
1176 1178
1176 1337
1177 1177
1177 1338
1177 1338
1177 1179
1177 1339
1178 1178
1178 1336
1178 1337
1178 1337
1179 1179
1179 1338
1179 1339
1179 1339
1180 1180
1180 1340
1180 1340
1180 1341
1180 1341
1180 1182
1180 1342
1180 1343
1181 1181
1181 1344
1181 1344
1181 1183
1181 1345
1182 1182
1182 1340
1182 1342
1182 1342
1182 1341
1182 1343
1182 1343
1183 1183
1183 1344
1183 1345
1183 1345
1184 1184
1184 1346
1184 1346
1184 1185
1184 1347
1185 1185
1185 1346
1185 1347
1185 1347
1186 1186
1186 1187
1187 1187
1188 1188
1188 1348
1188 1348
1188 1190
1188 1349
1189 1189
1189 1350
1189 1350
1189 1191
1189 1351
1190 1190
1190 1348
1190 1349
1190 1349
1191 1191
1191 1350
1191 1351
1191 1351
1192 1192
1192 1352
1192 1352
1192 1193
1192 1353
1193 1193
1193 1352
1193 1353
1193 1353
1194 1194
1194 1195
1195 1195
1196 1196
1196 1197
1197 1197
1198 1198
1198 1354
1198 1354
1198 1200
1198 1355
1199 1199
1199 1356
1199 1356
1199 1201
1199 1357
1200 1200
1200 1354
1200 1355
1200 1355
1201 1201
1201 1356
1201 1357
1201 1357
1202 1202
1202 1358
1202 1358
1202 1204
1202 1359
1203 1203
1203 1360
1203 1360
1203 1205
1203 1361
1204 1204
1204 1358
1204 1359
1204 1359
1205 1205
1205 1360
1205 1361
1205 1361
1206 1206
1206 1362
1206 1362
1206 1363
1206 1363
1206 1208
1206 1364
1206 1365
1207 1207
1207 1366
1207 1366
1207 1209
1207 1367
1208 1208
1208 1362
1208 1364
1208 1364
1208 1363
1208 1365
1208 1365
1209 1209
1209 1366
1209 1367
1209 1367
1210 1210
1210 1368
1210 1368
1210 1212
1210 1369
1211 1211
1211 1370
1211 1370
1211 1213
1211 1371
1212 1212
1212 1368
1212 1369
1212 1369
1213 1213
1213 1370
1213 1371
1213 1371
1214 1214
1214 1215
1215 1215
1216 1216
1216 1372
1216 1372
1216 1218
1216 1373
1217 1217
1217 1374
1217 1374
1217 1219
1217 1375
1218 1218
1218 1372
1218 1373
1218 1373
1219 1219
1219 1374
1219 1375
1219 1375
1220 1220
1220 1376
1220 1376
1220 1222
1220 1377
1221 1221
1221 1378
1221 1378
1221 1223
1221 1379
1222 1222
1222 1376
1222 1377
1222 1377
1223 1223
1223 1378
1223 1379
1223 1379
1224 1224
1224 1380
1224 1380
1224 1226
1224 1381
1225 1225
1225 1382
1225 1382
1225 1227
1225 1383
1226 1226
1226 1380
1226 1381
1226 1381
1227 1227
1227 1382
1227 1383
1227 1383
1228 1228
1228 1229
1229 1229
1230 1230
1230 1384
1230 1384
1230 1385
1230 1385
1230 1232
1230 1386
1230 1387
1231 1231
1231 1388
1231 1388
1231 1233
1231 1389
1232 1232
1232 1384
1232 1386
1232 1386
1232 1385
1232 1387
1232 1387
1233 1233
1233 1388
1233 1389
1233 1389
1234 1234
1234 1235
1235 1235
1236 1236
1236 1237
1237 1237
1238 1238
1238 1390
1238 1390
1238 1240
1238 1391
1239 1239
1239 1392
1239 1392
1239 1241
1239 1393
1240 1240
1240 1390
1240 1391
1240 1391
1241 1241
1241 1392
1241 1393
1241 1393
1242 1242
1242 1243
1243 1243
1244 1244
1244 1394
1244 1394
1244 1246
1244 1395
1245 1245
1245 1396
1245 1396
1245 1247
1245 1397
1246 1246
1246 1394
1246 1395
1246 1395
1247 1247
1247 1396
1247 1397
1247 1397
1248 1248
1248 1249
1249 1249
1250 1250
1250 1398
1250 1398
1250 1251
1250 1399
1251 1251
1251 1398
1251 1399
1251 1399
1252 1252
1252 1400
1252 1400
1252 1253
1252 1401
1253 1253
1253 1400
1253 1401
1253 1401
1254 1254
1254 1255
1255 1255
1256 1256
1256 1257
1257 1257
1258 1258
1258 1402
1258 1402
1258 1403
1258 1403
1258 1260
1258 1404
1258 1405
1259 1259
1259 1406
1259 1406
1259 1261
1259 1407
1260 1260
1260 1402
1260 1404
1260 1404
1260 1403
1260 1405
1260 1405
1261 1261
1261 1406
1261 1407
1261 1407
1262 1262
1262 1408
1262 1408
1262 1409
1262 1409
1262 1264
1262 1410
1262 1411
1263 1263
1263 1412
1263 1412
1263 1265
1263 1413
1264 1264
1264 1408
1264 1410
1264 1410
1264 1409
1264 1411
1264 1411
1265 1265
1265 1412
1265 1413
1265 1413
1266 1266
1266 1414
1266 1414
1266 1415
1266 1415
1266 1268
1266 1416
1266 1417
1267 1267
1267 1418
1267 1418
1267 1269
1267 1419
1268 1268
1268 1414
1268 1416
1268 1416
1268 1415
1268 1417
1268 1417
1269 1269
1269 1418
1269 1419
1269 1419
1270 1270
1270 1420
1270 1420
1270 1421
1270 1421
1270 1272
1270 1422
1270 1423
1271 1271
1271 1424
1271 1424
1271 1273
1271 1425
1272 1272
1272 1420
1272 1422
1272 1422
1272 1421
1272 1423
1272 1423
1273 1273
1273 1424
1273 1425
1273 1425
1274 1274
1274 1275
1275 1275
1276 1276
1276 1277
1277 1277
1278 1278
1278 1279
1279 1279
1280 1280
1280 1426
1280 1426
1280 1427
1280 1427
1280 1282
1280 1428
1280 1429
1281 1281
1281 1430
1281 1430
1281 1431
1281 1431
1281 1283
1281 1432
1281 1433
1282 1282
1282 1426
1282 1428
1282 1428
1282 1427
1282 1429
1282 1429
1283 1283
1283 1430
1283 1432
1283 1432
1283 1431
1283 1433
1283 1433
1284 1284
1284 1434
1284 1434
1284 1435
1284 1435
1284 1286
1284 1436
1284 1437
1285 1285
1285 1438
1285 1438
1285 1439
1285 1439
1285 1287
1285 1440
1285 1441
1286 1286
1286 1434
1286 1436
1286 1436
1286 1435
1286 1437
1286 1437
1287 1287
1287 1438
1287 1440
1287 1440
1287 1439
1287 1441
1287 1441
1288 1288
1288 1442
1288 1442
1288 1443
1288 1443
1288 1290
1288 1444
1288 1445
1289 1289
1289 1446
1289 1446
1289 1447
1289 1447
1289 1291
1289 1448
1289 1449
1290 1290
1290 1442
1290 1444
1290 1444
1290 1443
1290 1445
1290 1445
1291 1291
1291 1446
1291 1448
1291 1448
1291 1447
1291 1449
1291 1449
1292 1292
1292 1450
1292 1450
1292 1451
1292 1451
1292 1294
1292 1452
1292 1453
1293 1293
1293 1454
1293 1454
1293 1295
1293 1455
1294 1294
1294 1450
1294 1452
1294 1452
1294 1451
1294 1453
1294 1453
1295 1295
1295 1454
1295 1455
1295 1455
1296 1296
1296 1456
1296 1456
1296 1457
1296 1457
1296 1298
1296 1458
1296 1459
1297 1297
1297 1460
1297 1460
1297 1461
1297 1461
1297 1299
1297 1462
1297 1463
1298 1298
1298 1456
1298 1458
1298 1458
1298 1457
1298 1459
1298 1459
1299 1299
1299 1460
1299 1462
1299 1462
1299 1461
1299 1463
1299 1463
1300 1300
1300 1464
1300 1464
1300 1465
1300 1465
1300 1302
1300 1466
1300 1467
1301 1301
1301 1468
1301 1468
1301 1469
1301 1469
1301 1303
1301 1470
1301 1471
1302 1302
1302 1464
1302 1466
1302 1466
1302 1465
1302 1467
1302 1467
1303 1303
1303 1468
1303 1470
1303 1470
1303 1469
1303 1471
1303 1471
1304 1304
1304 1472
1304 1472
1304 1473
1304 1473
1304 1306
1304 1474
1304 1475
1305 1305
1305 1476
1305 1476
1305 1307
1305 1477
1306 1306
1306 1472
1306 1474
1306 1474
1306 1473
1306 1475
1306 1475
1307 1307
1307 1476
1307 1477
1307 1477
1308 1308
1308 1478
1308 1478
1308 1309
1308 1479
1309 1309
1309 1478
1309 1479
1309 1479
1310 1310
1310 1480
1310 1480
1310 1481
1310 1481
1310 1312
1310 1482
1310 1483
1311 1311
1311 1484
1311 1484
1311 1313
1311 1485
1312 1312
1312 1480
1312 1482
1312 1482
1312 1481
1312 1483
1312 1483
1313 1313
1313 1484
1313 1485
1313 1485
1314 1314
1314 1486
1314 1486
1314 1316
1314 1487
1315 1315
1315 1488
1315 1488
1315 1317
1315 1489
1316 1316
1316 1486
1316 1487
1316 1487
1317 1317
1317 1488
1317 1489
1317 1489
1318 1318
1318 1319
1319 1319
1320 1320
1320 1490
1320 1490
1320 1321
1320 1491
1321 1321
1321 1490
1321 1491
1321 1491
1322 1322
1322 1323
1323 1323
1324 1324
1324 1492
1324 1492
1324 1325
1324 1493
1325 1325
1325 1492
1325 1493
1325 1493
1326 1326
1326 1327
1327 1327
1328 1328
1328 1329
1329 1329
1330 1330
1330 1331
1331 1331
1332 1332
1332 1333
1333 1333
1334 1334
1334 1335
1335 1335
1336 1336
1336 1337
1337 1337
1338 1338
1338 1339
1339 1339
1340 1340
1340 1494
1340 1494
1340 1495
1340 1495
1340 1342
1340 1496
1340 1497
1341 1341
1341 1498
1341 1498
1341 1343
1341 1499
1342 1342
1342 1494
1342 1496
1342 1496
1342 1495
1342 1497
1342 1497
1343 1343
1343 1498
1343 1499
1343 1499
1344 1344
1344 1345
1345 1345
1346 1346
1346 1500
1346 1500
1346 1347
1346 1501
1347 1347
1347 1500
1347 1501
1347 1501
1348 1348
1348 1349
1349 1349
1350 1350
1350 1351
1351 1351
1352 1352
1352 1353
1353 1353
1354 1354
1354 1502
1354 1502
1354 1355
1354 1503
1355 1355
1355 1502
1355 1503
1355 1503
1356 1356
1356 1357
1357 1357
1358 1358
1358 1504
1358 1504
1358 1359
1358 1505
1359 1359
1359 1504
1359 1505
1359 1505
1360 1360
1360 1361
1361 1361
1362 1362
1362 1506
1362 1506
1362 1507
1362 1507
1362 1364
1362 1508
1362 1509
1363 1363
1363 1510
1363 1510
1363 1365
1363 1511
1364 1364
1364 1506
1364 1508
1364 1508
1364 1507
1364 1509
1364 1509
1365 1365
1365 1510
1365 1511
1365 1511
1366 1366
1366 1512
1366 1512
1366 1367
1366 1513
1367 1367
1367 1512
1367 1513
1367 1513
1368 1368
1368 1514
1368 1514
1368 1369
1368 1515
1369 1369
1369 1514
1369 1515
1369 1515
1370 1370
1370 1371
1371 1371
1372 1372
1372 1373
1373 1373
1374 1374
1374 1375
1375 1375
1376 1376
1376 1377
1377 1377
1378 1378
1378 1379
1379 1379
1380 1380
1380 1516
1380 1516
1380 1381
1380 1517
1381 1381
1381 1516
1381 1517
1381 1517
1382 1382
1382 1383
1383 1383
1384 1384
1384 1518
1384 1518
1384 1519
1384 1519
1384 1386
1384 1520
1384 1521
1385 1385
1385 1522
1385 1522
1385 1387
1385 1523
1386 1386
1386 1518
1386 1520
1386 1520
1386 1519
1386 1521
1386 1521
1387 1387
1387 1522
1387 1523
1387 1523
1388 1388
1388 1524
1388 1524
1388 1389
1388 1525
1389 1389
1389 1524
1389 1525
1389 1525
1390 1390
1390 1526
1390 1526
1390 1391
1390 1527
1391 1391
1391 1526
1391 1527
1391 1527
1392 1392
1392 1393
1393 1393
1394 1394
1394 1395
1395 1395
1396 1396
1396 1397
1397 1397
1398 1398
1398 1399
1399 1399
1400 1400
1400 1401
1401 1401
1402 1402
1402 1528
1402 1528
1402 1529
1402 1529
1402 1404
1402 1530
1402 1531
1403 1403
1403 1532
1403 1532
1403 1405
1403 1533
1404 1404
1404 1528
1404 1530
1404 1530
1404 1529
1404 1531
1404 1531
1405 1405
1405 1532
1405 1533
1405 1533
1406 1406
1406 1534
1406 1534
1406 1407
1406 1535
1407 1407
1407 1534
1407 1535
1407 1535
1408 1408
1408 1536
1408 1536
1408 1537
1408 1537
1408 1410
1408 1538
1408 1539
1409 1409
1409 1540
1409 1540
1409 1411
1409 1541
1410 1410
1410 1536
1410 1538
1410 1538
1410 1537
1410 1539
1410 1539
1411 1411
1411 1540
1411 1541
1411 1541
1412 1412
1412 1413
1413 1413
1414 1414
1414 1542
1414 1542
1414 1543
1414 1543
1414 1416
1414 1544
1414 1545
1415 1415
1415 1546
1415 1546
1415 1417
1415 1547
1416 1416
1416 1542
1416 1544
1416 1544
1416 1543
1416 1545
1416 1545
1417 1417
1417 1546
1417 1547
1417 1547
1418 1418
1418 1419
1419 1419
1420 1420
1420 1548
1420 1548
1420 1422
1420 1549
1421 1421
1421 1550
1421 1550
1421 1423
1421 1551
1422 1422
1422 1548
1422 1549
1422 1549
1423 1423
1423 1550
1423 1551
1423 1551
1424 1424
1424 1425
1425 1425
1426 1426
1426 1552
1426 1552
1426 1428
1426 1553
1427 1427
1427 1554
1427 1554
1427 1429
1427 1555
1428 1428
1428 1552
1428 1553
1428 1553
1429 1429
1429 1554
1429 1555
1429 1555
1430 1430
1430 1556
1430 1556
1430 1432
1430 1557
1431 1431
1431 1558
1431 1558
1431 1433
1431 1559
1432 1432
1432 1556
1432 1557
1432 1557
1433 1433
1433 1558
1433 1559
1433 1559
1434 1434
1434 1560
1434 1560
1434 1436
1434 1561
1435 1435
1435 1562
1435 1562
1435 1437
1435 1563
1436 1436
1436 1560
1436 1561
1436 1561
1437 1437
1437 1562
1437 1563
1437 1563
1438 1438
1438 1564
1438 1564
1438 1440
1438 1565
1439 1439
1439 1441
1440 1440
1440 1564
1440 1565
1440 1565
1441 1441
1442 1442
1442 1566
1442 1566
1442 1444
1442 1567
1443 1443
1443 1568
1443 1568
1443 1445
1443 1569
1444 1444
1444 1566
1444 1567
1444 1567
1445 1445
1445 1568
1445 1569
1445 1569
1446 1446
1446 1570
1446 1570
1446 1448
1446 1571
1447 1447
1447 1572
1447 1572
1447 1449
1447 1573
1448 1448
1448 1570
1448 1571
1448 1571
1449 1449
1449 1572
1449 1573
1449 1573
1450 1450
1450 1574
1450 1574
1450 1452
1450 1575
1451 1451
1451 1576
1451 1576
1451 1453
1451 1577
1452 1452
1452 1574
1452 1575
1452 1575
1453 1453
1453 1576
1453 1577
1453 1577
1454 1454
1454 1455
1455 1455
1456 1456
1456 1578
1456 1578
1456 1458
1456 1579
1457 1457
1457 1580
1457 1580
1457 1459
1457 1581
1458 1458
1458 1578
1458 1579
1458 1579
1459 1459
1459 1580
1459 1581
1459 1581
1460 1460
1460 1582
1460 1582
1460 1462
1460 1583
1461 1461
1461 1584
1461 1584
1461 1463
1461 1585
1462 1462
1462 1582
1462 1583
1462 1583
1463 1463
1463 1584
1463 1585
1463 1585
1464 1464
1464 1586
1464 1586
1464 1466
1464 1587
1465 1465
1465 1588
1465 1588
1465 1467
1465 1589
1466 1466
1466 1586
1466 1587
1466 1587
1467 1467
1467 1588
1467 1589
1467 1589
1468 1468
1468 1590
1468 1590
1468 1470
1468 1591
1469 1469
1469 1592
1469 1592
1469 1471
1469 1593
1470 1470
1470 1590
1470 1591
1470 1591
1471 1471
1471 1592
1471 1593
1471 1593
1472 1472
1472 1594
1472 1594
1472 1474
1472 1595
1473 1473
1473 1596
1473 1596
1473 1475
1473 1597
1474 1474
1474 1594
1474 1595
1474 1595
1475 1475
1475 1596
1475 1597
1475 1597
1476 1476
1476 1477
1477 1477
1478 1478
1478 1479
1479 1479
1480 1480
1480 1598
1480 1598
1480 1482
1480 1599
1481 1481
1481 1483
1482 1482
1482 1598
1482 1599
1482 1599
1483 1483
1484 1484
1484 1485
1485 1485
1486 1486
1486 1600
1486 1600
1486 1487
1486 1601
1487 1487
1487 1600
1487 1601
1487 1601
1488 1488
1488 1489
1489 1489
1490 1490
1490 1491
1491 1491
1492 1492
1492 1493
1493 1493
1494 1494
1494 1602
1494 1602
1494 1496
1494 1603
1495 1495
1495 1604
1495 1604
1495 1497
1495 1605
1496 1496
1496 1602
1496 1603
1496 1603
1497 1497
1497 1604
1497 1605
1497 1605
1498 1498
1498 1499
1499 1499
1500 1500
1500 1501
1501 1501
1502 1502
1502 1503
1503 1503
1504 1504
1504 1505
1505 1505
1506 1506
1506 1606
1506 1606
1506 1508
1506 1607
1507 1507
1507 1608
1507 1608
1507 1509
1507 1609
1508 1508
1508 1606
1508 1607
1508 1607
1509 1509
1509 1608
1509 1609
1509 1609
1510 1510
1510 1511
1511 1511
1512 1512
1512 1513
1513 1513
1514 1514
1514 1515
1515 1515
1516 1516
1516 1517
1517 1517
1518 1518
1518 1610
1518 1610
1518 1520
1518 1611
1519 1519
1519 1521
1520 1520
1520 1610
1520 1611
1520 1611
1521 1521
1522 1522
1522 1523
1523 1523
1524 1524
1524 1525
1525 1525
1526 1526
1526 1527
1527 1527
1528 1528
1528 1612
1528 1612
1528 1530
1528 1613
1529 1529
1529 1614
1529 1614
1529 1531
1529 1615
1530 1530
1530 1612
1530 1613
1530 1613
1531 1531
1531 1614
1531 1615
1531 1615
1532 1532
1532 1533
1533 1533
1534 1534
1534 1535
1535 1535
1536 1536
1536 1616
1536 1616
1536 1538
1536 1617
1537 1537
1537 1618
1537 1618
1537 1539
1537 1619
1538 1538
1538 1616
1538 1617
1538 1617
1539 1539
1539 1618
1539 1619
1539 1619
1540 1540
1540 1541
1541 1541
1542 1542
1542 1620
1542 1620
1542 1544
1542 1621
1543 1543
1543 1545
1544 1544
1544 1620
1544 1621
1544 1621
1545 1545
1546 1546
1546 1547
1547 1547
1548 1548
1548 1622
1548 1622
1548 1549
1548 1623
1549 1549
1549 1622
1549 1623
1549 1623
1550 1550
1550 1551
1551 1551
1552 1552
1552 1624
1552 1624
1552 1553
1552 1625
1553 1553
1553 1624
1553 1625
1553 1625
1554 1554
1554 1626
1554 1626
1554 1555
1554 1627
1555 1555
1555 1626
1555 1627
1555 1627
1556 1556
1556 1628
1556 1628
1556 1557
1556 1629
1557 1557
1557 1628
1557 1629
1557 1629
1558 1558
1558 1559
1559 1559
1560 1560
1560 1630
1560 1630
1560 1561
1560 1631
1561 1561
1561 1630
1561 1631
1561 1631
1562 1562
1562 1563
1563 1563
1564 1564
1564 1565
1565 1565
1566 1566
1566 1632
1566 1632
1566 1567
1566 1633
1567 1567
1567 1632
1567 1633
1567 1633
1568 1568
1568 1569
1569 1569
1570 1570
1570 1571
1571 1571
1572 1572
1572 1573
1573 1573
1574 1574
1574 1575
1575 1575
1576 1576
1576 1577
1577 1577
1578 1578
1578 1634
1578 1634
1578 1579
1578 1635
1579 1579
1579 1634
1579 1635
1579 1635
1580 1580
1580 1636
1580 1636
1580 1581
1580 1637
1581 1581
1581 1636
1581 1637
1581 1637
1582 1582
1582 1638
1582 1638
1582 1583
1582 1639
1583 1583
1583 1638
1583 1639
1583 1639
1584 1584
1584 1640
1584 1640
1584 1585
1584 1641
1585 1585
1585 1640
1585 1641
1585 1641
1586 1586
1586 1642
1586 1642
1586 1587
1586 1643
1587 1587
1587 1642
1587 1643
1587 1643
1588 1588
1588 1589
1589 1589
1590 1590
1590 1591
1591 1591
1592 1592
1592 1593
1593 1593
1594 1594
1594 1644
1594 1644
1594 1595
1594 1645
1595 1595
1595 1644
1595 1645
1595 1645
1596 1596
1596 1597
1597 1597
1598 1598
1598 1599
1599 1599
1600 1600
1600 1601
1601 1601
1602 1602
1602 1646
1602 1646
1602 1603
1602 1647
1603 1603
1603 1646
1603 1647
1603 1647
1604 1604
1604 1605
1605 1605
1606 1606
1606 1607
1607 1607
1608 1608
1608 1609
1609 1609
1610 1610
1610 1611
1611 1611
1612 1612
1612 1613
1613 1613
1614 1614
1614 1615
1615 1615
1616 1616
1616 1617
1617 1617
1618 1618
1618 1619
1619 1619
1620 1620
1620 1621
1621 1621
1622 1622
1622 1623
1623 1623
1624 1624
1624 1648
1624 1648
1624 1625
1624 1649
1625 1625
1625 1648
1625 1649
1625 1649
1626 1626
1626 1627
1627 1627
1628 1628
1628 1629
1629 1629
1630 1630
1630 1631
1631 1631
1632 1632
1632 1633
1633 1633
1634 1634
1634 1635
1635 1635
1636 1636
1636 1637
1637 1637
1638 1638
1638 1639
1639 1639
1640 1640
1640 1641
1641 1641
1642 1642
1642 1643
1643 1643
1644 1644
1644 1645
1645 1645
1646 1646
1646 1647
1647 1647
1648 1648
1648 1649
1649 1649
