0 0
0 1
0 1
0 2
0 3
0 4
0 5
0 6
0 7
0 8
0 9
0 11
0 69
0 162
0 106
0 72
0 194
0 168
0 166
0 133
0 357
0 403
0 373
0 510
0 517
1 10
1 11
1 12
1 13
1 14
1 14
1 15
1 16
1 17
1 17
1 18
1 19
1 2
1 20
1 61
1 146
1 336
1 402
1 450
1 498
1 499
1 523
1 586
1 611
1 621
1 673
1 740
1 746
2 10
2 10
2 20
2 21
2 22
2 23
2 24
2 25
2 26
2 27
2 28
2 38
2 3
2 40
2 171
2 106
2 43
2 331
2 338
2 280
2 133
2 134
2 9
2 357
2 400
2 159
2 139
2 392
2 434
2 440
2 446
2 463
2 464
2 467
2 484
3 61
3 4
3 4
3 91
3 92
3 17
3 97
3 98
3 99
3 119
3 40
3 242
3 251
3 269
3 14
3 228
3 395
3 397
3 274
3 386
3 394
3 435
3 440
3 443
3 445
3 470
3 472
3 522
3 611
4 10
4 55
4 100
4 101
4 102
4 21
4 103
4 104
4 91
4 120
4 13
4 177
4 32
4 219
4 118
4 503
4 624
4 752
4 754
5 57
5 73
5 326
5 11
5 45
5 161
5 150
5 72
5 234
5 173
5 323
5 68
5 343
5 108
5 353
5 324
5 402
5 500
5 529
5 566
5 715
5 723
5 751
5 757
5 760
5 763
6 177
6 74
6 110
6 339
6 217
6 237
6 187
6 32
6 75
6 252
6 49
6 108
6 228
6 309
6 359
6 345
6 350
6 495
6 543
6 544
6 645
6 649
6 692
6 706
6 752
6 754
6 755
6 759
6 790
6 801
7 15
7 335
7 92
7 272
7 188
7 273
7 228
7 113
7 99
7 255
7 240
7 449
7 470
7 712
8 66
8 337
8 171
8 216
8 272
8 289
8 295
8 231
8 165
8 402
8 355
8 438
8 440
8 526
8 740
8 746
9 136
9 40
9 40
9 64
9 269
9 71
9 72
9 228
9 190
9 199
9 37
9 372
9 197
9 387
9 246
9 395
9 395
9 259
9 259
9 386
9 373
9 362
9 382
9 405
9 406
9 409
9 389
9 426
9 240
9 394
9 435
9 444
9 453
10 11
10 20
10 29
10 30
10 31
10 32
10 33
10 34
10 35
10 36
10 37
10 39
10 153
10 224
10 85
10 250
10 47
10 278
10 75
10 76
10 158
10 126
10 265
10 361
10 404
10 365
10 207
10 536
10 774
11 11
11 38
11 39
11 12
11 40
11 41
11 42
11 43
11 16
11 44
11 45
11 91
11 141
11 276
11 65
11 50
11 351
11 283
11 316
11 258
11 364
11 95
11 54
11 455
11 467
11 557
11 558
11 574
11 607
11 638
11 697
11 758
12 100
12 145
12 70
12 90
12 69
12 171
12 13
12 101
12 269
12 16
12 76
12 338
12 158
12 307
12 341
12 281
12 366
12 135
12 328
12 400
12 257
12 403
12 258
12 499
12 523
12 550
12 557
12 637
12 669
12 696
12 719
13 128
13 69
13 174
13 25
13 37
13 123
13 175
13 176
13 130
13 56
13 211
13 156
13 335
13 169
13 107
13 371
13 114
13 264
13 134
13 368
13 253
13 27
13 184
13 303
13 360
13 382
13 412
13 419
13 392
13 551
13 594
13 599
13 620
13 624
13 647
13 695
14 187
14 278
14 71
14 301
14 273
14 254
14 288
14 312
14 337
14 313
14 341
14 342
14 183
14 138
14 75
14 116
14 77
14 158
14 170
14 304
14 353
14 228
14 232
14 258
14 404
14 96
14 421
14 424
14 381
14 450
14 455
14 458
14 474
14 508
14 509
14 520
14 550
14 778
15 69
15 143
15 278
15 23
15 263
15 73
15 129
15 277
15 48
15 341
15 174
15 230
15 122
15 232
15 156
15 33
15 371
15 68
15 113
15 114
15 253
15 372
15 376
15 176
15 355
15 332
15 256
15 414
15 207
15 249
15 458
15 529
15 534
15 536
15 555
15 578
15 606
15 733
15 776
16 120
16 120
16 187
16 279
16 298
16 21
16 288
16 158
16 341
16 347
16 170
16 346
16 346
16 149
16 342
16 82
16 50
16 283
16 350
16 328
16 27
16 197
16 184
16 59
16 109
16 255
16 409
16 340
16 152
16 464
16 504
16 510
16 543
16 549
16 550
16 554
16 567
16 622
17 69
17 211
17 273
17 312
17 335
17 280
17 62
17 346
17 291
17 291
17 281
17 354
17 305
17 371
17 264
17 27
17 412
17 299
17 99
17 424
17 381
17 528
17 545
17 588
17 792
18 69
18 130
18 251
18 157
18 337
18 168
18 241
18 297
18 36
18 367
18 367
18 24
18 108
18 371
18 253
18 372
18 232
18 175
18 329
18 303
18 332
18 256
18 260
18 221
18 334
18 344
18 392
18 393
18 536
18 576
18 583
18 723
19 129
19 69
19 233
19 304
19 112
19 33
19 169
19 107
19 108
19 132
19 172
19 163
19 88
19 36
19 350
19 147
19 293
19 148
19 362
19 405
19 334
19 378
19 207
19 249
19 535
19 538
19 545
19 560
19 578
19 723
20 38
20 45
20 46
20 46
20 47
20 48
20 49
20 50
20 50
20 51
20 52
20 53
20 54
20 55
20 86
20 288
20 204
20 196
20 173
20 166
20 114
20 126
20 97
20 260
20 249
20 457
20 574
20 643
20 652
20 658
20 677
20 685
21 60
21 145
21 129
21 226
21 251
21 251
21 143
21 266
21 141
21 142
21 171
21 188
21 194
21 300
21 207
21 335
21 295
21 280
21 174
21 296
21 113
21 25
21 361
21 258
21 256
21 382
21 406
21 409
21 412
21 415
21 397
21 370
21 441
21 474
21 499
21 523
21 586
21 621
22 60
22 129
22 167
22 179
22 245
22 226
22 92
22 125
22 125
22 267
22 266
22 279
22 273
22 312
22 313
22 170
22 84
22 139
22 305
22 79
22 41
22 308
22 361
22 362
22 405
22 406
22 407
22 409
22 330
22 413
22 229
22 476
22 586
23 251
23 125
23 121
23 275
23 182
23 86
23 65
23 163
23 32
23 116
23 154
23 137
23 297
23 35
23 181
23 79
23 71
23 72
23 280
23 355
23 259
23 411
23 414
23 452
23 476
23 586
24 284
24 111
24 352
24 181
24 350
24 366
24 24
24 26
24 377
24 271
24 375
24 551
24 552
24 559
24 585
24 586
24 641
24 644
24 647
24 713
24 741
25 190
25 213
25 215
25 108
25 138
25 133
25 233
25 87
25 234
25 356
25 378
25 123
25 423
25 381
25 428
25 435
25 642
25 643
25 662
25 696
25 735
25 773
25 775
26 236
26 44
26 350
26 181
26 66
26 291
26 281
26 356
26 290
26 27
26 117
26 271
26 151
26 124
26 530
26 551
26 552
26 609
26 635
26 650
26 693
26 698
26 713
26 733
26 742
27 242
27 245
27 143
27 81
27 228
27 83
27 146
27 250
27 41
27 308
27 351
27 166
27 34
27 68
27 147
27 324
27 330
27 395
27 310
27 359
27 365
27 459
27 531
27 532
27 586
28 79
28 80
28 352
28 37
28 271
28 191
28 193
28 56
28 199
28 251
28 74
28 183
28 44
28 135
28 197
28 176
28 109
28 249
28 459
28 573
28 582
28 583
28 642
28 666
28 698
28 700
28 719
28 723
28 776
29 245
29 62
29 237
29 273
29 137
29 297
29 308
29 252
29 270
29 314
29 315
29 246
29 310
29 223
29 331
29 108
29 283
29 294
29 330
29 260
29 221
29 222
29 420
29 429
29 432
29 437
29 570
29 582
29 610
29 658
29 662
29 723
30 63
30 143
30 86
30 236
30 275
30 88
30 326
30 327
30 328
30 329
30 330
30 106
30 331
30 285
30 133
30 144
30 208
30 367
30 185
30 314
30 159
30 355
30 392
30 432
30 437
30 439
30 456
30 457
30 518
30 601
30 606
31 272
31 275
31 103
31 243
31 93
31 45
31 177
31 180
31 193
31 273
31 155
31 74
31 89
31 122
31 170
31 147
31 228
31 379
31 420
31 321
31 306
31 398
31 383
31 433
31 604
31 607
31 701
31 703
32 45
32 104
32 105
32 279
32 268
32 106
32 199
32 58
32 254
32 200
32 338
32 174
32 345
32 137
32 348
32 239
32 281
32 350
32 366
32 369
32 148
32 59
32 246
32 479
32 623
32 633
32 653
32 675
32 721
33 145
33 167
33 171
33 179
33 198
33 331
33 317
33 338
33 251
33 86
33 298
33 307
33 111
33 133
33 270
33 270
33 253
33 84
33 350
33 290
33 175
33 329
33 185
33 203
33 115
33 415
33 299
33 206
33 340
33 378
33 419
33 420
33 380
33 457
33 464
33 467
33 477
33 538
33 548
33 637
33 645
33 655
33 662
34 91
34 91
34 331
34 335
34 219
34 168
34 280
34 290
34 368
34 369
34 253
34 340
34 370
34 147
34 264
34 214
34 422
34 383
34 426
34 558
34 564
34 571
34 622
34 631
34 664
34 706
35 145
35 86
35 164
35 268
35 331
35 158
35 307
35 308
35 313
35 341
35 215
35 279
35 282
35 339
35 134
35 270
35 368
35 44
35 132
35 208
35 184
35 84
35 176
35 59
35 52
35 360
35 401
35 109
35 415
35 53
35 418
35 229
35 364
35 419
35 477
35 519
35 534
35 632
35 634
35 685
35 691
36 326
36 331
36 317
36 49
36 202
36 292
36 201
36 225
36 241
36 242
36 219
36 338
36 174
36 37
36 376
36 374
36 324
36 175
36 329
36 203
36 391
36 420
36 434
36 446
36 464
36 467
36 562
36 592
36 654
36 662
36 677
37 162
37 283
37 291
37 285
37 285
37 114
37 328
37 177
37 163
37 110
37 111
37 147
37 372
37 363
37 379
37 315
37 314
37 387
37 118
37 395
37 381
37 483
37 594
37 670
37 696
37 712
37 720
37 772
38 39
38 39
38 45
38 55
38 56
38 57
38 58
38 41
38 59
38 119
38 141
38 130
38 266
38 86
38 164
38 188
38 70
38 313
38 341
38 349
38 314
38 387
38 109
38 257
38 315
38 189
38 96
38 455
38 458
38 536
38 568
38 599
38 643
38 696
38 709
39 60
39 61
39 62
39 63
39 64
39 65
39 66
39 67
39 68
39 45
39 120
39 153
39 302
39 166
39 622
40 120
40 136
40 164
40 102
40 137
40 139
40 165
40 177
40 180
40 193
40 201
40 211
40 163
40 263
40 90
40 110
40 335
40 339
40 349
40 285
40 350
40 357
40 403
40 378
40 389
40 449
40 456
40 473
40 484
40 507
40 527
40 543
40 633
40 645
41 46
41 129
41 86
41 164
41 64
41 233
41 188
41 102
41 200
41 80
41 250
41 47
41 65
41 41
41 335
41 169
41 106
41 366
41 264
41 132
41 133
41 208
41 328
41 175
41 184
41 329
41 84
41 360
41 115
41 139
41 403
41 406
41 409
41 334
41 222
41 419
41 426
41 548
41 642
42 78
42 275
42 102
42 162
42 142
42 85
42 101
42 86
42 243
42 65
42 273
42 66
42 116
42 68
42 147
42 293
42 265
42 158
42 285
42 231
42 232
42 379
42 303
42 117
42 97
42 364
42 96
42 398
42 421
42 454
42 458
42 506
42 507
42 526
42 566
42 602
42 630
42 638
42 685
42 760
43 93
43 279
43 163
43 119
43 129
43 56
43 85
43 162
43 183
43 204
43 351
43 148
43 403
43 255
43 299
43 374
43 495
43 501
43 623
44 190
44 193
44 63
44 233
44 326
44 158
44 307
44 280
44 168
44 313
44 313
44 170
44 162
44 289
44 71
44 77
44 219
44 323
44 309
44 309
44 366
44 322
44 113
44 253
44 324
44 403
44 373
44 408
44 364
44 222
44 420
44 99
44 440
44 507
44 557
44 574
44 662
45 60
45 69
45 70
45 71
45 72
45 73
45 74
45 75
45 76
45 77
45 46
45 128
45 85
45 188
45 275
45 277
45 196
45 303
45 221
45 515
45 572
46 60
46 60
46 78
46 79
46 80
46 81
46 82
46 83
46 84
46 136
46 142
46 226
46 251
46 64
46 337
46 339
46 368
46 165
46 407
46 414
46 444
46 453
46 498
47 142
47 245
47 266
47 275
47 167
47 101
47 86
47 64
47 73
47 155
47 88
47 335
47 308
47 228
47 361
47 332
47 382
47 165
47 330
47 395
47 426
47 394
47 435
47 438
47 452
47 491
47 498
48 119
48 145
48 146
48 167
48 269
48 275
48 275
48 198
48 201
48 73
48 297
48 294
48 84
48 203
48 66
48 339
48 382
48 358
48 406
48 409
48 388
48 415
48 386
48 389
48 322
48 447
48 449
48 452
48 454
48 468
48 485
48 491
48 498
48 522
48 526
48 603
48 712
48 740
48 746
49 91
49 215
49 73
49 155
49 155
49 317
49 167
49 275
49 355
49 321
49 305
49 394
49 437
49 478
49 596
49 627
49 629
49 664
49 755
49 768
50 154
50 336
50 337
50 190
50 195
50 73
50 74
50 252
50 302
50 292
50 83
50 83
50 440
50 443
50 444
50 445
50 450
50 453
50 460
50 470
50 480
50 498
50 718
50 740
50 746
51 236
51 161
51 235
51 254
51 333
51 173
51 126
51 388
51 97
51 386
51 261
51 52
51 493
51 495
51 497
51 498
51 512
51 540
51 608
51 609
51 627
51 632
51 675
51 738
51 745
51 762
52 146
52 146
52 267
52 267
52 269
52 81
52 86
52 163
52 155
52 107
52 283
52 314
52 178
52 299
52 414
52 310
52 386
52 365
52 459
52 498
52 524
52 531
52 718
53 270
53 375
53 146
53 267
53 121
53 154
53 108
53 127
53 450
53 499
53 528
53 539
53 541
53 542
53 543
53 546
53 549
53 551
53 555
53 612
53 648
53 720
53 736
53 745
53 761
54 80
54 333
54 302
54 304
54 109
54 429
54 451
54 527
54 566
54 568
54 602
54 603
54 608
54 630
54 632
54 670
54 687
54 701
54 727
54 768
55 91
55 91
55 55
55 110
55 111
55 112
55 113
55 114
55 115
55 140
55 62
55 78
55 137
55 348
55 234
55 314
55 109
55 189
55 223
55 501
55 502
55 562
55 566
55 599
55 600
55 607
55 610
56 91
56 91
56 190
56 177
56 186
56 192
56 80
56 106
56 144
56 144
56 134
56 208
56 209
56 78
56 65
56 268
56 163
56 219
56 184
56 314
56 360
56 139
56 109
56 362
56 299
56 206
56 340
56 223
56 398
56 389
56 449
56 463
56 486
56 491
56 544
56 561
56 618
56 631
56 649
56 771
56 786
57 191
57 160
57 167
57 210
57 161
57 211
57 212
57 213
57 131
57 158
57 144
57 214
57 217
57 233
57 269
57 277
57 200
57 172
57 72
57 115
57 139
57 320
57 305
57 517
57 535
57 607
57 642
58 201
58 210
58 180
58 266
58 101
58 86
58 268
58 239
58 118
58 396
58 139
58 109
58 489
58 491
58 495
58 496
58 506
58 533
58 631
59 120
59 179
59 110
59 346
59 162
59 276
59 289
59 366
59 376
59 271
59 315
59 306
59 392
59 401
59 139
59 464
59 467
59 503
59 543
59 548
59 556
59 560
59 562
59 592
59 634
59 661
59 803
60 61
60 85
60 86
60 87
60 88
60 89
60 90
60 140
60 102
60 313
60 204
60 364
60 421
60 374
60 425
60 482
60 504
60 745
61 91
61 92
61 93
61 94
61 95
61 96
61 145
61 160
61 226
61 250
61 101
61 278
61 156
61 67
61 341
61 174
61 181
61 114
61 185
61 375
61 265
61 415
61 457
61 520
61 541
61 684
62 198
62 215
62 216
62 119
62 179
62 180
62 191
62 193
62 200
62 278
62 70
62 105
62 73
62 287
62 63
62 272
62 279
62 263
62 168
62 371
62 291
62 68
62 99
62 458
62 729
62 761
63 201
63 211
63 225
63 236
63 164
63 279
63 150
63 79
63 289
63 290
63 291
63 68
63 132
63 165
63 411
63 418
63 458
63 521
63 761
63 792
64 160
64 69
64 224
64 235
64 266
64 121
64 103
64 284
64 295
64 108
64 296
64 278
64 81
64 75
64 307
64 252
64 230
64 372
64 124
64 397
64 541
64 550
64 578
64 586
64 770
65 198
65 236
65 92
65 254
65 193
65 225
65 105
65 289
65 72
65 76
65 252
65 82
65 123
65 308
65 282
65 372
65 176
65 413
65 334
65 318
65 416
65 299
65 189
65 423
65 519
65 530
65 536
65 545
66 278
66 213
66 131
66 87
66 342
66 82
66 343
66 122
66 345
66 346
66 157
66 304
66 112
66 371
66 113
66 83
66 253
66 232
66 286
66 424
66 553
66 589
66 732
67 180
67 70
67 268
67 80
67 80
67 85
67 164
67 103
67 88
67 158
67 234
67 169
67 147
67 341
67 281
67 68
67 356
67 144
67 208
67 135
67 372
67 84
67 303
67 151
67 384
67 403
67 361
67 315
67 416
67 364
67 96
67 498
67 509
67 522
67 568
67 594
67 698
68 187
68 275
68 163
68 158
68 158
68 307
68 174
68 308
68 82
68 68
68 324
68 232
68 375
68 264
68 369
68 384
68 299
68 421
68 262
68 452
68 455
68 458
68 465
68 483
68 490
68 540
68 600
68 730
68 745
68 793
69 77
69 158
69 170
69 170
69 180
69 210
69 103
69 104
69 87
69 162
69 327
69 351
69 302
69 144
69 316
69 374
69 463
69 501
69 507
69 517
69 550
69 613
69 626
69 694
69 754
70 238
70 241
70 233
70 187
70 104
70 200
70 193
70 225
70 78
70 269
70 155
70 317
70 318
70 268
70 173
70 350
70 123
70 151
70 115
70 109
70 334
70 94
70 229
70 325
70 465
70 504
70 553
70 554
70 556
70 562
70 570
70 592
70 642
70 645
70 709
71 160
71 241
71 101
71 86
71 164
71 279
71 190
71 275
71 87
71 288
71 74
71 90
71 291
71 294
71 132
71 342
71 173
71 123
71 175
71 151
71 510
71 549
71 550
71 567
71 573
71 574
71 634
71 644
71 657
71 669
71 684
72 78
72 187
72 87
72 105
72 93
72 104
72 154
72 335
72 194
72 74
72 77
72 351
72 283
72 285
72 147
72 231
72 596
72 687
72 694
72 711
72 788
72 790
73 130
73 193
73 288
73 131
73 101
73 103
73 163
73 307
73 308
73 168
73 339
73 340
73 89
73 303
73 315
73 391
73 473
73 504
73 507
73 527
73 570
73 641
73 654
73 677
74 278
74 289
74 194
74 272
74 105
74 338
74 313
74 230
74 343
74 344
74 349
74 170
74 353
74 303
74 314
74 126
74 257
74 95
74 421
74 454
74 457
74 517
74 555
74 557
74 576
74 746
75 211
75 187
75 93
75 263
75 158
75 347
75 348
75 148
75 117
75 373
75 358
75 418
75 433
75 464
75 465
75 467
75 478
75 479
75 489
75 496
75 504
75 596
75 613
75 631
75 710
76 210
76 121
76 104
76 104
76 172
76 263
76 276
76 80
76 77
76 158
76 183
76 204
76 234
76 173
76 173
76 346
76 135
76 253
76 117
76 159
76 257
76 373
76 214
76 398
76 99
76 504
76 506
76 517
76 613
76 614
76 638
76 661
76 664
76 751
76 757
77 279
77 268
77 298
77 276
77 278
77 77
77 317
77 295
77 234
77 351
77 302
77 89
77 110
77 82
77 166
77 283
77 231
77 366
77 264
77 360
77 403
77 255
77 406
77 246
77 94
77 206
77 152
77 465
77 467
77 503
77 558
77 625
77 645
77 661
78 236
78 238
78 245
78 254
78 164
78 141
78 143
78 81
78 106
78 202
78 181
78 275
78 93
78 90
78 122
78 239
78 234
78 356
78 208
78 123
78 363
78 390
78 315
78 97
78 189
78 223
78 451
78 627
78 700
79 102
79 102
79 237
79 86
79 326
79 110
79 331
79 332
79 94
79 252
79 83
79 185
79 126
79 159
79 422
79 383
79 457
79 575
79 685
79 691
79 702
80 101
80 177
80 198
80 251
80 187
80 81
80 89
80 133
80 197
80 154
80 183
80 111
80 304
80 138
80 356
80 309
80 303
80 375
80 399
80 259
80 97
80 424
80 467
80 481
80 523
80 569
80 646
80 655
80 684
81 141
81 187
81 188
81 102
81 198
81 101
81 90
81 335
81 84
81 313
81 285
81 147
81 132
81 390
81 384
81 332
81 358
81 300
81 364
81 455
81 456
81 464
81 465
81 467
81 485
81 486
81 509
81 561
81 565
81 571
81 630
81 631
81 639
81 750
81 758
82 130
82 193
82 210
82 194
82 157
82 307
82 313
82 147
82 293
82 363
82 197
82 390
82 403
82 388
82 97
82 96
82 421
82 452
82 456
82 486
82 500
82 602
82 613
82 614
82 691
82 763
83 215
83 182
83 346
83 333
83 173
83 112
83 296
83 285
83 309
83 291
83 270
83 253
83 363
83 197
83 197
83 293
83 185
83 314
83 97
83 344
83 383
83 657
83 662
83 688
83 689
83 695
84 103
84 107
84 363
84 377
84 233
84 269
84 276
84 268
84 289
84 89
84 283
84 147
84 84
84 259
84 505
84 510
84 590
85 119
85 212
85 213
85 215
85 267
85 101
85 164
85 233
85 268
85 169
85 241
85 317
85 107
85 350
85 228
85 328
85 324
85 329
85 178
85 319
85 257
85 94
85 344
85 381
85 443
85 475
85 528
85 646
86 224
86 235
86 236
86 238
86 245
86 164
86 269
86 163
86 285
86 203
86 312
86 116
86 282
86 304
86 181
86 397
86 365
86 459
86 465
86 529
86 552
86 580
86 625
87 179
87 179
87 242
87 226
87 287
87 121
87 275
87 199
87 201
87 195
87 204
87 303
87 336
87 295
87 342
87 358
87 246
87 259
87 322
87 443
87 445
87 447
87 450
87 452
87 499
87 523
87 526
88 160
88 226
88 250
88 284
88 150
88 225
88 266
88 155
88 297
88 156
88 202
88 181
88 114
88 375
88 265
88 520
88 541
88 584
88 650
88 665
88 741
89 288
89 289
89 116
89 160
89 199
89 263
89 183
89 170
89 302
89 111
89 292
89 112
89 203
89 399
89 408
89 246
89 221
89 425
89 393
89 551
89 567
89 568
89 569
89 570
89 574
89 592
89 646
90 226
90 266
90 128
90 146
90 161
90 289
90 317
90 295
90 230
90 230
90 323
90 232
90 113
90 361
90 256
90 404
90 259
90 359
90 365
90 431
90 460
91 105
91 106
91 107
91 108
91 109
91 128
91 216
91 291
91 134
91 708
91 792
92 216
92 217
92 93
92 118
92 115
92 305
92 306
92 423
92 616
92 715
92 731
93 251
93 287
93 218
93 323
93 324
93 123
93 320
93 127
93 382
93 274
93 593
93 749
94 128
94 172
94 106
94 347
94 302
94 108
94 147
94 144
94 127
94 438
94 442
94 443
94 444
94 445
94 453
94 468
94 476
94 603
94 621
94 673
95 160
95 170
95 355
95 493
95 497
95 528
95 530
95 547
95 616
95 729
95 780
96 158
96 318
96 524
96 532
96 724
97 149
97 128
97 269
97 263
97 111
97 147
97 132
97 293
97 432
97 434
97 436
97 437
97 438
97 446
97 490
97 600
97 606
97 621
97 735
97 736
97 737
98 121
98 105
98 297
98 308
98 282
98 202
98 230
98 232
98 123
98 360
98 384
98 471
98 472
98 483
98 502
98 589
99 234
99 184
99 362
99 489
99 496
99 623
99 705
99 706
99 729
99 730
99 807
100 100
100 116
100 117
100 118
100 145
100 129
100 179
100 245
100 266
100 342
100 174
100 204
100 361
100 255
100 406
100 409
100 246
100 330
100 413
100 415
100 397
100 417
100 430
100 477
100 609
100 640
101 224
101 236
101 241
101 226
101 254
101 233
101 276
101 268
101 150
101 132
101 187
101 273
101 112
101 375
101 176
101 330
101 249
101 476
101 531
101 549
101 580
101 612
101 632
101 644
102 119
102 245
102 251
102 267
102 143
102 177
102 269
102 263
102 111
102 294
102 132
102 154
102 337
102 402
102 330
102 397
102 310
102 386
102 476
102 480
102 499
102 522
102 523
102 524
102 579
102 609
102 621
103 160
103 179
103 179
103 250
103 252
103 204
103 294
103 116
103 110
103 169
103 107
103 290
103 270
103 407
103 397
103 318
103 416
103 418
103 189
103 432
103 437
103 519
103 520
103 529
103 530
103 543
103 549
103 560
103 612
103 625
104 171
104 198
104 238
104 241
104 125
104 233
104 190
104 201
104 272
104 276
104 263
104 301
104 302
104 111
104 273
104 312
104 338
104 170
104 108
104 408
104 334
104 397
104 416
104 229
104 189
104 423
104 436
104 535
104 550
104 552
104 559
104 644
104 713
104 723
104 735
105 142
105 217
105 187
105 319
105 320
105 320
105 321
105 322
105 219
105 398
105 261
105 248
105 491
105 492
105 561
105 562
105 565
105 570
105 592
105 596
105 604
105 607
105 631
105 651
105 687
105 692
105 699
105 710
105 797
106 269
106 277
106 125
106 301
106 110
106 219
106 336
106 176
106 194
106 195
106 273
106 338
106 349
106 320
106 463
106 465
106 483
106 500
106 511
106 571
106 599
106 603
106 613
106 629
106 712
106 727
106 752
107 317
107 219
107 337
107 119
107 279
107 295
107 280
107 308
107 292
107 367
107 203
107 432
107 434
107 437
107 440
107 446
107 473
107 527
107 579
107 632
107 750
107 758
108 119
108 179
108 172
108 268
108 219
108 130
108 298
108 308
108 134
108 203
108 370
108 135
108 401
108 109
108 257
108 318
108 320
108 214
108 433
108 493
108 497
108 519
108 522
108 548
108 554
108 607
108 634
108 664
108 717
108 721
109 316
109 162
109 163
109 202
109 323
109 321
109 306
109 381
109 450
109 490
109 492
109 501
109 566
109 596
109 651
109 701
109 756
109 769
110 289
110 161
110 121
110 154
110 349
110 352
110 208
110 197
110 430
110 393
110 432
110 457
110 578
110 652
110 658
110 661
110 662
110 663
110 677
110 691
110 776
111 288
111 156
111 331
111 252
111 204
111 337
111 366
111 264
111 132
111 133
111 209
111 309
111 294
111 208
111 185
111 221
111 510
111 586
111 652
111 677
111 691
111 698
112 140
112 268
112 327
112 219
112 158
112 282
112 132
112 290
112 203
112 144
112 139
112 316
112 397
112 320
112 416
112 486
112 490
112 500
112 501
112 502
112 505
112 570
112 592
112 594
112 610
112 618
113 234
113 288
113 346
113 353
113 286
113 306
113 505
113 532
113 589
113 616
113 716
113 734
114 346
114 196
114 231
114 294
114 317
114 280
114 348
114 173
114 166
114 290
114 133
114 185
114 420
114 207
114 430
114 437
114 476
114 583
114 652
114 657
114 677
114 685
114 700
114 733
115 184
115 360
115 268
115 353
115 123
115 416
115 299
115 417
115 189
115 419
115 425
115 545
115 556
115 610
115 636
116 198
116 279
116 312
116 313
116 239
116 234
116 349
116 175
116 329
116 176
116 334
116 423
116 425
116 530
116 534
116 553
116 556
116 636
116 643
116 663
116 698
116 700
117 287
117 129
117 211
117 312
117 204
117 343
117 375
117 151
117 344
117 256
117 461
117 532
117 593
117 806
118 211
118 200
118 195
118 338
118 126
118 413
118 417
118 810
118 814
119 119
119 120
119 120
119 121
119 122
119 123
119 124
119 128
119 140
119 250
119 349
119 292
119 283
119 353
119 285
119 231
119 467
119 473
119 482
119 502
119 554
119 592
119 595
119 599
119 704
119 736
120 125
120 126
120 127
120 136
120 145
120 129
120 167
120 179
120 154
120 335
120 295
120 296
120 402
120 258
120 332
120 415
120 229
120 389
120 240
120 370
120 441
120 474
120 477
120 480
120 522
121 142
121 225
121 238
121 241
121 272
121 150
121 289
121 234
121 138
121 291
121 269
121 187
121 418
121 248
121 465
121 466
121 478
121 479
121 493
121 495
121 497
121 522
121 538
121 543
121 608
121 614
121 638
121 672
121 675
121 720
121 751
121 757
122 202
122 182
122 269
122 308
122 252
122 231
122 159
122 165
122 247
122 468
122 522
122 526
122 603
122 667
122 712
122 739
123 198
123 217
123 172
123 239
123 138
123 350
123 135
123 226
123 194
123 147
123 228
123 244
123 123
123 329
123 332
123 380
123 148
123 151
123 354
123 396
123 257
123 229
123 305
123 398
123 325
123 248
123 464
123 466
123 467
123 521
123 522
123 534
123 645
123 709
124 342
124 169
124 372
124 175
124 363
124 393
124 394
124 248
124 258
124 255
124 415
124 499
124 678
125 217
125 218
125 268
125 284
125 169
125 285
125 348
125 324
125 203
125 400
125 401
125 434
125 501
125 523
125 617
125 661
125 662
125 664
125 757
125 758
126 275
126 195
126 154
126 173
126 353
126 387
126 319
126 203
126 265
126 526
126 527
126 600
126 745
127 191
127 277
127 345
127 148
127 358
127 492
127 503
127 554
127 561
127 564
127 608
127 628
127 675
127 687
127 703
128 129
128 130
128 131
128 132
128 133
128 134
128 135
128 145
128 141
128 298
128 313
128 205
128 175
128 293
128 184
128 329
128 360
128 384
128 401
128 220
128 415
128 364
128 152
128 455
128 509
128 542
128 546
128 554
128 562
128 568
128 592
128 633
128 634
128 653
128 686
128 688
129 145
129 166
129 171
129 180
129 191
129 199
129 269
129 187
129 162
129 195
129 312
129 219
129 147
129 468
129 483
129 486
129 554
129 566
129 594
129 607
129 629
129 671
129 754
130 142
130 160
130 177
130 182
130 183
130 132
130 184
130 185
130 186
130 193
130 200
130 234
130 292
130 147
130 293
130 305
130 502
130 644
130 645
130 690
130 694
130 771
130 777
130 796
130 805
131 186
131 192
131 161
131 235
131 241
131 245
131 226
131 234
131 246
131 247
131 248
131 249
131 195
131 270
131 489
131 493
131 505
131 525
131 543
131 566
131 634
131 703
131 762
131 766
131 771
131 787
132 183
132 181
132 146
132 166
132 169
132 178
132 387
132 354
132 380
132 424
132 464
132 480
132 499
132 520
132 550
132 569
132 572
132 574
132 684
132 693
133 193
133 296
133 301
133 323
133 304
133 372
133 376
133 178
133 375
133 370
133 393
133 434
133 443
133 669
133 674
133 685
133 693
133 726
133 778
133 792
134 217
134 234
134 164
134 162
134 150
134 352
134 134
134 205
134 363
134 355
134 305
134 505
134 524
134 715
134 716
134 723
134 733
134 776
135 215
135 323
135 356
135 160
135 167
135 190
135 164
135 243
135 285
135 197
135 375
135 420
135 262
135 322
135 507
135 515
135 600
135 603
135 660
135 693
135 696
135 793
135 796
136 137
136 138
136 139
136 146
136 153
136 141
136 177
136 180
136 200
136 263
136 349
136 401
136 422
136 383
136 485
136 509
136 535
136 557
136 634
136 637
136 642
136 770
137 243
137 193
137 254
137 227
137 204
137 170
137 333
137 196
137 347
137 376
137 176
137 418
137 386
137 488
137 493
137 497
137 533
137 538
137 544
137 555
137 706
138 295
138 280
138 339
138 342
138 201
138 254
138 272
138 200
138 219
138 183
138 264
138 328
138 262
138 368
138 373
138 246
138 322
138 440
138 447
138 468
138 491
138 603
138 611
139 217
139 276
139 172
139 175
139 329
139 357
139 177
139 364
139 300
139 305
139 488
139 538
139 544
139 547
139 548
139 560
139 620
139 695
140 141
140 142
140 143
140 144
140 209
141 146
141 155
141 156
141 157
141 158
141 159
141 180
141 186
141 198
141 233
141 172
141 349
141 351
141 486
141 553
141 556
141 730
141 738
141 798
142 146
142 186
142 279
142 333
142 351
142 363
142 379
142 303
142 390
142 222
142 214
142 262
142 425
142 587
142 630
142 664
142 685
142 686
142 688
142 691
143 186
143 201
143 161
143 225
143 164
143 277
143 288
143 289
143 282
143 290
143 486
143 489
143 496
143 513
143 514
143 561
143 699
143 705
143 781
143 797
143 800
144 160
144 160
144 180
144 218
144 292
144 169
144 283
144 191
144 225
144 263
144 174
144 353
144 197
144 456
144 463
144 464
144 482
144 502
144 503
144 522
144 527
144 562
144 570
144 594
144 681
144 737
145 146
145 147
145 148
145 149
145 153
145 160
145 250
145 309
145 294
145 206
145 340
145 419
145 552
145 553
145 558
145 560
145 574
145 622
145 640
145 644
145 658
145 770
145 803
146 150
146 151
146 152
146 160
146 167
146 171
146 225
146 250
146 163
146 326
146 338
146 158
146 307
146 308
146 264
146 290
146 270
146 324
146 384
146 406
146 409
146 415
146 318
146 378
146 434
146 446
146 455
146 475
146 509
146 518
146 521
146 552
146 601
146 632
146 633
146 644
146 679
146 773
146 778
147 312
147 297
147 307
147 341
147 174
147 343
147 302
147 309
147 324
147 376
147 205
147 205
147 373
147 290
147 372
147 232
147 184
147 399
147 220
147 361
147 406
147 221
147 416
147 364
147 206
147 420
147 464
147 552
147 563
147 643
147 646
147 691
147 713
148 202
148 244
148 269
148 252
148 230
148 324
148 303
148 375
148 410
148 415
148 591
148 676
148 728
149 161
149 211
149 345
149 173
149 387
149 256
149 397
149 386
149 398
149 255
149 246
149 522
149 523
149 683
150 191
150 266
150 275
150 166
150 369
150 357
150 510
150 515
150 517
150 626
150 669
150 718
150 719
151 177
151 200
151 345
151 237
151 226
151 172
151 366
151 387
151 319
151 389
151 401
151 438
151 478
151 479
151 492
151 613
151 634
151 639
151 642
151 687
151 715
151 755
151 759
152 339
152 290
152 270
152 402
152 540
152 544
152 547
152 552
152 614
152 638
152 639
152 644
152 649
152 736
152 737
152 738
152 760
152 763
153 154
153 209
154 187
154 288
154 307
154 342
154 348
154 239
154 333
154 350
154 252
154 170
154 176
154 362
154 406
154 408
154 409
154 299
154 418
154 378
154 426
154 432
154 437
154 465
154 533
154 543
154 770
155 245
155 254
155 266
155 180
155 225
155 338
155 227
155 227
155 252
155 202
155 202
155 257
155 157
155 158
155 307
155 282
155 352
155 372
155 232
155 384
155 361
155 410
155 330
155 311
155 429
155 455
155 509
155 536
155 537
155 563
155 582
155 632
155 641
155 666
156 161
156 263
156 317
156 280
156 174
156 347
156 173
156 166
156 290
156 261
156 421
156 439
156 478
156 479
156 482
156 483
156 485
156 509
156 521
156 577
156 639
156 753
156 762
156 777
156 800
157 163
157 158
157 308
157 348
157 351
157 166
157 292
157 293
157 333
157 477
157 482
157 502
157 509
157 540
157 545
157 548
157 553
157 640
157 777
157 798
158 278
158 301
158 312
158 336
158 169
158 285
158 293
158 307
158 230
158 296
158 384
158 408
158 395
158 259
158 421
158 424
158 465
158 508
158 567
158 588
158 612
158 773
159 198
159 233
159 233
159 163
159 272
159 200
159 418
159 421
159 426
159 477
159 478
159 479
159 483
159 495
159 500
159 509
159 519
159 545
159 566
159 587
159 762
160 161
160 162
160 162
160 163
160 180
160 190
160 278
160 252
160 376
160 185
160 408
160 388
160 259
160 344
160 421
160 504
160 517
160 557
160 657
160 740
161 171
161 171
161 201
161 212
161 218
161 224
161 230
161 231
161 232
161 211
161 238
161 241
161 250
161 263
161 338
161 295
161 353
161 369
161 358
161 491
161 538
161 540
161 543
161 597
161 633
161 670
161 730
161 796
162 177
162 242
162 250
162 187
162 167
162 195
162 303
162 203
162 268
162 366
162 368
162 328
162 357
162 386
162 392
162 463
162 465
162 472
162 473
162 475
162 527
162 679
162 729
163 254
163 267
163 224
163 338
163 297
163 329
163 203
163 330
163 221
163 416
163 429
163 554
163 563
163 568
163 609
163 634
163 700
163 709
163 735
164 171
164 235
164 233
164 278
164 268
164 289
164 283
164 294
164 293
164 337
164 338
164 280
164 208
164 367
164 178
164 357
164 402
164 257
164 436
164 481
164 520
164 621
164 735
165 265
165 402
165 423
165 424
165 466
165 521
165 530
165 535
165 577
165 715
166 167
166 254
166 282
166 276
166 301
166 294
166 264
166 372
166 232
166 318
166 378
166 429
166 533
166 534
166 536
166 538
166 545
166 548
166 551
166 582
166 647
166 733
166 776
167 168
167 169
167 180
167 192
167 193
167 213
167 238
167 241
167 194
167 349
167 353
167 257
167 247
167 473
167 507
167 508
167 527
167 726
167 739
168 278
168 273
168 312
168 250
168 353
168 285
168 362
168 405
168 318
168 418
168 529
168 535
168 580
169 171
169 235
169 338
169 307
169 243
169 279
169 295
169 280
169 308
169 292
169 294
169 181
169 372
169 375
169 362
169 436
169 520
169 536
169 735
169 774
170 331
170 219
170 313
170 275
170 278
170 289
170 234
170 292
170 351
170 283
170 309
170 369
170 384
170 403
170 320
170 398
170 464
170 504
170 509
170 557
170 614
170 617
170 622
170 694
170 750
171 172
171 173
171 180
171 263
171 345
171 349
171 351
171 261
171 466
171 513
171 514
171 623
171 755
171 759
171 800
172 245
172 250
172 267
172 185
172 316
172 268
172 317
172 297
172 282
172 196
172 208
172 175
172 176
172 401
172 260
172 189
172 436
172 529
172 563
172 568
172 582
172 609
172 632
172 663
173 275
173 336
173 338
173 252
173 183
173 183
173 201
173 272
173 301
173 204
173 302
173 323
173 181
173 369
173 375
173 450
173 452
173 475
173 550
173 648
173 679
173 794
174 194
174 331
174 346
174 351
174 296
174 356
174 356
174 293
174 283
174 291
174 281
174 228
174 366
174 456
174 483
174 484
174 588
174 597
174 599
174 672
174 772
175 356
175 367
175 182
175 243
175 181
175 387
175 271
175 355
175 436
175 579
175 735
175 774
176 213
176 272
176 200
176 281
176 182
176 297
176 323
176 181
176 354
176 420
176 325
176 423
176 428
176 394
176 436
176 586
176 588
176 698
176 723
176 775
176 778
177 178
177 191
177 235
177 369
177 399
177 260
177 452
177 498
177 626
178 235
178 238
178 183
178 363
178 311
178 386
178 319
178 271
178 265
178 402
178 541
178 606
178 615
178 621
178 624
178 632
179 191
179 238
179 241
179 277
179 327
179 348
179 569
179 570
179 629
179 660
179 671
179 689
179 690
179 727
180 181
180 192
180 182
180 239
180 323
180 396
180 570
180 682
180 711
180 811
181 343
181 347
181 349
181 349
181 192
181 363
181 209
181 329
181 390
181 357
181 300
181 386
181 222
181 214
181 438
181 439
181 486
181 518
181 601
181 630
181 664
181 685
181 691
182 199
182 211
182 217
182 225
182 251
182 194
182 263
182 263
182 227
182 264
182 244
182 345
182 347
182 363
182 379
182 329
182 303
182 318
182 305
182 493
182 497
182 511
182 512
182 561
182 565
182 598
182 627
182 701
182 766
183 216
183 277
183 341
183 302
183 350
183 281
183 400
183 257
183 259
183 383
183 424
183 470
183 484
183 507
183 517
183 569
183 576
183 674
184 216
184 287
184 253
184 376
184 316
184 303
184 424
184 425
184 528
184 555
184 556
184 575
184 620
184 695
184 708
185 233
185 347
185 363
185 379
185 303
185 336
185 329
185 262
185 385
185 357
185 411
185 334
185 300
185 386
185 534
185 643
185 663
185 698
185 700
185 715
186 186
186 187
186 188
186 189
186 217
186 292
186 350
186 293
186 502
186 505
186 507
186 552
186 571
186 642
186 689
186 697
186 723
186 777
186 786
186 804
187 236
187 297
187 188
187 430
187 433
187 686
187 688
187 777
187 791
187 793
188 237
188 278
188 194
188 298
188 197
188 203
188 209
188 299
188 705
188 708
188 813
189 280
189 293
189 360
189 489
189 492
189 495
189 496
189 500
189 502
189 513
189 514
189 540
189 566
189 687
189 779
189 782
189 784
190 190
190 191
190 191
190 192
190 193
190 193
190 194
190 195
190 196
190 197
190 212
190 216
190 303
190 354
190 400
190 344
190 422
190 424
190 463
190 470
190 481
190 517
190 550
190 569
190 611
190 696
191 198
191 199
191 200
191 192
191 213
191 314
191 344
191 391
191 385
191 247
191 462
191 508
191 570
191 576
191 659
192 198
192 201
192 202
192 203
192 193
192 272
192 323
192 281
192 231
192 387
192 262
192 447
192 468
192 490
192 626
192 646
192 660
192 662
192 793
193 204
193 205
193 206
193 207
193 224
193 292
193 316
193 344
193 391
193 398
193 427
193 570
193 576
193 590
193 602
193 652
194 272
194 198
194 199
194 204
194 346
194 380
194 441
194 249
194 653
194 654
194 658
194 670
194 688
194 704
194 777
194 805
195 277
195 337
195 338
195 297
195 208
195 302
195 383
195 374
195 484
195 696
195 704
196 219
196 336
196 336
196 298
196 239
196 285
196 309
196 293
196 363
196 321
196 306
196 500
196 501
196 588
196 598
196 600
196 604
196 617
196 687
196 710
196 756
196 783
197 294
197 367
197 244
197 376
197 303
197 382
197 380
197 431
197 475
197 484
197 655
197 658
197 673
197 679
197 708
197 773
197 778
198 215
198 200
198 304
198 228
198 208
198 328
198 377
198 221
198 222
198 207
198 394
198 453
198 576
198 599
198 695
198 723
199 210
199 215
199 216
199 217
199 218
199 218
199 219
199 220
199 221
199 222
199 223
199 252
199 302
199 281
199 422
199 374
200 242
200 277
200 298
200 301
200 205
200 354
200 570
200 575
200 672
200 708
200 720
201 216
201 224
201 213
201 218
201 288
201 354
201 689
201 690
201 704
201 726
202 268
202 234
202 311
202 247
202 248
202 486
202 487
202 492
202 505
202 508
202 563
202 594
202 596
202 599
202 682
202 687
202 710
202 765
203 272
203 277
203 366
203 243
203 292
203 353
203 387
203 257
203 395
203 260
203 344
203 365
203 222
203 435
203 444
203 573
203 578
203 594
203 620
203 642
204 351
204 351
204 291
204 357
204 348
204 349
204 302
204 314
204 408
204 374
204 501
204 504
204 506
204 515
204 517
204 697
204 752
205 237
205 350
205 293
205 355
205 472
205 507
205 552
205 571
205 642
205 644
205 645
205 715
205 716
205 731
205 771
205 773
205 778
205 786
206 324
206 469
206 479
206 494
206 525
206 526
206 542
206 571
206 613
206 638
206 664
206 687
206 692
206 756
206 766
206 768
206 769
206 781
207 216
207 286
207 374
207 333
207 290
207 372
207 404
207 406
207 471
207 507
207 689
207 690
207 809
208 234
208 353
208 276
208 285
208 290
208 401
208 496
208 497
208 500
208 525
208 526
208 529
208 628
208 762
208 766
208 768
208 786
209 212
209 287
209 390
209 399
209 441
209 445
209 446
209 249
209 474
209 481
209 507
209 583
209 646
209 691
209 719
209 726
209 773
209 792
210 211
210 217
210 225
210 226
210 219
210 227
210 228
210 229
210 212
210 276
210 573
210 611
210 612
210 613
210 615
210 619
210 630
210 669
210 670
210 671
210 750
210 763
211 216
211 216
211 233
211 234
211 348
211 354
211 400
211 316
211 555
211 611
211 629
211 696
211 704
211 752
211 753
212 235
212 236
212 237
212 238
212 239
212 240
212 454
212 248
212 455
212 458
212 516
212 518
212 595
212 597
212 608
212 614
212 627
212 633
212 712
212 722
212 763
212 805
213 241
213 242
213 243
213 244
213 326
213 291
213 353
213 324
213 286
213 262
213 471
213 482
213 526
213 528
213 730
213 745
213 747
214 343
214 304
214 352
214 257
214 361
214 258
214 255
214 417
214 514
214 613
214 614
214 628
214 689
214 692
214 694
214 783
214 784
214 789
215 215
215 250
215 251
215 252
215 253
215 236
215 237
215 272
215 343
215 367
215 442
215 511
215 731
215 792
216 216
216 235
216 254
216 255
216 256
216 279
216 357
216 488
216 511
216 649
216 706
217 237
217 226
217 250
217 257
217 258
217 218
217 243
217 447
217 484
217 651
217 653
217 670
217 679
217 705
217 796
217 801
218 236
218 251
218 254
218 259
218 260
218 261
218 262
218 248
218 456
218 513
218 633
218 689
218 692
218 712
218 725
218 727
218 790
219 257
219 234
219 231
219 387
219 435
219 447
219 571
219 587
219 588
219 618
219 647
219 727
219 792
220 293
220 223
220 305
220 325
220 436
220 490
220 506
220 603
220 626
220 660
220 709
220 713
220 727
220 730
220 738
220 786
220 796
221 250
221 279
221 292
221 290
221 433
221 434
221 468
221 469
221 489
221 494
221 497
221 527
221 546
221 608
221 629
221 703
221 710
221 759
222 301
222 324
222 514
222 518
222 627
222 628
222 630
222 686
222 701
222 725
222 767
223 243
223 343
223 225
223 289
223 333
223 376
223 403
223 361
223 410
223 442
223 511
223 606
223 616
223 620
223 663
223 695
223 700
223 714
224 266
224 448
224 449
224 471
224 495
224 649
224 785
224 800
224 809
225 265
225 239
225 314
225 396
225 398
225 247
225 506
225 513
225 514
225 618
225 765
226 243
226 278
226 468
226 511
226 515
226 559
226 600
226 618
226 660
226 671
226 730
226 735
226 738
226 771
227 301
227 318
227 316
227 506
227 508
227 513
227 514
227 602
227 604
227 651
227 711
227 811
228 343
228 346
228 346
228 277
228 288
228 297
228 325
228 433
228 506
228 604
228 651
228 661
228 673
228 714
228 731
228 790
228 801
229 288
229 489
229 490
229 496
229 501
229 506
229 539
229 596
229 600
229 710
229 711
229 781
229 811
230 284
230 347
230 356
230 285
230 511
230 514
230 671
230 690
230 725
230 801
231 343
231 333
231 263
231 244
231 262
231 439
231 577
231 587
232 353
232 308
232 347
232 351
232 292
232 384
232 388
232 512
232 516
232 601
232 638
232 670
232 675
232 681
232 722
232 760
232 804
233 235
233 295
233 290
233 270
233 253
233 319
233 559
233 560
233 615
233 713
234 326
234 309
234 294
234 316
234 369
234 253
234 324
234 358
234 408
234 262
234 490
234 520
234 539
234 548
234 550
234 567
234 600
234 612
234 796
235 267
235 268
235 262
235 322
235 515
235 655
235 657
235 660
235 661
235 684
235 695
235 736
236 269
236 270
236 271
236 654
236 659
236 660
236 667
236 674
236 704
236 726
237 272
237 273
237 270
237 274
237 427
237 428
237 434
237 445
237 481
237 530
237 663
237 713
237 721
237 775
237 786
238 272
238 275
238 276
238 243
238 427
238 444
238 470
238 527
238 528
238 549
238 620
238 629
238 664
238 707
238 720
238 751
238 754
238 771
239 326
239 272
239 265
239 401
239 443
239 473
239 499
239 549
239 555
239 559
239 568
239 583
239 668
239 695
239 761
240 296
240 384
240 316
240 573
240 678
240 681
240 686
240 689
240 693
240 805
241 269
241 272
241 275
241 323
241 350
241 645
241 650
241 743
241 794
241 796
242 272
242 277
242 284
242 292
242 323
243 272
243 273
243 297
243 307
243 308
243 309
243 270
243 310
243 311
243 326
243 366
243 395
243 445
243 463
243 481
243 520
243 522
243 528
243 554
243 576
243 588
243 615
243 645
243 674
243 679
243 693
244 352
244 367
244 377
244 325
244 325
244 293
244 508
244 680
244 804
244 805
245 277
245 741
245 775
245 794
245 796
245 802
246 276
246 288
246 317
246 350
246 322
246 433
246 475
246 506
246 511
246 597
246 604
246 653
246 704
246 705
246 790
246 791
247 396
247 318
247 737
247 754
247 757
247 759
247 781
247 782
247 783
247 788
247 801
248 297
248 308
248 282
248 360
248 384
248 773
248 776
248 792
248 793
248 794
248 795
249 294
249 270
249 253
249 314
249 732
249 773
249 777
249 778
249 792
249 793
249 796
249 804
249 805
249 809
250 276
250 272
250 264
250 363
250 379
250 382
250 260
250 320
250 300
250 305
250 547
250 565
250 607
251 279
251 280
251 281
251 294
251 325
251 370
251 597
251 653
251 654
251 655
251 661
251 686
251 777
251 804
252 312
252 331
252 275
252 353
252 363
252 408
252 395
252 320
252 321
252 306
252 422
252 452
252 571
252 598
252 628
252 651
252 662
252 692
253 272
253 367
253 273
253 461
253 606
253 620
253 663
253 695
253 700
253 733
253 776
254 267
254 279
254 268
254 282
254 283
254 327
254 281
254 353
254 376
254 400
254 506
254 613
254 629
254 753
254 754
255 346
255 351
255 306
255 262
255 528
255 587
255 623
255 628
255 664
255 703
255 705
255 766
255 781
256 289
256 346
256 288
256 354
256 380
256 262
256 447
256 481
256 620
256 626
256 660
256 674
256 684
256 737
256 796
257 272
257 285
257 321
257 432
257 433
257 435
257 479
257 498
257 512
257 529
257 629
257 710
257 759
257 787
258 343
258 288
258 341
258 348
258 346
258 305
258 438
258 489
258 493
258 496
258 497
258 547
258 628
258 664
258 703
258 706
258 755
258 759
259 346
259 275
259 288
259 291
259 428
259 484
259 620
259 652
259 654
259 661
259 668
259 677
259 695
259 704
259 772
259 775
260 278
260 279
260 292
260 290
260 293
260 432
260 501
260 527
260 618
260 623
260 625
260 626
260 628
260 661
260 664
260 711
260 721
260 759
260 786
260 789
261 384
261 402
261 604
261 628
261 629
261 660
261 672
261 705
261 707
261 727
261 769
261 782
261 811
262 289
262 281
262 377
262 358
262 374
262 475
262 653
262 655
262 672
262 683
262 684
262 691
262 719
262 778
263 272
263 289
263 333
263 304
263 293
263 420
263 422
263 456
263 457
263 474
263 574
263 576
263 620
263 661
263 686
263 690
264 323
264 308
264 351
264 324
264 293
264 354
264 660
264 667
264 689
264 690
265 267
265 349
265 378
265 318
265 386
265 466
265 488
265 512
265 528
265 547
265 577
265 627
265 649
266 288
266 292
266 293
266 284
266 301
266 581
267 267
267 268
267 286
267 282
267 290
267 270
267 407
267 318
267 533
267 538
267 541
267 559
267 632
267 713
268 282
268 271
268 399
268 334
268 534
268 535
268 572
269 282
269 379
269 387
269 396
269 315
269 330
269 416
269 325
269 451
269 452
269 505
269 512
269 618
269 630
269 633
269 663
270 352
270 293
270 461
270 714
270 732
270 734
271 375
271 298
271 286
271 271
271 530
271 559
271 586
271 609
271 635
271 643
271 644
271 645
271 646
271 647
271 650
271 709
271 742
271 774
271 776
272 345
272 347
272 354
272 396
272 604
272 628
272 651
272 692
272 703
272 717
272 721
273 287
273 276
273 279
273 295
273 280
273 308
273 282
273 293
273 363
273 379
273 306
273 424
273 519
273 564
273 766
274 277
274 288
274 360
274 400
274 405
274 440
274 472
274 478
274 479
274 495
274 540
274 706
274 753
274 807
275 291
275 288
275 376
275 315
275 408
275 385
275 462
275 555
275 641
275 665
276 279
276 279
276 304
276 294
276 305
276 306
276 289
276 309
276 377
276 329
276 401
276 325
276 504
276 552
276 625
276 684
276 709
276 719
277 296
277 355
277 330
277 395
277 310
277 394
277 435
277 439
277 444
277 453
277 474
277 579
277 673
277 712
278 288
278 317
278 342
278 304
278 309
278 425
278 562
278 568
278 569
278 572
278 583
278 612
278 647
278 657
278 693
279 323
279 280
279 282
279 347
279 320
279 310
279 300
279 427
279 429
279 393
279 582
279 583
279 590
279 607
279 716
280 312
280 280
280 291
280 368
280 376
280 416
280 359
280 385
280 462
280 551
280 555
280 575
280 589
280 624
280 647
281 372
281 374
281 414
281 460
281 724
281 806
282 312
282 282
282 283
282 347
282 304
282 368
282 414
282 310
282 512
282 551
282 577
282 579
282 580
282 627
282 639
282 647
282 714
283 295
283 347
283 301
283 324
283 303
283 319
283 399
283 407
283 564
283 565
283 572
283 615
283 631
283 632
284 325
284 308
284 404
284 405
284 407
284 426
284 459
284 531
285 307
285 375
285 372
285 402
285 332
285 386
285 536
286 341
286 372
286 328
286 329
286 384
286 370
286 536
286 637
287 288
288 317
288 342
288 368
288 361
288 373
288 332
288 388
288 395
288 370
288 394
288 435
288 441
288 454
288 480
288 485
288 611
288 673
289 327
289 333
289 334
289 309
289 367
289 368
289 390
289 408
289 300
289 398
289 380
289 574
289 618
289 630
289 633
289 639
289 655
289 714
289 716
290 304
290 349
290 352
290 344
290 392
290 393
290 460
290 575
290 576
290 578
290 583
290 643
290 698
291 296
291 336
291 372
291 373
291 370
291 452
291 474
291 702
292 317
292 313
292 366
292 367
292 294
292 361
292 408
292 364
292 425
292 558
292 562
292 592
292 610
292 622
292 658
293 297
293 313
293 341
293 381
293 360
293 409
293 415
293 340
293 325
293 467
293 520
293 536
293 554
293 559
293 563
293 572
293 644
293 662
293 685
293 693
293 698
294 333
294 328
294 379
294 365
294 427
294 573
295 312
295 295
295 296
295 373
295 434
295 446
295 500
295 561
295 564
295 565
295 566
295 567
295 587
295 597
295 614
295 619
295 633
295 638
295 670
295 707
296 308
296 336
296 342
296 350
296 309
296 328
296 402
296 382
296 411
296 439
296 443
296 445
296 449
296 609
297 317
297 297
297 395
297 311
297 394
297 435
297 465
297 478
297 479
297 487
297 602
297 605
297 608
297 641
297 675
298 352
298 377
298 429
298 393
298 476
298 531
298 586
298 643
298 663
298 666
298 669
298 733
299 390
299 384
299 451
299 468
299 473
299 492
299 498
299 500
299 568
299 582
299 597
299 598
299 602
299 671
299 675
299 787
300 360
300 402
300 478
300 479
300 482
300 483
300 492
300 513
300 514
300 587
300 623
300 687
300 730
300 779
300 782
300 784
301 317
301 337
301 307
301 314
301 346
301 302
301 309
301 366
301 328
301 510
301 574
301 642
301 661
301 669
301 719
302 327
302 348
302 364
302 365
302 366
302 328
302 363
302 379
302 554
302 567
302 571
302 617
302 619
302 646
302 653
302 693
302 707
303 351
303 369
303 398
303 456
303 465
303 486
303 492
303 504
303 567
303 571
303 692
303 697
303 710
303 789
303 791
303 801
303 811
304 326
304 327
304 317
304 346
304 400
304 420
304 305
304 446
304 499
304 501
304 503
304 634
304 704
304 750
304 751
305 345
305 376
305 311
305 512
305 555
305 598
305 606
305 616
305 624
305 627
305 639
305 643
305 698
305 701
305 714
306 402
306 403
306 373
306 334
306 611
306 612
306 614
306 615
306 619
306 627
306 675
306 692
306 693
306 701
306 710
306 717
306 758
306 787
306 790
307 444
307 450
307 451
307 459
307 479
307 605
307 608
307 625
307 627
307 632
307 707
307 713
307 760
307 762
308 312
308 335
308 308
308 343
308 332
308 382
308 429
308 458
308 493
308 497
308 512
308 529
308 561
308 564
308 565
308 577
308 582
308 627
308 715
308 723
309 377
309 441
309 531
309 582
309 590
309 641
309 647
309 682
309 691
309 717
309 733
310 354
310 400
310 443
310 445
310 470
310 493
310 497
310 539
310 608
310 619
310 675
310 707
310 751
310 757
311 428
311 433
311 443
311 446
311 476
311 530
311 559
311 590
311 674
311 700
311 709
311 717
311 771
311 775
312 353
312 377
312 319
312 390
312 511
312 597
312 674
312 707
312 719
312 727
312 758
312 760
313 347
313 324
313 319
313 512
313 596
313 598
313 608
313 638
313 646
313 707
313 721
313 750
313 768
313 801
314 336
314 353
314 451
314 453
314 478
314 480
314 512
314 529
314 531
314 549
314 559
314 605
314 619
314 675
314 762
314 763
315 350
315 396
315 370
315 427
315 429
315 433
315 459
315 474
315 505
315 551
315 571
315 573
315 641
315 682
315 685
315 721
315 776
316 360
316 323
316 387
316 405
316 320
316 344
316 378
316 419
316 389
316 427
316 488
316 505
316 544
316 545
316 565
316 576
316 590
316 594
316 599
316 607
317 345
317 333
317 353
317 342
317 475
317 551
317 563
317 567
317 595
317 633
317 641
317 647
317 648
317 650
317 668
317 679
317 681
317 802
318 451
318 487
318 508
318 516
318 537
318 602
318 808
319 348
319 595
319 666
319 680
319 681
319 682
319 709
319 726
319 791
319 794
320 360
320 454
320 455
320 456
320 458
320 513
320 516
320 596
320 613
320 630
320 686
320 694
320 701
320 722
320 787
321 595
321 596
321 597
321 608
321 725
321 727
321 789
322 376
322 403
322 407
322 409
322 388
322 420
322 601
322 683
322 697
322 719
322 721
322 795
323 327
323 331
323 342
323 338
323 328
323 396
323 433
323 478
323 504
323 608
323 623
323 645
323 653
323 696
323 717
323 791
324 351
324 352
324 379
324 379
324 363
324 364
324 458
324 478
324 479
324 489
324 492
324 496
324 571
324 598
324 687
324 701
324 766
324 768
324 787
325 328
325 332
325 380
325 650
325 741
325 744
326 343
326 351
326 352
326 436
326 475
326 476
326 581
326 584
326 585
326 635
326 665
326 666
326 668
326 679
326 735
326 741
327 338
327 654
327 656
327 657
327 659
327 680
327 726
328 356
328 353
328 420
328 380
328 370
328 385
328 393
328 457
328 573
328 584
328 659
328 695
328 732
329 377
329 387
329 354
329 441
329 462
329 474
329 583
329 584
329 620
329 655
329 658
329 659
329 662
329 732
330 428
330 385
330 432
330 437
330 444
330 453
330 462
330 581
330 605
330 665
330 672
330 720
330 772
331 394
331 435
331 444
331 453
331 459
331 460
331 461
331 476
331 531
331 532
331 579
331 673
332 357
332 380
332 423
332 436
332 476
332 580
332 655
332 663
332 684
332 700
332 735
333 351
333 362
333 482
333 484
333 568
333 590
333 595
333 630
333 654
333 709
333 760
334 437
334 444
334 447
334 580
334 587
334 590
334 618
334 651
334 655
334 721
334 727
334 801
335 346
335 405
335 365
336 349
336 346
336 387
336 441
336 444
336 484
336 578
336 668
336 679
336 684
336 696
336 719
336 726
336 735
336 774
337 339
337 352
337 340
337 376
337 555
337 602
337 611
337 614
337 619
337 638
337 641
337 648
337 672
337 707
337 720
337 772
338 348
338 648
338 692
339 493
339 497
339 524
339 529
339 547
339 761
339 780
340 528
340 529
340 530
340 532
340 729
340 761
341 347
341 348
341 353
341 388
341 454
341 611
341 678
341 683
341 712
342 350
342 468
342 474
342 480
342 499
342 523
342 526
342 603
342 611
342 667
342 740
342 746
343 358
343 469
343 478
343 492
343 494
343 507
343 525
343 542
343 614
343 756
343 766
343 781
343 783
343 787
344 353
344 348
344 360
344 513
344 638
344 690
344 697
344 703
344 769
344 784
344 788
345 360
345 356
345 473
345 490
345 503
345 541
345 615
345 745
346 361
346 358
346 395
346 412
346 450
346 472
346 477
346 526
347 376
347 377
347 399
347 422
347 480
347 558
347 576
347 594
347 615
347 641
348 404
348 364
348 383
348 554
348 555
348 572
348 573
348 599
348 622
348 641
349 376
349 498
349 523
349 528
349 539
349 542
349 546
349 625
349 647
349 648
349 672
349 737
349 745
349 761
350 367
350 474
350 480
350 676
350 680
351 384
351 455
351 502
351 539
351 567
351 804
351 805
352 366
352 401
352 440
352 543
352 547
352 634
352 664
352 706
352 716
352 750
352 758
352 771
352 780
352 786
353 366
353 384
353 400
353 392
353 455
353 485
353 558
353 622
353 624
353 718
354 376
354 382
354 382
354 412
354 413
354 414
354 442
354 524
354 593
354 749
355 370
355 410
355 391
355 656
356 372
356 376
356 404
356 412
356 640
356 702
357 373
357 388
357 411
357 430
357 439
357 454
358 423
358 438
358 530
358 587
358 715
358 730
358 738
359 400
359 401
359 405
359 446
359 469
359 473
359 493
359 494
359 496
359 511
359 546
359 596
359 603
359 628
359 629
359 675
359 755
360 414
360 416
360 381
360 392
360 427
360 576
360 577
360 588
360 590
360 598
360 607
360 616
360 701
360 716
361 437
361 473
361 501
361 515
361 549
361 623
361 703
361 704
361 717
361 755
361 771
361 788
361 811
362 421
362 702
362 747
362 798
362 809
363 375
363 431
363 481
363 621
363 774
364 403
364 503
364 504
364 510
364 558
364 770
365 400
365 517
365 557
366 641
366 643
366 646
366 650
366 676
366 693
366 698
366 709
366 773
366 778
366 802
367 645
367 775
367 802
368 616
368 724
368 799
369 371
369 593
369 636
369 724
370 423
370 372
370 404
370 407
370 408
370 409
370 532
370 589
370 708
370 723
370 732
372 436
372 453
372 457
372 474
372 475
372 668
372 669
372 684
372 726
373 374
373 483
373 571
373 694
373 697
373 705
373 793
374 382
374 508
374 641
374 667
374 671
374 694
374 696
374 697
374 727
374 794
375 390
375 384
375 388
375 514
375 516
375 598
375 688
375 697
375 710
375 722
375 768
375 791
376 379
376 381
376 394
376 505
376 506
376 511
376 551
376 587
376 671
376 792
377 383
377 744
377 748
377 812
378 399
378 384
378 541
378 572
378 575
378 803
379 393
379 445
379 480
379 523
379 527
379 541
379 568
379 612
379 620
379 625
379 634
379 668
379 674
379 713
379 761
380 403
380 382
380 423
380 475
380 605
380 635
380 652
380 653
380 654
380 663
380 666
380 676
380 677
380 679
380 700
380 742
380 802
381 404
381 405
381 406
381 518
381 601
381 643
381 663
381 685
381 686
381 688
381 691
381 698
381 700
381 728
381 808
382 457
382 573
382 653
382 657
382 669
382 678
382 679
382 684
382 685
382 696
382 704
382 720
382 773
383 595
383 646
383 674
383 683
383 688
383 690
383 804
384 389
384 385
384 448
384 462
384 466
384 488
384 544
384 785
385 405
385 406
385 388
385 410
385 395
385 457
385 665
385 677
385 728
385 812
386 481
386 484
386 515
386 626
386 665
386 677
386 726
386 739
386 794
387 390
387 427
387 480
387 482
387 568
387 578
387 617
387 618
387 654
387 657
387 658
387 681
387 763
388 396
388 434
388 443
388 471
388 584
388 597
388 600
388 603
388 679
388 681
388 720
388 736
389 596
389 606
389 608
389 672
389 673
389 675
389 709
389 710
389 717
389 718
389 720
389 721
389 729
389 752
389 754
390 391
391 511
391 512
391 513
391 598
391 601
391 688
391 703
391 725
391 767
392 405
392 518
392 669
392 678
392 694
392 717
392 791
392 795
393 412
393 737
393 740
393 745
393 750
393 754
394 404
394 414
394 733
394 741
394 742
394 773
394 774
394 775
394 776
394 778
394 812
395 462
395 470
395 471
395 473
395 484
395 501
395 527
395 671
395 727
395 752
395 754
396 410
396 454
396 680
396 728
397 445
397 446
397 447
397 462
397 468
397 471
397 475
397 490
397 584
397 595
397 670
397 672
397 737
398 619
398 629
398 651
398 660
398 671
398 703
398 704
398 705
398 711
398 720
398 782
398 783
400 460
400 806
401 412
401 417
401 724
401 749
402 425
402 565
402 577
402 598
402 699
402 701
402 797
403 427
403 432
403 453
403 580
403 587
403 604
403 657
403 671
403 717
403 790
404 429
404 432
404 436
404 459
404 483
404 508
404 518
404 580
404 597
404 605
404 672
404 679
405 462
405 588
405 589
405 594
405 599
405 610
406 429
406 431
406 460
406 462
406 578
406 579
406 580
406 582
406 588
406 589
406 606
407 667
407 678
408 428
408 441
408 635
408 676
408 678
408 680
408 683
408 728
409 430
409 431
409 441
409 442
409 447
409 461
410 427
410 462
410 581
410 590
410 604
410 618
410 651
410 652
410 659
410 682
410 765
411 429
411 430
411 434
411 446
411 502
411 518
411 582
411 595
411 601
411 609
411 681
412 427
412 431
412 460
412 551
412 583
412 590
412 647
412 714
412 716
412 799
413 435
413 437
413 441
413 475
413 483
413 508
413 531
413 578
413 580
413 582
413 588
413 601
413 605
413 670
413 720
413 735
414 435
414 438
414 442
414 468
414 472
414 524
414 579
414 603
414 609
415 441
415 447
415 667
415 683
416 443
416 445
416 459
416 460
416 461
416 472
416 524
416 531
416 609
416 621
417 453
417 470
417 473
417 481
417 528
417 590
417 619
417 625
417 629
417 672
417 674
417 695
417 752
417 757
417 786
418 440
418 471
418 482
418 500
418 566
418 587
418 589
418 708
418 729
418 753
419 539
419 547
419 549
419 559
419 619
419 621
419 625
419 706
419 707
419 713
419 714
419 718
419 751
419 757
419 780
420 428
420 447
420 585
420 667
420 676
420 680
420 743
421 547
421 706
421 715
421 766
422 591
422 748
423 585
423 652
423 654
423 655
423 656
423 665
423 668
423 676
423 802
424 605
424 667
424 668
424 671
424 672
424 682
424 717
424 720
424 721
424 726
424 727
425 670
425 671
425 675
425 681
425 710
425 725
425 788
425 791
426 585
426 635
426 676
426 744
426 748
427 722
427 725
428 442
428 461
428 724
429 731
429 732
429 733
429 734
429 776
429 792
429 799
430 736
430 737
430 739
430 742
430 743
430 765
430 790
430 801
431 736
431 737
431 739
431 741
431 743
431 772
432 732
432 738
432 740
432 745
432 746
432 747
432 751
432 753
432 757
432 760
432 761
432 763
433 739
433 740
433 746
433 812
434 741
434 742
434 744
434 802
435 743
435 744
436 736
436 745
436 746
436 752
436 758
436 774
437 733
437 746
437 750
437 751
437 755
437 760
437 761
437 762
437 764
437 772
437 787
438 737
438 740
438 750
438 752
438 753
438 756
438 763
438 764
438 768
438 773
438 783
438 801
439 739
439 751
439 752
439 754
439 755
439 757
439 759
439 765
439 769
439 775
439 783
440 736
440 746
440 753
440 754
440 756
440 758
440 760
440 764
440 769
440 778
440 787
440 790
441 738
441 755
441 756
441 759
441 762
441 777
441 779
441 784
442 740
442 757
442 758
442 759
442 761
442 762
442 763
442 764
442 768
442 772
442 776
443 764
443 765
443 767
443 808
444 763
444 767
444 783
444 784
444 787
444 790
444 805
445 760
445 767
445 768
445 769
445 784
445 801
445 804
446 733
446 742
446 773
446 775
446 776
446 778
446 802
446 804
446 805
446 808
447 747
447 756
447 779
447 781
447 784
447 809
448 731
448 738
448 755
448 759
448 780
448 781
448 807
449 761
449 780
449 799
450 736
450 751
450 752
450 755
450 769
450 781
450 782
450 789
450 790
450 796
451 745
451 750
451 753
451 758
451 761
451 762
451 768
451 781
451 787
451 792
452 752
452 754
452 772
452 788
452 789
452 794
453 745
453 756
453 768
453 782
453 787
453 788
453 789
453 793
454 750
454 758
454 788
454 789
454 795
455 733
455 774
455 778
455 792
455 793
455 794
455 795
455 796
456 743
456 765
456 772
456 790
456 801
456 802
457 731
457 734
457 777
457 809
457 813
458 779
458 807
458 813
459 734
459 747
459 762
459 780
459 807
