0 1
0 1
0 2
0 2
0 3
0 3
0 4
0 4
0 5
0 5
2 6
2 6
2 7
2 7
3 8
3 8
4 9
4 9
4 9
4 9
4 6
4 6
4 10
4 10
4 5
4 5
5 6
5 6
5 11
5 11
5 10
5 10
5 12
5 12
5 13
5 13
5 14
5 14
6 18
6 18
6 102
6 102
6 42
6 42
6 105
6 105
6 117
6 117
6 118
6 118
6 119
6 119
6 128
6 128
6 129
6 129
6 130
6 130
6 96
6 96
6 142
6 142
6 72
6 72
6 146
6 146
6 78
6 78
6 147
6 147
6 131
6 131
6 137
6 137
6 148
6 148
6 149
6 149
6 164
6 164
6 160
6 160
6 80
6 80
6 186
6 186
6 189
6 189
6 77
6 77
6 176
6 176
6 204
6 204
6 184
6 184
6 205
6 205
6 206
6 206
6 203
6 203
6 34
6 34
6 34
6 34
6 41
6 41
6 43
6 43
6 44
6 44
6 60
6 60
6 66
6 66
6 67
6 67
6 68
6 68
6 69
6 69
6 70
6 70
6 71
6 71
6 73
6 73
6 73
6 73
6 74
6 74
6 75
6 75
6 76
6 76
6 79
6 79
6 81
6 81
6 82
6 82
6 83
6 83
6 84
6 84
6 85
6 85
6 86
6 86
6 86
6 86
6 87
6 87
6 88
6 88
6 88
6 88
6 89
6 89
6 90
6 90
6 95
6 95
6 97
6 97
6 271
6 271
6 272
6 272
6 273
6 273
6 120
6 120
6 174
6 174
6 261
6 261
6 274
6 274
6 275
6 275
6 276
6 276
6 277
6 277
6 278
6 278
6 192
6 192
6 279
6 279
6 280
6 280
6 281
6 281
6 282
6 282
6 283
6 283
6 284
6 284
6 285
6 285
6 286
6 286
6 223
6 223
6 136
6 136
6 287
6 287
6 288
6 288
6 289
6 289
6 290
6 290
6 291
6 291
6 292
6 292
6 293
6 293
6 294
6 294
6 295
6 295
6 296
6 296
6 297
6 297
6 298
6 298
6 126
6 126
6 299
6 299
6 300
6 300
6 301
6 301
6 302
6 302
6 303
6 303
6 304
6 304
6 305
6 305
6 241
6 241
6 306
6 306
6 307
6 307
6 193
6 193
6 308
6 308
6 172
6 172
6 242
6 242
6 309
6 309
6 263
6 263
6 310
6 310
6 311
6 311
6 311
6 311
6 311
6 311
6 141
6 141
6 312
6 312
6 313
6 313
6 314
6 314
6 315
6 315
6 316
6 316
6 317
6 317
6 318
6 318
6 319
6 319
6 320
6 320
6 321
6 321
6 322
6 322
6 323
6 323
7 95
7 95
7 134
7 134
7 134
7 134
7 134
7 134
7 240
7 240
7 240
7 240
8 9
8 9
8 127
8 127
8 145
8 145
8 217
8 217
8 34
8 34
8 45
8 45
8 46
8 46
8 47
8 47
8 63
8 63
8 64
8 64
8 65
8 65
8 91
8 91
8 264
8 264
8 265
8 265
8 266
8 266
8 267
8 267
8 214
8 214
8 215
8 215
8 268
8 268
8 269
8 269
8 114
8 114
9 15
9 15
9 26
9 26
9 27
9 27
9 25
9 25
9 28
9 28
9 29
9 29
9 30
9 30
9 31
9 31
9 31
9 31
9 31
9 31
9 31
9 31
9 32
9 32
9 33
9 33
9 34
9 34
9 34
9 34
9 35
9 35
9 35
9 35
9 35
9 35
9 36
9 36
9 36
9 36
9 37
9 37
9 38
9 38
9 38
9 38
9 38
9 38
9 38
9 38
9 39
9 39
9 40
9 40
9 40
9 40
9 40
9 40
9 41
9 41
9 42
9 42
9 43
9 43
9 44
9 44
9 45
9 45
9 46
9 46
9 47
9 47
9 48
9 48
9 49
9 49
9 50
9 50
9 12
9 12
9 51
9 51
9 52
9 52
9 53
9 53
9 54
9 54
9 55
9 55
9 56
9 56
9 57
9 57
9 57
9 57
9 57
9 57
9 57
9 57
9 58
9 58
9 59
9 59
9 60
9 60
9 61
9 61
9 62
9 62
9 14
9 14
9 14
9 14
9 63
9 63
9 64
9 64
9 65
9 65
9 66
9 66
9 67
9 67
9 68
9 68
9 68
9 68
9 69
9 69
9 70
9 70
9 71
9 71
9 72
9 72
9 73
9 73
9 74
9 74
9 75
9 75
9 76
9 76
9 77
9 77
9 78
9 78
9 79
9 79
9 80
9 80
9 81
9 81
9 82
9 82
9 83
9 83
9 84
9 84
9 85
9 85
9 86
9 86
9 86
9 86
9 87
9 87
9 88
9 88
9 88
9 88
9 89
9 89
9 90
9 90
9 91
9 91
9 92
9 92
9 93
9 93
9 93
9 93
9 93
9 93
9 94
9 94
9 94
9 94
9 95
9 95
9 96
9 96
9 97
9 97
11 12
11 12
11 41
11 41
11 91
11 91
11 237
11 237
12 111
12 111
12 104
12 104
12 57
12 57
12 176
12 176
12 177
12 177
13 110
13 110
13 110
13 110
13 175
13 175
13 57
13 57
13 176
13 176
14 217
14 217
14 36
14 36
14 38
14 38
14 39
14 39
14 40
14 40
14 59
14 59
14 248
14 248
14 250
14 250
14 218
14 218
14 171
14 171
14 256
14 256
14 256
14 256
14 214
14 214
14 241
14 241
14 215
14 215
15 16
15 16
15 16
15 16
15 17
15 17
15 18
15 18
16 19
16 19
16 20
16 20
16 21
16 21
16 22
16 22
16 23
16 23
16 24
16 24
17 25
17 25
18 98
18 98
18 99
18 99
18 100
18 100
19 166
19 166
19 166
19 166
20 117
20 117
20 118
20 118
20 119
20 119
20 128
20 128
20 142
20 142
20 72
20 72
20 149
20 149
20 164
20 164
20 164
20 164
20 160
20 160
21 144
21 144
21 145
21 145
21 181
21 181
22 96
22 96
23 26
23 26
23 106
23 106
23 107
23 107
23 108
23 108
23 109
23 109
23 98
23 98
23 110
23 110
23 111
23 111
23 27
23 27
23 27
23 27
23 112
23 112
23 113
23 113
23 103
23 103
23 24
23 24
24 197
24 197
24 28
24 28
24 198
24 198
24 183
24 183
25 199
25 199
25 199
25 199
25 77
25 77
26 102
26 102
26 29
26 29
26 42
26 42
26 105
26 105
26 105
26 105
27 178
27 178
27 178
27 178
27 179
27 179
28 115
28 115
30 36
30 36
30 229
30 229
30 230
30 230
30 231
30 231
31 34
31 34
31 40
31 40
31 57
31 57
32 34
32 34
32 38
32 38
35 36
35 36
36 157
36 157
36 232
36 232
36 233
36 233
36 234
36 234
36 235
36 235
36 236
36 236
36 237
36 237
36 238
36 238
36 95
36 95
37 38
37 38
37 56
37 56
38 56
38 56
39 129
39 129
39 48
39 48
39 63
39 63
39 64
39 64
40 57
40 57
42 48
42 48
43 189
43 189
43 192
43 192
44 239
44 239
44 239
44 239
45 127
45 127
45 60
45 60
45 134
45 134
45 240
45 240
45 136
45 136
45 241
45 241
45 242
45 242
45 88
45 88
45 243
45 243
45 244
45 244
45 244
45 244
46 245
46 245
46 246
46 246
47 134
47 134
49 57
49 57
50 57
50 57
51 57
51 57
52 229
52 229
52 229
52 229
52 229
52 229
52 247
52 247
52 247
52 247
52 57
52 57
52 246
52 246
53 57
53 57
54 57
54 57
55 57
55 57
57 164
57 164
57 166
57 166
57 169
57 169
57 170
57 170
57 133
57 133
57 179
57 179
57 208
57 208
57 227
57 227
57 220
57 220
57 248
57 248
57 249
57 249
57 230
57 230
57 250
57 250
57 251
57 251
57 58
57 58
57 252
57 252
57 59
57 59
57 253
57 253
57 61
57 61
57 62
57 62
57 254
57 254
57 92
57 92
59 233
59 233
59 235
59 235
59 214
59 214
60 95
60 95
60 95
60 95
60 95
60 95
60 255
60 255
60 255
60 255
61 189
61 189
65 257
65 257
65 257
65 257
65 257
65 257
65 257
65 257
66 121
66 121
66 258
66 258
66 259
66 259
70 169
70 169
70 169
70 169
70 222
70 222
70 237
70 237
70 238
70 238
71 104
71 104
71 260
71 260
71 238
71 238
72 103
72 103
72 108
72 108
72 113
72 113
72 144
72 144
72 157
72 157
72 152
72 152
74 169
74 169
74 169
74 169
74 171
74 171
74 171
74 171
74 171
74 171
75 75
75 75
77 100
77 100
77 161
77 161
78 108
78 108
78 104
78 104
80 182
80 182
80 183
80 183
80 161
80 161
80 184
80 184
80 165
80 165
81 144
81 144
82 230
82 230
82 230
82 230
83 124
83 124
84 96
84 96
84 96
84 96
84 133
84 133
84 124
84 124
84 162
84 162
87 259
87 259
88 127
88 127
88 134
88 134
89 116
89 116
89 116
89 116
89 132
89 132
89 121
89 121
89 121
89 121
89 258
89 258
89 135
89 135
90 208
90 208
91 104
91 104
92 261
92 261
92 262
92 262
92 263
92 263
95 255
95 255
96 139
96 139
96 132
96 132
96 135
96 135
96 140
96 140
96 141
96 141
98 117
98 117
98 148
98 148
98 169
98 169
98 169
98 169
98 170
98 170
99 204
99 204
100 184
100 184
100 205
100 205
100 206
100 206
101 102
101 102
102 103
102 103
102 104
102 104
103 105
103 105
103 118
103 118
103 119
103 119
103 107
103 107
103 107
103 107
103 127
103 127
103 131
103 131
104 105
104 105
104 146
104 146
104 131
104 131
104 244
104 244
105 107
105 107
105 114
105 114
106 115
106 115
106 116
106 116
106 117
106 117
106 118
106 118
106 119
106 119
107 118
107 118
107 119
107 119
107 127
107 127
107 128
107 128
107 129
107 129
107 130
107 130
108 113
108 113
108 113
108 113
108 142
108 142
108 143
108 143
108 144
108 144
108 144
108 144
108 145
108 145
108 145
108 145
108 145
108 145
108 146
108 146
108 147
108 147
108 131
108 131
108 137
108 137
108 137
108 137
108 148
108 148
108 149
108 149
109 163
109 163
109 164
109 164
112 180
112 180
113 142
113 142
113 144
113 144
113 144
113 144
113 150
113 150
113 145
113 145
113 145
113 145
113 146
113 146
113 131
113 131
113 137
113 137
113 148
113 148
115 120
115 120
116 121
116 121
116 122
116 122
117 123
117 123
117 124
117 124
118 123
118 123
118 124
118 124
118 125
118 125
119 123
119 123
119 124
119 124
119 126
119 126
120 137
120 137
120 184
120 184
121 132
121 132
121 132
121 132
121 132
121 132
122 144
122 144
123 142
123 142
124 133
124 133
124 304
124 304
124 278
124 278
124 315
124 315
124 162
124 162
124 162
124 162
127 132
127 132
127 133
127 133
127 134
127 134
127 135
127 135
127 136
127 136
128 137
128 137
130 138
130 138
131 158
131 158
132 258
132 258
132 258
132 258
132 343
132 343
132 135
132 135
133 149
133 149
133 173
133 173
133 174
133 174
133 162
133 162
133 141
133 141
134 242
134 242
134 267
134 267
134 267
134 267
134 267
134 267
134 267
134 267
134 267
134 267
135 136
135 136
135 310
135 310
135 310
135 310
135 258
135 258
135 258
135 258
135 342
135 342
135 171
135 171
135 171
135 171
135 259
135 259
136 325
136 325
137 159
137 159
137 160
137 160
138 320
138 320
142 151
142 151
144 152
144 152
144 153
144 153
144 154
144 154
144 154
144 154
144 145
144 145
145 155
145 155
145 153
145 153
145 153
145 153
145 153
145 153
145 150
145 150
145 156
145 156
145 154
145 154
146 158
146 158
148 161
148 161
149 162
149 162
150 155
150 155
150 153
150 153
153 154
153 154
157 234
157 234
157 234
157 234
157 284
157 284
161 201
161 201
161 201
161 201
161 184
161 184
161 205
161 205
161 206
161 206
161 220
161 220
161 220
161 220
162 174
162 174
162 278
162 278
164 165
164 165
165 205
165 205
165 206
165 206
166 167
166 167
166 168
166 168
169 171
169 171
169 172
169 172
170 171
170 171
171 289
171 289
171 311
171 311
171 250
171 250
171 250
171 250
171 250
171 250
171 250
171 250
171 250
171 250
171 344
171 344
174 184
174 184
175 201
175 201
175 176
175 176
176 202
176 202
177 217
177 217
177 217
177 217
177 250
177 250
183 221
183 221
183 222
183 222
184 202
184 202
184 205
184 205
184 206
184 206
185 186
185 186
185 186
185 186
187 188
187 188
187 188
187 188
187 189
187 189
189 190
189 190
189 191
189 191
189 192
189 192
189 192
189 192
189 193
189 193
189 194
189 194
190 333
190 333
190 265
190 265
190 265
190 265
190 266
190 266
190 251
190 251
190 335
190 335
191 335
191 335
195 196
195 196
200 201
200 201
201 202
201 202
201 203
201 203
202 204
202 204
202 205
202 205
202 206
202 206
207 208
207 208
209 210
209 210
209 210
209 210
209 211
209 211
209 211
209 211
209 212
209 212
209 212
209 212
209 212
209 212
210 213
210 213
210 213
210 213
210 211
210 211
210 214
210 214
211 212
211 212
212 213
212 213
212 213
212 213
212 215
212 215
213 217
213 217
214 217
214 217
214 218
214 218
216 217
216 217
217 218
217 218
217 219
217 219
218 273
218 273
220 228
220 228
221 223
221 223
221 223
221 223
224 225
224 225
226 227
226 227
229 230
229 230
230 270
230 270
230 270
230 270
230 231
230 231
230 231
230 231
230 231
230 231
232 304
232 304
233 234
233 234
234 324
234 324
234 320
234 320
236 311
236 311
237 238
237 238
240 342
240 342
245 339
245 339
245 340
245 340
245 340
245 340
245 340
245 340
245 341
245 341
245 341
245 341
246 266
246 266
246 266
246 266
246 266
246 266
246 247
246 247
247 337
247 337
248 324
248 324
249 324
249 324
250 311
250 311
250 311
250 311
250 311
250 311
250 311
250 311
251 333
251 333
251 333
251 333
251 265
251 265
259 310
259 310
261 263
261 263
261 263
261 263
265 333
265 333
265 333
265 333
265 333
265 333
265 334
265 334
265 336
265 336
266 335
266 335
266 335
266 335
266 335
266 335
266 337
266 337
266 338
266 338
269 348
269 348
270 345
270 345
293 326
293 326
293 327
293 327
293 327
293 327
298 328
298 328
311 329
311 329
311 330
311 330
311 330
311 330
312 331
312 331
320 332
320 332
324 333
324 333
333 334
333 334
346 347
346 347
