0 1
0 1
0 2
0 2
1 3
1 3
1 4
1 4
2 5
2 5
2 6
2 6
2 7
2 7
2 8
2 8
2 9
2 9
2 10
2 10
2 10
2 10
2 11
2 11
2 12
2 12
2 3
2 3
2 13
2 13
2 14
2 14
2 15
2 15
3 9
3 9
3 152
3 152
3 161
3 161
3 34
3 34
3 141
3 141
3 169
3 169
3 149
3 149
3 176
3 176
3 187
3 187
3 156
3 156
3 228
3 228
3 235
3 235
3 246
3 246
3 33
3 33
3 284
3 284
3 285
3 285
3 286
3 286
3 35
3 35
3 287
3 287
3 288
3 288
3 22
3 22
3 289
3 289
3 290
3 290
3 291
3 291
3 19
3 19
3 292
3 292
3 5
3 5
3 6
3 6
3 293
3 293
3 294
3 294
3 23
3 23
3 295
3 295
3 7
3 7
3 296
3 296
3 297
3 297
3 298
3 298
3 299
3 299
3 194
3 194
3 24
3 24
3 300
3 300
3 8
3 8
3 227
3 227
3 301
3 301
3 36
3 36
3 185
3 185
3 302
3 302
3 303
3 303
3 242
3 242
3 304
3 304
3 305
3 305
3 306
3 306
3 20
3 20
3 307
3 307
3 40
3 40
3 116
3 116
4 9
4 9
4 11
4 11
4 11
4 11
4 83
4 83
4 10
4 10
4 319
4 319
4 339
4 339
4 339
4 339
5 17
5 17
6 6
6 6
6 88
6 88
7 29
7 29
7 250
7 250
7 129
7 129
7 41
7 41
8 8
8 8
9 18
9 18
9 18
9 18
9 25
9 25
9 31
9 31
9 32
9 32
9 33
9 33
9 34
9 34
9 35
9 35
9 24
9 24
9 36
9 36
9 37
9 37
9 37
9 37
9 38
9 38
9 39
9 39
9 39
9 39
9 11
9 11
9 40
9 40
9 41
9 41
9 42
9 42
9 43
9 43
9 44
9 44
9 45
9 45
9 46
9 46
9 47
9 47
9 47
9 47
9 48
9 48
9 48
9 48
9 49
9 49
9 49
9 49
9 50
9 50
9 51
9 51
9 51
9 51
9 52
9 52
9 53
9 53
9 54
9 54
9 55
9 55
9 56
9 56
9 57
9 57
9 58
9 58
9 59
9 59
9 60
9 60
9 61
9 61
9 62
9 62
9 63
9 63
9 64
9 64
9 65
9 65
9 66
9 66
9 28
9 28
9 67
9 67
9 68
9 68
9 69
9 69
9 70
9 70
9 71
9 71
9 72
9 72
9 73
9 73
9 74
9 74
9 75
9 75
9 76
9 76
9 77
9 77
9 78
9 78
9 78
9 78
9 79
9 79
9 80
9 80
9 81
9 81
9 82
9 82
9 83
9 83
9 83
9 83
9 84
9 84
9 85
9 85
9 86
9 86
9 87
9 87
9 88
9 88
9 89
9 89
9 90
9 90
9 91
9 91
9 92
9 92
9 93
9 93
9 93
9 93
9 94
9 94
9 95
9 95
9 96
9 96
9 97
9 97
9 98
9 98
9 99
9 99
9 100
9 100
9 101
9 101
9 102
9 102
9 103
9 103
9 104
9 104
9 105
9 105
9 106
9 106
9 107
9 107
9 108
9 108
9 109
9 109
9 110
9 110
9 110
9 110
9 111
9 111
9 112
9 112
9 113
9 113
9 114
9 114
9 115
9 115
9 116
9 116
9 117
9 117
9 118
9 118
9 119
9 119
9 120
9 120
9 120
9 120
9 121
9 121
9 122
9 122
9 123
9 123
9 124
9 124
9 125
9 125
9 126
9 126
9 127
9 127
9 128
9 128
9 129
9 129
9 130
9 130
9 131
9 131
9 132
9 132
9 133
9 133
9 134
9 134
9 135
9 135
9 136
9 136
9 137
9 137
9 138
9 138
9 139
9 139
9 140
9 140
10 18
10 18
10 28
10 28
10 29
10 29
10 30
10 30
10 177
10 177
10 124
10 124
10 223
10 223
10 174
10 174
10 129
10 129
10 275
10 275
10 163
10 163
10 125
10 125
10 133
10 133
10 67
10 67
10 92
10 92
10 137
10 137
10 114
10 114
10 110
10 110
10 83
10 83
10 138
10 138
10 324
10 324
10 325
10 325
10 88
10 88
10 134
10 134
10 132
10 132
10 241
10 241
10 337
10 337
10 78
10 78
10 139
10 139
10 47
10 47
10 68
10 68
10 69
10 69
10 70
10 70
10 71
10 71
10 72
10 72
10 73
10 73
10 75
10 75
10 76
10 76
10 77
10 77
10 79
10 79
10 80
10 80
10 81
10 81
10 82
10 82
10 84
10 84
10 85
10 85
10 87
10 87
10 89
10 89
10 90
10 90
10 91
10 91
10 93
10 93
10 94
10 94
10 95
10 95
10 96
10 96
10 97
10 97
10 98
10 98
10 99
10 99
10 100
10 100
10 101
10 101
10 102
10 102
10 103
10 103
10 104
10 104
10 105
10 105
10 106
10 106
10 108
10 108
10 109
10 109
10 111
10 111
10 112
10 112
10 113
10 113
10 115
10 115
10 116
10 116
10 117
10 117
10 118
10 118
10 119
10 119
10 120
10 120
10 121
10 121
10 122
10 122
10 123
10 123
10 126
10 126
10 127
10 127
10 128
10 128
10 130
10 130
10 135
10 135
10 400
10 400
10 401
10 401
10 402
10 402
10 403
10 403
10 404
10 404
10 405
10 405
10 406
10 406
10 407
10 407
10 394
10 394
10 338
10 338
10 408
10 408
10 409
10 409
10 379
10 379
10 389
10 389
10 281
10 281
10 282
10 282
10 410
10 410
10 146
10 146
10 411
10 411
10 277
10 277
10 277
10 277
10 412
10 412
10 413
10 413
10 414
10 414
10 283
10 283
10 415
10 415
10 244
10 244
10 382
10 382
11 124
11 124
11 43
11 43
11 129
11 129
11 33
11 33
11 150
11 150
11 37
11 37
11 41
11 41
11 142
11 142
11 279
11 279
11 44
11 44
11 45
11 45
11 46
11 46
11 48
11 48
11 48
11 48
11 49
11 49
11 53
11 53
11 56
11 56
11 58
11 58
11 280
11 280
11 64
11 64
11 66
11 66
11 67
11 67
11 68
11 68
11 70
11 70
11 71
11 71
11 72
11 72
11 73
11 73
11 75
11 75
11 77
11 77
11 78
11 78
11 82
11 82
11 82
11 82
11 83
11 83
11 84
11 84
11 87
11 87
11 89
11 89
11 90
11 90
11 91
11 91
11 92
11 92
11 93
11 93
11 94
11 94
11 95
11 95
11 96
11 96
11 97
11 97
11 97
11 97
11 98
11 98
11 99
11 99
11 100
11 100
11 101
11 101
11 102
11 102
11 106
11 106
11 281
11 281
11 282
11 282
11 109
11 109
11 110
11 110
11 111
11 111
11 113
11 113
11 115
11 115
11 116
11 116
11 117
11 117
11 118
11 118
11 120
11 120
11 122
11 122
11 123
11 123
11 283
11 283
11 130
11 130
11 131
11 131
11 134
11 134
11 135
11 135
11 139
11 139
11 139
11 139
11 159
11 159
13 250
13 250
13 138
13 138
13 113
13 113
13 414
13 414
13 14
13 14
13 14
13 14
14 250
14 250
14 41
14 41
14 45
14 45
14 87
14 87
14 97
14 97
14 105
14 105
14 115
14 115
14 128
14 128
14 128
14 128
14 427
14 427
14 15
14 15
14 390
14 390
14 428
14 428
14 429
14 429
15 250
15 250
15 250
15 250
15 250
15 250
15 250
15 250
15 41
15 41
15 41
15 41
15 41
15 41
15 41
15 41
15 41
15 41
15 41
15 41
15 138
15 138
15 138
15 138
15 45
15 45
15 45
15 45
15 45
15 45
15 45
15 45
15 45
15 45
15 45
15 45
15 45
15 45
15 45
15 45
15 45
15 45
15 45
15 45
15 45
15 45
15 45
15 45
15 60
15 60
15 97
15 97
15 97
15 97
15 97
15 97
15 97
15 97
15 97
15 97
15 97
15 97
15 97
15 97
15 105
15 105
15 105
15 105
15 105
15 105
15 105
15 105
15 105
15 105
15 113
15 113
15 113
15 113
15 115
15 115
15 115
15 115
15 115
15 115
15 115
15 115
15 115
15 115
15 115
15 115
15 115
15 115
15 115
15 115
15 122
15 122
15 122
15 122
15 128
15 128
15 255
15 255
15 428
15 428
15 428
15 428
15 428
15 428
16 17
16 17
16 18
16 18
17 19
17 19
17 20
17 20
18 21
18 21
18 22
18 22
18 23
18 23
18 24
18 24
19 312
19 312
19 320
19 320
19 321
19 321
19 83
19 83
19 138
19 138
19 322
19 322
20 20
20 20
20 364
20 364
20 365
20 365
20 366
20 366
20 367
20 367
21 172
21 172
21 149
21 149
21 173
21 173
21 174
21 174
22 29
22 29
22 55
22 55
22 142
22 142
22 114
22 114
24 26
24 26
24 27
24 27
24 30
24 30
24 174
24 174
24 324
24 324
24 325
24 325
25 26
25 26
25 27
25 27
25 28
25 28
25 29
25 29
25 30
25 30
26 141
26 141
26 142
26 142
26 143
26 143
26 143
26 143
26 48
26 48
26 144
26 144
26 49
26 49
26 145
26 145
26 72
26 72
26 77
26 77
26 146
26 146
27 144
27 144
27 147
27 147
27 27
27 27
28 148
28 148
29 149
29 149
30 150
30 150
31 141
31 141
31 166
31 166
31 167
31 167
32 260
32 260
32 261
32 261
32 262
32 262
32 263
32 263
32 264
32 264
32 265
32 265
32 266
32 266
32 267
32 267
32 268
32 268
32 269
32 269
32 270
32 270
32 271
32 271
32 272
32 272
32 273
32 273
33 278
33 278
34 164
34 164
34 133
34 133
35 260
35 260
35 261
35 261
35 262
35 262
35 263
35 263
35 264
35 264
35 265
35 265
35 266
35 266
35 267
35 267
35 268
35 268
35 269
35 269
35 270
35 270
35 271
35 271
35 272
35 272
35 273
35 273
35 312
35 312
35 92
35 92
36 140
36 140
36 347
36 347
36 348
36 348
37 314
37 314
37 282
37 282
38 282
38 282
39 344
39 344
40 155
40 155
40 344
40 344
40 314
40 314
40 112
40 112
40 146
40 146
41 291
41 291
41 143
41 143
41 319
41 319
41 319
41 319
41 319
41 319
41 319
41 319
41 319
41 319
41 84
41 84
41 84
41 84
41 84
41 84
41 84
41 84
41 93
41 93
41 113
41 113
42 143
42 143
43 152
43 152
43 152
43 152
43 219
43 219
43 219
43 219
43 224
43 224
43 225
43 225
43 226
43 226
43 143
43 143
44 260
44 260
44 143
44 143
44 56
44 56
44 63
44 63
44 95
44 95
44 116
44 116
44 139
44 139
45 303
45 303
45 143
45 143
45 346
45 346
45 346
45 346
45 56
45 56
45 82
45 82
45 95
45 95
45 97
45 97
45 105
45 105
45 115
45 115
45 116
45 116
45 128
45 128
46 289
46 289
46 227
46 227
46 143
46 143
46 139
46 139
47 158
47 158
47 344
47 344
47 71
47 71
48 144
48 144
48 144
48 144
48 49
48 49
48 49
48 49
48 147
48 147
48 147
48 147
48 145
48 145
48 145
48 145
48 371
48 371
48 371
48 371
49 132
49 132
49 64
49 64
49 75
49 75
49 77
49 77
49 146
49 146
50 213
50 213
50 213
50 213
50 65
50 65
50 118
50 118
51 295
51 295
51 299
51 299
51 51
51 51
51 337
51 337
51 98
51 98
51 338
51 338
51 108
51 108
51 119
51 119
51 126
51 126
51 132
51 132
51 132
51 132
52 313
52 313
53 134
53 134
53 330
53 330
53 330
53 330
53 372
53 372
54 114
54 114
54 363
54 363
54 363
54 363
54 57
54 57
54 62
54 62
54 94
54 94
54 108
54 108
55 124
55 124
55 215
55 215
55 196
55 196
55 250
55 250
55 255
55 255
55 119
55 119
55 129
55 129
56 95
56 95
56 95
56 95
56 116
56 116
56 116
56 116
57 142
57 142
57 142
57 142
57 373
57 373
58 122
58 122
59 192
59 192
59 374
59 374
59 375
59 375
59 195
59 195
59 339
59 339
59 376
59 376
59 377
59 377
62 378
62 378
63 342
63 342
63 379
63 379
63 127
63 127
66 147
66 147
66 147
66 147
66 145
66 145
67 284
67 284
67 197
67 197
68 134
68 134
68 330
68 330
70 312
70 312
70 380
70 380
70 381
70 381
71 223
71 223
71 92
71 92
71 195
71 195
71 72
71 72
71 73
71 73
71 74
71 74
71 382
71 382
72 144
72 144
74 357
74 357
74 198
74 198
75 318
75 318
76 275
76 275
76 275
76 275
76 276
76 276
76 134
76 134
76 374
76 374
76 374
76 374
76 339
76 339
76 81
76 81
76 89
76 89
76 281
76 281
78 364
78 364
78 257
78 257
78 370
78 370
81 81
81 81
81 86
81 86
82 333
82 333
82 333
82 333
82 95
82 95
82 95
82 95
82 102
82 102
83 133
83 133
83 323
83 323
84 342
84 342
84 342
84 342
84 342
84 342
84 319
84 319
84 319
84 319
84 319
84 319
84 319
84 319
84 319
84 319
84 84
84 84
84 84
84 84
84 383
84 383
84 383
84 383
84 383
84 383
85 147
85 147
85 147
85 147
87 345
87 345
88 328
88 328
88 329
88 329
90 317
90 317
91 147
91 147
91 147
91 147
91 147
91 147
92 260
92 260
92 300
92 300
93 330
93 330
93 384
93 384
93 385
93 385
93 386
93 386
93 387
93 387
95 197
95 197
95 197
95 197
95 334
95 334
95 102
95 102
95 102
95 102
95 198
95 198
95 198
95 198
96 388
96 388
96 198
96 198
96 198
96 198
100 342
100 342
100 345
100 345
100 345
100 345
100 345
100 345
102 333
102 333
102 197
102 197
102 104
102 104
102 379
102 379
103 374
103 374
103 389
103 389
104 368
104 368
104 368
104 368
104 334
104 334
105 390
105 390
105 391
105 391
106 392
106 392
108 393
108 393
108 328
108 328
108 112
108 112
108 198
108 198
110 291
110 291
110 304
110 304
111 333
111 333
112 394
112 394
112 395
112 395
113 250
113 250
116 198
116 198
119 119
119 119
120 317
120 317
120 120
120 120
121 121
121 121
122 332
122 332
122 332
122 332
122 396
122 396
122 397
122 397
122 397
122 397
124 186
124 186
124 196
124 196
124 197
124 197
124 198
124 198
124 198
124 198
124 198
124 198
125 308
125 308
125 307
125 307
125 307
125 307
125 125
125 125
126 346
126 346
126 346
126 346
126 126
126 126
127 398
127 398
127 345
127 345
127 345
127 345
127 127
127 127
128 159
128 159
129 196
129 196
129 197
129 197
129 198
129 198
129 198
129 198
131 142
131 142
131 399
131 399
132 303
132 303
132 303
132 303
132 303
132 303
132 354
132 354
132 356
132 356
132 357
132 357
134 169
134 169
134 296
134 296
134 217
134 217
134 330
134 330
134 331
134 331
134 332
134 332
137 287
137 287
137 314
137 314
139 154
139 154
139 364
139 364
140 235
140 235
140 293
140 293
140 314
140 314
142 312
142 312
142 317
142 317
142 318
142 318
142 143
142 143
143 192
143 192
143 192
143 192
143 213
143 213
143 250
143 250
143 256
143 256
143 184
143 184
143 278
143 278
143 158
143 158
143 312
143 312
143 342
143 342
143 358
143 358
143 363
143 363
143 344
143 344
143 279
143 279
143 374
143 374
143 373
143 373
143 424
143 424
143 425
143 425
143 317
143 317
143 426
143 426
143 318
143 318
146 318
146 318
146 332
146 332
146 332
146 332
147 184
147 184
147 184
147 184
147 401
147 401
147 401
147 401
148 258
148 258
148 184
148 184
149 172
149 172
149 149
149 149
151 151
151 151
151 151
151 151
151 152
151 152
151 153
151 153
151 154
151 154
151 155
151 155
152 156
152 156
152 153
152 153
152 157
152 157
152 158
152 158
154 156
154 156
155 159
155 159
156 199
156 199
156 199
156 199
156 201
156 201
156 202
156 202
156 203
156 203
156 204
156 204
156 205
156 205
156 206
156 206
156 158
156 158
160 161
160 161
161 162
161 162
161 163
161 163
162 256
162 256
164 165
164 165
168 169
168 169
169 170
169 170
170 171
170 171
173 242
173 242
173 173
173 173
174 243
174 243
174 244
174 244
174 245
174 245
175 176
175 176
175 176
175 176
175 177
175 177
176 178
176 178
176 179
176 179
176 180
176 180
176 181
176 181
176 182
176 182
176 182
176 182
176 183
176 183
176 184
176 184
177 185
177 185
184 184
184 184
184 259
184 259
185 349
185 349
186 187
186 187
186 188
186 188
186 189
186 189
186 190
186 190
186 191
186 191
186 192
186 192
187 193
187 193
187 192
187 192
192 194
192 194
192 195
192 195
193 363
193 363
193 337
193 337
193 337
193 337
195 275
195 275
195 276
195 276
195 277
195 277
195 426
195 426
195 339
195 339
195 339
195 339
195 376
195 376
195 376
195 376
196 246
196 246
196 247
196 247
196 248
196 248
196 249
196 249
196 250
196 250
198 394
198 394
199 200
199 200
200 206
200 206
201 206
201 206
207 208
207 208
207 209
207 209
207 210
207 210
207 211
207 211
207 212
207 212
207 213
207 213
207 213
207 213
207 214
207 214
207 215
207 215
207 216
207 216
213 217
213 217
213 218
213 218
213 218
213 218
218 296
218 296
219 219
219 219
219 220
219 220
219 221
219 221
219 222
219 222
219 223
219 223
223 227
223 227
224 228
224 228
224 229
224 229
224 230
224 230
224 231
224 231
224 232
224 232
224 233
224 233
225 225
225 225
225 235
225 235
225 236
225 236
225 237
225 237
225 238
225 238
225 239
225 239
225 240
225 240
225 226
225 226
226 241
226 241
227 311
227 311
228 234
228 234
241 368
241 368
241 357
241 357
241 357
241 357
241 357
241 357
241 369
241 369
242 242
242 242
244 405
244 405
244 368
244 368
246 251
246 251
246 252
246 252
246 253
246 253
246 254
246 254
246 250
246 250
256 257
256 257
257 330
257 330
257 384
257 384
257 431
257 431
257 431
257 431
260 272
260 272
260 272
260 272
265 272
265 272
272 273
272 273
274 275
274 275
274 276
274 276
275 277
275 277
275 276
275 276
276 277
276 277
276 276
276 276
277 339
277 339
277 418
277 418
277 418
277 418
279 279
279 279
279 279
279 279
280 280
280 280
281 374
281 374
281 339
281 339
282 314
282 314
282 416
282 416
282 417
282 417
283 390
283 390
283 390
283 390
283 283
283 283
283 283
283 283
285 311
285 311
288 312
288 312
288 315
288 315
288 316
288 316
292 324
292 324
292 325
292 325
293 333
293 333
293 333
293 333
294 335
294 335
294 336
294 336
298 312
298 312
300 340
300 340
300 341
300 341
300 342
300 342
300 343
300 343
302 350
302 350
302 351
302 351
302 352
302 352
302 353
302 353
303 354
303 354
303 355
303 355
304 358
304 358
306 306
306 306
306 359
306 359
306 359
306 359
306 360
306 360
306 360
306 360
306 361
306 361
306 361
306 361
306 362
306 362
306 362
306 362
307 309
307 309
307 310
307 310
307 333
307 333
308 309
308 309
308 310
308 310
312 313
312 313
314 392
314 392
314 374
314 374
314 339
314 339
317 344
317 344
317 346
317 346
319 342
319 342
319 342
319 342
319 342
319 342
319 342
319 342
319 342
319 342
319 342
319 342
319 383
319 383
319 383
319 383
319 383
319 383
319 383
319 383
319 383
319 383
324 326
324 326
325 327
325 327
326 424
326 424
333 334
333 334
334 379
334 379
339 374
339 374
339 426
339 426
341 343
341 343
342 344
342 344
342 345
342 345
342 345
342 345
342 346
342 346
344 345
344 345
344 345
344 345
345 416
345 416
346 379
346 379
346 430
346 430
346 430
346 430
356 398
356 398
359 359
359 359
359 360
359 360
359 360
359 360
359 361
359 361
359 361
359 361
359 362
359 362
359 362
359 362
360 360
360 360
360 361
360 361
360 361
360 361
360 362
360 362
360 362
360 362
361 361
361 361
361 362
361 362
361 362
361 362
362 362
362 362
362 362
362 362
368 405
368 405
368 379
368 379
374 405
374 405
374 392
374 392
375 426
375 426
379 379
379 379
383 432
383 432
390 427
390 427
390 429
390 429
392 392
392 392
392 423
392 423
393 420
393 420
408 408
408 408
412 419
412 419
420 421
420 421
421 422
421 422
423 423
423 423
