0 1
0 4
0 66
0 147
0 160
0 39
0 279
0 17
1 2
1 3
1 27
1 62
1 28
1 63
1 97
1 4
1 64
1 83
2 27
2 63
2 97
2 29
2 98
2 72
2 35
2 74
2 121
2 43
2 91
2 45
2 80
2 80
2 47
2 47
2 96
2 41
2 113
2 50
2 50
3 4
3 4
3 5
3 6
3 7
3 8
3 9
3 10
3 10
3 11
3 12
3 13
3 14
3 14
3 15
3 15
3 16
3 16
3 17
3 18
3 19
3 20
3 21
3 22
3 23
3 24
3 25
3 26
3 114
3 29
3 34
3 105
3 35
4 27
4 62
4 97
4 83
4 68
4 70
4 94
4 94
4 112
4 73
4 75
4 76
4 39
4 109
4 15
4 104
5 27
5 29
5 29
5 84
5 26
5 130
5 138
5 104
5 35
5 77
5 38
5 9
5 42
5 10
5 11
5 121
5 43
5 91
5 128
6 27
6 62
6 138
6 107
6 35
6 74
6 38
6 32
6 78
6 118
6 9
6 50
6 116
6 42
6 122
6 55
7 28
7 98
7 94
7 94
7 37
7 118
7 118
7 64
7 114
7 96
7 9
7 9
7 128
7 18
7 18
7 80
7 80
7 22
7 206
7 116
7 173
7 42
7 122
7 17
8 62
8 28
8 97
8 119
8 64
8 83
8 94
8 96
8 108
8 109
8 110
8 278
8 278
8 276
8 22
8 206
8 174
8 42
8 15
8 80
9 10
9 10
9 11
9 13
9 17
9 19
9 20
9 20
9 21
9 21
9 161
9 92
9 92
9 206
9 206
9 12
9 272
10 114
10 109
10 42
10 44
10 278
10 278
10 13
10 279
10 279
10 18
10 276
10 276
10 12
10 115
10 19
11 29
11 98
11 138
11 35
11 118
11 96
11 22
11 206
11 121
11 43
11 122
11 21
12 114
12 114
12 109
12 42
12 44
12 44
12 278
12 278
12 17
12 18
12 280
12 19
13 63
13 66
13 160
13 171
13 115
13 115
13 20
14 27
14 29
14 32
14 32
14 33
14 33
14 35
14 74
14 42
14 121
14 43
14 47
14 55
14 55
14 58
14 80
15 29
15 167
15 102
15 103
15 104
15 105
15 35
15 74
15 75
15 75
15 79
15 79
15 91
15 30
15 34
15 41
15 42
15 16
15 80
15 22
15 273
15 155
15 123
15 123
15 53
15 53
15 81
15 81
15 272
15 266
15 213
16 29
16 78
16 173
16 42
16 175
16 111
16 266
16 277
16 56
16 122
17 97
17 114
17 108
17 109
17 42
17 18
17 276
17 280
17 116
17 19
18 114
18 19
18 21
19 114
19 114
19 29
19 98
19 42
19 278
19 280
20 92
20 116
20 21
21 78
21 285
21 285
21 161
21 92
21 92
21 206
22 167
22 36
22 120
22 120
22 42
22 121
22 91
22 91
22 128
22 114
22 35
22 40
22 286
22 162
22 162
22 148
22 206
22 206
22 210
22 155
22 155
22 223
22 223
22 225
22 225
22 127
22 252
22 254
22 182
22 188
22 189
22 194
22 287
22 201
22 202
22 289
22 212
22 51
22 224
23 27
23 64
23 64
23 83
23 29
23 66
23 35
23 42
23 41
23 121
23 43
23 161
23 162
23 24
23 24
23 50
23 224
23 253
23 213
23 81
23 25
23 266
24 64
24 83
24 167
24 94
24 170
24 119
24 172
24 41
24 42
24 191
24 93
24 290
24 62
24 28
24 161
24 162
24 57
24 224
24 253
24 213
24 81
24 25
24 266
24 228
25 167
25 102
25 102
25 103
25 36
25 81
25 64
25 34
25 175
25 58
25 266
26 29
26 145
26 157
26 35
26 74
26 80
26 120
27 28
27 28
27 29
27 29
27 30
27 31
27 32
27 33
27 33
27 34
27 35
27 36
27 37
27 38
27 39
27 40
27 41
27 42
27 43
27 43
27 44
27 45
27 45
27 46
27 47
27 48
27 48
27 49
27 50
27 51
27 52
27 53
27 54
27 55
27 56
27 57
27 58
27 59
27 60
27 61
27 64
27 74
27 176
27 177
27 178
27 179
27 180
27 181
27 182
27 183
27 184
27 185
27 186
27 187
27 188
27 189
27 190
27 191
27 192
27 193
27 194
27 287
27 195
27 196
27 197
27 198
27 199
27 200
27 201
27 202
27 203
27 164
27 289
28 64
28 83
28 66
28 84
28 85
28 68
28 86
28 87
28 88
28 33
28 89
28 90
28 73
28 35
28 36
28 75
28 77
28 39
28 40
28 91
28 45
28 80
28 92
28 47
28 47
28 93
28 50
28 51
28 52
28 81
28 55
28 57
28 43
28 176
28 179
28 180
28 184
28 185
28 186
28 187
28 193
28 287
28 288
28 198
28 199
28 200
28 202
28 205
28 208
28 209
29 62
29 62
29 63
29 65
29 66
29 30
29 31
29 32
29 33
29 119
29 74
29 76
29 78
29 120
29 41
29 121
29 121
29 91
29 45
29 122
29 80
29 46
29 46
29 47
29 47
29 48
29 49
29 50
29 123
29 55
29 57
29 58
29 124
29 60
29 125
29 61
29 126
29 127
29 35
29 176
29 177
29 178
29 179
29 180
29 181
29 182
29 183
29 184
29 185
29 186
29 187
29 188
29 189
29 190
29 191
29 192
29 193
29 194
29 163
29 287
29 288
29 195
29 196
29 197
29 198
29 199
29 200
29 201
29 202
29 203
30 84
30 130
30 67
30 70
30 71
30 72
30 132
30 89
30 44
30 104
30 105
30 106
30 37
30 122
30 111
30 213
31 84
31 67
31 133
31 87
31 134
31 135
31 70
31 132
31 136
31 89
31 137
31 44
31 58
31 104
31 105
31 106
31 107
31 119
31 79
32 62
32 64
32 83
32 98
32 85
32 145
32 100
32 86
32 102
32 94
32 71
32 71
32 33
32 120
32 56
32 56
32 89
32 271
32 137
32 119
32 78
32 275
32 111
32 272
33 64
33 83
33 68
33 103
33 70
33 94
33 150
33 120
33 165
33 55
33 55
33 36
33 38
33 79
33 43
33 53
33 266
34 85
34 85
34 97
34 100
34 120
34 174
34 122
34 122
34 175
34 80
34 81
34 265
34 78
34 42
35 131
35 87
35 72
35 137
35 74
35 74
35 38
35 79
35 41
35 121
35 91
35 128
35 44
35 113
35 45
35 122
35 80
35 47
35 210
35 212
35 50
35 155
35 165
35 81
35 272
35 55
35 57
35 43
35 176
35 177
35 180
35 181
35 182
35 183
35 188
35 195
35 200
35 93
35 204
35 205
35 290
36 101
36 167
36 143
36 102
36 103
36 87
36 74
36 70
36 136
36 40
36 40
36 148
36 96
36 79
36 121
36 91
36 158
37 167
37 112
37 136
37 89
37 108
37 113
37 80
37 158
37 53
38 62
38 74
38 131
38 72
38 44
38 113
38 148
38 48
38 273
38 273
38 212
38 212
38 51
38 155
38 165
38 165
38 52
38 52
38 272
38 56
38 57
38 125
38 43
38 91
38 45
38 161
38 47
38 289
38 206
39 97
39 87
39 87
39 94
39 108
39 80
39 109
40 97
40 74
40 108
40 108
40 79
40 44
40 280
40 206
40 155
40 41
40 42
40 121
40 43
40 278
41 62
41 97
41 83
41 74
41 108
41 108
41 93
41 93
41 273
41 273
41 155
41 57
41 45
41 161
41 47
41 290
41 220
42 62
42 98
42 66
42 66
42 104
42 74
42 147
42 78
42 128
42 44
42 278
42 175
42 175
42 281
42 213
42 55
42 58
42 122
43 74
43 121
43 121
43 65
43 66
43 44
43 113
43 45
43 92
43 148
43 46
43 47
43 47
43 48
43 48
43 49
43 49
43 50
43 51
43 52
43 82
43 54
43 55
43 57
43 282
43 61
43 176
43 177
43 178
43 181
43 182
43 184
43 185
43 186
43 187
43 188
43 191
43 192
43 287
43 288
43 196
43 198
43 199
43 201
43 202
43 207
44 68
44 74
44 121
44 278
44 278
44 113
44 113
44 45
45 62
45 62
45 131
45 268
45 74
45 75
45 171
45 121
45 121
45 91
45 91
45 120
45 80
45 80
45 163
45 163
45 47
45 47
45 197
45 155
45 165
45 82
45 166
45 55
45 56
45 57
45 59
45 60
45 125
45 125
45 61
45 126
45 176
45 179
45 185
45 193
45 194
45 48
45 93
45 207
45 219
45 230
45 231
45 232
45 233
45 234
45 235
45 236
45 237
46 121
46 121
46 91
46 47
46 197
46 49
46 126
46 52
46 60
46 125
47 62
47 131
47 131
47 269
47 74
47 171
47 121
47 80
47 176
47 179
47 185
47 193
47 194
47 120
47 91
47 197
47 48
47 164
47 164
47 50
47 51
47 155
47 165
47 52
47 82
47 54
47 54
47 57
47 144
47 124
47 61
47 284
47 127
47 93
47 207
47 219
47 230
47 231
47 232
47 233
47 234
47 235
47 236
47 237
48 131
48 121
48 284
48 49
48 125
49 121
49 51
49 51
49 52
49 57
50 64
50 74
50 113
50 113
50 162
50 93
50 290
50 272
50 266
50 57
50 220
51 167
51 74
51 120
51 120
51 91
51 91
51 93
51 205
51 290
51 210
51 52
51 52
51 56
51 56
51 57
51 57
51 228
51 155
51 214
51 54
51 215
51 218
51 220
51 223
51 225
51 293
52 167
52 74
52 120
52 120
52 91
52 93
52 205
52 290
52 210
52 155
52 56
52 57
52 57
52 214
52 215
52 218
52 220
52 223
52 225
52 293
52 125
53 104
53 122
53 122
53 80
53 158
54 91
54 197
54 93
54 125
54 125
54 293
55 62
55 74
55 121
55 175
55 80
55 290
56 160
56 141
56 206
56 273
56 165
56 82
57 121
57 161
57 162
57 191
57 196
57 290
57 212
57 212
57 210
57 282
57 282
57 283
57 283
58 62
58 75
58 82
58 82
59 80
59 290
59 124
59 124
60 121
60 197
60 282
60 283
60 61
60 61
61 121
61 197
61 282
61 283
62 63
62 64
62 65
62 66
62 67
62 68
62 69
62 70
62 71
62 72
62 73
62 74
62 75
62 76
62 77
62 78
62 79
62 80
62 81
62 82
62 121
62 176
62 179
62 180
62 184
62 185
62 186
62 187
62 193
62 287
62 198
62 199
62 200
62 202
62 289
62 205
62 208
62 209
63 64
63 64
63 83
63 94
63 95
63 96
63 114
63 65
63 98
63 66
64 72
64 113
64 66
64 157
64 96
64 81
64 267
65 66
65 66
65 117
65 72
65 118
65 96
65 80
65 98
66 98
66 114
66 85
66 88
66 117
66 94
66 112
66 89
66 90
66 75
66 122
66 106
66 74
67 97
67 68
67 68
67 94
67 75
67 144
67 147
67 149
67 99
67 133
67 151
67 100
67 156
67 157
67 159
67 152
67 160
68 149
68 102
68 102
68 70
68 70
68 150
68 150
68 75
68 123
68 156
68 153
68 143
68 103
68 168
68 104
68 105
68 106
68 107
69 142
69 156
69 101
69 167
69 153
69 143
69 102
69 103
69 97
69 149
69 152
69 70
69 150
69 136
69 169
69 87
70 142
70 145
70 153
70 143
70 135
70 94
70 136
70 136
70 75
70 144
70 154
70 132
70 73
70 119
70 274
70 120
71 130
71 86
71 102
71 103
71 168
71 134
71 94
71 170
71 72
72 98
72 137
72 78
72 96
73 142
73 143
73 104
73 105
73 154
74 131
74 87
74 88
74 136
74 78
74 79
74 110
74 91
74 122
74 92
74 273
74 210
74 155
74 165
74 272
74 121
74 176
74 177
74 180
74 181
74 182
74 183
74 188
74 195
74 200
74 93
74 204
74 205
74 290
74 206
75 84
75 142
75 102
75 103
75 89
75 89
75 104
75 105
75 106
75 107
75 88
75 91
75 122
75 122
75 76
75 93
75 81
75 266
76 97
76 142
76 149
76 156
76 101
76 107
76 268
76 269
76 94
77 160
77 103
78 146
78 157
78 157
78 101
78 167
78 102
78 103
78 89
78 89
78 268
78 161
78 82
78 82
78 173
78 267
79 151
79 106
79 108
79 278
79 91
79 111
80 97
80 98
80 131
80 131
80 119
80 96
80 96
80 173
80 174
80 175
80 163
80 164
80 164
80 81
80 166
80 266
80 282
80 283
80 124
80 126
80 284
80 127
80 193
80 194
80 197
80 207
80 123
80 219
80 230
80 231
81 159
81 122
81 162
81 164
81 290
81 165
81 83
81 103
81 163
81 213
81 166
81 166
82 84
82 156
82 89
82 92
82 272
83 87
83 108
83 145
83 96
83 266
83 158
84 85
84 85
84 94
84 129
84 130
84 138
84 142
84 145
84 146
84 139
85 129
85 89
85 89
85 142
85 156
85 101
85 102
85 169
85 104
85 105
85 106
85 90
86 142
86 140
86 140
86 129
86 89
86 137
86 101
86 167
86 143
86 102
86 103
86 168
87 97
87 133
87 151
87 159
87 103
87 99
87 136
87 96
87 108
88 98
88 129
88 129
88 142
88 143
88 94
88 106
88 268
89 138
89 157
89 140
89 101
89 134
89 141
89 94
89 137
89 137
89 90
89 275
90 156
90 101
90 104
90 105
91 121
91 131
91 120
91 113
91 113
91 92
91 206
91 273
91 210
91 210
91 155
91 155
91 162
91 288
92 160
92 173
92 121
92 113
92 161
92 273
92 210
92 212
92 272
93 167
93 172
93 176
93 185
93 287
93 288
93 161
93 162
93 210
93 210
93 212
93 225
93 254
93 214
93 215
94 97
94 98
94 130
94 130
94 138
94 133
94 133
94 151
94 160
94 168
94 134
94 99
94 135
94 150
94 150
94 95
94 170
94 132
94 108
95 98
95 129
95 130
95 130
95 138
95 139
95 168
95 169
95 170
96 97
96 98
96 118
96 108
96 110
96 113
96 276
96 273
96 206
97 98
97 99
97 100
97 100
97 101
97 101
97 102
97 102
97 103
97 103
97 104
97 104
97 105
97 105
97 106
97 106
97 107
97 107
97 108
97 109
97 110
97 111
97 142
97 146
97 156
97 143
97 274
97 275
98 114
98 100
98 100
98 102
98 102
98 103
98 103
98 104
98 104
98 105
98 105
98 106
98 106
98 107
98 107
98 118
98 128
98 111
98 111
98 142
98 156
98 101
98 143
98 274
99 149
99 149
99 133
99 133
99 151
99 152
99 168
99 169
99 170
100 107
100 159
100 101
100 167
100 102
100 105
100 174
101 142
101 156
101 156
101 133
101 152
101 140
101 167
102 156
102 167
102 103
102 103
102 150
102 136
102 122
103 142
103 167
103 145
103 136
103 122
103 111
103 213
104 167
104 106
104 106
104 111
104 266
105 167
105 170
105 107
105 122
105 123
105 266
105 158
106 142
106 167
106 111
106 111
106 266
107 156
107 131
107 167
107 122
107 267
107 158
108 109
108 109
108 110
108 110
108 276
108 273
108 174
109 279
109 276
109 276
109 206
110 147
110 276
110 206
110 273
110 174
111 142
111 146
111 167
111 143
111 170
112 167
112 135
112 154
112 119
112 171
113 173
113 273
113 273
113 210
113 212
113 212
113 272
113 282
113 283
113 284
113 161
113 211
114 115
114 116
114 116
115 116
116 128
117 138
117 140
117 168
117 169
117 134
117 141
118 130
118 128
118 173
119 167
119 137
119 128
119 273
119 266
119 267
119 123
120 154
120 165
120 144
120 144
120 273
121 206
121 273
121 125
121 127
121 176
121 177
121 178
121 181
121 182
121 184
121 185
121 186
121 187
121 188
121 191
121 192
121 287
121 196
121 198
121 199
121 201
121 202
121 289
121 207
122 167
122 175
122 206
122 123
122 123
122 272
122 266
122 213
123 213
123 267
124 290
125 197
125 293
126 197
126 284
127 164
128 206
129 130
129 131
129 138
129 142
129 167
130 138
130 143
130 270
131 138
131 149
131 151
131 140
131 140
131 163
131 164
131 164
131 165
131 166
131 153
131 192
131 193
131 287
131 266
131 219
132 142
132 157
132 151
132 150
132 269
133 149
133 150
133 151
133 168
133 271
134 156
134 138
134 268
135 151
135 153
135 168
135 169
135 154
136 159
136 150
136 150
136 274
137 146
137 156
138 139
138 140
138 141
139 167
139 168
139 169
139 170
140 141
140 167
141 156
141 167
141 169
142 143
142 143
142 144
142 167
143 167
143 153
143 154
143 269
144 274
145 167
146 290
147 148
147 278
148 160
148 278
148 286
148 281
148 281
148 206
148 210
148 212
148 155
149 151
149 156
149 167
150 152
150 169
150 170
151 152
151 153
151 154
151 155
152 167
152 168
152 170
153 167
154 167
154 168
155 273
155 212
155 278
155 276
155 162
156 167
157 158
157 167
157 168
159 290
160 161
160 162
161 285
161 285
161 210
161 212
161 266
161 282
161 283
161 254
161 206
161 211
161 214
162 278
162 281
162 286
162 273
162 225
162 210
162 211
162 214
163 164
163 164
163 212
163 166
163 166
163 266
163 290
163 226
164 210
164 290
164 166
164 266
164 226
165 268
165 171
165 184
165 166
166 290
166 266
167 168
167 169
167 170
167 171
167 172
167 173
167 174
167 175
167 176
167 177
167 178
167 179
167 180
167 181
167 182
167 183
167 184
167 185
167 186
167 187
167 188
167 189
167 190
167 191
167 192
167 193
167 194
167 195
167 196
167 197
167 198
167 199
167 200
167 201
167 202
167 203
167 204
167 205
167 206
167 207
167 208
167 209
167 210
167 211
167 212
167 213
167 214
167 215
167 216
167 217
167 218
167 219
167 220
167 221
167 222
167 223
167 224
167 225
167 226
167 227
167 228
167 229
167 230
167 231
167 232
167 233
167 234
167 235
167 236
167 237
167 238
167 239
167 240
167 241
167 242
167 243
167 244
167 245
167 246
167 247
167 248
167 249
167 250
167 251
167 252
167 253
167 254
167 255
167 256
167 257
167 258
167 259
167 260
167 261
167 262
167 263
167 264
170 173
170 174
171 172
172 190
172 191
172 191
172 192
172 196
172 197
172 228
172 229
172 230
172 231
172 248
172 250
172 215
172 216
173 277
173 265
174 273
174 265
174 277
175 208
175 208
175 212
175 287
175 198
175 199
175 209
175 211
175 214
176 217
176 184
176 211
177 230
177 190
177 227
177 238
178 197
178 230
178 186
178 191
178 192
178 216
178 227
179 217
179 185
179 209
180 205
180 205
180 209
180 209
180 219
180 186
181 193
181 205
181 218
182 206
182 207
182 187
182 218
182 221
183 207
183 188
183 221
183 239
184 214
184 209
184 211
185 205
185 209
185 211
185 214
186 220
186 220
186 187
186 205
186 218
187 245
187 245
187 188
187 218
187 221
187 239
188 206
188 189
188 239
188 241
188 246
189 242
189 246
189 246
189 190
189 238
189 243
190 247
190 191
190 216
190 227
191 197
191 282
191 192
191 215
191 216
192 197
192 228
192 284
192 215
192 216
193 205
193 218
193 220
193 221
193 239
193 245
194 221
194 239
194 240
194 241
194 242
194 243
194 246
194 247
195 226
195 196
195 247
196 197
196 197
196 216
196 227
197 203
197 203
197 215
197 215
197 231
197 284
197 230
198 287
198 208
198 222
198 199
198 209
198 211
198 214
199 200
199 205
199 209
199 214
199 220
200 201
200 218
200 220
201 202
201 218
201 221
201 245
202 206
202 204
202 245
203 254
204 239
204 241
204 246
204 249
205 217
205 219
205 220
205 222
205 222
205 225
206 286
206 287
206 289
206 212
206 212
206 296
206 272
206 223
206 224
207 218
207 221
207 239
207 241
207 245
207 246
208 211
208 211
208 214
209 214
209 217
209 219
209 222
209 222
209 225
210 273
210 212
210 212
210 224
210 253
210 216
211 273
211 214
211 214
211 217
211 223
211 225
211 252
212 282
212 224
212 253
212 216
213 266
214 217
214 219
214 222
214 225
214 252
215 254
216 230
216 254
217 218
218 219
218 220
218 223
218 225
219 220
219 221
220 222
220 223
220 225
220 232
220 233
220 254
221 225
221 245
222 223
223 225
223 252
224 253
224 253
224 254
224 225
225 293
225 239
225 241
225 245
225 246
225 252
225 253
226 249
226 238
226 243
226 247
227 230
227 247
227 254
230 238
230 243
233 245
234 245
235 245
235 246
236 246
237 246
237 247
238 244
238 247
238 248
238 254
239 240
239 245
239 248
240 241
241 242
241 246
241 248
241 254
242 243
243 244
243 246
243 248
243 254
244 248
245 254
246 249
246 253
246 254
247 248
247 250
247 251
247 254
266 290
268 290
269 290
270 290
271 290
273 282
274 290
275 290
276 279
276 278
276 281
278 280
278 281
281 286
282 283
282 283
288 290
289 290
290 291
290 292
290 293
290 294
290 295
