0 1
0 2
0 2
0 2
0 2
0 2
0 2
0 3
0 3
0 4
0 5
0 5
0 6
0 6
0 6
0 6
0 6
0 6
0 7
0 8
0 9
0 9
0 9
0 9
0 10
0 10
0 11
0 11
0 11
0 11
0 11
0 11
0 12
0 12
0 26
1 2
1 2
1 2
1 2
1 2
1 2
1 2
1 2
1 2
1 2
1 2
1 2
1 2
1 3
1 3
1 3
1 3
1 3
1 3
1 4
1 4
1 5
1 5
1 5
1 5
1 13
1 14
1 14
1 15
1 6
1 6
1 6
1 7
1 7
1 7
1 7
1 7
1 7
1 16
1 16
1 16
1 16
1 16
1 16
1 17
1 8
1 8
1 8
1 8
1 8
1 18
1 18
1 18
1 9
1 19
1 19
1 19
1 19
1 19
1 19
1 20
1 20
1 20
1 20
1 20
1 21
1 21
1 12
1 26
1 26
1 22
2 22
2 22
2 22
2 23
2 3
2 3
2 5
2 5
2 15
2 15
2 15
2 15
2 16
2 16
2 16
2 16
2 16
2 16
2 16
2 8
2 18
2 18
2 18
2 18
2 18
2 18
2 24
2 24
2 24
2 19
2 20
2 21
2 11
2 12
2 12
2 26
3 4
3 4
3 5
3 5
3 13
3 13
3 13
3 13
3 13
3 13
3 13
3 13
3 13
3 14
3 14
3 15
3 15
3 15
3 6
3 6
3 6
3 6
3 17
3 8
3 8
3 8
3 8
3 18
3 9
3 24
3 19
3 10
3 11
3 11
3 11
3 11
3 11
3 25
3 25
3 25
3 25
3 12
3 12
3 12
3 12
3 12
3 22
3 22
3 22
3 23
3 23
3 23
3 23
3 23
3 23
3 23
4 5
4 14
4 14
4 15
4 15
4 16
4 16
4 16
4 8
4 8
4 19
4 20
4 21
4 12
4 26
4 22
4 22
4 23
5 13
5 13
5 14
5 15
5 15
5 7
5 7
5 17
5 8
5 8
5 8
5 10
5 10
5 10
5 10
5 20
5 25
5 12
5 12
5 22
5 22
5 21
5 19
5 23
5 23
5 23
5 23
5 23
6 7
6 17
6 8
6 18
6 18
6 18
6 18
6 18
6 9
6 19
6 19
6 10
6 10
6 10
6 20
6 21
6 11
6 25
6 23
7 16
7 17
7 8
7 19
7 10
7 20
7 11
7 26
7 26
7 22
7 22
7 22
7 15
7 13
7 13
8 18
8 18
8 18
8 18
8 18
8 24
8 24
8 24
8 24
8 24
8 10
8 10
8 10
8 21
8 11
8 11
8 11
8 11
8 11
8 11
8 11
8 11
8 11
8 11
8 25
8 25
8 25
8 25
8 25
8 25
8 12
8 26
8 26
8 26
8 22
8 22
8 22
8 22
8 22
8 22
8 22
8 15
8 13
8 13
8 13
8 19
8 19
8 19
8 19
8 20
8 23
8 23
9 15
10 13
10 13
10 20
10 11
10 11
10 11
10 11
10 25
10 12
10 26
10 22
10 22
10 19
10 23
10 23
10 23
11 25
11 25
11 25
11 25
11 25
11 25
11 25
11 25
11 12
11 12
11 12
11 26
11 22
11 22
11 22
11 22
11 22
11 22
11 22
11 15
11 18
11 21
11 21
11 13
11 19
11 19
11 23
11 23
11 23
12 26
12 26
12 26
12 22
12 22
12 15
12 15
12 21
12 21
12 21
12 21
12 19
12 25
13 22
13 22
13 23
13 23
13 23
13 23
13 23
13 23
13 23
13 23
13 23
13 14
13 15
13 16
13 16
13 18
13 18
13 18
13 24
13 24
13 19
13 20
13 25
13 25
13 25
13 25
14 26
14 23
14 23
14 23
15 26
15 16
15 16
15 16
15 16
15 16
15 16
15 18
15 24
15 24
15 19
15 19
15 19
15 19
15 21
15 21
15 21
15 23
16 22
16 22
16 24
16 24
16 24
16 24
16 25
16 23
17 18
17 20
17 23
18 26
18 22
18 22
18 24
18 24
18 19
18 20
18 20
18 25
18 23
19 22
19 22
19 22
19 20
19 20
19 21
19 21
19 21
19 21
19 21
19 25
19 23
19 24
19 24
20 22
20 21
21 26
21 26
22 26
22 23
22 23
22 23
22 23
22 24
22 25
22 25
22 25
22 25
22 25
22 25
22 25
23 27
23 27
23 24
23 24
23 25
23 25
23 25
23 25
24 25
