0 1
0 2
0 3
0 14
0 18
1 2
1 14
1 18
1 29
2 14
2 18
2 29
3 14
3 18
3 29
4 5
4 6
4 7
5 253
5 793
5 1152
6 849
6 785
6 786
6 789
7 1235
7 790
7 1367
7 1275
8 9
9 235
10 11
10 259
11 259
11 428
11 429
12 13
12 1329
12 1932
13 720
13 1194
13 1329
14 15
14 16
14 17
14 18
14 18
14 19
14 20
14 21
14 22
14 23
14 24
14 25
14 26
14 27
14 28
14 29
15 235
15 1374
16 19
16 25
17 1231
17 1313
18 737
18 19
18 22
18 29
18 738
18 739
19 747
19 747
19 748
19 749
19 25
21 430
22 1247
22 1102
22 1316
25 747
25 749
25 2428
25 2431
26 235
26 1374
27 235
27 1374
28 807
30 31
30 32
30 33
30 34
30 35
30 36
30 37
30 38
30 39
30 40
31 1041
32 50
32 104
32 39
32 363
32 364
32 365
32 366
32 367
32 368
32 369
32 370
32 371
32 470
32 571
33 427
34 1542
35 726
35 726
35 727
36 1856
37 459
37 836
37 334
37 950
37 2626
38 970
38 970
38 971
38 971
38 660
39 481
39 775
39 1216
39 363
39 566
39 685
39 366
39 366
39 367
39 1217
40 795
40 950
41 42
41 43
41 44
41 45
41 660
41 1534
41 1542
42 349
42 350
42 360
42 352
42 1534
42 1542
43 44
45 106
45 1534
45 2332
45 2393
46 47
46 47
46 195
47 1307
47 1308
47 1308
47 1309
47 129
47 129
47 1310
48 49
48 49
48 53
48 850
48 330
48 1434
49 850
49 325
49 1434
50 51
50 52
50 470
50 473
51 482
51 485
51 790
51 2559
52 710
52 2229
52 2230
52 2598
53 54
53 55
53 56
53 57
54 336
54 1110
54 1100
54 1103
54 1111
54 1229
54 1290
54 331
54 2143
55 323
55 1573
56 1290
56 1503
57 330
57 1434
57 1476
57 1432
57 1352
58 59
58 1542
58 2668
59 1608
59 1610
59 1611
59 1613
59 1614
59 1615
60 61
60 259
62 63
62 1367
62 985
62 445
64 65
64 66
64 67
64 68
64 69
65 66
65 1160
66 68
66 1160
67 70
68 1160
68 1800
68 1161
68 2126
69 1160
69 2300
71 72
71 72
71 235
71 1660
72 75
72 1633
72 1633
72 1660
73 74
74 153
74 623
74 790
74 791
75 76
75 77
75 78
75 79
75 735
75 1534
75 1660
75 1561
76 1809
77 1464
77 1466
78 1464
78 1466
79 195
79 232
79 1466
80 81
81 82
81 470
81 474
81 710
81 711
82 83
82 84
82 474
82 566
83 84
85 86
85 87
86 750
87 252
87 253
87 254
87 255
87 256
87 257
87 258
87 790
87 630
88 89
88 89
89 817
89 328
90 91
90 92
90 93
90 94
90 95
90 96
90 97
90 98
90 99
90 99
90 100
90 101
90 102
90 1684
90 2205
91 1564
92 358
93 343
93 391
93 777
93 99
93 2211
94 777
94 1694
95 1212
96 112
96 1516
97 98
97 777
97 99
97 2211
98 391
98 777
98 99
98 2205
99 391
99 392
99 1122
99 2205
99 2205
99 2206
99 2207
99 101
99 2208
99 2209
99 2210
99 2210
99 2211
99 2212
100 777
101 2205
101 2211
102 112
102 1793
102 2602
103 104
103 104
103 470
103 641
103 1589
104 408
104 470
104 470
104 344
104 637
104 471
104 638
104 479
104 482
104 485
104 495
104 639
104 640
104 499
104 641
105 106
105 1542
106 130
106 628
106 966
106 904
106 903
106 907
106 131
106 1131
106 1318
106 1319
106 905
106 1320
106 133
106 1321
106 1296
106 1297
106 1299
106 1301
106 1302
106 1303
106 1322
106 1323
106 1323
106 1324
106 1304
106 1305
106 1306
106 1325
106 347
107 108
107 1163
107 1166
107 2082
108 253
108 1163
108 1235
109 110
109 110
109 111
109 700
109 1162
110 645
110 700
110 1162
110 726
111 195
111 1464
111 1378
112 113
112 114
113 2564
114 2564
115 116
115 117
115 688
115 729
115 1137
116 377
116 729
116 2277
117 377
117 2240
117 2277
118 119
118 120
118 121
118 122
118 470
118 575
120 957
120 1740
120 1908
120 575
121 482
121 579
121 998
121 998
121 2559
122 470
122 2279
123 124
123 1235
123 790
123 334
123 2082
124 814
124 1235
124 788
124 790
124 334
125 126
125 127
125 128
125 129
126 658
126 670
126 989
127 1607
127 1755
127 1755
128 658
128 670
128 989
128 1707
128 1755
128 982
129 1308
129 1310
130 131
130 131
130 132
130 133
130 134
130 905
130 2118
131 627
131 628
131 132
131 133
131 1296
131 1297
131 1298
131 1299
131 1300
131 1301
131 1302
131 1303
131 134
131 1304
131 1305
131 1306
131 2118
132 2118
133 905
133 2118
134 905
134 2118
135 136
135 137
135 1235
135 1260
135 790
136 195
136 778
136 1260
136 137
137 672
137 993
137 1235
137 791
137 1496
137 159
138 139
138 140
138 141
138 141
138 142
138 143
138 144
138 145
139 635
139 837
139 838
139 838
139 636
139 842
139 140
140 635
140 636
140 848
141 1010
141 1010
141 242
141 143
141 1250
141 949
142 842
142 1582
142 1976
142 1584
143 1582
143 1893
143 144
144 806
145 2648
146 147
146 148
146 149
146 150
147 778
147 1542
148 677
148 678
148 253
148 1235
148 1246
148 2082
150 790
150 814
151 152
151 152
151 771
151 1160
151 1339
152 1160
152 1339
153 154
153 155
153 156
153 157
153 158
153 159
153 160
153 161
153 162
153 163
153 164
153 165
153 166
153 167
153 168
156 1105
156 1218
156 1106
157 1137
157 1028
157 2411
157 1157
158 228
158 163
158 2057
158 2397
158 1157
159 1496
160 1683
160 732
160 1873
161 729
161 828
161 2168
161 2660
162 228
162 229
162 230
162 2300
163 2468
164 1146
164 1700
164 1157
164 2633
165 826
165 316
165 2665
166 168
167 866
167 2656
169 170
169 171
169 172
169 173
169 174
169 175
169 176
170 1191
171 430
171 435
171 1670
171 173
171 174
172 1127
172 1199
173 346
173 1463
173 2357
174 2285
174 175
175 2285
176 2237
176 2238
177 178
177 179
177 180
177 181
177 182
177 183
178 1009
178 1290
178 1291
179 1292
179 1811
179 1813
179 2092
180 260
180 264
180 1813
180 1840
181 1910
181 1630
181 2092
182 688
182 2092
183 1290
183 2019
183 2562
183 2605
184 185
184 186
184 187
184 188
184 189
184 190
184 191
184 195
185 195
185 232
185 1460
187 434
187 191
187 188
187 2203
188 434
188 1529
188 1531
188 1488
188 2203
188 1532
188 1052
189 1250
189 1831
190 220
190 2339
190 1466
191 485
191 790
191 1277
192 193
192 194
192 194
192 1534
192 1542
193 661
193 661
193 194
193 660
193 1542
194 1534
194 1542
194 1544
195 196
195 197
195 198
195 199
195 200
195 201
195 202
195 203
195 204
195 205
195 206
195 207
195 208
195 209
195 210
195 211
195 212
195 213
195 214
195 215
195 216
195 217
195 218
195 219
195 220
195 221
195 222
195 223
195 224
195 225
195 226
195 227
195 645
195 343
196 236
197 1468
197 343
198 226
198 1468
198 1542
199 232
199 428
199 745
199 894
199 223
199 895
199 205
199 343
200 205
201 375
202 1367
203 729
204 1468
206 289
206 1366
206 1542
207 1581
207 1976
207 1978
208 1660
209 1312
209 1311
209 1674
209 1675
209 1676
209 1677
209 599
209 1678
209 1679
209 1680
209 1918
209 1786
209 2177
210 1782
210 2299
211 1840
211 2114
212 232
212 1366
212 1468
212 1826
213 264
213 2114
214 430
214 2151
215 1811
215 1957
215 2562
216 660
216 1367
216 1826
216 2152
217 2092
217 2114
217 2165
218 1942
219 672
219 485
219 790
219 1869
220 1464
220 2339
220 222
220 2649
221 2387
222 2339
223 343
224 1478
224 2538
224 2540
225 1390
226 2053
226 2054
226 1711
227 343
228 229
228 230
228 231
228 1855
228 1147
229 230
229 230
229 2295
229 2296
229 231
229 231
229 2297
229 2298
229 2300
230 2297
230 2300
230 2419
230 231
232 233
232 234
232 235
232 236
232 237
232 238
232 239
232 240
232 241
232 242
232 243
232 244
234 430
234 237
234 1461
234 435
235 317
235 317
235 318
235 322
235 319
235 717
235 718
235 719
235 238
235 660
235 1326
237 244
237 1461
237 435
239 2056
240 1978
240 2065
241 2137
241 2056
242 1250
242 1255
242 1256
243 894
243 894
243 2388
243 2388
243 1096
244 435
244 450
244 450
245 246
246 405
246 373
246 407
247 248
247 249
247 430
247 431
247 432
247 435
248 459
248 431
249 459
249 357
250 251
252 1235
252 790
252 630
253 804
253 805
253 376
253 806
253 1127
253 790
254 255
254 1235
254 790
255 987
255 988
255 790
256 1235
256 790
256 1129
256 2299
257 790
257 630
258 2101
258 1920
258 2142
259 260
259 260
259 261
259 262
259 263
259 264
259 264
259 265
259 266
259 267
259 1570
260 896
260 463
260 263
262 264
262 1570
263 264
263 1570
264 1568
264 1445
264 1939
264 436
264 1706
264 1831
264 1891
264 465
264 841
264 1570
264 1570
264 265
264 2119
265 1570
265 465
266 430
266 948
266 948
266 2069
266 2069
266 2072
266 462
266 2138
266 2139
266 1489
266 1254
266 2140
267 292
267 2261
268 269
268 270
268 778
268 783
268 1235
268 790
269 790
270 783
270 1205
271 272
271 273
271 274
271 1524
272 274
272 1528
273 274
275 276
275 277
275 278
275 1511
275 447
277 1413
277 795
278 2520
278 2613
279 280
279 281
279 282
279 283
279 284
279 285
279 286
279 287
279 288
279 720
280 828
280 2594
281 828
281 2594
282 673
282 674
282 729
282 329
282 2147
283 828
283 2594
284 430
284 937
285 431
285 660
285 2054
286 1488
286 802
287 828
287 2594
290 291
290 377
290 1143
290 1235
290 790
290 1949
291 2132
292 293
292 294
292 295
292 296
292 297
292 298
292 298
292 299
292 300
292 300
292 1564
293 912
293 1687
293 461
294 1575
294 2163
294 2164
294 2164
294 295
295 2164
295 296
295 2216
296 2216
297 299
298 300
301 302
301 303
301 304
302 303
302 303
303 2365
304 470
304 528
304 546
304 547
305 306
305 307
305 845
305 1513
306 430
306 2658
307 437
307 2658
308 309
308 310
308 311
308 312
308 313
308 314
308 315
308 316
310 2156
310 2379
310 2159
311 312
311 2318
312 795
313 2156
313 950
313 2157
313 2157
313 2158
313 2159
314 941
314 2452
315 826
315 2452
315 316
316 941
316 2452
316 830
316 2018
317 318
317 319
317 320
317 321
317 1978
318 322
318 319
318 320
318 1978
320 1199
321 636
321 1400
321 848
321 848
321 2542
322 660
322 1730
322 2332
323 324
323 325
323 326
323 327
323 328
323 329
323 330
323 330
323 331
323 332
323 333
323 334
323 335
323 336
323 337
323 338
323 339
323 340
323 341
324 342
325 1112
325 1113
325 330
326 339
326 1229
326 1232
327 338
327 1181
327 1181
327 1182
327 1229
327 1597
327 831
328 331
328 2143
329 1056
329 708
329 632
329 728
329 1415
329 938
329 1058
329 729
329 1416
329 1081
329 1417
329 1060
329 730
329 1061
329 1418
329 1418
329 1062
329 828
329 1419
329 330
330 1112
330 1347
330 1230
330 1229
330 1231
330 1232
330 1434
330 1435
330 340
330 1317
331 1112
331 1229
331 1231
331 1232
331 1475
331 1476
331 1477
331 1478
331 1479
331 1435
331 1480
331 1426
331 1481
331 1482
331 1316
331 1111
331 1483
331 1315
332 2189
333 432
333 1731
334 1573
334 493
334 1643
334 1348
334 1732
334 1349
334 1733
334 1647
334 1734
335 1894
336 1915
337 1087
337 1580
337 1092
337 1092
337 1766
338 831
339 2405
339 2405
339 340
339 1353
340 1232
340 2405
341 1259
343 2317
343 2589
343 2590
343 2591
343 895
343 968
344 345
344 1908
344 589
345 632
345 596
346 347
346 348
346 1359
347 904
347 915
347 1522
347 1523
347 2186
348 659
348 1360
348 766
349 350
349 351
349 352
350 352
350 1534
350 1542
351 907
351 2190
351 2422
351 360
352 2336
353 354
354 2603
355 356
355 357
355 459
356 374
356 1366
357 459
357 2391
357 451
358 359
359 2225
359 2500
359 2510
359 2511
360 908
360 909
360 2422
361 362
361 778
361 790
362 778
362 783
362 1127
362 790
363 1215
363 528
363 2555
364 996
364 2068
364 1927
364 368
364 368
364 609
364 1928
365 710
365 371
366 1534
366 2067
366 367
366 369
368 477
368 1655
368 2504
368 2505
368 1764
368 2506
368 2507
368 2508
368 607
368 609
369 470
369 1947
369 2361
370 710
370 371
371 470
372 373
373 405
373 470
373 407
374 1366
374 1367
375 376
375 1847
375 2452
376 790
376 791
376 2558
377 378
377 379
377 380
377 381
377 382
377 383
377 384
377 385
377 386
377 387
377 388
377 389
377 1143
377 1748
377 1949
377 1428
378 457
378 385
378 388
378 458
378 1746
379 790
379 1562
380 1746
380 381
380 382
380 383
380 1894
381 2699
383 2389
383 388
384 2156
384 388
385 2699
386 389
387 1342
387 2284
388 1136
388 2640
388 458
390 391
390 391
390 392
390 393
391 392
391 392
391 393
391 393
391 2205
392 2261
392 2212
393 1561
393 1561
393 2338
393 2345
394 395
395 688
395 2008
395 2609
395 725
396 397
396 398
396 399
396 400
396 401
396 402
396 403
396 404
397 686
397 401
397 403
397 404
397 687
397 941
397 1071
397 1137
397 795
398 399
398 694
398 400
398 695
398 660
398 402
399 660
399 1071
399 402
400 1137
400 1059
400 1511
401 660
401 402
402 660
402 695
402 403
402 404
403 660
404 660
405 406
405 407
405 659
406 897
408 409
408 410
409 976
410 641
410 642
411 412
411 413
411 414
411 415
411 416
411 417
411 418
411 419
411 420
411 421
411 470
411 2180
412 470
413 470
413 494
413 1507
413 1508
413 1509
413 1926
413 1634
413 415
413 557
413 1779
414 470
414 614
414 543
415 470
415 1926
415 2423
416 470
416 420
417 470
417 420
418 470
418 419
419 470
420 470
421 470
421 2469
421 2633
422 423
422 660
422 1542
424 425
424 426
425 1334
425 1339
425 426
426 1339
426 1335
426 1336
426 1441
426 1442
426 1225
427 2058
427 2059
428 896
428 429
429 896
430 431
430 432
430 433
430 434
430 435
430 436
430 437
430 438
430 439
430 440
430 441
430 442
430 443
430 444
430 445
430 446
430 447
430 448
430 449
430 450
430 451
432 709
432 1258
432 442
432 1259
432 434
432 443
433 1367
434 615
434 1004
434 1529
434 1530
434 1531
434 1532
437 660
437 1710
437 1711
437 438
438 1796
439 441
440 443
441 660
442 443
444 729
444 1408
445 1826
445 659
445 1977
445 1270
445 2214
445 2215
445 1470
445 1471
445 986
446 2390
447 2392
447 2594
448 2407
448 449
449 1366
449 1367
451 459
451 1367
452 453
452 454
452 455
452 456
453 813
453 618
453 454
454 813
454 618
455 812
455 815
455 813
455 618
456 655
456 656
457 1746
457 2404
457 458
458 1377
460 461
460 462
460 463
460 464
460 465
460 466
460 1564
461 912
461 1564
462 1191
462 1489
462 1489
462 1228
464 1776
465 1568
465 1570
466 2541
466 1049
467 468
467 469
468 629
468 630
468 631
468 778
468 1235
468 790
468 791
469 1663
469 2082
470 471
470 472
470 473
470 474
470 475
470 476
470 477
470 478
470 479
470 480
470 481
470 482
470 483
470 484
470 485
470 486
470 487
470 488
470 489
470 490
470 491
470 492
470 493
470 494
470 495
470 496
470 497
470 498
470 499
470 500
470 501
470 502
470 503
470 504
470 505
470 506
470 507
470 508
470 509
470 510
470 511
470 512
470 513
470 514
470 515
470 516
470 517
470 518
470 519
470 520
470 521
470 522
470 523
470 524
470 525
470 526
470 527
470 528
470 529
470 530
470 531
470 532
470 533
470 534
470 535
470 536
470 537
470 538
470 539
470 540
470 541
470 542
470 543
470 544
470 545
470 546
470 547
470 548
470 549
470 550
470 551
470 552
470 553
470 554
470 555
470 556
470 557
470 558
470 559
470 560
470 561
470 562
470 563
470 564
470 565
470 566
470 567
470 568
470 569
470 570
470 571
470 572
470 573
470 574
470 575
470 576
470 577
470 578
470 579
470 580
470 581
470 582
470 583
470 584
470 585
470 586
470 587
470 588
470 589
470 590
470 591
470 592
470 593
470 594
470 595
470 596
470 597
470 598
470 599
470 600
470 601
470 602
470 603
470 604
470 605
470 606
470 607
470 608
470 609
470 610
470 611
470 612
470 613
470 614
470 641
470 1589
471 1908
472 1171
472 1174
472 1136
473 480
473 484
473 778
474 481
474 682
474 499
474 683
474 683
474 684
474 548
474 566
474 685
474 607
475 699
475 514
476 638
477 2280
477 2330
479 957
479 537
479 958
479 959
479 960
479 575
479 591
479 961
480 641
481 972
481 973
482 675
482 682
482 996
482 997
482 960
482 998
482 999
482 1000
482 642
482 485
483 567
483 516
483 565
485 1192
485 782
485 765
485 783
485 1137
485 1003
485 1193
485 1194
485 790
485 1195
485 1196
485 506
485 510
485 1197
485 1198
485 1199
485 1200
485 1201
485 1202
485 1203
485 1204
485 609
485 1205
485 495
486 864
488 523
488 2559
489 1215
490 1402
490 1312
490 1311
490 1403
490 492
491 660
491 865
492 1402
492 1458
492 1404
492 1459
493 1497
493 1498
494 1507
494 1508
494 1509
494 2423
495 1330
495 724
495 1510
495 773
496 577
496 1778
496 526
497 1533
497 586
497 601
497 498
497 2396
497 612
498 1533
498 586
498 601
498 2396
499 640
499 1506
499 683
499 2410
501 1420
502 683
502 1908
502 1642
503 526
504 1673
505 1589
505 1778
505 528
506 790
506 1690
506 1690
506 1420
506 1698
506 1691
506 511
506 1693
506 512
506 712
506 1699
506 1700
506 1701
506 536
506 1566
506 1702
506 1703
506 559
506 1704
506 561
506 1705
507 526
508 957
509 528
510 553
511 1690
511 1691
511 1692
511 1699
511 1700
511 1703
511 1705
512 710
513 526
513 2251
513 2346
514 1692
514 582
514 585
514 526
514 1673
515 1820
515 1822
515 520
515 528
515 542
516 1589
516 1823
516 1593
516 565
516 565
517 1589
517 1778
517 528
518 864
518 542
518 2330
519 530
520 542
521 1589
521 1778
521 571
521 572
522 547
522 528
523 712
523 713
523 1842
523 1843
523 1844
523 568
524 1518
524 1589
524 1258
524 528
525 1590
525 544
526 1780
526 1820
526 1781
526 540
526 543
526 1634
526 556
526 560
526 562
526 1865
526 1673
527 1589
527 1866
527 1780
527 558
527 1867
528 1820
528 1872
528 531
528 534
528 537
528 549
528 1593
528 564
529 1877
529 608
530 1904
530 1757
530 997
530 1794
530 1758
530 1759
530 1760
530 545
530 1905
530 1906
530 1762
530 1907
530 960
531 1589
531 1778
532 996
532 555
533 941
533 729
533 691
533 543
535 712
535 543
536 1692
536 1698
536 1699
536 1566
537 1947
537 581
537 1948
537 589
537 596
538 864
538 660
538 541
538 542
539 1905
539 1965
539 1642
539 2463
539 2426
541 864
541 1992
541 593
542 1518
542 1778
542 560
542 1865
543 1329
543 1589
543 2021
543 551
543 551
543 1055
543 2022
544 1589
544 568
545 1908
545 589
547 1589
547 570
548 640
548 2067
550 1290
550 1629
550 1632
550 1630
550 2085
551 1589
552 771
552 1337
552 1983
552 1984
552 2102
552 2036
552 1858
552 2103
552 1342
552 2104
552 2126
553 1753
553 2115
553 1284
553 1567
553 2116
554 672
554 2129
554 2130
554 571
555 791
556 608
557 864
557 1923
557 593
558 1867
559 794
559 1420
559 1702
559 1703
559 1705
559 1421
561 1692
563 1520
565 1593
566 685
567 1589
568 2200
568 2201
568 581
568 583
568 584
568 589
568 2202
568 2171
569 1589
569 1480
569 573
570 1725
570 1726
571 624
571 1591
571 959
571 574
572 1778
573 1589
573 1591
573 2155
574 2201
574 2234
574 587
574 2246
574 2247
575 1908
575 1909
575 2242
575 2243
576 729
576 1337
576 2413
577 1926
577 2496
578 2618
579 998
580 605
581 2201
582 585
582 585
583 2342
584 997
584 2502
585 2527
586 2396
587 2436
588 794
588 683
588 594
588 594
589 1721
589 1947
589 2474
589 1655
589 1948
589 2331
589 2475
589 2202
589 596
589 602
590 2477
591 1258
591 2531
592 2361
592 1927
592 1928
593 2365
593 611
594 794
594 683
595 989
595 2410
596 2518
596 2528
597 1992
598 2516
599 660
599 613
600 604
601 2396
601 612
602 637
602 2503
603 1174
603 2153
603 1177
603 607
606 729
606 828
606 2348
607 2153
608 2647
610 624
610 1722
610 2171
612 2396
613 1495
613 2595
613 2130
614 795
614 997
614 1433
615 616
616 1888
616 1915
616 2627
617 618
618 812
618 813
619 620
619 621
619 1146
620 1146
621 1620
621 1338
621 1651
621 1858
621 2100
622 623
622 623
622 1235
622 788
622 2082
623 1235
623 1255
623 630
623 1893
624 625
624 626
626 1534
626 2195
626 2664
626 2671
627 628
629 1235
629 790
629 1196
629 630
629 631
629 1246
629 1640
630 790
630 779
630 1196
630 1288
630 1272
630 631
631 790
631 791
631 1203
631 1152
631 1255
632 633
632 634
632 729
632 1343
632 1692
632 2492
633 1682
633 1957
634 1636
635 636
635 636
636 1326
638 1589
638 2365
640 2410
641 642
642 682
643 644
643 645
643 646
643 647
643 647
643 648
643 649
643 650
643 651
644 645
644 646
644 647
644 650
645 646
645 647
645 650
645 652
646 650
646 652
647 648
647 650
647 1008
647 1008
647 968
648 1078
648 967
649 910
649 650
649 1188
650 911
650 651
650 1188
650 652
650 652
650 968
650 1189
650 1049
651 2320
652 1189
653 654
655 656
655 1524
656 657
657 1524
658 1946
659 660
659 897
660 897
660 668
660 1019
660 1020
660 694
660 1021
660 1022
660 1023
660 1024
660 1025
660 718
660 1026
660 796
660 1027
660 1028
660 1029
660 1030
660 1031
660 1032
660 695
660 1033
660 1034
660 1035
660 865
660 1036
660 1037
660 665
660 1038
660 1039
660 1040
660 1041
660 1042
660 1043
660 1044
660 1045
660 1046
660 1047
660 1048
660 1049
660 1050
660 1051
660 1052
660 1053
660 785
660 2393
661 662
661 663
661 664
661 665
661 666
661 666
661 667
661 1542
661 1135
662 1137
662 791
663 1361
663 1362
663 1363
663 872
664 1490
664 1492
664 1542
665 666
666 2403
667 1233
668 669
668 1534
668 1542
669 1534
669 1542
669 1809
670 671
670 1790
670 1035
670 1211
671 1790
671 1032
671 1791
671 1797
672 1542
673 729
673 1405
673 696
673 1957
673 2563
674 729
674 2026
674 2165
674 2030
675 676
675 2559
676 2585
677 764
677 1456
677 2183
677 1199
678 1235
678 790
679 680
679 681
679 1542
680 1542
681 1560
681 2309
682 1192
682 973
682 1216
682 1506
683 1642
684 1899
684 2472
684 1217
685 1863
686 1071
686 795
686 945
686 1930
687 2315
687 2445
688 689
688 690
688 691
688 692
688 693
689 729
689 828
690 835
690 1337
691 2036
691 1642
691 2153
692 795
692 2408
693 866
693 877
693 2073
693 2132
694 977
694 2344
695 729
695 1365
695 1206
696 697
696 698
696 729
696 1961
697 820
697 1070
697 871
698 729
698 1834
700 1162
701 702
701 703
701 2684
703 2684
704 705
704 706
704 1518
705 1603
705 1604
705 1605
706 1215
706 1603
706 1605
706 2423
707 708
707 2174
708 729
710 711
710 712
710 713
711 2229
711 2598
712 1260
712 713
712 1843
712 1844
712 1846
712 2423
713 2423
714 715
714 716
714 969
714 2012
714 2120
715 2012
715 2015
716 740
716 740
716 969
716 1007
716 2012
716 2119
717 1976
717 1978
718 719
719 981
720 721
720 722
720 723
720 723
720 724
720 725
720 1659
721 1163
722 1659
722 723
723 1659
723 725
724 994
724 1329
724 1233
725 1146
725 1659
725 2643
726 1162
726 727
726 2269
727 1162
728 729
728 730
728 731
728 732
728 733
728 734
729 1056
729 1057
729 1058
729 1059
729 1060
729 1061
729 1062
729 828
729 828
729 1063
729 1064
729 1065
729 1066
729 1067
729 1068
729 1069
729 730
729 2147
730 828
730 1414
730 1069
730 2029
731 732
731 2174
732 1683
732 1743
732 1744
732 1745
732 2174
733 2114
733 1382
733 2177
734 1011
734 2665
735 736
735 1464
736 1464
736 1467
736 2649
738 2016
739 1641
739 1837
739 1838
739 2016
739 2028
739 2029
740 741
740 742
740 743
740 744
740 2010
740 2119
740 2646
742 2015
743 1568
743 2119
743 862
743 1737
743 1572
743 744
744 2119
744 2316
744 2120
745 746
746 1490
747 1071
747 748
748 2428
749 2308
749 2428
749 2431
751 752
751 851
751 859
751 860
751 852
751 1116
752 760
752 760
752 761
752 859
752 860
752 2435
753 754
753 2407
754 1367
755 756
755 757
755 757
755 2141
757 2141
758 759
759 762
759 860
759 1116
759 1116
760 859
760 861
760 863
760 761
761 859
763 764
763 1283
765 766
765 790
765 1542
767 768
767 769
767 770
767 941
768 941
769 941
769 770
770 941
771 772
771 773
771 1394
771 2126
771 2128
771 2131
772 1160
772 1339
772 2126
773 1339
773 1394
773 2641
774 775
776 777
776 1564
777 1694
778 779
778 780
778 781
778 782
778 783
778 784
778 785
778 786
778 787
778 788
778 789
778 790
778 791
778 792
778 793
778 794
778 795
778 796
778 797
778 798
778 799
778 800
778 801
778 802
778 803
779 1071
779 1287
780 1542
781 791
781 792
781 1542
782 786
782 1235
782 1287
783 1117
783 784
783 790
783 790
783 791
783 1118
783 1119
784 1120
784 1235
784 790
784 791
785 1134
785 849
785 1135
785 1037
785 1136
785 1052
785 790
785 791
785 1534
786 935
786 1151
786 1152
786 1153
786 1235
786 791
787 790
787 1287
787 1542
787 2637
788 1235
788 1237
788 1129
788 790
788 1663
789 790
789 1246
789 2282
790 987
790 1117
790 849
790 935
790 1266
790 1137
790 1166
790 791
790 1241
790 793
790 1243
790 1244
790 1246
790 1267
790 1268
790 1196
790 804
790 1269
790 805
790 1270
790 814
790 1262
790 800
790 1271
790 1272
790 1273
790 1198
790 1274
790 1275
790 1129
790 1276
790 1039
790 1118
790 1277
790 1278
790 1203
790 1279
790 1280
790 1205
790 1119
791 1120
791 1281
791 849
791 1145
791 1239
791 792
791 793
791 1243
791 797
791 1282
791 1283
791 1284
791 1285
791 1255
791 1286
791 1203
791 1052
791 2082
792 797
792 797
792 1542
793 1367
793 2082
794 1235
794 1117
794 1420
794 1420
794 1118
794 1421
794 1422
794 1119
794 2697
795 1056
795 1415
795 870
795 938
795 1079
795 1145
795 871
795 1141
795 1419
795 1228
795 1423
795 836
795 1424
795 878
795 1425
795 1426
795 1427
795 1428
795 1429
795 1430
795 1431
795 1432
795 886
795 891
795 1433
795 1136
796 1542
797 1542
798 800
798 801
799 957
799 2545
799 2554
801 1028
801 1373
801 2097
801 1377
801 1380
802 2299
802 2685
803 1278
804 1196
805 1196
806 2082
806 2367
806 2584
807 808
807 809
807 810
807 811
809 1231
809 1314
809 810
809 811
809 2278
810 2628
812 813
812 813
814 1246
814 1274
815 1524
816 817
816 818
816 819
817 1087
817 1150
818 1588
818 1479
818 1766
819 1476
819 1111
820 821
820 822
820 823
820 824
820 825
820 1183
821 1513
821 1775
821 2147
821 2174
822 866
822 870
822 947
822 823
823 870
824 1775
824 2147
824 2174
824 2181
824 825
825 1775
825 2147
825 1409
826 827
826 828
826 829
826 830
826 831
826 1011
826 950
827 1499
828 1057
828 1058
828 1062
828 834
828 1433
829 1283
829 1830
829 1107
830 2016
831 2578
831 1181
831 1182
831 2443
832 833
832 834
833 962
833 1011
833 1054
834 1290
834 1629
834 1631
836 941
836 1573
836 1646
836 2008
836 2025
837 838
837 1960
838 842
839 840
839 841
840 1443
840 2119
840 1571
842 843
842 844
843 1250
843 1326
843 1574
843 2125
843 1717
843 2123
844 1838
845 846
845 847
846 1366
846 1367
847 1378
847 2706
848 1400
848 1729
851 852
851 853
851 854
851 859
852 859
852 860
852 860
853 854
854 1737
854 2012
855 856
855 857
855 858
856 857
856 858
856 858
857 858
859 860
859 861
859 862
859 863
859 2255
859 2259
860 861
860 861
860 1121
860 2259
861 1521
861 863
862 969
862 2012
862 2120
864 865
864 1673
865 1497
866 867
866 868
866 869
866 870
866 871
866 872
866 873
866 874
866 875
866 876
866 877
866 878
866 879
866 880
866 881
866 882
866 883
866 884
866 885
866 886
866 887
866 888
866 889
866 890
866 891
866 892
866 893
866 1233
869 941
869 1011
869 944
871 1190
871 1828
871 1829
871 1949
872 1484
872 879
872 880
872 890
872 1233
873 2117
874 1636
874 1430
874 1771
874 891
875 1453
875 1952
875 1006
875 878
875 2424
876 1957
876 1938
876 1840
877 941
877 1011
877 944
877 1932
877 888
877 889
878 1004
878 1006
878 1006
878 881
878 2073
879 994
879 1897
879 2080
879 880
880 994
881 2008
881 2073
881 1817
882 1143
882 1901
883 1840
884 2600
884 2104
885 886
886 2473
887 2073
887 2241
888 941
888 944
888 1951
888 889
889 941
889 944
890 1017
891 1637
891 1430
891 1017
891 2539
891 1018
891 2076
892 1482
892 2075
893 2074
893 1980
894 1315
897 898
897 899
897 900
897 901
897 902
899 901
900 1463
901 902
901 1263
902 1973
903 904
903 905
903 906
903 2118
904 913
904 1542
905 1296
905 1322
905 906
905 2118
906 2118
907 908
907 909
907 1534
907 1408
908 2190
908 2422
910 911
911 1188
913 914
913 915
913 916
913 917
913 918
913 919
913 920
913 921
913 922
913 923
913 924
913 925
913 925
913 926
913 927
914 1542
914 925
915 1320
915 917
915 918
915 1522
916 1318
916 1754
916 925
916 2623
917 1989
918 1989
918 1679
919 925
919 1393
920 925
921 924
921 924
921 925
921 2623
922 923
922 925
922 2623
923 925
923 2623
924 2390
924 2623
924 2623
924 927
924 925
925 1320
925 1517
925 1384
925 2390
925 2188
925 1391
925 2623
925 926
926 1367
928 929
928 1029
929 1016
929 2156
930 931
930 932
930 933
931 932
932 933
933 934
933 2432
934 2432
935 936
935 1235
936 994
936 1260
937 2054
937 1710
937 1711
938 939
938 940
939 1011
939 1956
939 2156
940 1011
940 1956
940 2156
941 942
941 943
941 944
941 945
941 946
941 947
941 948
941 949
941 950
941 951
941 952
941 953
941 1428
942 1137
942 949
943 1137
944 1343
944 947
944 2132
945 1071
945 1460
946 1982
946 1990
947 1011
947 1774
947 1817
947 1666
948 1091
948 1938
948 949
949 1782
949 1054
949 1895
949 1091
949 1460
949 1812
949 1934
949 950
949 1095
949 1979
949 1980
949 1981
949 1482
950 1114
950 2093
950 1748
950 1786
950 2016
950 2160
950 1382
950 2157
950 2158
950 1658
950 1136
950 2177
950 2177
950 1750
950 2178
950 1752
951 1936
951 2028
951 2029
952 2594
953 2599
954 955
954 956
955 956
957 1654
957 1721
957 1722
958 1591
958 959
959 1591
960 1907
961 2474
962 963
962 964
962 1930
963 964
965 966
967 968
967 968
970 971
972 974
972 2545
972 1217
973 1217
974 2545
975 976
975 1973
975 2155
976 984
977 1235
978 979
978 980
978 980
978 981
978 982
978 983
979 989
980 984
980 1973
980 2155
981 1367
981 1534
981 2667
982 983
982 2642
984 985
984 986
985 1629
985 1478
985 1495
986 989
986 1114
986 2248
987 1127
987 1235
988 1235
989 990
989 991
989 992
990 1032
990 1946
991 1030
991 1478
992 1044
993 1235
994 995
994 1894
995 1608
995 1611
995 2549
997 1757
997 1758
997 1759
997 1760
997 1761
997 1762
997 1762
997 1763
997 1764
998 2559
999 2559
1000 2559
1001 1002
1001 1003
1002 1003
1002 2557
1003 2557
1004 1005
1004 1006
1004 1143
1004 1915
1005 1453
1006 1087
1006 1290
1006 1090
1006 1104
1007 2010
1007 2012
1007 2119
1007 2220
1007 2015
1007 2646
1008 1188
1010 1250
1011 1012
1011 1013
1011 1014
1011 1015
1011 1016
1011 1017
1011 1018
1012 1137
1012 1894
1012 2132
1013 1932
1014 1932
1015 1772
1015 2147
1016 2123
1017 1951
1017 2443
1018 1430
1018 2443
1019 1326
1019 1443
1019 1568
1020 1542
1023 1542
1024 1542
1025 1534
1025 1542
1026 1542
1028 1371
1028 1542
1029 1417
1029 1503
1030 1727
1031 1447
1031 1730
1031 1660
1031 1735
1032 1790
1032 1792
1033 1813
1034 1813
1035 1367
1035 1742
1035 1381
1035 1211
1036 2309
1037 2267
1038 2476
1039 1202
1039 2363
1039 2363
1039 2364
1040 2375
1040 2375
1040 2376
1041 1707
1041 1053
1042 1047
1043 2313
1044 2403
1045 2274
1046 2329
1047 2587
1048 1534
1048 2597
1049 2631
1050 2690
1051 2428
1052 1640
1052 2685
1052 1244
1052 2299
1053 1468
1053 1490
1054 1055
1058 2563
1059 1206
1059 1207
1060 1082
1060 1062
1060 1833
1060 2319
1060 2626
1062 2299
1063 1787
1063 2008
1063 2016
1063 2019
1063 2026
1064 1425
1065 1811
1065 2016
1066 2676
1067 1070
1067 2626
1068 2563
1069 2563
1070 2114
1071 1072
1071 1073
1071 1074
1071 1075
1071 1076
1071 1077
1072 2498
1073 1137
1073 1146
1073 2411
1074 1290
1074 1631
1074 2177
1075 1364
1075 1365
1075 1806
1076 1290
1076 1643
1079 1080
1080 1608
1080 2006
1081 1082
1081 2318
1082 1326
1082 2605
1083 1084
1083 1084
1083 1085
1083 1086
1084 1412
1085 1501
1085 1966
1085 1968
1085 1086
1085 2172
1086 1501
1087 1088
1087 1089
1087 1090
1087 1091
1087 1092
1087 1093
1087 1094
1087 1095
1087 1096
1087 1097
1087 1098
1087 1099
1087 1100
1087 1101
1087 1102
1087 1103
1087 1104
1087 1229
1087 1232
1087 1859
1088 1185
1088 1290
1090 1313
1090 1091
1091 1290
1091 1313
1091 1646
1091 1093
1091 1095
1092 1232
1092 1860
1094 1859
1094 1860
1094 1860
1095 1290
1096 1250
1096 1326
1096 2388
1097 1819
1098 2388
1099 1100
1099 1101
1100 1290
1102 1247
1102 1248
1102 1316
1102 1103
1104 2627
1105 1106
1105 1107
1105 1218
1106 1218
1106 1855
1108 1109
1108 1235
1109 1235
1110 1352
1111 1435
1111 1435
1113 1765
1113 1766
1113 2566
1114 1115
1118 1136
1119 1136
1120 1235
1120 2203
1121 2435
1122 1123
1122 1124
1122 1125
1122 1126
1123 1124
1124 1126
1124 2466
1125 1684
1125 1694
1126 2394
1127 1128
1127 1129
1127 1241
1128 1272
1129 1241
1129 1488
1130 1131
1130 1132
1130 1133
1131 1485
1132 1485
1132 1321
1133 1485
1133 1321
1133 1978
1134 1542
1135 2179
1136 2303
1137 1138
1137 1139
1137 1140
1137 1141
1137 1142
1137 1143
1139 2563
1140 1640
1143 1144
1143 1145
1143 1146
1143 1147
1143 1148
1143 1149
1145 1428
1146 1448
1146 1285
1146 1449
1146 1450
1146 1451
1147 1214
1147 1851
1147 1343
1147 2037
1147 2038
1147 2039
1147 2040
1147 2041
1147 1799
1147 2042
1147 1855
1147 1856
1147 1857
1147 2043
1147 2044
1147 1801
1147 2045
1147 2046
1147 2047
1147 2048
1147 2049
1148 2026
1148 1149
1151 1239
1151 1452
1151 1456
1151 1313
1152 1235
1152 2082
1153 1663
1154 1155
1154 1156
1154 1157
1154 1158
1154 1159
1156 1511
1156 1157
1156 1157
1156 1158
1156 2318
1157 1158
1157 1159
1157 1159
1158 2318
1158 2645
1159 1511
1159 2119
1159 2318
1160 1161
1161 1852
1161 2126
1162 1542
1163 1164
1163 1165
1163 1166
1163 1167
1164 2469
1165 1166
1165 1167
1166 1167
1166 1168
1166 1169
1166 1275
1166 2588
1168 1232
1168 1583
1168 1998
1169 1582
1169 1583
1169 2588
1170 1171
1170 1172
1170 1173
1170 1462
1171 1174
1171 1462
1172 1176
1172 1173
1173 1462
1173 1175
1173 1177
1173 1178
1174 1175
1174 1176
1174 1177
1174 1178
1175 2272
1177 1178
1178 2272
1179 1180
1181 1182
1183 1184
1186 1187
1186 2469
1187 1400
1190 1829
1190 1949
1190 2553
1191 2069
1191 1489
1191 2072
1192 1249
1192 1199
1192 2559
1193 1223
1193 1224
1193 1225
1193 1226
1194 1233
1194 1234
1195 1199
1196 1198
1196 1271
1197 1339
1197 1921
1199 2082
1199 2183
1199 1267
1199 1253
1199 1424
1199 2184
1199 1452
1200 1941
1200 2337
1200 2337
1200 1201
1201 1941
1201 1965
1201 2337
1201 2555
1202 2586
1203 1242
1204 1234
1206 1207
1208 1209
1208 1542
1208 2186
1208 2359
1208 2689
1209 2560
1209 2603
1209 2667
1209 2689
1210 1211
1210 1501
1210 2486
1213 1214
1214 1599
1214 2057
1214 1749
1216 2194
1217 2361
1218 1219
1218 1220
1218 1221
1218 1222
1218 1855
1219 1626
1220 1681
1220 1221
1221 2081
1222 1681
1224 1473
1224 1799
1224 1226
1225 1851
1225 1395
1225 1852
1225 1226
1225 1798
1226 2033
1226 1800
1226 2704
1227 1228
1227 1228
1227 1542
1227 1918
1228 1542
1228 1918
1229 1230
1229 1231
1229 1232
1229 1232
1230 1232
1231 1313
1231 1314
1231 1315
1231 1316
1231 1317
1232 1347
1232 1348
1232 1349
1232 1350
1232 1351
1232 1352
1232 1317
1232 1353
1233 2408
1234 1363
1234 1664
1235 1236
1235 1237
1235 1238
1235 1239
1235 1240
1235 1241
1235 1242
1235 1243
1235 1244
1235 1245
1235 1246
1236 1260
1236 1663
1238 2638
1238 2690
1239 1313
1240 2082
1241 1246
1243 1260
1243 1474
1243 2082
1244 1452
1244 2183
1246 1261
1246 1269
1246 1273
1246 1274
1246 1275
1246 1279
1246 1280
1247 1248
1247 1249
1248 1249
1248 1316
1249 1396
1249 1397
1250 1251
1250 1252
1250 1253
1250 1254
1250 1255
1250 1256
1250 1257
1251 1436
1251 1505
1252 1695
1252 1741
1252 1976
1252 2065
1253 2082
1254 2138
1257 1326
1257 1561
1258 1367
1260 1261
1260 1262
1260 1263
1260 1264
1260 1265
1261 1911
1261 1917
1262 1728
1262 2142
1262 1751
1263 2657
1263 2686
1264 1289
1264 1265
1265 1289
1265 1289
1266 1287
1267 1456
1267 1285
1268 1272
1269 2183
1270 2053
1271 2124
1272 1847
1272 2082
1272 2133
1273 1606
1275 2282
1276 2637
1279 1280
1280 2637
1281 1664
1281 2349
1281 2478
1281 2551
1283 1653
1283 1830
1283 2547
1283 2644
1284 1567
1285 2176
1285 1424
1285 2183
1286 2082
1286 2119
1286 1958
1286 2083
1287 1288
1287 1289
1288 1736
1288 1740
1288 1642
1290 1291
1290 1292
1290 1293
1290 1294
1290 1295
1292 1910
1293 2092
1294 1465
1294 2092
1295 2092
1296 1319
1296 1324
1296 1304
1297 2118
1298 1299
1298 1303
1299 2118
1299 1303
1300 2118
1301 2118
1302 1303
1303 2118
1303 1322
1304 1319
1304 1319
1304 1324
1305 1306
1306 1325
1308 1310
1309 1310
1311 1312
1311 1542
1312 1542
1313 1315
1313 1316
1314 2627
1315 1481
1315 1316
1315 1316
1316 1480
1316 1481
1316 2567
1317 1435
1317 2522
1318 1517
1319 2118
1319 2276
1321 1485
1322 2118
1323 2186
1323 1522
1324 2276
1326 1327
1326 1328
1327 1568
1327 1978
1327 2065
1328 2604
1328 2619
1328 2620
1329 1330
1330 1358
1330 1853
1330 1854
1330 2126
1331 1332
1331 1333
1331 1334
1331 1340
1331 1626
1331 1861
1332 1714
1332 1715
1332 1716
1333 1340
1333 1620
1333 1338
1333 1621
1333 1920
1333 1861
1334 1335
1334 1336
1337 1338
1338 1620
1338 1620
1338 1621
1338 1626
1339 1340
1339 1341
1339 1342
1340 1714
1340 1861
1340 1442
1340 1341
1340 2571
1341 1442
1342 2571
1342 2581
1344 1345
1344 1346
1344 1346
1344 1355
1345 1346
1346 1354
1346 1355
1348 1643
1348 1643
1348 1349
1348 1645
1348 1646
1348 1647
1348 1427
1348 1648
1348 1438
1349 1643
1349 1957
1350 1597
1350 1789
1350 2566
1351 2609
1352 1476
1352 2384
1352 2385
1352 1432
1352 2386
1354 1355
1356 1357
1356 1358
1357 1563
1358 1854
1358 1563
1359 1360
1362 2160
1362 2240
1363 2028
1364 1807
1364 2070
1365 1816
1366 1367
1367 1368
1367 1369
1367 1370
1367 1371
1367 1372
1367 1373
1367 1374
1367 1375
1367 1376
1367 1377
1367 1378
1367 1379
1367 1380
1367 1381
1367 1382
1367 1383
1367 1384
1367 1384
1367 1385
1367 1386
1367 1387
1367 1388
1367 1389
1367 1390
1367 1390
1367 1391
1367 1392
1367 1393
1367 1511
1367 1826
1368 1542
1369 1534
1369 1542
1371 1542
1372 1826
1373 1380
1373 2145
1374 1845
1374 1845
1375 1954
1375 1955
1375 1955
1376 1468
1376 1826
1376 2003
1376 2601
1378 1382
1379 1804
1379 1806
1379 2000
1380 1490
1380 1534
1381 2196
1381 2320
1381 1390
1382 1783
1382 2177
1383 2596
1384 1388
1385 1390
1386 1392
1387 1534
1387 2639
1389 2406
1391 1393
1394 1395
1394 1410
1394 2035
1395 1798
1395 2033
1395 2704
1397 2349
1397 1483
1398 1399
1400 1401
1400 1889
1400 1893
1401 1583
1401 1960
1401 1892
1401 1838
1403 1404
1403 1542
1403 1670
1405 1406
1405 1407
1405 1408
1405 1409
1407 1413
1407 1993
1407 2050
1407 2092
1408 1413
1409 2147
1410 1411
1410 2128
1410 2131
1414 1578
1414 1423
1414 2016
1414 2268
1420 1566
1420 1567
1420 1421
1420 2697
1421 2697
1422 1504
1422 2509
1423 1578
1423 1656
1423 1657
1423 1658
1423 1748
1423 1782
1423 2268
1423 2177
1425 2147
1426 1475
1427 1643
1428 1475
1428 2132
1429 2501
1431 2400
1432 1476
1432 1477
1435 1579
1435 1479
1435 1765
1435 2052
1436 1437
1436 1438
1437 1439
1437 2151
1439 1440
1441 2644
1442 2571
1443 1444
1443 1445
1444 1568
1444 2646
1445 1568
1446 1447
1447 2645
1448 1563
1449 2297
1450 1451
1452 2183
1454 1455
1454 1542
1455 1542
1456 1457
1457 1567
1458 1542
1458 1991
1459 1542
1459 2358
1460 1811
1460 2177
1463 1845
1463 2349
1464 1465
1464 1466
1464 1467
1464 2649
1467 2536
1468 1469
1468 1470
1468 1471
1468 1472
1469 1827
1470 2053
1470 2054
1470 1710
1471 2053
1471 2054
1471 1710
1472 2053
1472 2003
1474 2203
1475 1717
1475 1998
1476 1579
1476 1580
1476 1477
1476 1477
1476 1479
1476 1765
1476 1766
1476 1767
1477 1579
1477 1580
1477 1479
1477 1765
1477 1766
1477 1768
1477 1767
1478 2155
1479 1765
1482 2073
1482 1979
1482 1980
1483 2700
1483 2409
1484 2077
1484 2160
1486 1487
1490 1491
1490 1492
1490 1493
1490 1494
1490 1495
1490 1534
1491 1534
1491 1542
1492 1534
1492 1493
1492 1494
1493 1534
1494 1534
1497 2167
1498 2678
1499 1500
1500 2365
1501 1502
1503 1936
1503 1837
1504 1542
1506 2423
1507 1634
1507 1635
1507 2251
1508 1923
1509 1923
1509 2064
1510 1751
1511 1512
1511 1513
1511 1514
1511 1515
1511 1542
1512 1542
1513 1784
1513 1839
1513 1840
1513 1841
1513 2165
1514 1515
1516 1564
1517 1754
1518 1519
1518 1520
1518 1778
1519 1589
1519 1778
1519 1520
1519 2180
1520 1778
1523 2393
1524 1525
1524 1526
1524 1527
1524 1528
1525 1527
1525 1528
1526 2427
1526 1528
1527 2355
1527 2356
1528 2687
1529 1606
1529 2203
1530 2203
1531 1915
1531 2203
1532 2203
1534 1535
1534 1536
1534 1537
1534 1538
1534 1539
1534 1539
1534 1540
1534 1541
1534 2310
1534 2312
1535 1542
1536 1542
1538 1623
1539 2310
1539 2312
1539 2311
1540 2657
1540 2663
1541 2653
1542 1543
1542 1544
1542 1545
1542 1546
1542 1547
1542 1548
1542 1549
1542 1550
1542 1551
1542 1552
1542 1553
1542 1554
1542 1555
1542 1556
1542 1557
1542 1558
1542 1559
1542 1560
1549 2360
1552 2491
1558 2668
1559 2393
1560 1565
1560 2309
1563 1625
1563 1854
1563 2166
1566 1700
1567 2116
1568 1569
1568 1570
1568 1571
1568 1572
1570 1706
1570 1891
1570 2646
1571 2010
1571 2119
1571 2646
1572 2120
1572 2014
1575 1576
1575 1577
1575 1712
1577 1712
1577 1776
1577 2027
1577 2185
1578 1656
1578 2016
1578 2268
1579 1580
1580 2143
1581 1686
1581 1976
1581 2065
1581 1845
1582 1583
1582 1583
1582 1584
1582 1893
1583 1741
1583 1584
1583 1958
1583 1959
1583 1960
1583 2588
1584 1976
1584 1978
1584 2065
1585 1586
1585 1586
1585 1932
1585 2408
1586 1932
1586 2408
1587 1588
1587 1597
1588 1597
1588 1598
1588 2051
1589 1590
1589 1591
1589 1592
1589 1593
1589 1594
1591 1940
1591 1941
1592 1884
1593 1594
1595 1596
1595 1659
1597 1598
1598 1789
1599 1600
1599 2136
1600 1749
1600 1749
1601 1602
1601 1887
1602 1756
1603 1604
1603 1604
1603 1605
1606 2082
1606 2203
1607 1718
1608 1609
1608 1610
1608 1611
1608 1612
1608 1613
1608 1614
1608 1615
1608 1616
1608 1617
1608 1618
1608 1619
1609 1612
1609 1613
1609 1617
1609 1617
1609 1610
1609 2032
1610 1612
1610 1617
1610 1613
1610 2006
1612 2032
1612 1617
1613 2006
1614 2006
1615 2006
1616 1618
1618 1619
1620 1621
1620 2055
1621 1873
1621 1626
1622 1623
1622 1624
1622 1869
1622 1942
1623 1942
1624 1942
1625 1626
1625 1626
1625 1627
1626 1628
1626 1628
1626 1922
1626 1627
1627 1628
1629 1630
1629 1631
1630 1631
1630 2092
1631 1632
1631 1645
1631 1994
1633 1809
1635 2251
1636 1637
1637 2539
1638 1639
1639 2213
1640 1641
1641 2016
1642 1795
1643 1644
1645 1648
1645 1648
1645 1957
1646 2154
1648 1811
1648 1957
1649 1650
1651 1652
1651 1858
1652 1858
1652 2404
1653 1830
1653 2547
1654 1655
1654 1908
1654 2330
1655 2202
1656 1874
1656 1657
1656 2016
1656 2160
1656 2268
1657 1874
1657 2168
1657 2268
1658 2268
1660 1804
1661 1662
1661 2118
1662 2118
1663 1664
1664 2350
1665 1666
1665 1774
1665 2147
1665 1817
1666 1774
1666 1817
1667 1668
1667 1669
1668 1788
1671 1672
1671 1673
1671 1673
1672 1673
1674 1918
1675 1678
1675 1918
1676 1918
1676 1677
1677 2495
1677 2495
1677 1678
1678 2495
1679 1814
1679 2446
1680 2555
1682 2520
1682 2606
1684 1685
1688 1689
1690 1691
1690 1691
1690 1692
1690 1693
1690 1894
1691 1692
1691 1700
1691 1702
1691 1703
1691 1705
1692 1693
1692 1700
1692 1702
1692 1703
1692 1705
1693 1700
1695 1976
1695 2065
1696 1697
1696 1709
1696 2119
1696 2316
1697 1709
1697 2119
1697 2316
1698 1700
1701 1927
1701 1928
1706 1707
1706 1708
1707 1708
1707 1818
1708 1818
1708 1913
1710 2053
1710 1711
1710 1711
1711 2053
1712 1713
1714 1715
1714 1716
1718 1719
1718 1720
1718 1720
1719 1818
1719 1819
1719 1720
1720 1946
1721 1826
1722 2171
1722 2171
1722 2585
1722 2662
1723 1724
1723 1724
1725 1726
1726 2079
1728 2142
1728 1751
1729 2192
1730 1978
1730 2084
1730 1845
1737 2012
1737 2119
1738 1739
1741 1976
1741 2065
1743 1745
1745 2168
1746 1747
1747 2699
1748 1749
1748 1750
1748 1751
1748 1752
1748 1752
1748 2178
1749 2057
1750 2178
1750 1752
1752 2178
1755 2359
1755 2360
1757 1759
1757 2662
1758 1759
1758 2426
1758 2662
1759 1904
1759 1760
1759 1763
1759 1931
1759 1761
1760 2502
1760 2662
1762 1907
1763 2412
1764 2506
1765 1766
1767 2289
1768 2052
1769 1770
1770 2001
1770 2002
1770 1975
1771 2539
1772 1773
1772 2147
1773 1774
1773 2147
1774 1775
1774 2147
1774 1817
1775 2147
1775 1817
1776 1777
1777 2185
1778 1779
1780 1781
1780 1781
1782 1783
1782 1784
1782 1785
1782 1786
1783 1811
1783 2177
1785 2016
1786 2159
1787 2479
1787 2563
1787 2569
1787 2626
1788 1793
1790 1791
1790 1792
1791 1797
1794 1795
1796 1914
1798 1799
1798 1799
1798 1852
1798 2033
1799 1800
1799 1801
1799 2033
1799 2035
1800 2182
1801 1852
1802 1803
1804 1805
1804 1806
1804 1807
1804 1808
1806 2000
1807 1826
1807 2706
1808 1827
1809 1810
1810 2652
1811 1812
1811 1813
1812 2092
1812 2681
1813 2086
1813 2087
1813 1840
1814 1815
1815 1919
1815 2118
1818 1868
1818 1912
1820 1821
1821 1899
1824 1825
1824 1825
1824 1831
1824 2604
1825 1831
1825 2604
1826 1827
1827 2217
1828 1829
1828 1949
1829 1949
1831 1832
1831 1833
1831 2119
1832 1833
1832 2319
1833 2031
1833 2318
1833 2319
1833 2389
1834 2016
1835 1836
1835 2016
1835 2029
1836 2397
1836 1883
1836 2563
1837 2016
1840 1957
1840 1957
1840 2112
1840 2113
1840 2114
1841 2634
1843 2559
1844 2423
1845 1978
1846 2559
1848 1849
1848 1850
1850 2532
1850 2532
1850 2491
1850 2534
1850 2537
1851 1852
1852 2704
1853 1922
1853 2173
1853 2677
1855 1856
1855 1857
1855 1858
1855 2047
1855 2048
1856 1900
1856 1973
1856 2155
1858 2091
1859 1860
1861 2101
1861 2102
1862 1863
1862 1864
1864 2595
1866 1867
1870 1871
1874 2016
1874 2268
1875 1876
1877 1942
1877 1942
1878 1879
1880 1881
1880 2143
1880 2155
1880 2204
1880 2177
1880 2593
1881 2557
1882 1883
1882 2029
1882 2168
1883 2016
1883 2168
1883 2397
1884 1885
1884 1886
1888 1915
1889 1890
1889 1891
1889 1892
1889 1893
1890 1986
1892 1960
1893 1958
1893 1959
1894 1895
1894 1896
1894 1897
1894 1898
1895 1949
1897 2080
1900 2301
1901 1902
1901 1903
1901 2117
1902 1903
1904 2502
1904 2662
1906 2184
1908 1909
1909 2448
1912 1913
1912 1918
1913 1918
1915 1916
1920 2142
1921 2173
1922 2677
1923 1947
1924 1925
1929 1930
1929 1930
1930 1936
1930 1937
1931 2412
1932 1933
1932 1934
1932 1935
1935 2656
1938 2092
1938 2479
1939 2646
1942 1943
1942 1944
1942 1945
1942 2090
1946 2088
1946 2089
1947 2330
1947 2528
1948 2330
1948 2528
1949 1950
1949 1951
1950 2132
1951 2526
1951 2009
1952 1953
1954 1955
1956 1990
1956 2195
1957 2023
1957 2024
1957 2026
1957 2028
1958 1959
1961 1962
1963 1964
1963 1966
1963 1968
1963 2034
1963 1969
1964 1966
1964 1969
1965 2507
1965 2535
1965 2555
1966 1967
1966 1968
1966 1968
1966 1969
1966 2034
1967 1968
1967 1971
1968 1970
1968 1971
1968 1972
1969 2034
1973 1974
1973 1975
1976 1977
1981 2121
1982 1983
1982 1984
1982 1985
1983 2019
1984 2019
1987 1988
1990 1991
1990 2156
1991 2156
1991 2358
1992 2527
1993 1994
1994 2085
1994 2156
1995 1996
1995 1996
1995 1997
1995 2105
1995 2110
1996 2105
1996 2106
1996 2107
1996 2109
1996 1997
1996 2108
1996 2110
1997 2105
1997 2110
1997 2106
1998 1999
2003 2601
2004 2005
2006 2007
2008 2009
2009 2073
2010 2011
2011 2119
2012 2013
2012 2014
2012 2015
2013 2316
2015 2220
2016 2017
2016 2018
2019 2020
2020 2562
2023 2026
2024 2025
2024 2562
2027 2185
2028 2029
2028 2030
2028 2031
2030 2562
2031 2319
2031 2389
2031 2562
2035 2128
2035 2131
2047 2048
2053 2054
2060 2061
2060 2173
2062 2063
2065 2066
2067 2595
2070 2071
2073 2074
2073 2075
2073 2076
2073 2160
2077 2078
2082 2083
2084 2111
2091 2404
2092 2093
2092 2094
2095 2096
2095 2097
2095 2098
2095 2099
2101 2142
2102 2126
2103 2600
2104 2600
2105 2106
2105 2107
2105 2108
2106 2110
2107 2110
2107 2108
2108 2110
2108 2109
2109 2110
2113 2626
2119 2120
2119 2121
2119 2122
2119 2316
2120 2122
2126 2127
2127 2131
2128 2131
2130 2195
2134 2135
2139 2204
2143 2144
2144 2638
2144 2409
2145 2146
2147 2148
2147 2149
2147 2150
2156 2157
2156 2158
2156 2159
2157 2158
2157 2159
2160 2177
2161 2162
2169 2170
2171 2200
2171 2662
2174 2175
2175 2181
2175 2665
2175 2421
2176 2183
2177 2592
2177 2593
2181 2318
2181 2657
2181 2421
2183 2184
2184 2199
2186 2187
2186 2188
2187 2689
2190 2191
2192 2193
2196 2476
2197 2198
2197 2198
2202 2518
2205 2208
2205 2211
2206 2568
2207 2212
2208 2212
2209 2211
2210 2211
2210 2212
2211 2464
2211 2380
2211 2381
2211 2394
2211 2465
2211 2466
2211 2467
2212 2568
2212 2464
2214 2302
2215 2541
2218 2219
2221 2222
2223 2224
2223 2701
2223 2702
2224 2701
2226 2227
2226 2231
2227 2228
2227 2231
2228 2231
2232 2233
2233 2249
2233 2247
2233 2234
2233 2248
2234 2246
2234 2247
2234 2248
2235 2236
2235 2260
2236 2260
2239 2240
2239 2241
2242 2280
2242 2281
2242 2503
2243 2280
2243 2281
2243 2503
2244 2245
2246 2247
2246 2248
2246 2248
2246 2480
2247 2249
2247 2250
2247 2248
2247 2248
2247 2480
2248 2249
2248 2250
2248 2480
2250 2480
2251 2252
2252 2559
2253 2254
2255 2256
2255 2257
2255 2258
2255 2258
2255 2259
2255 2370
2256 2543
2257 2258
2257 2543
2258 2370
2258 2371
2262 2263
2262 2264
2263 2264
2265 2266
2265 2649
2266 2653
2270 2271
2272 2273
2274 2275
2283 2284
2284 2677
2286 2287
2286 2287
2286 2288
2286 2638
2287 2288
2287 2638
2290 2291
2292 2293
2292 2294
2294 2628
2297 2298
2299 2594
2302 2303
2304 2305
2306 2307
2308 2555
2310 2311
2310 2312
2311 2312
2311 2313
2314 2315
2315 2396
2320 2321
2320 2322
2320 2323
2320 2324
2320 2325
2320 2326
2320 2327
2320 2328
2320 2329
2320 2688
2321 2322
2321 2324
2322 2688
2323 2519
2323 2688
2324 2519
2324 2328
2324 2329
2325 2326
2325 2688
2326 2328
2328 2519
2328 2329
2328 2688
2330 2331
2331 2448
2331 2449
2331 2497
2331 2528
2331 2572
2333 2334
2333 2335
2334 2366
2338 2345
2340 2341
2343 2344
2343 2344
2344 2552
2346 2347
2349 2350
2349 2351
2349 2352
2350 2351
2350 2478
2350 2352
2350 2551
2351 2478
2351 2551
2353 2354
2355 2356
2359 2360
2361 2362
2364 2698
2368 2369
2370 2371
2370 2372
2373 2374
2375 2376
2377 2378
2378 2457
2378 2628
2380 2381
2380 2381
2380 2465
2381 2465
2382 2383
2384 2385
2384 2386
2392 2403
2392 2560
2394 2395
2396 2444
2396 2447
2398 2399
2401 2402
2402 2545
2404 2411
2408 2409
2414 2415
2414 2416
2417 2418
2418 2656
2420 2421
2424 2634
2425 2426
2426 2611
2426 2612
2428 2429
2428 2430
2428 2431
2433 2434
2433 2657
2437 2438
2439 2440
2441 2442
2443 2526
2444 2445
2448 2449
2449 2577
2450 2451
2452 2453
2454 2455
2454 2455
2456 2457
2456 2457
2456 2628
2457 2628
2458 2459
2460 2461
2460 2462
2460 2489
2460 2494
2461 2489
2461 2494
2462 2488
2462 2489
2462 2494
2463 2595
2464 2465
2464 2466
2469 2470
2469 2471
2472 2516
2475 2518
2480 2481
2482 2483
2484 2485
2484 2485
2485 2486
2485 2556
2486 2487
2488 2489
2488 2489
2488 2490
2488 2494
2489 2490
2489 2494
2490 2692
2492 2493
2497 2572
2498 2499
2504 2506
2505 2506
2506 2508
2507 2518
2512 2513
2512 2513
2512 2514
2512 2515
2513 2514
2513 2515
2517 2518
2520 2521
2522 2566
2523 2524
2523 2525
2524 2525
2529 2530
2532 2533
2532 2534
2543 2544
2545 2546
2547 2548
2549 2550
2552 2565
2554 2555
2554 2595
2555 2595
2560 2561
2569 2570
2573 2574
2575 2576
2579 2580
2579 2580
2582 2583
2606 2607
2606 2608
2607 2656
2609 2610
2611 2612
2611 2612
2614 2615
2615 2632
2616 2617
2616 2657
2621 2622
2624 2625
2629 2630
2635 2636
2650 2651
2652 2693
2654 2655
2658 2659
2660 2661
2665 2666
2668 2669
2668 2670
2672 2673
2674 2675
2679 2680
2681 2682
2683 2684
2690 2691
2693 2694
2695 2696
2701 2702
2701 2703
2702 2703
2704 2705
2706 2707
