0 1
0 1
0 5
0 5
0 3
0 3
0 6
0 6
1 2
1 2
1 3
1 3
1 4
1 4
2 5
2 5
2 127
2 127
2 4
2 4
3 10
3 10
3 127
3 127
3 128
3 128
3 129
3 129
4 6
4 6
4 92
4 92
4 175
4 175
4 129
4 129
5 6
5 6
5 127
5 127
6 94
6 94
6 159
6 159
6 129
6 129
7 8
7 8
7 12
7 12
7 10
7 10
7 13
7 13
8 9
8 9
8 10
8 10
8 11
8 11
9 12
9 12
9 87
9 87
9 11
9 11
10 87
10 87
10 128
10 128
10 130
10 130
11 13
11 13
11 95
11 95
11 167
11 167
11 130
11 130
12 13
12 13
12 87
12 87
13 83
13 83
13 146
13 146
13 130
13 130
14 15
14 15
14 19
14 19
14 17
14 17
14 20
14 20
15 16
15 16
15 17
15 17
15 18
15 18
16 19
16 19
16 113
16 113
16 18
16 18
17 24
17 24
17 113
17 113
17 131
17 131
17 132
17 132
18 20
18 20
18 100
18 100
18 171
18 171
18 132
18 132
19 20
19 20
19 113
19 113
20 102
20 102
20 154
20 154
20 132
20 132
21 22
21 22
21 26
21 26
21 24
21 24
21 27
21 27
22 23
22 23
22 24
22 24
22 25
22 25
23 26
23 26
23 49
23 49
23 25
23 25
24 49
24 49
24 131
24 131
24 133
24 133
25 27
25 27
25 103
25 103
25 163
25 163
25 133
25 133
26 27
26 27
26 49
26 49
27 45
27 45
27 137
27 137
27 133
27 133
28 29
28 29
28 33
28 33
28 31
28 31
28 34
28 34
29 30
29 30
29 31
29 31
29 32
29 32
30 33
30 33
30 123
30 123
30 32
30 32
31 38
31 38
31 123
31 123
31 134
31 134
31 135
31 135
32 34
32 34
32 108
32 108
32 173
32 173
32 135
32 135
33 34
33 34
33 123
33 123
34 110
34 110
34 157
34 157
34 135
34 135
35 36
35 36
35 40
35 40
35 38
35 38
35 41
35 41
36 37
36 37
36 38
36 38
36 39
36 39
37 40
37 40
37 71
37 71
37 39
37 39
38 71
38 71
38 134
38 134
38 136
38 136
39 41
39 41
39 111
39 111
39 165
39 165
39 136
39 136
40 41
40 41
40 71
40 71
41 67
41 67
41 142
41 142
41 136
41 136
42 43
42 43
42 47
42 47
42 45
42 45
42 48
42 48
43 44
43 44
43 45
43 45
43 46
43 46
44 47
44 47
44 103
44 103
44 46
44 46
45 103
45 103
45 137
45 137
45 138
45 138
46 48
46 48
46 112
46 112
46 169
46 169
46 138
46 138
47 48
47 48
47 103
47 103
48 99
48 99
48 150
48 150
48 138
48 138
49 113
49 113
49 161
49 161
49 133
49 133
50 51
50 51
50 55
50 55
50 53
50 53
50 56
50 56
51 52
51 52
51 53
51 53
51 54
51 54
52 55
52 55
52 125
52 125
52 54
52 54
53 60
53 60
53 125
53 125
53 139
53 139
53 140
53 140
54 56
54 56
54 118
54 118
54 174
54 174
54 140
54 140
55 56
55 56
55 125
55 125
56 120
56 120
56 158
56 158
56 140
56 140
57 58
57 58
57 62
57 62
57 60
57 60
57 63
57 63
58 59
58 59
58 60
58 60
58 61
58 61
59 62
59 62
59 79
59 79
59 61
59 61
60 79
60 79
60 139
60 139
60 141
60 141
61 63
61 63
61 121
61 121
61 166
61 166
61 141
61 141
62 63
62 63
62 79
62 79
63 75
63 75
63 144
63 144
63 141
63 141
64 65
64 65
64 69
64 69
64 67
64 67
64 70
64 70
65 66
65 66
65 67
65 67
65 68
65 68
66 69
66 69
66 111
66 111
66 68
66 68
67 111
67 111
67 142
67 142
67 143
67 143
68 70
68 70
68 122
68 122
68 170
68 170
68 143
68 143
69 70
69 70
69 111
69 111
70 107
70 107
70 152
70 152
70 143
70 143
71 123
71 123
71 162
71 162
71 136
71 136
72 73
72 73
72 77
72 77
72 75
72 75
72 78
72 78
73 74
73 74
73 75
73 75
73 76
73 76
74 77
74 77
74 121
74 121
74 76
74 76
75 121
75 121
75 144
75 144
75 145
75 145
76 78
76 78
76 124
76 124
76 172
76 172
76 145
76 145
77 78
77 78
77 121
77 121
78 117
78 117
78 155
78 155
78 145
78 145
79 125
79 125
79 164
79 164
79 141
79 141
80 81
80 81
80 85
80 85
80 83
80 83
80 86
80 86
81 82
81 82
81 83
81 83
81 84
81 84
82 85
82 85
82 95
82 95
82 84
82 84
83 95
83 95
83 146
83 146
83 147
83 147
84 86
84 86
84 126
84 126
84 168
84 168
84 147
84 147
85 86
85 86
85 95
85 95
86 91
86 91
86 148
86 148
86 147
86 147
87 127
87 127
87 160
87 160
87 130
87 130
88 89
88 89
88 93
88 93
88 91
88 91
88 94
88 94
89 90
89 90
89 91
89 91
89 92
89 92
90 93
90 93
90 126
90 126
90 92
90 92
91 126
91 126
91 148
91 148
91 149
91 149
92 94
92 94
92 175
92 175
92 149
92 149
93 94
93 94
93 126
93 126
94 159
94 159
94 149
94 149
95 167
95 167
95 147
95 147
96 97
96 97
96 101
96 101
96 99
96 99
96 102
96 102
97 98
97 98
97 99
97 99
97 100
97 100
98 101
98 101
98 112
98 112
98 100
98 100
99 112
99 112
99 150
99 150
99 151
99 151
100 102
100 102
100 171
100 171
100 151
100 151
101 102
101 102
101 112
101 112
102 154
102 154
102 151
102 151
103 163
103 163
103 138
103 138
104 105
104 105
104 109
104 109
104 107
104 107
104 110
104 110
105 106
105 106
105 107
105 107
105 108
105 108
106 109
106 109
106 122
106 122
106 108
106 108
107 122
107 122
107 152
107 152
107 153
107 153
108 110
108 110
108 173
108 173
108 153
108 153
109 110
109 110
109 122
109 122
110 157
110 157
110 153
110 153
111 165
111 165
111 143
111 143
112 169
112 169
112 151
112 151
113 161
113 161
113 132
113 132
114 115
114 115
114 119
114 119
114 117
114 117
114 120
114 120
115 116
115 116
115 117
115 117
115 118
115 118
116 119
116 119
116 124
116 124
116 118
116 118
117 124
117 124
117 155
117 155
117 156
117 156
118 120
118 120
118 174
118 174
118 156
118 156
119 120
119 120
119 124
119 124
120 158
120 158
120 156
120 156
121 166
121 166
121 145
121 145
122 170
122 170
122 153
122 153
123 162
123 162
123 135
123 135
124 172
124 172
124 156
124 156
125 164
125 164
125 140
125 140
126 168
126 168
126 149
126 149
127 160
127 160
127 129
127 129
128 177
128 177
128 176
128 176
128 178
128 178
128 160
128 160
128 180
128 180
128 336
128 336
128 182
128 182
129 149
129 149
129 130
129 130
129 351
129 351
129 336
129 336
130 147
130 147
130 336
130 336
130 343
130 343
131 176
131 176
131 178
131 178
131 183
131 183
131 161
131 161
131 185
131 185
131 337
131 337
131 189
131 189
132 151
132 151
132 133
132 133
132 347
132 347
132 337
132 337
133 138
133 138
133 337
133 337
133 339
133 339
134 193
134 193
134 192
134 192
134 194
134 194
134 162
134 162
134 196
134 196
134 338
134 338
134 198
134 198
135 153
135 153
135 136
135 136
135 349
135 349
135 338
135 338
136 143
136 143
136 338
136 338
136 341
136 341
137 192
137 192
137 194
137 194
137 199
137 199
137 163
137 163
137 201
137 201
137 339
137 339
137 205
137 205
138 151
138 151
138 345
138 345
138 339
138 339
139 209
139 209
139 208
139 208
139 210
139 210
139 164
139 164
139 212
139 212
139 340
139 340
139 214
139 214
140 156
140 156
140 141
140 141
140 350
140 350
140 340
140 340
141 145
141 145
141 340
141 340
141 342
141 342
142 208
142 208
142 210
142 210
142 215
142 215
142 165
142 165
142 217
142 217
142 341
142 341
142 221
142 221
143 153
143 153
143 346
143 346
143 341
143 341
144 225
144 225
144 224
144 224
144 226
144 226
144 166
144 166
144 228
144 228
144 342
144 342
144 230
144 230
145 156
145 156
145 348
145 348
145 342
145 342
146 224
146 224
146 226
146 226
146 231
146 231
146 167
146 167
146 233
146 233
146 343
146 343
146 237
146 237
147 149
147 149
147 344
147 344
147 343
147 343
148 241
148 241
148 240
148 240
148 242
148 242
148 168
148 168
148 244
148 244
148 344
148 344
148 246
148 246
149 344
149 344
149 351
149 351
150 240
150 240
150 242
150 242
150 247
150 247
150 169
150 169
150 249
150 249
150 345
150 345
150 253
150 253
151 345
151 345
151 347
151 347
152 257
152 257
152 256
152 256
152 258
152 258
152 170
152 170
152 260
152 260
152 346
152 346
152 262
152 262
153 346
153 346
153 349
153 349
154 256
154 256
154 258
154 258
154 263
154 263
154 171
154 171
154 265
154 265
154 347
154 347
154 269
154 269
155 273
155 273
155 272
155 272
155 274
155 274
155 172
155 172
155 276
155 276
155 348
155 348
155 278
155 278
156 348
156 348
156 350
156 350
157 272
157 272
157 274
157 274
157 279
157 279
157 173
157 173
157 281
157 281
157 349
157 349
157 285
157 285
158 289
158 289
158 288
158 288
158 290
158 290
158 174
158 174
158 292
158 292
158 350
158 350
158 294
158 294
159 288
159 288
159 290
159 290
159 295
159 295
159 175
159 175
159 297
159 297
159 351
159 351
159 301
159 301
160 179
160 179
160 184
160 184
160 187
160 187
160 304
160 304
160 336
160 336
160 305
160 305
161 184
161 184
161 187
161 187
161 190
161 190
161 306
161 306
161 337
161 337
161 307
161 307
162 195
162 195
162 200
162 200
162 203
162 203
162 308
162 308
162 338
162 338
162 309
162 309
163 200
163 200
163 203
163 203
163 206
163 206
163 310
163 310
163 339
163 339
163 311
163 311
164 211
164 211
164 216
164 216
164 219
164 219
164 312
164 312
164 340
164 340
164 313
164 313
165 216
165 216
165 219
165 219
165 222
165 222
165 314
165 314
165 341
165 341
165 315
165 315
166 227
166 227
166 232
166 232
166 235
166 235
166 316
166 316
166 342
166 342
166 317
166 317
167 232
167 232
167 235
167 235
167 238
167 238
167 318
167 318
167 343
167 343
167 319
167 319
168 243
168 243
168 248
168 248
168 251
168 251
168 320
168 320
168 344
168 344
168 321
168 321
169 248
169 248
169 251
169 251
169 254
169 254
169 322
169 322
169 345
169 345
169 323
169 323
170 259
170 259
170 264
170 264
170 267
170 267
170 324
170 324
170 346
170 346
170 325
170 325
171 264
171 264
171 267
171 267
171 270
171 270
171 326
171 326
171 347
171 347
171 327
171 327
172 275
172 275
172 280
172 280
172 283
172 283
172 328
172 328
172 348
172 348
172 329
172 329
173 280
173 280
173 283
173 283
173 286
173 286
173 330
173 330
173 349
173 349
173 331
173 331
174 291
174 291
174 296
174 296
174 299
174 299
174 332
174 332
174 350
174 350
174 333
174 333
175 296
175 296
175 299
175 299
175 302
175 302
175 334
175 334
175 351
175 351
175 335
175 335
176 177
176 177
176 183
176 183
176 184
176 184
176 185
176 185
176 186
176 186
176 182
176 182
177 178
177 178
177 179
177 179
177 180
177 180
177 181
177 181
177 182
177 182
178 183
178 183
178 187
178 187
178 180
178 180
178 188
178 188
178 189
178 189
179 184
179 184
179 187
179 187
179 304
179 304
179 181
179 181
179 305
179 305
180 353
180 353
180 354
180 354
180 185
180 185
180 304
180 304
180 357
180 357
180 496
180 496
180 497
180 497
181 186
181 186
181 245
181 245
181 188
181 188
181 603
181 603
181 496
181 496
181 336
181 336
181 587
181 587
182 189
182 189
182 305
182 305
182 497
182 497
182 587
182 587
183 190
183 190
183 185
183 185
183 191
183 191
183 189
183 189
184 190
184 190
184 306
184 306
184 186
184 186
184 305
184 305
185 352
185 352
185 359
185 359
185 306
185 306
185 362
185 362
185 498
185 498
185 497
185 497
186 250
186 250
186 191
186 191
186 585
186 585
186 498
186 498
186 336
186 336
186 337
186 337
186 587
186 587
187 190
187 190
187 304
187 304
187 188
187 188
187 307
187 307
188 191
188 191
188 252
188 252
188 607
188 607
188 496
188 496
188 336
188 336
188 337
188 337
188 599
188 599
189 307
189 307
189 497
189 497
189 599
189 599
190 306
190 306
190 191
190 191
190 307
190 307
191 255
191 255
191 597
191 597
191 498
191 498
191 337
191 337
191 599
191 599
192 193
192 193
192 199
192 199
192 200
192 200
192 201
192 201
192 202
192 202
192 198
192 198
193 194
193 194
193 195
193 195
193 196
193 196
193 197
193 197
193 198
193 198
194 199
194 199
194 203
194 203
194 196
194 196
194 204
194 204
194 205
194 205
195 200
195 200
195 203
195 203
195 308
195 308
195 197
195 197
195 309
195 309
196 364
196 364
196 365
196 365
196 201
196 201
196 308
196 308
196 368
196 368
196 499
196 499
196 500
196 500
197 202
197 202
197 261
197 261
197 204
197 204
197 601
197 601
197 499
197 499
197 338
197 338
197 581
197 581
198 205
198 205
198 309
198 309
198 500
198 500
198 581
198 581
199 206
199 206
199 201
199 201
199 207
199 207
199 205
199 205
200 206
200 206
200 310
200 310
200 202
200 202
200 309
200 309
201 363
201 363
201 370
201 370
201 310
201 310
201 373
201 373
201 501
201 501
201 500
201 500
202 266
202 266
202 207
202 207
202 579
202 579
202 501
202 501
202 338
202 338
202 339
202 339
202 581
202 581
203 206
203 206
203 308
203 308
203 204
203 204
203 311
203 311
204 207
204 207
204 268
204 268
204 605
204 605
204 499
204 499
204 338
204 338
204 339
204 339
204 593
204 593
205 311
205 311
205 500
205 500
205 593
205 593
206 310
206 310
206 207
206 207
206 311
206 311
207 271
207 271
207 591
207 591
207 501
207 501
207 339
207 339
207 593
207 593
208 209
208 209
208 215
208 215
208 216
208 216
208 217
208 217
208 218
208 218
208 214
208 214
209 210
209 210
209 211
209 211
209 212
209 212
209 213
209 213
209 214
209 214
210 215
210 215
210 219
210 219
210 212
210 212
210 220
210 220
210 221
210 221
211 216
211 216
211 219
211 219
211 312
211 312
211 213
211 213
211 313
211 313
212 385
212 385
212 386
212 386
212 217
212 217
212 312
212 312
212 389
212 389
212 502
212 502
212 503
212 503
213 218
213 218
213 277
213 277
213 220
213 220
213 602
213 602
213 502
213 502
213 340
213 340
213 584
213 584
214 221
214 221
214 313
214 313
214 503
214 503
214 584
214 584
215 222
215 222
215 217
215 217
215 223
215 223
215 221
215 221
216 222
216 222
216 314
216 314
216 218
216 218
216 313
216 313
217 384
217 384
217 391
217 391
217 314
217 314
217 394
217 394
217 504
217 504
217 503
217 503
218 282
218 282
218 223
218 223
218 582
218 582
218 504
218 504
218 340
218 340
218 341
218 341
218 584
218 584
219 222
219 222
219 312
219 312
219 220
219 220
219 315
219 315
220 223
220 223
220 284
220 284
220 606
220 606
220 502
220 502
220 340
220 340
220 341
220 341
220 596
220 596
221 315
221 315
221 503
221 503
221 596
221 596
222 314
222 314
222 223
222 223
222 315
222 315
223 287
223 287
223 594
223 594
223 504
223 504
223 341
223 341
223 596
223 596
224 225
224 225
224 231
224 231
224 232
224 232
224 233
224 233
224 234
224 234
224 230
224 230
225 226
225 226
225 227
225 227
225 228
225 228
225 229
225 229
225 230
225 230
226 231
226 231
226 235
226 235
226 228
226 228
226 236
226 236
226 237
226 237
227 232
227 232
227 235
227 235
227 316
227 316
227 229
227 229
227 317
227 317
228 396
228 396
228 397
228 397
228 233
228 233
228 316
228 316
228 400
228 400
228 505
228 505
228 506
228 506
229 234
229 234
229 293
229 293
229 236
229 236
229 600
229 600
229 505
229 505
229 342
229 342
229 578
229 578
230 237
230 237
230 317
230 317
230 506
230 506
230 578
230 578
231 238
231 238
231 233
231 233
231 239
231 239
231 237
231 237
232 238
232 238
232 318
232 318
232 234
232 234
232 317
232 317
233 395
233 395
233 402
233 402
233 318
233 318
233 373
233 373
233 507
233 507
233 506
233 506
234 298
234 298
234 239
234 239
234 576
234 576
234 507
234 507
234 342
234 342
234 343
234 343
234 578
234 578
235 238
235 238
235 316
235 316
235 236
235 236
235 319
235 319
236 239
236 239
236 300
236 300
236 604
236 604
236 505
236 505
236 342
236 342
236 343
236 343
236 590
236 590
237 319
237 319
237 506
237 506
237 590
237 590
238 318
238 318
238 239
238 239
238 319
238 319
239 303
239 303
239 588
239 588
239 507
239 507
239 343
239 343
239 590
239 590
240 241
240 241
240 247
240 247
240 248
240 248
240 249
240 249
240 250
240 250
240 246
240 246
241 242
241 242
241 243
241 243
241 244
241 244
241 245
241 245
241 246
241 246
242 247
242 247
242 251
242 251
242 244
242 244
242 252
242 252
242 253
242 253
243 248
243 248
243 251
243 251
243 320
243 320
243 245
243 245
243 321
243 321
244 416
244 416
244 417
244 417
244 249
244 249
244 320
244 320
244 420
244 420
244 508
244 508
244 509
244 509
245 250
245 250
245 252
245 252
245 603
245 603
245 508
245 508
245 344
245 344
245 586
245 586
246 253
246 253
246 321
246 321
246 509
246 509
246 586
246 586
247 254
247 254
247 249
247 249
247 255
247 255
247 253
247 253
248 254
248 254
248 322
248 322
248 250
248 250
248 321
248 321
249 415
249 415
249 422
249 422
249 322
249 322
249 425
249 425
249 510
249 510
249 509
249 509
250 255
250 255
250 585
250 585
250 510
250 510
250 344
250 344
250 345
250 345
250 586
250 586
251 254
251 254
251 320
251 320
251 252
251 252
251 323
251 323
252 255
252 255
252 607
252 607
252 508
252 508
252 344
252 344
252 345
252 345
252 598
252 598
253 323
253 323
253 509
253 509
253 598
253 598
254 322
254 322
254 255
254 255
254 323
254 323
255 597
255 597
255 510
255 510
255 345
255 345
255 598
255 598
256 257
256 257
256 263
256 263
256 264
256 264
256 265
256 265
256 266
256 266
256 262
256 262
257 258
257 258
257 259
257 259
257 260
257 260
257 261
257 261
257 262
257 262
258 263
258 263
258 267
258 267
258 260
258 260
258 268
258 268
258 269
258 269
259 264
259 264
259 267
259 267
259 324
259 324
259 261
259 261
259 325
259 325
260 427
260 427
260 428
260 428
260 265
260 265
260 324
260 324
260 431
260 431
260 511
260 511
260 512
260 512
261 266
261 266
261 268
261 268
261 601
261 601
261 511
261 511
261 346
261 346
261 580
261 580
262 269
262 269
262 325
262 325
262 512
262 512
262 580
262 580
263 270
263 270
263 265
263 265
263 271
263 271
263 269
263 269
264 270
264 270
264 326
264 326
264 266
264 266
264 325
264 325
265 426
265 426
265 433
265 433
265 326
265 326
265 394
265 394
265 513
265 513
265 512
265 512
266 271
266 271
266 579
266 579
266 513
266 513
266 346
266 346
266 347
266 347
266 580
266 580
267 270
267 270
267 324
267 324
267 268
267 268
267 327
267 327
268 271
268 271
268 605
268 605
268 511
268 511
268 346
268 346
268 347
268 347
268 592
268 592
269 327
269 327
269 512
269 512
269 592
269 592
270 326
270 326
270 271
270 271
270 327
270 327
271 591
271 591
271 513
271 513
271 347
271 347
271 592
271 592
272 273
272 273
272 279
272 279
272 280
272 280
272 281
272 281
272 282
272 282
272 278
272 278
273 274
273 274
273 275
273 275
273 276
273 276
273 277
273 277
273 278
273 278
274 279
274 279
274 283
274 283
274 276
274 276
274 284
274 284
274 285
274 285
275 280
275 280
275 283
275 283
275 328
275 328
275 277
275 277
275 329
275 329
276 447
276 447
276 448
276 448
276 281
276 281
276 328
276 328
276 451
276 451
276 514
276 514
276 515
276 515
277 282
277 282
277 284
277 284
277 602
277 602
277 514
277 514
277 348
277 348
277 583
277 583
278 285
278 285
278 329
278 329
278 515
278 515
278 583
278 583
279 286
279 286
279 281
279 281
279 287
279 287
279 285
279 285
280 286
280 286
280 330
280 330
280 282
280 282
280 329
280 329
281 446
281 446
281 453
281 453
281 330
281 330
281 425
281 425
281 516
281 516
281 515
281 515
282 287
282 287
282 582
282 582
282 516
282 516
282 348
282 348
282 349
282 349
282 583
282 583
283 286
283 286
283 328
283 328
283 284
283 284
283 331
283 331
284 287
284 287
284 606
284 606
284 514
284 514
284 348
284 348
284 349
284 349
284 595
284 595
285 331
285 331
285 515
285 515
285 595
285 595
286 330
286 330
286 287
286 287
286 331
286 331
287 594
287 594
287 516
287 516
287 349
287 349
287 595
287 595
288 289
288 289
288 295
288 295
288 296
288 296
288 297
288 297
288 298
288 298
288 294
288 294
289 290
289 290
289 291
289 291
289 292
289 292
289 293
289 293
289 294
289 294
290 295
290 295
290 299
290 299
290 292
290 292
290 300
290 300
290 301
290 301
291 296
291 296
291 299
291 299
291 332
291 332
291 293
291 293
291 333
291 333
292 457
292 457
292 458
292 458
292 297
292 297
292 332
292 332
292 461
292 461
292 517
292 517
292 518
292 518
293 298
293 298
293 300
293 300
293 600
293 600
293 517
293 517
293 350
293 350
293 577
293 577
294 301
294 301
294 333
294 333
294 518
294 518
294 577
294 577
295 302
295 302
295 297
295 297
295 303
295 303
295 301
295 301
296 302
296 302
296 334
296 334
296 298
296 298
296 333
296 333
297 456
297 456
297 463
297 463
297 334
297 334
297 362
297 362
297 519
297 519
297 518
297 518
298 303
298 303
298 576
298 576
298 519
298 519
298 350
298 350
298 351
298 351
298 577
298 577
299 302
299 302
299 332
299 332
299 300
299 300
299 335
299 335
300 303
300 303
300 604
300 604
300 517
300 517
300 350
300 350
300 351
300 351
300 589
300 589
301 335
301 335
301 518
301 518
301 589
301 589
302 334
302 334
302 303
302 303
302 335
302 335
303 588
303 588
303 519
303 519
303 351
303 351
303 589
303 589
304 355
304 355
304 374
304 374
304 306
304 306
304 476
304 476
304 496
304 496
304 520
304 520
305 307
305 307
305 520
305 520
305 587
305 587
306 360
306 360
306 377
306 377
306 461
306 461
306 498
306 498
306 520
306 520
307 520
307 520
307 599
307 599
308 366
308 366
308 379
308 379
308 310
308 310
308 478
308 478
308 499
308 499
308 521
308 521
309 311
309 311
309 521
309 521
309 581
309 581
310 371
310 371
310 382
310 382
310 400
310 400
310 501
310 501
310 521
310 521
311 521
311 521
311 593
311 593
312 387
312 387
312 405
312 405
312 314
312 314
312 482
312 482
312 502
312 502
312 522
312 522
313 315
313 315
313 522
313 522
313 584
313 584
314 392
314 392
314 408
314 408
314 431
314 431
314 504
314 504
314 522
314 522
315 522
315 522
315 596
315 596
316 398
316 398
316 410
316 410
316 318
316 318
316 478
316 478
316 505
316 505
316 523
316 523
317 319
317 319
317 523
317 523
317 578
317 578
318 403
318 403
318 413
318 413
318 368
318 368
318 507
318 507
318 523
318 523
319 523
319 523
319 590
319 590
320 418
320 418
320 436
320 436
320 322
320 322
320 487
320 487
320 508
320 508
320 524
320 524
321 323
321 323
321 524
321 524
321 586
321 586
322 423
322 423
322 439
322 439
322 451
322 451
322 510
322 510
322 524
322 524
323 524
323 524
323 598
323 598
324 429
324 429
324 441
324 441
324 326
324 326
324 482
324 482
324 511
324 511
324 525
324 525
325 327
325 327
325 525
325 525
325 580
325 580
326 434
326 434
326 444
326 444
326 389
326 389
326 513
326 513
326 525
326 525
327 525
327 525
327 592
327 592
328 449
328 449
328 466
328 466
328 330
328 330
328 487
328 487
328 514
328 514
328 526
328 526
329 331
329 331
329 526
329 526
329 583
329 583
330 454
330 454
330 469
330 469
330 420
330 420
330 516
330 516
330 526
330 526
331 526
331 526
331 595
331 595
332 459
332 459
332 471
332 471
332 334
332 334
332 476
332 476
332 517
332 517
332 527
332 527
333 335
333 335
333 527
333 527
333 577
333 577
334 464
334 464
334 474
334 474
334 357
334 357
334 519
334 519
334 527
334 527
335 527
335 527
335 589
335 589
336 496
336 496
336 344
336 344
336 656
336 656
336 587
336 587
337 498
337 498
337 345
337 345
337 660
337 660
337 599
337 599
338 499
338 499
338 346
338 346
338 661
338 661
338 581
338 581
339 501
339 501
339 347
339 347
339 660
339 660
339 593
339 593
340 502
340 502
340 348
340 348
340 657
340 657
340 584
340 584
341 504
341 504
341 349
341 349
341 661
341 661
341 596
341 596
342 505
342 505
342 350
342 350
342 657
342 657
342 578
342 578
343 507
343 507
343 351
343 351
343 656
343 656
343 590
343 590
344 508
344 508
344 656
344 656
344 586
344 586
345 510
345 510
345 660
345 660
345 598
345 598
346 511
346 511
346 661
346 661
346 580
346 580
347 513
347 513
347 660
347 660
347 592
347 592
348 514
348 514
348 657
348 657
348 583
348 583
349 516
349 516
349 661
349 661
349 595
349 595
350 517
350 517
350 657
350 657
350 577
350 577
351 519
351 519
351 656
351 656
351 589
351 589
352 353
352 353
352 359
352 359
352 360
352 360
352 361
352 361
352 362
352 362
352 358
352 358
353 354
353 354
353 355
353 355
353 356
353 356
353 357
353 357
353 358
353 358
354 359
354 359
354 374
354 374
354 375
354 375
354 357
354 357
354 376
354 376
355 360
355 360
355 374
355 374
355 356
355 356
355 476
355 476
355 477
355 477
356 361
356 361
356 419
356 419
356 375
356 375
356 496
356 496
356 573
356 573
356 553
356 553
356 572
356 572
357 464
357 464
357 474
357 474
357 362
357 362
357 476
357 476
357 528
357 528
357 573
357 573
358 369
358 369
358 376
358 376
358 477
358 477
358 497
358 497
358 528
358 528
358 553
358 553
358 684
358 684
359 377
359 377
359 378
359 378
359 362
359 362
359 376
359 376
360 377
360 377
360 361
360 361
360 461
360 461
360 477
360 477
361 424
361 424
361 378
361 378
361 498
361 498
361 552
361 552
361 553
361 553
361 551
361 551
362 456
362 456
362 463
362 463
362 461
362 461
362 528
362 528
362 552
362 552
363 364
363 364
363 370
363 370
363 371
363 371
363 372
363 372
363 373
363 373
363 369
363 369
364 365
364 365
364 366
364 366
364 367
364 367
364 368
364 368
364 369
364 369
365 370
365 370
365 379
365 379
365 380
365 380
365 368
365 368
365 381
365 381
366 371
366 371
366 379
366 379
366 367
366 367
366 478
366 478
366 479
366 479
367 372
367 372
367 430
367 430
367 380
367 380
367 499
367 499
367 565
367 565
367 537
367 537
367 564
367 564
368 403
368 403
368 413
368 413
368 373
368 373
368 478
368 478
368 531
368 531
368 565
368 565
369 381
369 381
369 479
369 479
369 497
369 497
369 500
369 500
369 531
369 531
369 537
369 537
369 684
369 684
370 382
370 382
370 383
370 383
370 373
370 373
370 381
370 381
371 382
371 382
371 372
371 372
371 400
371 400
371 479
371 479
372 435
372 435
372 383
372 383
372 501
372 501
372 536
372 536
372 537
372 537
372 535
372 535
373 395
373 395
373 402
373 402
373 400
373 400
373 531
373 531
373 536
373 536
374 377
374 377
374 375
374 375
374 476
374 476
374 480
374 480
375 378
375 378
375 437
375 437
375 496
375 496
375 573
375 573
375 559
375 559
375 575
375 575
376 381
376 381
376 480
376 480
376 497
376 497
376 500
376 500
376 528
376 528
376 559
376 559
376 685
376 685
377 378
377 378
377 461
377 461
377 480
377 480
378 440
378 440
378 498
378 498
378 552
378 552
378 559
378 559
378 558
378 558
379 382
379 382
379 380
379 380
379 478
379 478
379 481
379 481
380 383
380 383
380 442
380 442
380 499
380 499
380 565
380 565
380 543
380 543
380 567
380 567
381 481
381 481
381 500
381 500
381 531
381 531
381 543
381 543
381 685
381 685
382 383
382 383
382 400
382 400
382 481
382 481
383 445
383 445
383 501
383 501
383 536
383 536
383 543
383 543
383 542
383 542
384 385
384 385
384 391
384 391
384 392
384 392
384 393
384 393
384 394
384 394
384 390
384 390
385 386
385 386
385 387
385 387
385 388
385 388
385 389
385 389
385 390
385 390
386 391
386 391
386 405
386 405
386 406
386 406
386 389
386 389
386 407
386 407
387 392
387 392
387 405
387 405
387 388
387 388
387 482
387 482
387 483
387 483
388 393
388 393
388 450
388 450
388 406
388 406
388 502
388 502
388 570
388 570
388 548
388 548
388 569
388 569
389 434
389 434
389 444
389 444
389 394
389 394
389 482
389 482
389 533
389 533
389 570
389 570
390 401
390 401
390 407
390 407
390 483
390 483
390 503
390 503
390 533
390 533
390 548
390 548
390 686
390 686
391 408
391 408
391 409
391 409
391 394
391 394
391 407
391 407
392 408
392 408
392 393
392 393
392 431
392 431
392 483
392 483
393 455
393 455
393 409
393 409
393 504
393 504
393 547
393 547
393 548
393 548
393 546
393 546
394 426
394 426
394 433
394 433
394 431
394 431
394 533
394 533
394 547
394 547
395 396
395 396
395 402
395 402
395 403
395 403
395 404
395 404
395 401
395 401
396 397
396 397
396 398
396 398
396 399
396 399
396 400
396 400
396 401
396 401
397 402
397 402
397 410
397 410
397 411
397 411
397 400
397 400
397 412
397 412
398 403
398 403
398 410
398 410
398 399
398 399
398 478
398 478
398 484
398 484
399 404
399 404
399 460
399 460
399 411
399 411
399 505
399 505
399 562
399 562
399 532
399 532
399 561
399 561
400 478
400 478
400 536
400 536
400 562
400 562
401 412
401 412
401 484
401 484
401 503
401 503
401 506
401 506
401 536
401 536
401 532
401 532
401 686
401 686
402 413
402 413
402 414
402 414
402 412
402 412
403 413
403 413
403 404
403 404
403 484
403 484
404 465
404 465
404 414
404 414
404 507
404 507
404 531
404 531
404 532
404 532
404 530
404 530
405 408
405 408
405 406
405 406
405 482
405 482
405 485
405 485
406 409
406 409
406 467
406 467
406 502
406 502
406 570
406 570
406 556
406 556
406 574
406 574
407 412
407 412
407 485
407 485
407 503
407 503
407 506
407 506
407 533
407 533
407 556
407 556
407 687
407 687
408 409
408 409
408 431
408 431
408 485
408 485
409 470
409 470
409 504
409 504
409 547
409 547
409 556
409 556
409 555
409 555
410 413
410 413
410 411
410 411
410 478
410 478
410 486
410 486
411 414
411 414
411 472
411 472
411 505
411 505
411 562
411 562
411 540
411 540
411 566
411 566
412 486
412 486
412 506
412 506
412 536
412 536
412 540
412 540
412 687
412 687
413 414
413 414
413 486
413 486
414 475
414 475
414 507
414 507
414 531
414 531
414 540
414 540
414 539
414 539
415 416
415 416
415 422
415 422
415 423
415 423
415 424
415 424
415 425
415 425
415 421
415 421
416 417
416 417
416 418
416 418
416 419
416 419
416 420
416 420
416 421
416 421
417 422
417 422
417 436
417 436
417 437
417 437
417 420
417 420
417 438
417 438
418 423
418 423
418 436
418 436
418 419
418 419
418 487
418 487
418 488
418 488
419 424
419 424
419 437
419 437
419 508
419 508
419 571
419 571
419 550
419 550
419 572
419 572
420 454
420 454
420 469
420 469
420 425
420 425
420 487
420 487
420 544
420 544
420 571
420 571
421 432
421 432
421 438
421 438
421 488
421 488
421 509
421 509
421 544
421 544
421 550
421 550
421 688
421 688
422 439
422 439
422 440
422 440
422 425
422 425
422 438
422 438
423 439
423 439
423 424
423 424
423 451
423 451
423 488
423 488
424 440
424 440
424 510
424 510
424 549
424 549
424 550
424 550
424 551
424 551
425 446
425 446
425 453
425 453
425 451
425 451
425 544
425 544
425 549
425 549
426 427
426 427
426 433
426 433
426 434
426 434
426 435
426 435
426 432
426 432
427 428
427 428
427 429
427 429
427 430
427 430
427 431
427 431
427 432
427 432
428 433
428 433
428 441
428 441
428 442
428 442
428 431
428 431
428 443
428 443
429 434
429 434
429 441
429 441
429 430
429 430
429 482
429 482
429 489
429 489
430 435
430 435
430 442
430 442
430 511
430 511
430 563
430 563
430 534
430 534
430 564
430 564
431 482
431 482
431 547
431 547
431 563
431 563
432 443
432 443
432 489
432 489
432 509
432 509
432 512
432 512
432 547
432 547
432 534
432 534
432 688
432 688
433 444
433 444
433 445
433 445
433 443
433 443
434 444
434 444
434 435
434 435
434 489
434 489
435 445
435 445
435 513
435 513
435 533
435 533
435 534
435 534
435 535
435 535
436 439
436 439
436 437
436 437
436 487
436 487
436 490
436 490
437 440
437 440
437 508
437 508
437 571
437 571
437 557
437 557
437 575
437 575
438 443
438 443
438 490
438 490
438 509
438 509
438 512
438 512
438 544
438 544
438 557
438 557
438 689
438 689
439 440
439 440
439 451
439 451
439 490
439 490
440 510
440 510
440 549
440 549
440 557
440 557
440 558
440 558
441 444
441 444
441 442
441 442
441 482
441 482
441 491
441 491
442 445
442 445
442 511
442 511
442 563
442 563
442 541
442 541
442 567
442 567
443 491
443 491
443 512
443 512
443 547
443 547
443 541
443 541
443 689
443 689
444 445
444 445
444 491
444 491
445 513
445 513
445 533
445 533
445 541
445 541
445 542
445 542
446 447
446 447
446 453
446 453
446 454
446 454
446 455
446 455
446 452
446 452
447 448
447 448
447 449
447 449
447 450
447 450
447 451
447 451
447 452
447 452
448 453
448 453
448 466
448 466
448 467
448 467
448 451
448 451
448 468
448 468
449 454
449 454
449 466
449 466
449 450
449 450
449 487
449 487
449 492
449 492
450 455
450 455
450 467
450 467
450 514
450 514
450 568
450 568
450 545
450 545
450 569
450 569
451 487
451 487
451 549
451 549
451 568
451 568
452 462
452 462
452 468
452 468
452 492
452 492
452 515
452 515
452 549
452 549
452 545
452 545
452 690
452 690
453 469
453 469
453 470
453 470
453 468
453 468
454 469
454 469
454 455
454 455
454 492
454 492
455 470
455 470
455 516
455 516
455 544
455 544
455 545
455 545
455 546
455 546
456 457
456 457
456 463
456 463
456 464
456 464
456 465
456 465
456 462
456 462
457 458
457 458
457 459
457 459
457 460
457 460
457 461
457 461
457 462
457 462
458 463
458 463
458 471
458 471
458 472
458 472
458 461
458 461
458 473
458 473
459 464
459 464
459 471
459 471
459 460
459 460
459 476
459 476
459 493
459 493
460 465
460 465
460 472
460 472
460 517
460 517
460 560
460 560
460 529
460 529
460 561
460 561
461 476
461 476
461 552
461 552
461 560
461 560
462 473
462 473
462 493
462 493
462 515
462 515
462 518
462 518
462 552
462 552
462 529
462 529
462 690
462 690
463 474
463 474
463 475
463 475
463 473
463 473
464 474
464 474
464 465
464 465
464 493
464 493
465 475
465 475
465 519
465 519
465 528
465 528
465 529
465 529
465 530
465 530
466 469
466 469
466 467
466 467
466 487
466 487
466 494
466 494
467 470
467 470
467 514
467 514
467 568
467 568
467 554
467 554
467 574
467 574
468 473
468 473
468 494
468 494
468 515
468 515
468 518
468 518
468 549
468 549
468 554
468 554
468 691
468 691
469 470
469 470
469 494
469 494
470 516
470 516
470 544
470 544
470 554
470 554
470 555
470 555
471 474
471 474
471 472
471 472
471 476
471 476
471 495
471 495
472 475
472 475
472 517
472 517
472 560
472 560
472 538
472 538
472 566
472 566
473 495
473 495
473 518
473 518
473 552
473 552
473 538
473 538
473 691
473 691
474 475
474 475
474 495
474 495
475 519
475 519
475 528
475 528
475 538
475 538
475 539
475 539
476 560
476 560
476 573
476 573
477 479
477 479
477 480
477 480
477 520
477 520
477 560
477 560
477 553
477 553
477 692
477 692
478 562
478 562
478 565
478 565
479 481
479 481
479 520
479 520
479 521
479 521
479 562
479 562
479 537
479 537
479 692
479 692
480 481
480 481
480 520
480 520
480 521
480 521
480 560
480 560
480 559
480 559
480 693
480 693
481 521
481 521
481 562
481 562
481 543
481 543
481 693
481 693
482 563
482 563
482 570
482 570
483 484
483 484
483 485
483 485
483 522
483 522
483 563
483 563
483 548
483 548
483 694
483 694
484 486
484 486
484 522
484 522
484 523
484 523
484 565
484 565
484 532
484 532
484 694
484 694
485 486
485 486
485 522
485 522
485 523
485 523
485 563
485 563
485 556
485 556
485 695
485 695
486 523
486 523
486 565
486 565
486 540
486 540
486 695
486 695
487 568
487 568
487 571
487 571
488 489
488 489
488 490
488 490
488 524
488 524
488 568
488 568
488 550
488 550
488 696
488 696
489 491
489 491
489 524
489 524
489 525
489 525
489 570
489 570
489 534
489 534
489 696
489 696
490 491
490 491
490 524
490 524
490 525
490 525
490 568
490 568
490 557
490 557
490 697
490 697
491 525
491 525
491 570
491 570
491 541
491 541
491 697
491 697
492 493
492 493
492 494
492 494
492 526
492 526
492 571
492 571
492 545
492 545
492 698
492 698
493 495
493 495
493 526
493 526
493 527
493 527
493 573
493 573
493 529
493 529
493 698
493 698
494 495
494 495
494 526
494 526
494 527
494 527
494 571
494 571
494 554
494 554
494 699
494 699
495 527
495 527
495 573
495 573
495 538
495 538
495 699
495 699
496 498
496 498
496 508
496 508
496 573
496 573
496 683
496 683
496 675
496 675
497 520
497 520
497 528
497 528
497 683
497 683
497 684
497 684
498 510
498 510
498 552
498 552
498 683
498 683
498 666
498 666
499 501
499 501
499 511
499 511
499 565
499 565
499 679
499 679
499 673
499 673
500 521
500 521
500 531
500 531
500 679
500 679
500 685
500 685
501 513
501 513
501 536
501 536
501 679
501 679
501 662
501 662
502 504
502 504
502 514
502 514
502 570
502 570
502 681
502 681
502 674
502 674
503 522
503 522
503 533
503 533
503 681
503 681
503 686
503 686
504 516
504 516
504 547
504 547
504 681
504 681
504 664
504 664
505 507
505 507
505 517
505 517
505 562
505 562
505 677
505 677
505 672
505 672
506 523
506 523
506 536
506 536
506 677
506 677
506 687
506 687
507 519
507 519
507 531
507 531
507 677
507 677
507 658
507 658
508 510
508 510
508 571
508 571
508 682
508 682
508 675
508 675
509 524
509 524
509 544
509 544
509 682
509 682
509 688
509 688
510 549
510 549
510 682
510 682
510 666
510 666
511 513
511 513
511 563
511 563
511 678
511 678
511 673
511 673
512 525
512 525
512 547
512 547
512 678
512 678
512 689
512 689
513 533
513 533
513 678
513 678
513 662
513 662
514 516
514 516
514 568
514 568
514 680
514 680
514 674
514 674
515 526
515 526
515 549
515 549
515 680
515 680
515 690
515 690
516 544
516 544
516 680
516 680
516 664
516 664
517 519
517 519
517 560
517 560
517 676
517 676
517 672
517 672
518 527
518 527
518 552
518 552
518 676
518 676
518 691
518 691
519 528
519 528
519 676
519 676
519 658
519 658
520 560
520 560
520 683
520 683
520 692
520 692
521 562
521 562
521 679
521 679
521 693
521 693
522 563
522 563
522 681
522 681
522 694
522 694
523 565
523 565
523 677
523 677
523 695
523 695
524 568
524 568
524 682
524 682
524 696
524 696
525 570
525 570
525 678
525 678
525 697
525 697
526 571
526 571
526 680
526 680
526 698
526 698
527 573
527 573
527 676
527 676
527 699
527 699
528 531
528 531
528 560
528 560
528 700
528 700
528 701
528 701
529 545
529 545
529 538
529 538
529 532
529 532
529 680
529 680
529 676
529 676
529 701
529 701
529 720
529 720
529 719
529 719
530 813
530 813
530 812
530 812
530 814
530 814
530 539
530 539
530 561
530 561
530 736
530 736
530 658
530 658
530 817
530 817
530 700
530 700
530 818
530 818
530 819
530 819
530 720
530 720
531 562
531 562
531 700
531 700
531 702
531 702
532 548
532 548
532 540
532 540
532 681
532 681
532 677
532 677
532 702
532 702
532 720
532 720
532 726
532 726
533 536
533 536
533 563
533 563
533 703
533 703
533 704
533 704
534 550
534 550
534 541
534 541
534 537
534 537
534 682
534 682
534 678
534 678
534 704
534 704
534 714
534 714
534 713
534 713
535 812
535 812
535 814
535 814
535 821
535 821
535 542
535 542
535 564
535 564
535 741
535 741
535 662
535 662
535 829
535 829
535 703
535 703
535 825
535 825
535 830
535 830
535 714
535 714
536 565
536 565
536 703
536 703
536 702
536 702
537 553
537 553
537 543
537 543
537 683
537 683
537 679
537 679
537 702
537 702
537 714
537 714
537 724
537 724
538 554
538 554
538 540
538 540
538 676
538 676
538 701
538 701
538 723
538 723
538 722
538 722
539 815
539 815
539 822
539 822
539 827
539 827
539 566
539 566
539 752
539 752
539 658
539 658
539 824
539 824
539 700
539 700
539 836
539 836
539 837
539 837
539 723
539 723
540 556
540 556
540 677
540 677
540 702
540 702
540 723
540 723
540 727
540 727
541 557
541 557
541 543
541 543
541 678
541 678
541 704
541 704
541 717
541 717
541 716
541 716
542 822
542 822
542 827
542 827
542 567
542 567
542 757
542 757
542 662
542 662
542 833
542 833
542 703
542 703
542 840
542 840
542 843
542 843
542 717
542 717
543 559
543 559
543 679
543 679
543 702
543 702
543 717
543 717
543 725
543 725
544 547
544 547
544 568
544 568
544 705
544 705
544 706
544 706
545 554
545 554
545 548
545 548
545 680
545 680
545 706
545 706
545 718
545 718
545 719
545 719
546 846
546 846
546 854
546 854
546 555
546 555
546 569
546 569
546 768
546 768
546 664
546 664
546 849
546 849
546 705
546 705
546 858
546 858
546 852
546 852
546 718
546 718
547 570
547 570
547 705
547 705
547 704
547 704
548 556
548 556
548 681
548 681
548 704
548 704
548 718
548 718
548 726
548 726
549 552
549 552
549 571
549 571
549 707
549 707
549 706
549 706
550 557
550 557
550 553
550 553
550 682
550 682
550 706
550 706
550 712
550 712
550 713
550 713
551 846
551 846
551 854
551 854
551 845
551 845
551 558
551 558
551 572
551 572
551 773
551 773
551 666
551 666
551 857
551 857
551 707
551 707
551 851
551 851
551 859
551 859
551 712
551 712
552 573
552 573
552 707
552 707
552 701
552 701
553 559
553 559
553 683
553 683
553 701
553 701
553 712
553 712
553 724
553 724
554 556
554 556
554 680
554 680
554 676
554 676
554 706
554 706
554 721
554 721
554 722
554 722
555 865
555 865
555 847
555 847
555 855
555 855
555 574
555 574
555 784
555 784
555 664
555 664
555 850
555 850
555 705
555 705
555 867
555 867
555 868
555 868
555 721
555 721
556 681
556 681
556 677
556 677
556 704
556 704
556 721
556 721
556 727
556 727
557 559
557 559
557 682
557 682
557 678
557 678
557 706
557 706
557 715
557 715
557 716
557 716
558 847
558 847
558 855
558 855
558 861
558 861
558 575
558 575
558 789
558 789
558 666
558 666
558 863
558 863
558 707
558 707
558 871
558 871
558 874
558 874
558 715
558 715
559 683
559 683
559 679
559 679
559 701
559 701
559 715
559 715
559 725
559 725
560 562
560 562
560 708
560 708
560 701
560 701
561 816
561 816
561 823
561 823
561 828
561 828
561 566
561 566
561 796
561 796
561 672
561 672
561 878
561 878
561 708
561 708
561 879
561 879
561 880
561 880
561 720
561 720
562 708
562 708
562 702
562 702
563 565
563 565
563 709
563 709
563 704
563 704
564 823
564 823
564 828
564 828
564 832
564 832
564 567
564 567
564 798
564 798
564 673
564 673
564 883
564 883
564 709
564 709
564 882
564 882
564 884
564 884
564 714
564 714
565 709
565 709
565 702
565 702
566 835
566 835
566 839
566 839
566 842
566 842
566 800
566 800
566 672
566 672
566 881
566 881
566 708
566 708
566 886
566 886
566 887
566 887
566 723
566 723
567 839
567 839
567 842
567 842
567 802
567 802
567 673
567 673
567 885
567 885
567 709
567 709
567 888
567 888
567 889
567 889
567 717
567 717
568 570
568 570
568 710
568 710
568 706
568 706
569 848
569 848
569 856
569 856
569 574
569 574
569 804
569 804
569 674
569 674
569 890
569 890
569 710
569 710
569 895
569 895
569 893
569 893
569 718
569 718
570 710
570 710
570 704
570 704
571 573
571 573
571 711
571 711
571 706
571 706
572 848
572 848
572 856
572 856
572 862
572 862
572 575
572 575
572 806
572 806
572 675
572 675
572 894
572 894
572 711
572 711
572 892
572 892
572 896
572 896
572 712
572 712
573 711
573 711
573 701
573 701
574 866
574 866
574 870
574 870
574 873
574 873
574 808
574 808
574 674
574 674
574 891
574 891
574 710
574 710
574 898
574 898
574 899
574 899
574 721
574 721
575 870
575 870
575 873
575 873
575 876
575 876
575 810
575 810
575 675
575 675
575 897
575 897
575 711
575 711
575 900
575 900
575 901
575 901
575 715
575 715
576 609
576 609
576 608
576 608
576 610
576 610
576 588
576 588
576 600
576 600
576 656
576 656
576 657
576 657
576 614
576 614
576 658
576 658
576 615
576 615
576 659
576 659
577 589
577 589
577 578
577 578
577 676
577 676
577 659
577 659
578 590
578 590
578 677
578 677
578 659
578 659
579 608
579 608
579 610
579 610
579 617
579 617
579 591
579 591
579 601
579 601
579 660
579 660
579 661
579 661
579 621
579 621
579 662
579 662
579 626
579 626
579 663
579 663
580 592
580 592
580 581
580 581
580 678
580 678
580 663
580 663
581 593
581 593
581 679
581 679
581 663
581 663
582 608
582 608
582 618
582 618
582 632
582 632
582 594
582 594
582 602
582 602
582 661
582 661
582 657
582 657
582 634
582 634
582 664
582 664
582 622
582 622
582 665
582 665
583 595
583 595
583 584
583 584
583 680
583 680
583 665
583 665
584 596
584 596
584 681
584 681
584 665
584 665
585 608
585 608
585 632
585 632
585 619
585 619
585 597
585 597
585 603
585 603
585 656
585 656
585 660
585 660
585 620
585 620
585 666
585 666
585 639
585 639
585 667
585 667
586 598
586 598
586 587
586 587
586 682
586 682
586 667
586 667
587 599
587 599
587 683
587 683
587 667
587 667
588 619
588 619
588 611
588 611
588 623
588 623
588 604
588 604
588 656
588 656
588 643
588 643
588 658
588 658
588 642
588 642
588 668
588 668
589 590
589 590
589 676
589 676
589 668
589 668
590 677
590 677
590 668
590 668
591 619
591 619
591 623
591 623
591 628
591 628
591 605
591 605
591 660
591 660
591 641
591 641
591 662
591 662
591 646
591 646
591 669
591 669
592 593
592 593
592 678
592 678
592 669
592 669
593 679
593 679
593 669
593 669
594 617
594 617
594 629
594 629
594 636
594 636
594 606
594 606
594 661
594 661
594 649
594 649
594 664
594 664
594 631
594 631
594 670
594 670
595 596
595 596
595 680
595 680
595 670
595 670
596 681
596 681
596 670
596 670
597 617
597 617
597 628
597 628
597 636
597 636
597 607
597 607
597 660
597 660
597 630
597 630
597 666
597 666
597 648
597 648
597 671
597 671
598 599
598 599
598 682
598 682
598 671
598 671
599 683
599 683
599 671
599 671
600 618
600 618
600 612
600 612
600 624
600 624
600 604
600 604
600 657
600 657
600 653
600 653
600 672
600 672
600 635
600 635
600 659
600 659
601 618
601 618
601 629
601 629
601 624
601 624
601 605
601 605
601 661
601 661
601 633
601 633
601 673
601 673
601 650
601 650
601 663
601 663
602 609
602 609
602 612
602 612
602 637
602 637
602 606
602 606
602 657
602 657
602 652
602 652
602 674
602 674
602 616
602 616
602 665
602 665
603 609
603 609
603 611
603 611
603 637
603 637
603 607
603 607
603 656
603 656
603 613
603 613
603 675
603 675
603 644
603 644
603 667
603 667
604 632
604 632
604 637
604 637
604 645
604 645
604 656
604 656
604 657
604 657
604 655
604 655
604 672
604 672
604 640
604 640
604 668
604 668
605 632
605 632
605 636
605 636
605 645
605 645
605 660
605 660
605 661
605 661
605 638
605 638
605 673
605 673
605 651
605 651
605 669
605 669
606 610
606 610
606 624
606 624
606 645
606 645
606 661
606 661
606 657
606 657
606 654
606 654
606 674
606 674
606 627
606 627
606 670
606 670
607 610
607 610
607 623
607 623
607 645
607 645
607 656
607 656
607 660
607 660
607 625
607 625
607 675
607 675
607 647
607 647
607 671
607 671
608 609
608 609
608 617
608 617
608 618
608 618
608 619
608 619
608 620
608 620
608 621
608 621
608 615
608 615
608 622
608 622
609 610
609 610
609 611
609 611
609 612
609 612
609 613
609 613
609 614
609 614
609 615
609 615
609 616
609 616
610 617
610 617
610 623
610 623
610 624
610 624
610 625
610 625
610 614
610 614
610 626
610 626
610 627
610 627
611 619
611 619
611 623
611 623
611 637
611 637
611 613
611 613
611 643
611 643
611 642
611 642
611 644
611 644
612 618
612 618
612 624
612 624
612 637
612 637
612 652
612 652
612 653
612 653
612 635
612 635
612 616
612 616
613 813
613 813
613 815
613 815
613 736
613 736
613 620
613 620
613 625
613 625
613 652
613 652
613 658
613 658
613 817
613 817
613 918
613 918
613 919
613 919
613 920
613 920
614 848
614 848
614 870
614 870
614 806
614 806
614 621
614 621
614 653
614 653
614 643
614 643
614 674
614 674
614 675
614 675
614 891
614 891
614 918
614 918
614 936
614 936
614 929
614 929
615 626
615 626
615 642
615 642
615 635
615 635
615 667
615 667
615 665
615 665
615 919
615 919
615 929
615 929
615 982
615 982
616 622
616 622
616 644
616 644
616 627
616 627
616 659
616 659
616 936
616 936
616 920
616 920
616 982
616 982
617 628
617 628
617 629
617 629
617 630
617 630
617 621
617 621
617 626
617 626
617 631
617 631
618 632
618 632
618 629
618 629
618 633
618 633
618 634
618 634
618 622
618 622
618 635
618 635
619 632
619 632
619 628
619 628
619 620
619 620
619 641
619 641
619 639
619 639
619 642
619 642
620 812
620 812
620 822
620 822
620 741
620 741
620 630
620 630
620 634
620 634
620 658
620 658
620 662
620 662
620 824
620 824
620 921
620 921
620 919
620 919
620 922
620 922
621 846
621 846
621 847
621 847
621 773
621 773
621 633
621 633
621 641
621 641
621 664
621 664
621 666
621 666
621 850
621 850
621 921
621 921
621 927
621 927
621 929
621 929
622 639
622 639
622 631
622 631
622 663
622 663
622 659
622 659
622 927
622 927
622 922
622 922
622 982
622 982
623 628
623 628
623 645
623 645
623 625
623 625
623 643
623 643
623 646
623 646
623 647
623 647
624 629
624 629
624 645
624 645
624 654
624 654
624 653
624 653
624 650
624 650
624 627
624 627
625 814
625 814
625 827
625 827
625 752
625 752
625 630
625 630
625 654
625 654
625 658
625 658
625 662
625 662
625 829
625 829
625 918
625 918
625 923
625 923
625 924
625 924
626 646
626 646
626 650
626 650
626 671
626 671
626 670
626 670
626 923
626 923
626 929
626 929
626 983
626 983
627 631
627 631
627 647
627 647
627 663
627 663
627 659
627 659
627 936
627 936
627 924
627 924
627 983
627 983
628 636
628 636
628 630
628 630
628 641
628 641
628 646
628 646
628 648
628 648
629 636
629 636
629 633
629 633
629 649
629 649
629 631
629 631
629 650
629 650
630 821
630 821
630 757
630 757
630 649
630 649
630 662
630 662
630 833
630 833
630 921
630 921
630 923
630 923
630 925
630 925
631 648
631 648
631 663
631 663
631 927
631 927
631 925
631 925
631 983
631 983
632 636
632 636
632 637
632 637
632 638
632 638
632 634
632 634
632 639
632 639
632 640
632 640
633 865
633 865
633 768
633 768
633 638
633 638
633 653
633 653
633 664
633 664
633 849
633 849
633 926
633 926
633 927
633 927
633 928
633 928
634 823
634 823
634 839
634 839
634 798
634 798
634 652
634 652
634 649
634 649
634 672
634 672
634 673
634 673
634 881
634 881
634 926
634 926
634 934
634 934
634 922
634 922
635 650
635 650
635 640
635 640
635 665
635 665
635 934
635 934
635 928
635 928
635 982
635 982
636 645
636 645
636 638
636 638
636 649
636 649
636 648
636 648
636 651
636 651
637 645
637 645
637 652
637 652
637 655
637 655
637 644
637 644
637 640
637 640
638 854
638 854
638 855
638 855
638 784
638 784
638 641
638 641
638 655
638 655
638 664
638 664
638 666
638 666
638 857
638 857
638 926
638 926
638 930
638 930
638 931
638 931
639 648
639 648
639 644
639 644
639 669
639 669
639 668
639 668
639 930
639 930
639 922
639 922
639 984
639 984
640 642
640 642
640 651
640 651
640 667
640 667
640 665
640 665
640 934
640 934
640 931
640 931
640 984
640 984
641 845
641 845
641 861
641 861
641 789
641 789
641 643
641 643
641 666
641 666
641 863
641 863
641 921
641 921
641 930
641 930
641 932
641 932
642 646
642 646
642 667
642 667
642 919
642 919
642 932
642 932
642 984
642 984
643 862
643 862
643 876
643 876
643 810
643 810
643 655
643 655
643 675
643 675
643 897
643 897
643 918
643 918
643 937
643 937
643 932
643 932
644 647
644 647
644 668
644 668
644 937
644 937
644 920
644 920
644 984
644 984
645 654
645 654
645 655
645 655
645 651
645 651
645 647
645 647
646 651
646 651
646 671
646 671
646 923
646 923
646 932
646 932
646 985
646 985
647 648
647 648
647 669
647 669
647 668
647 668
647 937
647 937
647 924
647 924
647 985
647 985
648 669
648 669
648 930
648 930
648 925
648 925
648 985
648 985
649 832
649 832
649 802
649 802
649 654
649 654
649 673
649 673
649 885
649 885
649 926
649 926
649 935
649 935
649 925
649 925
650 651
650 651
650 670
650 670
650 935
650 935
650 928
650 928
650 983
650 983
651 671
651 671
651 670
651 670
651 935
651 935
651 931
651 931
651 985
651 985
652 816
652 816
652 835
652 835
652 796
652 796
652 654
652 654
652 672
652 672
652 878
652 878
652 933
652 933
652 934
652 934
652 920
652 920
653 866
653 866
653 804
653 804
653 655
653 655
653 674
653 674
653 890
653 890
653 933
653 933
653 936
653 936
653 928
653 928
654 828
654 828
654 842
654 842
654 800
654 800
654 672
654 672
654 673
654 673
654 883
654 883
654 933
654 933
654 935
654 935
654 924
654 924
655 856
655 856
655 873
655 873
655 808
655 808
655 674
655 674
655 675
655 675
655 894
655 894
655 933
655 933
655 937
655 937
655 931
655 931
656 658
656 658
656 675
656 675
656 667
656 667
656 668
656 668
657 672
657 672
657 674
657 674
657 665
657 665
657 659
657 659
658 672
658 672
658 700
658 700
658 918
658 918
658 919
658 919
658 731
658 731
659 668
659 668
659 936
659 936
659 731
659 731
659 982
659 982
660 662
660 662
660 666
660 666
660 671
660 671
660 669
660 669
661 664
661 664
661 673
661 673
661 663
661 663
661 670
661 670
662 673
662 673
662 703
662 703
662 921
662 921
662 923
662 923
662 729
662 729
663 669
663 669
663 927
663 927
663 729
663 729
663 983
663 983
664 674
664 674
664 705
664 705
664 926
664 926
664 927
664 927
664 730
664 730
665 670
665 670
665 934
665 934
665 730
665 730
665 982
665 982
666 675
666 675
666 707
666 707
666 921
666 921
666 930
666 930
666 728
666 728
667 671
667 671
667 919
667 919
667 728
667 728
667 984
667 984
668 937
668 937
668 731
668 731
668 984
668 984
669 930
669 930
669 729
669 729
669 985
669 985
670 935
670 935
670 730
670 730
670 983
670 983
671 923
671 923
671 728
671 728
671 985
671 985
672 708
672 708
672 933
672 933
672 934
672 934
672 731
672 731
673 709
673 709
673 926
673 926
673 935
673 935
673 729
673 729
674 710
674 710
674 933
674 933
674 936
674 936
674 730
674 730
675 711
675 711
675 918
675 918
675 937
675 937
675 728
675 728
676 677
676 677
676 701
676 701
676 731
676 731
676 722
676 722
677 702
677 702
677 731
677 731
677 727
677 727
678 679
678 679
678 704
678 704
678 729
678 729
678 716
678 716
679 702
679 702
679 729
679 729
679 725
679 725
680 681
680 681
680 706
680 706
680 730
680 730
680 719
680 719
681 704
681 704
681 730
681 730
681 726
681 726
682 683
682 683
682 706
682 706
682 728
682 728
682 713
682 713
683 701
683 701
683 728
683 728
683 724
683 724
684 733
684 733
684 732
684 732
684 685
684 685
684 692
684 692
684 700
684 700
684 737
684 737
684 724
684 724
685 734
685 734
685 739
685 739
685 693
685 693
685 700
685 700
685 744
685 744
685 725
685 725
686 749
686 749
686 748
686 748
686 687
686 687
686 694
686 694
686 703
686 703
686 753
686 753
686 726
686 726
687 750
687 750
687 755
687 755
687 695
687 695
687 703
687 703
687 760
687 760
687 727
687 727
688 765
688 765
688 764
688 764
688 689
688 689
688 696
688 696
688 705
688 705
688 769
688 769
688 713
688 713
689 766
689 766
689 771
689 771
689 697
689 697
689 705
689 705
689 776
689 776
689 716
689 716
690 781
690 781
690 780
690 780
690 691
690 691
690 698
690 698
690 707
690 707
690 785
690 785
690 719
690 719
691 782
691 782
691 787
691 787
691 699
691 699
691 707
691 707
691 792
691 792
691 722
691 722
692 735
692 735
692 740
692 740
692 693
692 693
692 708
692 708
692 797
692 797
692 724
692 724
693 743
693 743
693 746
693 746
693 708
693 708
693 799
693 799
693 725
693 725
694 751
694 751
694 756
694 756
694 695
694 695
694 709
694 709
694 801
694 801
694 726
694 726
695 759
695 759
695 762
695 762
695 709
695 709
695 803
695 803
695 727
695 727
696 767
696 767
696 772
696 772
696 697
696 697
696 710
696 710
696 805
696 805
696 713
696 713
697 775
697 775
697 778
697 778
697 710
697 710
697 807
697 807
697 716
697 716
698 783
698 783
698 788
698 788
698 699
698 699
698 711
698 711
698 809
698 809
698 719
698 719
699 791
699 791
699 794
699 794
699 711
699 711
699 811
699 811
699 722
699 722
700 736
700 736
700 741
700 741
700 817
700 817
700 829
700 829
700 708
700 708
700 938
700 938
700 902
700 902
700 954
700 954
701 706
701 706
701 702
701 702
701 957
701 957
701 954
701 954
702 704
702 704
702 955
702 955
702 954
702 954
703 752
703 752
703 757
703 757
703 824
703 824
703 833
703 833
703 709
703 709
703 941
703 941
703 905
703 905
703 955
703 955
704 706
704 706
704 955
704 955
704 956
704 956
705 768
705 768
705 773
705 773
705 849
705 849
705 857
705 857
705 710
705 710
705 944
705 944
705 908
705 908
705 956
705 956
706 957
706 957
706 956
706 956
707 784
707 784
707 789
707 789
707 850
707 850
707 863
707 863
707 711
707 711
707 947
707 947
707 911
707 911
707 957
707 957
708 796
708 796
708 798
708 798
708 878
708 878
708 883
708 883
708 950
708 950
708 914
708 914
708 954
708 954
709 800
709 800
709 802
709 802
709 881
709 881
709 885
709 885
709 951
709 951
709 915
709 915
709 955
709 955
710 804
710 804
710 806
710 806
710 890
710 890
710 894
710 894
710 952
710 952
710 916
710 916
710 956
710 956
711 808
711 808
711 810
711 810
711 891
711 891
711 897
711 897
711 953
711 953
711 917
711 917
711 957
711 957
712 853
712 853
712 864
712 864
712 860
712 860
712 910
712 910
712 714
712 714
712 715
712 715
712 728
712 728
712 966
712 966
712 946
712 946
712 957
712 957
712 999
712 999
712 1010
712 1010
713 774
713 774
713 770
713 770
713 724
713 724
713 716
713 716
713 956
713 956
713 990
713 990
713 1010
713 1010
714 826
714 826
714 834
714 834
714 831
714 831
714 904
714 904
714 717
714 717
714 728
714 728
714 729
714 729
714 960
714 960
714 940
714 940
714 955
714 955
714 995
714 995
714 1010
714 1010
715 872
715 872
715 877
715 877
715 875
715 875
715 913
715 913
715 717
715 717
715 728
715 728
715 729
715 729
715 969
715 969
715 949
715 949
715 957
715 957
715 1001
715 1001
715 1011
715 1011
716 779
716 779
716 777
716 777
716 725
716 725
716 956
716 956
716 991
716 991
716 1011
716 1011
717 841
717 841
717 844
717 844
717 907
717 907
717 729
717 729
717 963
717 963
717 943
717 943
717 955
717 955
717 997
717 997
717 1011
717 1011
718 853
718 853
718 860
718 860
718 909
718 909
718 720
718 720
718 721
718 721
718 730
718 730
718 965
718 965
718 945
718 945
718 956
718 956
718 998
718 998
718 1012
718 1012
719 790
719 790
719 786
719 786
719 726
719 726
719 722
719 722
719 957
719 957
719 992
719 992
719 1012
719 1012
720 826
720 826
720 820
720 820
720 831
720 831
720 903
720 903
720 723
720 723
720 730
720 730
720 731
720 731
720 959
720 959
720 939
720 939
720 954
720 954
720 994
720 994
720 1012
720 1012
721 872
721 872
721 869
721 869
721 875
721 875
721 912
721 912
721 723
721 723
721 730
721 730
721 731
721 731
721 968
721 968
721 948
721 948
721 956
721 956
721 1000
721 1000
721 1013
721 1013
722 795
722 795
722 793
722 793
722 727
722 727
722 957
722 957
722 993
722 993
722 1013
722 1013
723 841
723 841
723 838
723 838
723 844
723 844
723 906
723 906
723 731
723 731
723 962
723 962
723 942
723 942
723 954
723 954
723 996
723 996
723 1013
723 1013
724 742
724 742
724 738
724 738
724 725
724 725
724 954
724 954
724 986
724 986
724 1010
724 1010
725 747
725 747
725 745
725 745
725 954
725 954
725 987
725 987
725 1011
725 1011
726 758
726 758
726 754
726 754
726 727
726 727
726 955
726 955
726 988
726 988
726 1012
726 1012
727 763
727 763
727 761
727 761
727 955
727 955
727 989
727 989
727 1013
727 1013
728 929
728 929
728 932
728 932
728 931
728 931
728 974
728 974
728 957
728 957
728 1010
728 1010
728 1009
728 1009
729 922
729 922
729 925
729 925
729 924
729 924
729 976
729 976
729 955
729 955
729 1011
729 1011
729 1007
729 1007
730 929
730 929
730 928
730 928
730 931
730 931
730 977
730 977
730 956
730 956
730 1012
730 1012
730 1008
730 1008
731 922
731 922
731 920
731 920
731 924
731 924
731 975
731 975
731 954
731 954
731 1013
731 1013
731 1006
731 1006
732 733
732 733
732 739
732 739
732 740
732 740
732 741
732 741
732 737
732 737
732 742
732 742
733 734
733 734
733 735
733 735
733 736
733 736
733 737
733 737
733 738
733 738
734 739
734 739
734 743
734 743
734 736
734 736
734 744
734 744
734 745
734 745
735 740
735 740
735 743
735 743
735 796
735 796
735 797
735 797
735 738
735 738
736 813
736 813
736 814
736 814
736 815
736 815
736 741
736 741
736 796
736 796
736 817
736 817
736 818
736 818
736 902
736 902
736 903
736 903
737 744
737 744
737 797
737 797
737 902
737 902
737 986
737 986
738 742
738 742
738 770
738 770
738 745
738 745
738 903
738 903
738 970
738 970
738 990
738 990
738 986
738 986
739 746
739 746
739 741
739 741
739 744
739 744
739 747
739 747
740 746
740 746
740 798
740 798
740 797
740 797
740 742
740 742
741 812
741 812
741 821
741 821
741 822
741 822
741 798
741 798
741 824
741 824
741 825
741 825
741 902
741 902
741 904
741 904
742 774
742 774
742 747
742 747
742 904
742 904
742 958
742 958
742 986
742 986
743 746
743 746
743 796
743 796
743 799
743 799
743 745
743 745
744 799
744 799
744 902
744 902
744 987
744 987
745 747
745 747
745 777
745 777
745 903
745 903
745 971
745 971
745 991
745 991
745 987
745 987
746 798
746 798
746 799
746 799
746 747
746 747
747 779
747 779
747 904
747 904
747 961
747 961
747 987
747 987
748 749
748 749
748 755
748 755
748 756
748 756
748 757
748 757
748 753
748 753
748 758
748 758
749 750
749 750
749 751
749 751
749 752
749 752
749 753
749 753
749 754
749 754
750 755
750 755
750 759
750 759
750 752
750 752
750 760
750 760
750 761
750 761
751 756
751 756
751 759
751 759
751 800
751 800
751 801
751 801
751 754
751 754
752 814
752 814
752 815
752 815
752 827
752 827
752 757
752 757
752 800
752 800
752 829
752 829
752 836
752 836
752 905
752 905
752 906
752 906
753 760
753 760
753 801
753 801
753 905
753 905
753 988
753 988
754 758
754 758
754 786
754 786
754 761
754 761
754 906
754 906
754 972
754 972
754 992
754 992
754 988
754 988
755 762
755 762
755 757
755 757
755 760
755 760
755 763
755 763
756 762
756 762
756 802
756 802
756 801
756 801
756 758
756 758
757 821
757 821
757 822
757 822
757 802
757 802
757 833
757 833
757 840
757 840
757 905
757 905
757 907
757 907
758 790
758 790
758 763
758 763
758 907
758 907
758 964
758 964
758 988
758 988
759 762
759 762
759 800
759 800
759 803
759 803
759 761
759 761
760 803
760 803
760 905
760 905
760 989
760 989
761 763
761 763
761 793
761 793
761 906
761 906
761 973
761 973
761 993
761 993
761 989
761 989
762 802
762 802
762 803
762 803
762 763
762 763
763 795
763 795
763 907
763 907
763 967
763 967
763 989
763 989
764 765
764 765
764 771
764 771
764 772
764 772
764 773
764 773
764 769
764 769
764 774
764 774
765 766
765 766
765 767
765 767
765 768
765 768
765 769
765 769
765 770
765 770
766 771
766 771
766 775
766 775
766 768
766 768
766 776
766 776
766 777
766 777
767 772
767 772
767 775
767 775
767 804
767 804
767 805
767 805
767 770
767 770
768 854
768 854
768 865
768 865
768 773
768 773
768 804
768 804
768 849
768 849
768 858
768 858
768 908
768 908
768 909
768 909
769 776
769 776
769 805
769 805
769 908
769 908
769 990
769 990
770 774
770 774
770 777
770 777
770 909
770 909
770 970
770 970
770 990
770 990
771 778
771 778
771 773
771 773
771 776
771 776
771 779
771 779
772 778
772 778
772 806
772 806
772 805
772 805
772 774
772 774
773 846
773 846
773 845
773 845
773 847
773 847
773 806
773 806
773 850
773 850
773 851
773 851
773 908
773 908
773 910
773 910
774 779
774 779
774 910
774 910
774 958
774 958
774 990
774 990
774 986
774 986
775 778
775 778
775 804
775 804
775 807
775 807
775 777
775 777
776 807
776 807
776 908
776 908
776 991
776 991
777 779
777 779
777 909
777 909
777 971
777 971
777 991
777 991
778 806
778 806
778 807
778 807
778 779
778 779
779 910
779 910
779 961
779 961
779 991
779 991
779 987
779 987
780 781
780 781
780 787
780 787
780 788
780 788
780 789
780 789
780 785
780 785
780 790
780 790
781 782
781 782
781 783
781 783
781 784
781 784
781 785
781 785
781 786
781 786
782 787
782 787
782 791
782 791
782 784
782 784
782 792
782 792
782 793
782 793
783 788
783 788
783 791
783 791
783 808
783 808
783 809
783 809
783 786
783 786
784 854
784 854
784 865
784 865
784 855
784 855
784 789
784 789
784 808
784 808
784 857
784 857
784 867
784 867
784 911
784 911
784 912
784 912
785 792
785 792
785 809
785 809
785 911
785 911
785 992
785 992
786 790
786 790
786 793
786 793
786 912
786 912
786 972
786 972
786 992
786 992
787 794
787 794
787 789
787 789
787 792
787 792
787 795
787 795
788 794
788 794
788 810
788 810
788 809
788 809
788 790
788 790
789 845
789 845
789 847
789 847
789 861
789 861
789 810
789 810
789 863
789 863
789 871
789 871
789 911
789 911
789 913
789 913
790 795
790 795
790 913
790 913
790 964
790 964
790 992
790 992
790 988
790 988
791 794
791 794
791 808
791 808
791 811
791 811
791 793
791 793
792 811
792 811
792 911
792 911
792 993
792 993
793 795
793 795
793 912
793 912
793 973
793 973
793 993
793 993
794 810
794 810
794 811
794 811
794 795
794 795
795 913
795 913
795 967
795 967
795 993
795 993
795 989
795 989
796 816
796 816
796 828
796 828
796 835
796 835
796 798
796 798
796 878
796 878
796 879
796 879
796 914
796 914
796 903
796 903
797 799
797 799
797 914
797 914
797 986
797 986
798 823
798 823
798 832
798 832
798 839
798 839
798 881
798 881
798 882
798 882
798 914
798 914
798 904
798 904
799 914
799 914
799 987
799 987
800 828
800 828
800 835
800 835
800 842
800 842
800 802
800 802
800 883
800 883
800 886
800 886
800 915
800 915
800 906
800 906
801 803
801 803
801 915
801 915
801 988
801 988
802 832
802 832
802 839
802 839
802 885
802 885
802 888
802 888
802 915
802 915
802 907
802 907
803 915
803 915
803 989
803 989
804 856
804 856
804 866
804 866
804 806
804 806
804 890
804 890
804 895
804 895
804 916
804 916
804 909
804 909
805 807
805 807
805 916
805 916
805 990
805 990
806 848
806 848
806 862
806 862
806 870
806 870
806 891
806 891
806 892
806 892
806 916
806 916
806 910
806 910
807 916
807 916
807 991
807 991
808 856
808 856
808 866
808 866
808 873
808 873
808 810
808 810
808 894
808 894
808 898
808 898
808 917
808 917
808 912
808 912
809 811
809 811
809 917
809 917
809 992
809 992
810 862
810 862
810 870
810 870
810 876
810 876
810 897
810 897
810 900
810 900
810 917
810 917
810 913
810 913
811 917
811 917
811 993
811 993
812 813
812 813
812 821
812 821
812 822
812 822
812 823
812 823
812 817
812 817
812 824
812 824
812 825
812 825
812 819
812 819
812 826
812 826
813 814
813 814
813 815
813 815
813 816
813 816
813 817
813 817
813 818
813 818
813 819
813 819
813 820
813 820
814 821
814 821
814 827
814 827
814 828
814 828
814 829
814 829
814 818
814 818
814 830
814 830
814 831
814 831
815 822
815 822
815 827
815 827
815 835
815 835
815 817
815 817
815 824
815 824
815 836
815 836
815 837
815 837
815 838
815 838
816 823
816 823
816 828
816 828
816 835
816 835
816 878
816 878
816 879
816 879
816 880
816 880
816 820
816 820
817 829
817 829
817 878
817 878
817 938
817 938
817 819
817 819
817 939
817 939
818 825
818 825
818 836
818 836
818 879
818 879
818 918
818 918
818 938
818 938
818 958
818 958
818 959
818 959
819 830
819 830
819 837
819 837
819 880
819 880
819 902
819 902
819 919
819 919
819 958
819 958
819 994
819 994
820 826
820 826
820 838
820 838
820 831
820 831
820 928
820 928
820 920
820 920
820 903
820 903
820 965
820 965
820 959
820 959
820 939
820 939
820 994
820 994
820 998
820 998
821 832
821 832
821 829
821 829
821 833
821 833
821 825
821 825
821 830
821 830
821 834
821 834
822 839
822 839
822 824
822 824
822 840
822 840
822 837
822 837
822 841
822 841
823 832
823 832
823 839
823 839
823 878
823 878
823 881
823 881
823 882
823 882
823 880
823 880
823 826
823 826
824 833
824 833
824 881
824 881
824 941
824 941
824 837
824 837
824 942
824 942
825 840
825 840
825 882
825 882
825 921
825 921
825 938
825 938
825 941
825 941
825 958
825 958
825 960
825 960
826 853
826 853
826 841
826 841
826 834
826 834
826 929
826 929
826 922
826 922
826 904
826 904
826 966
826 966
826 960
826 960
826 942
826 942
826 939
826 939
826 994
826 994
827 842
827 842
827 829
827 829
827 833
827 833
827 836
827 836
827 843
827 843
827 844
827 844
828 832
828 832
828 842
828 842
828 883
828 883
828 879
828 879
828 884
828 884
828 831
828 831
829 883
829 883
829 938
829 938
829 830
829 830
829 940
829 940
830 843
830 843
830 884
830 884
830 902
830 902
830 905
830 905
830 923
830 923
830 958
830 958
830 995
830 995
831 834
831 834
831 860
831 860
831 844
831 844
831 931
831 931
831 924
831 924
831 903
831 903
831 906
831 906
831 959
831 959
831 940
831 940
831 995
831 995
831 999
831 999
832 883
832 883
832 885
832 885
832 882
832 882
832 884
832 884
832 834
832 834
833 885
833 885
833 941
833 941
833 843
833 843
833 943
833 943
834 864
834 864
834 932
834 932
834 925
834 925
834 904
834 904
834 907
834 907
834 960
834 960
834 943
834 943
834 940
834 940
834 995
834 995
835 839
835 839
835 842
835 842
835 878
835 878
835 881
835 881
835 886
835 886
835 887
835 887
835 838
835 838
836 840
836 840
836 886
836 886
836 918
836 918
836 938
836 938
836 941
836 941
836 961
836 961
836 962
836 962
837 843
837 843
837 887
837 887
837 902
837 902
837 905
837 905
837 919
837 919
837 961
837 961
837 996
837 996
838 841
838 841
838 869
838 869
838 844
838 844
838 920
838 920
838 903
838 903
838 906
838 906
838 968
838 968
838 962
838 962
838 942
838 942
838 939
838 939
838 996
838 996
838 1000
838 1000
839 881
839 881
839 888
839 888
839 887
839 887
839 841
839 841
840 888
840 888
840 921
840 921
840 941
840 941
840 961
840 961
840 963
840 963
841 872
841 872
841 922
841 922
841 904
841 904
841 907
841 907
841 969
841 969
841 963
841 963
841 942
841 942
841 996
841 996
842 883
842 883
842 885
842 885
842 886
842 886
842 889
842 889
842 844
842 844
843 889
843 889
843 905
843 905
843 923
843 923
843 961
843 961
843 997
843 997
844 875
844 875
844 924
844 924
844 906
844 906
844 962
844 962
844 943
844 943
844 940
844 940
844 997
844 997
844 1001
844 1001
845 846
845 846
845 854
845 854
845 861
845 861
845 862
845 862
845 857
845 857
845 863
845 863
845 851
845 851
845 859
845 859
845 864
845 864
846 847
846 847
846 848
846 848
846 849
846 849
846 850
846 850
846 851
846 851
846 852
846 852
846 853
846 853
847 865
847 865
847 861
847 861
847 870
847 870
847 850
847 850
847 871
847 871
847 868
847 868
847 872
847 872
848 862
848 862
848 870
848 870
848 890
848 890
848 891
848 891
848 892
848 892
848 893
848 893
848 853
848 853
849 865
849 865
849 857
849 857
849 890
849 890
849 944
849 944
849 852
849 852
849 945
849 945
850 865
850 865
850 863
850 863
850 891
850 891
850 947
850 947
850 868
850 868
850 948
850 948
851 858
851 858
851 871
851 871
851 892
851 892
851 921
851 921
851 944
851 944
851 947
851 947
851 964
851 964
851 966
851 966
852 859
852 859
852 868
852 868
852 893
852 893
852 908
852 908
852 927
852 927
852 964
852 964
852 998
852 998
853 872
853 872
853 864
853 864
853 929
853 929
853 910
853 910
853 966
853 966
853 948
853 948
853 945
853 945
853 994
853 994
853 998
853 998
854 855
854 855
854 856
854 856
854 857
854 857
854 858
854 858
854 859
854 859
854 860
854 860
855 865
855 865
855 861
855 861
855 873
855 873
855 857
855 857
855 863
855 863
855 867
855 867
855 874
855 874
855 875
855 875
856 862
856 862
856 873
856 873
856 894
856 894
856 895
856 895
856 896
856 896
856 860
856 860
857 894
857 894
857 944
857 944
857 859
857 859
857 946
857 946
858 867
858 867
858 895
858 895
858 926
858 926
858 944
858 944
858 964
858 964
858 965
858 965
859 874
859 874
859 896
859 896
859 908
859 908
859 911
859 911
859 930
859 930
859 964
859 964
859 999
859 999
860 864
860 864
860 875
860 875
860 931
860 931
860 909
860 909
860 912
860 912
860 965
860 965
860 959
860 959
860 946
860 946
860 999
860 999
861 876
861 876
861 863
861 863
861 871
861 871
861 874
861 874
861 877
861 877
862 876
862 876
862 894
862 894
862 897
862 897
862 892
862 892
862 896
862 896
862 864
862 864
863 897
863 897
863 947
863 947
863 874
863 874
863 949
863 949
864 877
864 877
864 932
864 932
864 910
864 910
864 913
864 913
864 966
864 966
864 960
864 960
864 949
864 949
864 946
864 946
864 995
864 995
864 999
864 999
865 866
865 866
865 867
865 867
865 868
865 868
865 869
865 869
866 870
866 870
866 873
866 873
866 890
866 890
866 891
866 891
866 898
866 898
866 899
866 899
866 869
866 869
867 871
867 871
867 898
867 898
867 926
867 926
867 944
867 944
867 947
867 947
867 967
867 967
867 968
867 968
868 874
868 874
868 899
868 899
868 908
868 908
868 911
868 911
868 927
868 927
868 967
868 967
868 1000
868 1000
869 872
869 872
869 875
869 875
869 928
869 928
869 920
869 920
869 909
869 909
869 912
869 912
869 968
869 968
869 948
869 948
869 945
869 945
869 1000
869 1000
870 876
870 876
870 891
870 891
870 900
870 900
870 899
870 899
870 872
870 872
871 900
871 900
871 921
871 921
871 947
871 947
871 967
871 967
871 969
871 969
872 877
872 877
872 929
872 929
872 922
872 922
872 910
872 910
872 913
872 913
872 969
872 969
872 948
872 948
872 996
872 996
872 1000
872 1000
873 876
873 876
873 894
873 894
873 897
873 897
873 898
873 898
873 901
873 901
873 875
873 875
874 901
874 901
874 911
874 911
874 930
874 930
874 967
874 967
874 1001
874 1001
875 877
875 877
875 931
875 931
875 924
875 924
875 912
875 912
875 968
875 968
875 962
875 962
875 949
875 949
875 946
875 946
875 1001
875 1001
876 897
876 897
876 900
876 900
876 901
876 901
876 877
876 877
877 932
877 932
877 925
877 925
877 913
877 913
877 969
877 969
877 963
877 963
877 949
877 949
877 997
877 997
877 1001
877 1001
878 883
878 883
878 950
878 950
878 880
878 880
878 939
878 939
879 882
879 882
879 886
879 886
879 933
879 933
879 950
879 950
879 970
879 970
879 959
879 959
880 884
880 884
880 887
880 887
880 914
880 914
880 934
880 934
880 970
880 970
880 994
880 994
881 885
881 885
881 951
881 951
881 887
881 887
881 942
881 942
882 888
882 888
882 926
882 926
882 950
882 950
882 951
882 951
882 970
882 970
882 960
882 960
883 950
883 950
883 884
883 884
883 940
883 940
884 889
884 889
884 914
884 914
884 915
884 915
884 935
884 935
884 970
884 970
884 995
884 995
885 951
885 951
885 889
885 889
885 943
885 943
886 888
886 888
886 933
886 933
886 950
886 950
886 951
886 951
886 971
886 971
886 962
886 962
887 889
887 889
887 914
887 914
887 915
887 915
887 934
887 934
887 971
887 971
887 996
887 996
888 926
888 926
888 951
888 951
888 971
888 971
888 963
888 963
889 915
889 915
889 935
889 935
889 971
889 971
889 997
889 997
890 894
890 894
890 952
890 952
890 893
890 893
890 945
890 945
891 897
891 897
891 953
891 953
891 899
891 899
891 948
891 948
892 895
892 895
892 900
892 900
892 918
892 918
892 952
892 952
892 953
892 953
892 972
892 972
892 966
892 966
893 896
893 896
893 899
893 899
893 916
893 916
893 936
893 936
893 972
893 972
893 998
893 998
894 952
894 952
894 896
894 896
894 946
894 946
895 898
895 898
895 933
895 933
895 952
895 952
895 972
895 972
895 965
895 965
896 901
896 901
896 916
896 916
896 917
896 917
896 937
896 937
896 972
896 972
896 999
896 999
897 953
897 953
897 901
897 901
897 949
897 949
898 900
898 900
898 933
898 933
898 952
898 952
898 953
898 953
898 973
898 973
898 968
898 968
899 901
899 901
899 916
899 916
899 917
899 917
899 936
899 936
899 973
899 973
899 1000
899 1000
900 918
900 918
900 953
900 953
900 973
900 973
900 969
900 969
901 917
901 917
901 937
901 937
901 973
901 973
901 1001
901 1001
902 914
902 914
902 919
902 919
902 958
902 958
902 1002
902 1002
903 920
903 920
903 904
903 904
903 909
903 909
903 959
903 959
903 977
903 977
903 939
903 939
903 954
903 954
903 1002
903 1002
903 1004
903 1004
904 922
904 922
904 910
904 910
904 960
904 960
904 974
904 974
904 942
904 942
904 954
904 954
904 1002
904 1002
905 915
905 915
905 923
905 923
905 961
905 961
905 1003
905 1003
906 924
906 924
906 907
906 907
906 912
906 912
906 962
906 962
906 975
906 975
906 940
906 940
906 955
906 955
906 1003
906 1003
906 1005
906 1005
907 925
907 925
907 913
907 913
907 963
907 963
907 976
907 976
907 943
907 943
907 955
907 955
907 1003
907 1003
908 916
908 916
908 927
908 927
908 964
908 964
908 1004
908 1004
909 928
909 928
909 910
909 910
909 965
909 965
909 977
909 977
909 945
909 945
909 956
909 956
909 1004
909 1004
910 929
910 929
910 966
910 966
910 974
910 974
910 948
910 948
910 956
910 956
910 1002
910 1002
910 1004
910 1004
911 917
911 917
911 930
911 930
911 967
911 967
911 1005
911 1005
912 931
912 931
912 913
912 913
912 968
912 968
912 975
912 975
912 946
912 946
912 957
912 957
912 1005
912 1005
913 932
913 932
913 969
913 969
913 976
913 976
913 949
913 949
913 957
913 957
913 1003
913 1003
913 1005
913 1005
914 934
914 934
914 970
914 970
914 1002
914 1002
915 935
915 935
915 971
915 971
915 1003
915 1003
916 936
916 936
916 972
916 972
916 1004
916 1004
917 937
917 937
917 973
917 973
917 1005
917 1005
918 921
918 921
918 933
918 933
918 938
918 938
918 953
918 953
918 974
918 974
918 975
918 975
919 923
919 923
919 934
919 934
919 974
919 974
919 1006
919 1006
920 922
920 922
920 924
920 924
920 968
920 968
920 975
920 975
920 939
920 939
920 1000
920 1000
920 1006
920 1006
921 926
921 926
921 941
921 941
921 947
921 947
921 974
921 974
921 976
921 976
922 925
922 925
922 969
922 969
922 976
922 976
922 942
922 942
922 996
922 996
922 1006
922 1006
923 935
923 935
923 974
923 974
923 1007
923 1007
924 925
924 925
924 962
924 962
924 975
924 975
924 940
924 940
924 1001
924 1001
924 1007
924 1007
925 963
925 963
925 976
925 976
925 943
925 943
925 997
925 997
925 1007
925 1007
926 933
926 933
926 944
926 944
926 951
926 951
926 976
926 976
926 977
926 977
927 930
927 930
927 936
927 936
927 976
927 976
927 1008
927 1008
928 929
928 929
928 931
928 931
928 965
928 965
928 977
928 977
928 945
928 945
928 998
928 998
928 1008
928 1008
929 932
929 932
929 966
929 966
929 974
929 974
929 948
929 948
929 994
929 994
929 1008
929 1008
930 937
930 937
930 976
930 976
930 1009
930 1009
931 932
931 932
931 959
931 959
931 977
931 977
931 946
931 946
931 999
931 999
931 1009
931 1009
932 960
932 960
932 974
932 974
932 949
932 949
932 995
932 995
932 1009
932 1009
933 950
933 950
933 952
933 952
933 977
933 977
933 975
933 975
934 935
934 935
934 977
934 977
934 1006
934 1006
935 977
935 977
935 1007
935 1007
936 937
936 937
936 975
936 975
936 1008
936 1008
937 975
937 975
937 1009
937 1009
938 950
938 950
938 958
938 958
938 978
938 978
939 945
939 945
939 940
939 940
939 954
939 954
939 980
939 980
939 978
939 978
939 994
939 994
939 1008
939 1008
940 946
940 946
940 954
940 954
940 978
940 978
940 995
940 995
940 1009
940 1009
941 951
941 951
941 961
941 961
941 979
941 979
942 948
942 948
942 943
942 943
942 955
942 955
942 981
942 981
942 979
942 979
942 996
942 996
942 1006
942 1006
943 949
943 949
943 955
943 955
943 979
943 979
943 997
943 997
943 1007
943 1007
944 952
944 952
944 964
944 964
944 980
944 980
945 946
945 946
945 956
945 956
945 980
945 980
945 998
945 998
945 1008
945 1008
946 956
946 956
946 980
946 980
946 978
946 978
946 999
946 999
946 1009
946 1009
947 953
947 953
947 967
947 967
947 981
947 981
948 949
948 949
948 957
948 957
948 981
948 981
948 1000
948 1000
948 1006
948 1006
949 957
949 957
949 981
949 981
949 979
949 979
949 1001
949 1001
949 1007
949 1007
950 970
950 970
950 978
950 978
951 971
951 971
951 979
951 979
952 972
952 972
952 980
952 980
953 973
953 973
953 981
953 981
954 956
954 956
954 978
954 978
954 1002
954 1002
954 1014
954 1014
955 957
955 957
955 979
955 979
955 1003
955 1003
955 1014
955 1014
956 980
956 980
956 1004
956 1004
956 1014
956 1014
957 981
957 981
957 1005
957 1005
957 1014
957 1014
958 961
958 961
958 970
958 970
958 974
958 974
958 986
958 986
958 1010
958 1010
959 960
959 960
959 962
959 962
959 975
959 975
959 978
959 978
959 999
959 999
959 1010
959 1010
960 963
960 963
960 976
960 976
960 979
960 979
960 978
960 978
960 995
960 995
960 1010
960 1010
961 971
961 971
961 974
961 974
961 987
961 987
961 1011
961 1011
962 963
962 963
962 975
962 975
962 979
962 979
962 978
962 978
962 1001
962 1001
962 1011
962 1011
963 976
963 976
963 979
963 979
963 997
963 997
963 1011
963 1011
964 967
964 967
964 972
964 972
964 976
964 976
964 988
964 988
964 1012
964 1012
965 966
965 966
965 968
965 968
965 977
965 977
965 980
965 980
965 998
965 998
965 1012
965 1012
966 969
966 969
966 974
966 974
966 981
966 981
966 980
966 980
966 994
966 994
966 1012
966 1012
967 973
967 973
967 976
967 976
967 989
967 989
967 1013
967 1013
968 969
968 969
968 977
968 977
968 981
968 981
968 980
968 980
968 1000
968 1000
968 1013
968 1013
969 974
969 974
969 981
969 981
969 996
969 996
969 1013
969 1013
970 971
970 971
970 977
970 977
970 990
970 990
970 1010
970 1010
971 977
971 977
971 991
971 991
971 1011
971 1011
972 973
972 973
972 975
972 975
972 992
972 992
972 1012
972 1012
973 975
973 975
973 993
973 993
973 1013
973 1013
974 977
974 977
974 981
974 981
974 1002
974 1002
974 1014
974 1014
975 976
975 976
975 978
975 978
975 1005
975 1005
975 1014
975 1014
976 979
976 979
976 1003
976 1003
976 1014
976 1014
977 980
977 980
977 1004
977 1004
977 1014
977 1014
978 1010
978 1010
978 1009
978 1009
979 1011
979 1011
979 1007
979 1007
980 1012
980 1012
980 1008
980 1008
981 1013
981 1013
981 1006
981 1006
982 984
982 984
982 983
982 983
982 1008
982 1008
982 1006
982 1006
983 985
983 985
983 1008
983 1008
983 1007
983 1007
984 985
984 985
984 1009
984 1009
984 1006
984 1006
985 1009
985 1009
985 1007
985 1007
986 987
986 987
986 1002
986 1002
987 1002
987 1002
988 989
988 989
988 1003
988 1003
989 1003
989 1003
990 991
990 991
990 1004
990 1004
991 1004
991 1004
992 993
992 993
992 1005
992 1005
993 1005
993 1005
994 996
994 996
994 995
994 995
994 1002
994 1002
994 1010
994 1010
994 1006
994 1006
995 997
995 997
995 1002
995 1002
995 1003
995 1003
995 1010
995 1010
995 1007
995 1007
996 997
996 997
996 1002
996 1002
996 1003
996 1003
996 1011
996 1011
996 1006
996 1006
997 1003
997 1003
997 1011
997 1011
997 1007
997 1007
998 1000
998 1000
998 999
998 999
998 1004
998 1004
998 1012
998 1012
998 1008
998 1008
999 1001
999 1001
999 1004
999 1004
999 1005
999 1005
999 1012
999 1012
999 1009
999 1009
1000 1001
1000 1001
1000 1004
1000 1004
1000 1005
1000 1005
1000 1013
1000 1013
1000 1008
1000 1008
1001 1005
1001 1005
1001 1013
1001 1013
1001 1009
1001 1009
1002 1010
1002 1010
1002 1006
1002 1006
1003 1011
1003 1011
1003 1007
1003 1007
1004 1012
1004 1012
1004 1008
1004 1008
1005 1013
1005 1013
1005 1009
1005 1009
1006 1007
1006 1007
1006 1014
1006 1014
1007 1014
1007 1014
1008 1009
1008 1009
1008 1014
1008 1014
1009 1014
1009 1014
1010 1011
1010 1011
1010 1014
1010 1014
1011 1014
1011 1014
1012 1013
1012 1013
1012 1014
1012 1014
1013 1014
1013 1014
