0 1
0 1
0 2
0 2
0 3
0 3
0 4
0 4
0 12
0 12
0 10
0 10
0 7
0 7
0 14
0 14
0 11
0 11
0 20
0 20
0 22
0 22
0 15
0 15
0 18
0 18
0 25
0 25
0 19
0 19
0 26
0 26
0 24
0 23
0 23
0 17
0 17
0 28
0 28
0 29
0 29
0 13
0 13
0 21
0 21
0 33
0 27
0 27
0 38
0 46
0 52
0 52
0 34
0 34
0 36
0 36
0 40
0 59
0 42
0 42
0 45
0 43
0 44
0 44
0 41
0 41
0 54
0 69
0 69
0 73
0 73
0 78
0 74
0 80
0 80
0 84
0 84
0 48
0 48
0 75
0 75
0 77
0 77
0 88
0 88
0 63
0 63
0 53
0 53
0 37
0 37
0 91
0 91
0 71
0 95
0 95
0 35
0 35
0 51
0 51
0 76
0 70
0 70
0 60
0 98
0 87
0 99
0 64
0 64
0 83
0 83
0 104
0 104
0 39
0 39
0 106
0 86
0 86
0 103
0 113
0 105
0 109
0 109
0 114
0 114
0 82
0 61
0 56
0 56
0 85
0 85
0 116
0 116
0 121
0 96
0 111
0 67
0 67
0 117
0 117
0 115
0 115
0 126
0 94
0 94
0 101
0 123
0 123
0 90
0 90
0 107
0 145
0 145
0 118
0 118
0 108
0 133
0 147
0 68
0 144
0 110
0 110
0 158
0 158
0 136
0 93
0 93
0 124
0 62
0 174
0 177
0 177
0 169
0 169
0 173
0 159
0 159
0 186
0 8
0 8
0 190
0 190
0 143
0 143
0 154
0 154
0 208
0 148
0 135
0 179
0 153
0 201
0 176
0 209
0 210
0 202
0 149
0 149
0 211
0 212
0 199
0 167
0 167
0 221
0 187
0 187
0 138
0 233
0 248
0 203
0 219
0 244
0 206
0 256
0 160
0 232
0 232
0 272
0 275
0 253
0 253
0 235
0 216
0 276
0 277
0 188
0 188
0 291
0 293
0 293
0 301
0 306
0 292
0 141
0 141
0 183
0 305
0 307
0 310
0 30
0 30
0 318
0 151
0 323
0 335
0 204
0 204
0 31
0 31
0 356
0 58
0 350
0 328
0 155
0 357
0 338
0 250
0 358
0 352
0 359
0 360
0 361
0 364
0 247
0 247
0 375
0 376
0 377
0 379
0 381
0 385
0 329
0 329
0 265
0 413
0 419
0 299
0 299
0 423
0 430
0 431
0 392
0 348
0 451
0 452
0 393
0 267
0 267
0 302
0 207
0 444
0 453
0 303
0 454
0 171
0 224
0 304
0 316
0 316
0 449
0 445
0 79
0 227
0 455
0 456
0 457
0 458
0 459
0 181
0 462
0 255
0 255
0 471
0 476
0 317
0 507
0 508
0 510
0 512
0 324
0 513
0 514
0 552
0 567
0 571
0 417
0 600
0 604
0 610
0 616
0 297
0 416
0 643
0 643
0 644
0 367
0 367
0 663
0 663
0 266
0 677
0 682
0 683
0 714
0 717
0 728
0 711
0 289
0 730
0 522
0 731
0 732
0 72
0 425
0 721
0 733
0 624
0 420
0 645
0 725
0 734
0 673
0 678
0 679
0 680
0 681
0 189
0 273
0 434
0 217
0 182
0 684
0 685
0 112
0 686
0 633
0 687
0 735
0 225
0 178
0 226
0 736
0 688
0 161
0 460
0 737
0 689
0 309
0 690
0 134
0 195
0 122
0 236
0 401
0 691
0 194
0 738
0 197
0 231
0 739
0 707
0 692
0 693
0 694
0 368
0 205
0 257
0 695
0 740
0 741
0 696
0 697
0 698
0 742
0 699
0 140
0 140
0 700
0 81
0 701
0 743
0 744
0 745
0 746
0 747
0 748
0 749
0 750
0 751
0 752
0 753
0 754
0 755
0 756
0 757
0 758
0 759
0 760
0 418
0 770
0 366
0 472
0 474
0 712
0 867
0 870
0 871
0 872
0 873
0 874
0 876
0 879
0 880
0 887
0 888
0 889
0 891
0 892
0 897
0 898
0 899
0 901
1 2
1 2
1 3
1 3
1 4
1 4
1 7
1 14
1 14
1 10
1 10
1 11
1 11
1 15
1 15
1 19
1 19
1 13
1 18
1 21
1 21
1 22
1 22
1 23
1 12
1 12
1 24
1 24
1 20
1 20
1 28
1 28
1 17
1 17
1 27
1 27
1 25
1 25
1 34
1 36
1 26
1 26
1 38
1 38
1 37
1 37
1 41
1 40
1 40
1 42
1 42
1 53
1 54
1 43
1 44
1 44
1 63
1 33
1 33
1 51
1 51
1 69
1 70
1 70
1 52
1 52
1 74
1 77
1 77
1 83
1 48
1 48
1 85
1 85
1 67
1 46
1 46
1 86
1 64
1 64
1 78
1 78
1 90
1 60
1 95
1 98
1 87
1 99
1 45
1 45
1 75
1 75
1 59
1 59
1 103
1 106
1 71
1 71
1 80
1 80
1 110
1 29
1 29
1 96
1 96
1 84
1 84
1 76
1 115
1 105
1 82
1 61
1 117
1 39
1 39
1 113
1 73
1 73
1 116
1 121
1 109
1 109
1 104
1 104
1 35
1 35
1 56
1 56
1 91
1 114
1 114
1 111
1 88
1 118
1 118
1 124
1 124
1 123
1 126
1 126
1 133
1 133
1 136
1 101
1 101
1 8
1 143
1 143
1 144
1 108
1 147
1 159
1 62
1 107
1 107
1 174
1 173
1 149
1 149
1 184
1 184
1 158
1 158
1 186
1 188
1 188
1 179
1 179
1 148
1 135
1 153
1 201
1 68
1 68
1 169
1 169
1 209
1 206
1 210
1 202
1 190
1 190
1 204
1 199
1 211
1 145
1 145
1 207
1 207
1 31
1 31
1 154
1 235
1 171
1 244
1 30
1 183
1 216
1 216
1 289
1 167
1 299
1 160
1 203
1 141
1 304
1 305
1 221
1 234
1 317
1 151
1 72
1 265
1 266
1 267
1 155
1 219
1 219
1 275
1 328
1 164
1 164
1 250
1 276
1 276
1 247
1 329
1 329
1 409
1 335
1 414
1 423
1 367
1 430
1 58
1 301
1 442
1 248
1 302
1 444
1 303
1 401
1 224
1 449
1 445
1 227
1 122
1 137
1 187
1 139
1 140
1 385
1 580
1 600
1 603
1 452
1 624
1 419
1 636
1 673
1 675
1 677
1 679
1 680
1 681
1 682
1 683
1 273
1 182
1 684
1 685
1 408
1 112
1 686
1 687
1 225
1 356
1 724
1 725
1 678
1 189
1 217
1 726
1 633
1 226
1 161
1 689
1 727
1 177
1 707
1 693
1 368
1 358
1 695
1 79
1 79
1 178
1 711
1 688
1 460
1 357
1 309
1 771
1 690
1 134
1 195
1 366
1 691
1 194
1 197
1 692
1 694
1 316
1 205
1 257
1 476
1 696
1 93
1 862
1 697
1 698
1 699
1 700
1 81
1 712
1 701
1 904
2 3
2 3
2 4
2 4
2 10
2 10
2 7
2 7
2 15
2 15
2 14
2 14
2 18
2 11
2 11
2 21
2 22
2 22
2 12
2 12
2 23
2 28
2 28
2 24
2 24
2 13
2 13
2 26
2 26
2 20
2 17
2 17
2 27
2 40
2 34
2 34
2 42
2 42
2 37
2 38
2 38
2 44
2 44
2 43
2 43
2 36
2 36
2 19
2 19
2 25
2 51
2 51
2 53
2 54
2 41
2 67
2 69
2 8
2 8
2 70
2 29
2 29
2 46
2 46
2 77
2 77
2 74
2 33
2 33
2 48
2 48
2 45
2 45
2 60
2 64
2 64
2 52
2 52
2 71
2 71
2 86
2 86
2 85
2 87
2 80
2 80
2 90
2 90
2 82
2 95
2 61
2 98
2 59
2 59
2 96
2 99
2 101
2 101
2 39
2 39
2 106
2 104
2 104
2 111
2 113
2 110
2 83
2 83
2 105
2 88
2 88
2 76
2 116
2 121
2 109
2 109
2 35
2 35
2 56
2 56
2 91
2 103
2 103
2 114
2 114
2 94
2 78
2 78
2 63
2 63
2 118
2 118
2 123
2 124
2 124
2 115
2 126
2 126
2 84
2 84
2 107
2 117
2 117
2 136
2 30
2 108
2 133
2 147
2 93
2 153
2 144
2 155
2 155
2 135
2 174
2 164
2 173
2 179
2 181
2 181
2 62
2 31
2 31
2 160
2 169
2 73
2 203
2 204
2 204
2 148
2 201
2 68
2 68
2 202
2 205
2 149
2 186
2 209
2 210
2 199
2 183
2 159
2 159
2 151
2 184
2 171
2 244
2 207
2 207
2 206
2 219
2 188
2 188
2 72
2 72
2 190
2 234
2 272
2 97
2 306
2 167
2 143
2 92
2 176
2 235
2 304
2 250
2 9
2 9
2 134
2 195
2 195
2 122
2 247
2 140
2 265
2 350
2 145
2 141
2 434
2 154
2 302
2 303
2 236
2 236
2 401
2 224
2 221
2 301
2 112
2 433
2 477
2 375
2 329
2 595
2 299
2 646
2 677
2 679
2 680
2 681
2 682
2 678
2 217
2 253
2 226
2 161
2 689
2 693
2 316
2 358
2 695
2 305
2 449
2 79
2 79
2 189
2 683
2 273
2 182
2 684
2 685
2 686
2 687
2 225
2 178
2 711
2 688
2 737
2 357
2 309
2 690
2 691
2 194
2 197
2 187
2 705
2 692
2 694
2 271
2 257
2 696
2 697
2 698
2 699
2 700
2 81
2 712
2 701
3 4
3 4
3 7
3 10
3 10
3 11
3 11
3 15
3 15
3 17
3 13
3 21
3 12
3 22
3 23
3 18
3 18
3 28
3 20
3 20
3 27
3 27
3 34
3 24
3 24
3 14
3 14
3 42
3 42
3 19
3 19
3 53
3 41
3 41
3 51
3 54
3 54
3 40
3 40
3 26
3 26
3 38
3 38
3 74
3 70
3 36
3 36
3 33
3 33
3 45
3 45
3 37
3 69
3 69
3 25
3 25
3 64
3 64
3 48
3 48
3 77
3 77
3 52
3 52
3 46
3 46
3 63
3 63
3 90
3 85
3 60
3 60
3 59
3 95
3 98
3 87
3 87
3 86
3 99
3 83
3 43
3 43
3 44
3 44
3 71
3 71
3 106
3 78
3 78
3 96
3 110
3 82
3 61
3 104
3 56
3 56
3 103
3 39
3 39
3 105
3 117
3 29
3 113
3 76
3 121
3 109
3 114
3 114
3 116
3 35
3 91
3 111
3 80
3 80
3 88
3 101
3 101
3 107
3 67
3 67
3 126
3 133
3 124
3 108
3 108
3 115
3 147
3 84
3 84
3 123
3 144
3 118
3 118
3 136
3 135
3 174
3 148
3 173
3 149
3 62
3 199
3 153
3 201
3 68
3 68
3 158
3 158
3 179
3 186
3 209
3 206
3 210
3 202
3 183
3 171
3 244
3 250
3 207
3 155
3 203
3 234
3 143
3 73
3 75
3 75
3 350
3 328
3 164
3 235
3 235
3 304
3 275
3 276
3 329
3 302
3 303
3 401
3 224
3 177
3 221
3 141
3 454
3 454
3 356
3 394
3 395
3 265
3 184
3 184
3 604
3 393
3 393
3 677
3 679
3 680
3 681
3 682
3 420
3 706
3 678
3 189
3 217
3 684
3 408
3 31
3 225
3 226
3 161
3 689
3 690
3 194
3 188
3 692
3 693
3 694
3 257
3 695
3 699
3 140
3 81
3 683
3 273
3 182
3 301
3 685
3 112
3 686
3 687
3 253
3 178
3 711
3 688
3 357
3 309
3 134
3 195
3 122
3 691
3 197
3 187
3 696
3 93
3 697
3 698
3 700
3 712
3 701
3 79
4 7
4 7
4 10
4 11
4 11
4 15
4 15
4 13
4 13
4 18
4 18
4 20
4 20
4 21
4 21
4 23
4 12
4 12
4 17
4 17
4 22
4 22
4 27
4 24
4 24
4 28
4 28
4 33
4 33
4 34
4 34
4 26
4 26
4 25
4 25
4 42
4 42
4 43
4 38
4 38
4 44
4 40
4 40
4 41
4 53
4 54
4 51
4 51
4 19
4 19
4 52
4 52
4 67
4 67
4 70
4 69
4 36
4 46
4 46
4 48
4 48
4 74
4 45
4 45
4 64
4 64
4 60
4 60
4 77
4 86
4 90
4 59
4 87
4 96
4 82
4 95
4 95
4 61
4 98
4 99
4 76
4 91
4 80
4 88
4 71
4 71
4 101
4 101
4 106
4 110
4 111
4 113
4 118
4 109
4 109
4 117
4 105
4 116
4 121
4 104
4 35
4 35
4 56
4 56
4 103
4 39
4 114
4 85
4 29
4 29
4 83
4 124
4 124
4 123
4 126
4 63
4 115
4 133
4 75
4 75
4 136
4 147
4 108
4 108
4 153
4 144
4 155
4 164
4 164
4 62
4 135
4 135
4 107
4 107
4 174
4 173
4 181
4 186
4 78
4 190
4 190
4 179
4 209
4 199
4 148
4 201
4 68
4 68
4 158
4 158
4 149
4 206
4 187
4 210
4 202
4 204
4 183
4 205
4 73
4 203
4 235
4 207
4 171
4 244
4 256
4 141
4 177
4 234
4 353
4 97
4 232
4 232
4 143
4 275
4 328
4 92
4 176
4 338
4 304
4 250
4 276
4 265
4 444
4 302
4 303
4 224
4 169
4 221
4 221
4 227
4 445
4 394
4 567
4 571
4 596
4 167
4 167
4 138
4 219
4 219
4 460
4 255
4 329
4 721
4 597
4 247
4 8
4 352
4 739
4 449
4 308
5 6
5 6
5 16
5 16
5 32
5 47
5 49
5 50
5 50
5 58
5 57
5 57
5 65
5 65
5 66
5 55
5 55
5 97
5 102
5 102
5 152
5 180
5 229
5 230
5 129
5 262
5 262
5 242
5 168
5 243
5 163
5 138
5 170
5 130
5 290
5 92
5 193
5 21
5 404
5 403
5 100
5 119
5 446
5 48
5 222
5 569
5 594
5 583
5 570
5 584
5 62
5 62
5 614
5 185
5 572
5 68
6 16
6 16
6 32
6 47
6 50
6 50
6 57
6 57
6 58
6 65
6 65
6 55
6 55
6 49
6 49
6 97
6 66
6 66
6 102
6 152
6 180
6 230
6 262
6 262
6 290
6 229
6 339
6 193
6 92
6 404
6 403
6 403
6 222
6 594
6 572
6 27
6 313
7 17
7 17
7 10
7 10
7 11
7 11
7 24
7 18
7 18
7 21
7 21
7 15
7 15
7 22
7 12
7 12
7 20
7 20
7 28
7 27
7 13
7 13
7 26
7 26
7 34
7 34
7 19
7 38
7 38
7 42
7 42
7 23
7 23
7 46
7 46
7 45
7 45
7 54
7 53
7 41
7 44
7 44
7 48
7 48
7 40
7 40
7 43
7 43
7 51
7 51
7 64
7 70
7 25
7 69
7 74
7 36
7 36
7 33
7 33
7 67
7 67
7 52
7 52
7 77
7 71
7 71
7 90
7 87
7 60
7 60
7 95
7 61
7 98
7 86
7 86
7 106
7 110
7 111
7 96
7 96
7 82
7 82
7 117
7 101
7 101
7 59
7 76
7 116
7 105
7 121
7 109
7 104
7 35
7 56
7 91
7 85
7 29
7 103
7 39
7 80
7 88
7 83
7 114
7 113
7 118
7 123
7 124
7 107
7 115
7 133
7 126
7 136
7 108
7 108
7 147
7 68
7 99
7 99
7 144
7 63
7 62
7 135
7 179
7 174
7 173
7 186
7 158
7 190
7 148
7 153
7 153
7 201
7 209
7 206
7 210
7 202
7 149
7 204
7 155
7 155
7 181
7 181
7 164
7 164
7 183
7 205
7 203
7 154
7 244
7 141
7 207
7 235
7 171
7 221
7 234
7 97
7 275
7 328
7 92
7 176
7 250
7 276
7 444
7 78
7 224
7 445
7 227
7 184
7 393
7 460
7 310
7 75
7 420
7 597
7 143
7 449
8 9
8 9
8 14
8 14
8 36
8 36
8 72
8 72
8 79
8 81
8 12
8 63
8 63
8 29
8 83
8 83
8 122
8 122
8 84
8 84
8 134
8 139
8 139
8 140
8 140
8 141
8 142
8 77
8 161
8 39
8 178
8 56
8 56
8 26
8 26
8 182
8 189
8 194
8 104
8 195
8 196
8 197
8 217
8 218
8 220
8 225
8 226
8 236
8 257
8 258
8 267
8 268
8 269
8 270
8 271
8 278
8 274
8 109
8 150
8 103
8 309
8 78
8 440
8 10
8 20
8 28
8 13
8 679
8 105
8 160
8 37
8 695
8 19
9 72
9 72
9 14
9 195
9 195
9 29
9 29
9 122
9 79
9 63
9 134
9 309
9 189
9 189
9 225
9 84
9 36
9 257
9 139
9 217
9 182
9 105
9 37
9 236
9 81
9 220
9 56
9 83
9 19
10 13
10 13
10 11
10 11
10 15
10 23
10 18
10 18
10 20
10 24
10 24
10 17
10 17
10 27
10 22
10 22
10 12
10 12
10 34
10 34
10 26
10 26
10 25
10 25
10 28
10 28
10 44
10 44
10 21
10 21
10 53
10 41
10 43
10 43
10 51
10 54
10 54
10 46
10 46
10 40
10 40
10 42
10 42
10 36
10 36
10 74
10 38
10 38
10 60
10 59
10 59
10 33
10 70
10 77
10 45
10 45
10 86
10 86
10 69
10 69
10 52
10 52
10 90
10 88
10 80
10 80
10 96
10 82
10 61
10 87
10 76
10 64
10 64
10 67
10 67
10 71
10 71
10 19
10 19
10 29
10 29
10 91
10 91
10 95
10 95
10 116
10 121
10 109
10 109
10 104
10 35
10 35
10 56
10 98
10 103
10 39
10 114
10 105
10 111
10 85
10 113
10 83
10 48
10 48
10 123
10 124
10 118
10 118
10 136
10 144
10 144
10 99
10 110
10 110
10 107
10 107
10 174
10 106
10 173
10 164
10 101
10 101
10 155
10 187
10 73
10 148
10 135
10 176
10 169
10 169
10 158
10 158
10 149
10 154
10 154
10 117
10 206
10 204
10 153
10 205
10 181
10 159
10 159
10 244
10 63
10 207
10 256
10 183
10 203
10 203
10 126
10 221
10 221
10 141
10 141
10 235
10 235
10 171
10 171
10 62
10 234
10 167
10 328
10 250
10 275
10 108
10 133
10 310
10 276
10 145
10 78
10 78
10 224
10 227
10 143
10 143
10 302
10 444
10 186
10 303
10 316
10 445
10 522
10 451
10 604
10 358
10 301
10 454
10 84
10 741
11 18
11 18
11 15
11 15
11 20
11 20
11 25
11 25
11 21
11 21
11 13
11 13
11 23
11 22
11 22
11 24
11 24
11 12
11 27
11 27
11 28
11 28
11 35
11 35
11 17
11 17
11 26
11 26
11 34
11 34
11 44
11 44
11 43
11 43
11 51
11 51
11 38
11 38
11 40
11 40
11 42
11 42
11 46
11 46
11 71
11 71
11 36
11 36
11 53
11 76
11 54
11 41
11 74
11 52
11 52
11 60
11 33
11 69
11 69
11 67
11 67
11 45
11 45
11 87
11 77
11 86
11 86
11 70
11 70
11 80
11 80
11 88
11 59
11 48
11 48
11 90
11 90
11 82
11 61
11 98
11 19
11 19
11 91
11 96
11 64
11 64
11 105
11 111
11 113
11 95
11 95
11 116
11 121
11 109
11 109
11 104
11 56
11 103
11 39
11 83
11 114
11 85
11 29
11 29
11 118
11 123
11 123
11 99
11 101
11 110
11 110
11 124
11 136
11 138
11 138
11 75
11 75
11 117
11 144
11 144
11 58
11 58
11 155
11 68
11 170
11 106
11 106
11 135
11 107
11 107
11 115
11 174
11 181
11 164
11 62
11 62
11 126
11 191
11 191
11 167
11 167
11 148
11 108
11 201
11 133
11 147
11 149
11 186
11 209
11 210
11 204
11 153
11 205
11 207
11 223
11 223
11 251
11 251
11 183
11 235
11 244
11 173
11 219
11 219
11 206
11 256
11 203
11 63
11 63
11 273
11 143
11 171
11 78
11 221
11 154
11 154
11 97
11 306
11 328
11 92
11 176
11 250
11 247
11 158
11 308
11 308
11 141
11 141
11 302
11 303
11 255
11 224
11 224
11 234
11 448
11 187
11 352
11 352
11 567
11 335
11 410
11 624
11 633
11 708
11 169
11 358
11 185
11 84
11 14
11 316
11 476
12 17
12 19
12 19
12 15
12 26
12 26
12 28
12 18
12 21
12 22
12 13
12 13
12 38
12 46
12 36
12 45
12 40
12 51
12 48
12 42
12 70
12 27
12 44
12 24
12 24
12 20
12 69
12 69
12 43
12 74
12 23
12 33
12 64
12 90
12 34
12 71
12 77
12 77
12 95
12 98
12 52
12 52
12 67
12 86
12 60
12 99
12 87
12 106
12 104
12 104
12 85
12 39
12 82
12 105
12 105
12 61
12 56
12 29
12 29
12 103
12 80
12 113
12 83
12 114
12 59
12 59
12 76
12 116
12 121
12 109
12 35
12 91
12 111
12 88
12 96
12 110
12 117
12 54
12 53
12 41
12 101
12 108
12 107
12 115
12 133
12 147
12 68
12 126
12 63
12 63
12 144
12 118
12 124
12 123
12 136
12 25
12 174
12 78
12 78
12 179
12 153
12 201
12 186
12 209
12 210
12 202
12 62
12 143
12 143
12 148
12 135
12 84
12 84
12 79
12 79
12 244
12 206
12 173
12 149
12 350
12 267
12 217
12 14
12 14
12 158
12 160
12 220
12 236
12 93
12 93
12 449
12 276
12 560
12 677
12 679
12 680
12 681
12 682
12 189
12 683
12 273
12 182
12 301
12 684
12 685
12 31
12 112
12 686
12 687
12 225
12 253
12 253
12 178
12 711
12 226
12 704
12 688
12 161
12 763
12 764
12 678
12 689
12 695
12 765
12 317
12 317
12 357
12 164
12 309
12 690
12 134
12 195
12 122
12 777
12 691
12 194
12 197
12 304
12 188
12 692
12 693
12 694
12 257
12 696
12 697
12 698
12 699
12 140
12 700
12 81
12 712
12 701
12 867
13 23
13 23
13 18
13 18
13 15
13 15
13 24
13 24
13 21
13 21
13 22
13 22
13 20
13 20
13 43
13 43
13 17
13 17
13 27
13 27
13 25
13 53
13 54
13 41
13 26
13 26
13 28
13 44
13 44
13 34
13 34
13 74
13 69
13 69
13 51
13 51
13 87
13 19
13 19
13 45
13 45
13 36
13 36
13 46
13 46
13 40
13 42
13 42
13 96
13 38
13 38
13 59
13 59
13 60
13 33
13 48
13 48
13 91
13 91
13 52
13 52
13 29
13 29
13 95
13 95
13 76
13 76
13 116
13 105
13 105
13 121
13 109
13 109
13 104
13 35
13 35
13 56
13 70
13 98
13 111
13 111
13 85
13 103
13 39
13 80
13 80
13 113
13 88
13 88
13 83
13 114
13 118
13 124
13 123
13 123
13 90
13 90
13 107
13 64
13 64
13 82
13 61
13 67
13 67
13 136
13 71
13 71
13 110
13 86
13 86
13 155
13 77
13 77
13 164
13 101
13 101
13 135
13 106
13 176
13 174
13 173
13 181
13 154
13 154
13 207
13 206
13 148
13 117
13 158
13 149
13 204
13 153
13 183
13 205
13 63
13 63
13 203
13 203
13 187
13 187
13 256
13 235
13 171
13 244
13 119
13 273
13 234
13 97
13 143
13 275
13 328
13 115
13 92
13 133
13 68
13 68
13 250
13 276
13 126
13 126
13 308
13 308
13 141
13 302
13 303
13 78
13 224
13 62
13 221
13 352
13 352
13 84
14 37
14 37
14 56
14 56
14 26
14 26
14 30
14 30
14 31
14 31
14 39
14 39
14 83
14 84
14 84
14 29
14 29
14 63
14 63
14 72
14 77
14 77
14 36
14 36
14 204
14 124
14 143
14 253
14 253
14 137
14 78
14 78
14 114
14 112
14 160
14 188
14 188
14 79
14 79
14 80
14 80
14 93
14 19
14 184
14 184
14 267
14 118
14 151
14 52
14 104
14 104
14 164
14 122
14 447
14 472
14 81
14 103
14 103
14 595
14 167
14 677
14 679
14 680
14 681
14 682
14 94
14 683
14 273
14 105
14 217
14 217
14 182
14 301
14 685
14 218
14 464
14 686
14 687
14 178
14 711
14 688
14 357
14 309
14 134
14 195
14 101
14 691
14 197
14 678
14 59
14 189
14 684
14 225
14 226
14 161
14 689
14 690
14 194
14 692
14 693
14 694
14 28
14 257
14 695
14 40
14 699
14 140
14 700
14 158
14 316
14 205
14 358
14 113
14 696
14 697
14 720
14 698
14 712
14 701
15 21
15 21
15 18
15 18
15 17
15 24
15 22
15 27
15 28
15 26
15 38
15 38
15 20
15 45
15 45
15 34
15 34
15 46
15 46
15 51
15 42
15 42
15 23
15 23
15 40
15 44
15 44
15 48
15 48
15 43
15 43
15 25
15 54
15 53
15 41
15 71
15 67
15 67
15 70
15 19
15 64
15 64
15 33
15 69
15 69
15 36
15 52
15 52
15 74
15 82
15 95
15 61
15 86
15 98
15 60
15 96
15 106
15 90
15 101
15 111
15 87
15 77
15 77
15 110
15 59
15 76
15 116
15 105
15 121
15 109
15 104
15 35
15 56
15 91
15 85
15 29
15 103
15 39
15 80
15 113
15 88
15 83
15 114
15 118
15 118
15 124
15 123
15 115
15 117
15 126
15 126
15 136
15 108
15 133
15 147
15 68
15 99
15 99
15 153
15 63
15 63
15 144
15 107
15 174
15 155
15 181
15 164
15 62
15 179
15 201
15 186
15 209
15 210
15 202
15 204
15 205
15 203
15 171
15 158
15 173
15 183
15 207
15 207
15 235
15 235
15 234
15 97
15 135
15 275
15 328
15 92
15 176
15 276
15 143
15 143
15 302
15 303
15 141
15 78
15 224
15 221
15 84
16 57
16 57
16 58
16 58
16 32
16 50
16 55
16 55
16 47
16 49
16 49
16 66
16 180
16 152
16 152
16 290
16 229
16 262
16 230
16 193
16 404
16 403
16 65
16 594
16 222
16 27
17 28
17 18
17 18
17 23
17 22
17 26
17 26
17 20
17 20
17 19
17 19
17 42
17 42
17 24
17 24
17 48
17 43
17 44
17 45
17 45
17 38
17 38
17 21
17 21
17 33
17 33
17 40
17 40
17 46
17 46
17 27
17 27
17 70
17 70
17 77
17 74
17 74
17 87
17 36
17 36
17 51
17 51
17 54
17 67
17 67
17 60
17 95
17 98
17 69
17 69
17 99
17 52
17 52
17 71
17 71
17 64
17 64
17 90
17 90
17 96
17 111
17 25
17 82
17 61
17 86
17 86
17 101
17 34
17 34
17 76
17 105
17 59
17 116
17 121
17 109
17 104
17 35
17 56
17 56
17 91
17 85
17 29
17 103
17 39
17 80
17 83
17 114
17 113
17 88
17 124
17 53
17 53
17 41
17 41
17 118
17 118
17 117
17 117
17 126
17 126
17 123
17 136
17 106
17 106
17 115
17 115
17 133
17 133
17 147
17 108
17 108
17 144
17 63
17 63
17 110
17 110
17 135
17 107
17 107
17 174
17 173
17 190
17 148
17 179
17 179
17 186
17 153
17 201
17 68
17 68
17 62
17 209
17 210
17 202
17 149
17 203
17 154
17 164
17 244
17 158
17 206
17 206
17 183
17 183
17 207
17 207
17 171
17 234
17 275
17 155
17 155
17 97
17 75
17 92
17 176
17 181
17 338
17 250
17 276
17 143
17 449
17 571
17 37
17 235
17 304
17 352
18 23
18 22
18 22
18 21
18 20
18 27
18 24
18 24
18 25
18 25
18 28
18 28
18 34
18 34
18 53
18 41
18 54
18 74
18 36
18 42
18 42
18 51
18 51
18 45
18 45
18 69
18 26
18 26
18 88
18 59
18 43
18 43
18 38
18 38
18 87
18 48
18 48
18 96
18 35
18 70
18 98
18 40
18 40
18 76
18 46
18 46
18 44
18 44
18 86
18 111
18 60
18 33
18 19
18 19
18 116
18 105
18 91
18 91
18 95
18 95
18 121
18 109
18 109
18 104
18 56
18 103
18 39
18 114
18 85
18 29
18 29
18 80
18 80
18 113
18 83
18 77
18 90
18 124
18 101
18 101
18 118
18 118
18 106
18 107
18 123
18 64
18 64
18 82
18 61
18 136
18 71
18 71
18 52
18 52
18 67
18 67
18 110
18 110
18 155
18 126
18 115
18 133
18 135
18 174
18 181
18 63
18 148
18 147
18 186
18 209
18 210
18 108
18 201
18 117
18 117
18 68
18 62
18 62
18 149
18 99
18 183
18 164
18 164
18 204
18 153
18 205
18 203
18 207
18 256
18 171
18 158
18 173
18 234
18 143
18 275
18 92
18 176
18 206
18 97
18 306
18 235
18 250
18 276
18 141
18 141
18 187
18 167
18 302
18 303
18 78
18 224
18 221
18 301
18 75
18 358
18 316
18 144
19 20
19 20
19 23
19 21
19 21
19 53
19 24
19 24
19 22
19 22
19 25
19 25
19 42
19 26
19 26
19 118
19 123
19 54
19 54
19 41
19 41
19 110
19 110
19 27
19 27
19 117
19 117
19 75
19 75
19 28
19 28
19 48
19 106
19 38
19 115
19 133
19 133
19 67
19 147
19 101
19 101
19 68
19 126
19 108
19 108
19 40
19 40
19 99
19 52
19 52
19 124
19 124
19 136
19 136
19 33
19 64
19 34
19 69
19 46
19 71
19 63
19 95
19 179
19 153
19 186
19 70
19 209
19 98
19 206
19 210
19 202
19 62
19 173
19 201
19 190
19 238
19 244
19 37
19 37
19 73
19 232
19 77
19 36
19 36
19 145
19 208
19 56
19 56
19 177
19 265
19 265
19 159
19 43
19 43
19 148
19 328
19 90
19 107
19 44
19 74
19 235
19 235
19 86
19 87
19 60
19 158
19 158
19 143
19 135
19 164
19 84
19 84
19 96
19 149
19 394
19 329
19 395
19 366
19 739
19 39
19 72
19 420
19 78
19 305
19 317
19 449
19 83
19 352
20 22
20 22
20 25
20 25
20 27
20 41
20 54
20 53
20 35
20 35
20 24
20 23
20 23
20 21
20 21
20 33
20 33
20 26
20 26
20 59
20 91
20 80
20 34
20 95
20 95
20 76
20 76
20 29
20 29
20 88
20 88
20 75
20 75
20 96
20 43
20 116
20 121
20 38
20 109
20 109
20 44
20 104
20 45
20 56
20 74
20 70
20 98
20 87
20 69
20 46
20 28
20 103
20 39
20 83
20 114
20 113
20 105
20 105
20 111
20 111
20 36
20 36
20 85
20 85
20 51
20 51
20 138
20 124
20 73
20 73
20 118
20 123
20 136
20 52
20 110
20 159
20 159
20 177
20 177
20 173
20 145
20 145
20 206
20 187
20 190
20 232
20 42
20 42
20 117
20 244
20 158
20 256
20 184
20 184
20 208
20 208
20 167
20 167
20 164
20 164
20 265
20 265
20 353
20 191
20 108
20 275
20 133
20 101
20 247
20 126
20 276
20 276
20 352
20 410
20 420
20 420
20 367
20 367
20 266
20 63
20 302
20 77
20 394
20 395
20 58
20 408
20 408
20 219
20 255
20 169
20 366
20 555
20 643
20 393
20 393
20 301
20 425
20 721
20 670
20 185
20 235
20 310
20 739
21 23
21 23
21 24
21 24
21 42
21 42
21 27
21 27
21 48
21 48
21 34
21 34
21 28
21 22
21 62
21 62
21 40
21 40
21 61
21 68
21 68
21 60
21 60
21 53
21 41
21 54
21 25
21 26
21 26
21 82
21 82
21 38
21 38
21 44
21 44
21 64
21 64
21 43
21 86
21 77
21 33
21 89
21 90
21 52
21 52
21 92
21 92
21 51
21 51
21 99
21 71
21 71
21 45
21 45
21 101
21 101
21 67
21 67
21 106
21 108
21 108
21 110
21 46
21 46
21 119
21 120
21 70
21 123
21 118
21 118
21 125
21 117
21 115
21 36
21 36
21 124
21 74
21 126
21 136
21 146
21 147
21 133
21 133
21 153
21 144
21 63
21 154
21 154
21 69
21 69
21 162
21 155
21 97
21 165
21 166
21 87
21 100
21 100
21 172
21 175
21 135
21 107
21 107
21 174
21 181
21 186
21 138
21 96
21 58
21 58
21 171
21 171
21 198
21 148
21 179
21 179
21 209
21 210
21 202
21 95
21 201
21 176
21 176
21 98
21 158
21 158
21 213
21 149
21 214
21 164
21 164
21 204
21 205
21 227
21 228
21 222
21 237
21 235
21 252
21 259
21 260
21 261
21 203
21 35
21 35
21 234
21 279
21 280
21 281
21 207
21 254
21 224
21 224
21 141
21 163
21 185
21 319
21 320
21 321
21 322
21 325
21 143
21 275
21 355
21 183
21 183
21 362
21 206
21 111
21 190
21 249
21 328
21 192
21 250
21 354
21 221
21 221
21 369
21 370
21 371
21 372
21 373
21 374
21 276
21 378
21 380
21 243
21 444
21 467
21 137
21 187
21 263
21 263
21 264
21 478
21 479
21 302
21 288
21 303
21 480
21 78
21 481
21 482
21 483
21 484
21 485
21 486
21 487
21 488
21 489
21 490
21 491
21 492
21 493
21 494
21 495
21 496
21 497
21 498
21 499
21 500
21 501
21 502
21 503
21 504
21 505
21 506
21 445
21 509
21 511
21 515
21 516
21 517
21 347
21 347
21 703
21 448
21 729
21 768
21 789
21 383
21 240
21 790
21 300
21 791
21 273
21 105
21 191
21 792
21 793
21 794
21 795
21 796
21 797
21 798
21 308
21 799
21 800
21 801
21 802
21 803
21 804
21 805
21 806
21 807
21 808
21 809
21 810
21 811
21 212
21 812
21 813
21 814
21 815
21 816
21 817
21 818
21 819
21 820
21 821
21 360
21 822
21 823
21 824
21 825
21 826
21 827
21 828
21 829
21 830
21 831
21 832
21 833
21 834
21 835
21 836
21 837
21 838
21 839
21 840
21 841
21 842
21 843
21 844
21 845
21 846
21 847
21 848
21 849
21 850
21 851
21 852
21 853
21 854
21 855
21 856
21 857
21 858
21 859
21 860
21 861
21 88
21 130
21 875
21 877
21 878
21 881
21 882
21 883
21 884
21 885
21 886
21 890
21 893
21 894
21 895
21 900
21 902
21 903
22 27
22 25
22 25
22 23
22 53
22 41
22 41
22 54
22 24
22 24
22 88
22 59
22 26
22 26
22 38
22 38
22 35
22 95
22 95
22 98
22 70
22 76
22 34
22 36
22 36
22 96
22 96
22 45
22 69
22 69
22 110
22 33
22 91
22 91
22 43
22 43
22 116
22 121
22 109
22 109
22 104
22 56
22 87
22 46
22 46
22 28
22 28
22 103
22 39
22 39
22 114
22 105
22 44
22 44
22 74
22 111
22 85
22 29
22 29
22 80
22 80
22 113
22 83
22 51
22 117
22 115
22 115
22 133
22 126
22 73
22 73
22 42
22 108
22 67
22 67
22 101
22 101
22 40
22 40
22 106
22 48
22 147
22 99
22 159
22 159
22 123
22 124
22 124
22 63
22 118
22 136
22 169
22 169
22 173
22 64
22 62
22 71
22 153
22 201
22 68
22 68
22 179
22 186
22 86
22 209
22 206
22 210
22 202
22 75
22 75
22 158
22 158
22 149
22 244
22 187
22 256
22 256
22 216
22 216
22 77
22 324
22 306
22 275
22 164
22 276
22 141
22 167
22 248
22 78
22 224
22 177
22 177
22 221
22 316
22 423
22 462
22 770
22 508
22 896
23 24
23 24
23 34
23 34
23 54
23 53
23 41
23 27
23 25
23 43
23 43
23 42
23 26
23 26
23 40
23 48
23 52
23 52
23 28
23 44
23 44
23 60
23 90
23 64
23 64
23 45
23 107
23 74
23 46
23 46
23 69
23 69
23 71
23 51
23 86
23 86
23 118
23 87
23 38
23 38
23 123
23 124
23 36
23 36
23 135
23 77
23 77
23 82
23 61
23 67
23 67
23 101
23 136
23 148
23 149
23 154
23 154
23 155
23 110
23 164
23 106
23 176
23 174
23 173
23 181
23 183
23 96
23 63
23 117
23 206
23 158
23 204
23 153
23 120
23 205
23 203
23 207
23 207
23 235
23 171
23 244
23 250
23 126
23 240
23 68
23 234
23 97
23 143
23 275
23 328
23 115
23 92
23 133
23 111
23 33
23 276
23 308
23 308
23 273
23 273
23 105
23 105
23 239
23 245
23 326
23 141
23 119
23 302
23 303
23 78
23 224
23 62
23 221
23 352
23 352
24 34
24 26
24 26
24 53
24 54
24 54
24 41
24 41
24 25
24 25
24 86
24 64
24 42
24 42
24 45
24 27
24 27
24 40
24 40
24 77
24 46
24 48
24 48
24 71
24 52
24 52
24 82
24 61
24 60
24 60
24 51
24 28
24 28
24 38
24 67
24 44
24 44
24 90
24 90
24 43
24 43
24 123
24 124
24 118
24 36
24 136
24 110
24 70
24 144
24 99
24 33
24 106
24 107
24 107
24 174
24 74
24 74
24 154
24 148
24 135
24 87
24 69
24 69
24 149
24 206
24 173
24 204
24 153
24 155
24 155
24 181
24 164
24 164
24 101
24 101
24 205
24 96
24 96
24 158
24 158
24 117
24 117
24 244
24 203
24 63
24 141
24 179
24 207
24 235
24 171
24 62
24 221
24 234
24 328
24 275
24 133
24 183
24 183
24 250
24 276
24 444
24 186
24 78
24 224
24 445
24 227
24 143
25 27
25 35
25 35
25 41
25 41
25 54
25 53
25 75
25 34
25 80
25 73
25 73
25 76
25 136
25 138
25 138
25 26
25 26
25 124
25 124
25 118
25 123
25 58
25 159
25 159
25 167
25 167
25 110
25 170
25 29
25 29
25 169
25 169
25 59
25 86
25 95
25 115
25 109
25 219
25 219
25 91
25 36
25 216
25 158
25 158
25 223
25 223
25 88
25 149
25 187
25 256
25 191
25 191
25 251
25 251
25 173
25 145
25 145
25 276
25 275
25 117
25 235
25 247
25 248
25 328
25 126
25 52
25 335
25 255
25 453
25 62
25 113
25 567
25 410
25 624
25 63
25 63
25 143
25 141
25 141
25 713
25 185
25 769
25 84
25 708
25 28
25 144
25 522
25 184
25 643
25 408
25 177
25 742
25 33
25 741
26 36
26 51
26 51
26 34
26 34
26 77
26 77
26 70
26 83
26 83
26 33
26 43
26 43
26 44
26 44
26 69
26 69
26 90
26 46
26 46
26 28
26 28
26 39
26 39
26 86
26 87
26 87
26 74
26 74
26 27
26 27
26 38
26 38
26 105
26 52
26 52
26 40
26 40
26 71
26 82
26 61
26 45
26 45
26 60
26 60
26 42
26 42
26 56
26 64
26 64
26 104
26 104
26 85
26 85
26 29
26 29
26 103
26 103
26 80
26 113
26 114
26 59
26 95
26 95
26 76
26 116
26 121
26 123
26 123
26 109
26 48
26 48
26 35
26 98
26 91
26 111
26 88
26 96
26 37
26 37
26 118
26 118
26 54
26 54
26 53
26 53
26 41
26 41
26 124
26 124
26 136
26 67
26 67
26 144
26 99
26 110
26 110
26 160
26 151
26 63
26 106
26 107
26 107
26 174
26 173
26 84
26 84
26 78
26 78
26 148
26 135
26 149
26 244
26 206
26 273
26 154
26 154
26 101
26 308
26 73
26 267
26 207
26 155
26 68
26 68
26 250
26 221
26 221
26 183
26 117
26 126
26 352
26 299
26 299
26 141
26 141
26 444
26 253
26 184
26 225
26 225
26 447
26 62
26 62
26 227
26 186
26 224
26 158
26 445
26 576
26 608
26 630
26 430
26 677
26 679
26 680
26 681
26 682
26 204
26 189
26 683
26 182
26 301
26 684
26 685
26 112
26 686
26 687
26 356
26 293
26 595
26 678
26 217
26 723
26 31
26 689
26 188
26 693
26 695
26 720
26 178
26 711
26 226
26 688
26 161
26 357
26 164
26 309
26 690
26 134
26 195
26 122
26 691
26 194
26 197
26 187
26 692
26 694
26 358
26 257
26 696
26 93
26 697
26 698
26 699
26 140
26 700
26 81
26 712
26 701
26 79
27 68
27 68
27 53
27 54
27 41
27 76
27 76
27 35
27 35
27 38
27 80
27 80
27 69
27 28
27 95
27 95
27 44
27 34
27 96
27 45
27 59
27 43
27 70
27 91
27 46
27 46
27 33
27 88
27 105
27 116
27 121
27 109
27 109
27 104
27 56
27 74
27 98
27 87
27 103
27 39
27 83
27 114
27 111
27 36
27 36
27 85
27 29
27 29
27 113
27 51
27 110
27 127
27 128
27 129
27 131
27 132
27 92
27 130
27 58
27 108
27 108
27 123
27 120
27 118
27 117
27 170
27 67
27 124
27 136
27 133
27 62
27 62
27 64
27 48
27 48
27 40
27 42
27 99
27 200
27 63
27 106
27 179
27 153
27 115
27 147
27 101
27 101
27 202
27 158
27 158
27 126
27 126
27 215
27 222
27 193
27 187
27 187
27 241
27 77
27 97
27 61
27 150
27 82
27 119
27 119
27 254
27 171
27 141
27 313
27 221
27 224
27 224
27 334
27 334
27 337
27 363
27 275
27 328
27 192
27 164
27 235
27 173
27 276
27 206
27 343
27 52
27 421
27 424
27 342
27 426
27 428
27 444
27 186
27 384
27 330
27 333
27 347
27 336
27 469
27 344
27 386
27 243
27 470
27 345
27 331
27 349
27 138
27 346
27 288
27 78
27 304
27 144
27 100
27 227
27 60
27 445
27 387
27 581
27 607
27 429
27 660
27 432
27 185
27 185
27 125
27 145
27 773
27 396
27 65
27 405
27 527
27 774
27 388
27 531
27 528
27 415
27 397
27 529
27 775
27 530
27 406
27 532
27 776
27 533
27 534
27 365
27 365
27 398
27 389
27 864
27 649
27 869
28 45
28 42
28 42
28 64
28 51
28 40
28 40
28 43
28 43
28 70
28 38
28 38
28 74
28 36
28 44
28 44
28 69
28 69
28 33
28 34
28 46
28 46
28 77
28 48
28 48
28 90
28 87
28 60
28 95
28 98
28 86
28 71
28 71
28 80
28 80
28 99
28 106
28 111
28 39
28 52
28 52
28 105
28 104
28 104
28 56
28 85
28 61
28 29
28 29
28 103
28 113
28 83
28 114
28 59
28 76
28 116
28 121
28 67
28 67
28 35
28 91
28 109
28 96
28 88
28 101
28 101
28 107
28 115
28 126
28 63
28 133
28 147
28 117
28 108
28 82
28 82
28 144
28 110
28 174
28 135
28 62
28 148
28 179
28 186
28 209
28 68
28 68
28 210
28 202
28 153
28 201
28 149
28 183
28 203
28 207
28 155
28 171
28 143
28 143
28 124
28 234
28 118
28 118
28 92
28 176
28 181
28 164
28 164
28 235
28 97
28 250
28 141
28 302
28 303
28 123
28 78
28 78
28 224
28 316
28 449
28 474
28 221
28 677
28 679
28 680
28 681
28 682
28 683
28 273
28 182
28 301
28 684
28 685
28 112
28 686
28 687
28 225
28 178
28 711
28 688
28 357
28 309
28 690
28 134
28 195
28 122
28 691
28 84
28 84
28 194
28 197
28 692
28 694
28 678
28 189
28 217
28 31
28 226
28 161
28 689
28 304
28 188
28 472
28 693
28 368
28 695
28 93
28 93
28 271
28 257
28 477
28 696
28 697
28 698
28 699
28 140
28 700
28 81
28 712
28 701
28 79
29 88
29 59
29 59
29 80
29 80
29 76
29 36
29 103
29 103
29 113
29 105
29 105
29 104
29 104
29 56
29 56
29 39
29 39
29 83
29 83
29 114
29 114
29 111
29 43
29 95
29 95
29 116
29 121
29 38
29 109
29 109
29 44
29 45
29 35
29 35
29 74
29 70
29 98
29 91
29 91
29 87
29 69
29 85
29 46
29 33
29 96
29 51
29 51
29 37
29 84
29 84
29 79
29 72
29 167
29 219
29 256
29 188
29 188
29 316
29 123
29 306
29 63
29 63
29 94
29 86
29 34
29 184
29 275
29 442
29 218
29 77
29 78
29 78
29 187
29 225
29 474
29 677
29 681
29 682
29 143
29 267
29 683
29 273
29 434
29 217
29 217
29 301
29 633
29 687
29 253
29 178
29 711
29 226
29 226
29 688
29 117
29 195
29 195
29 101
29 236
29 236
29 708
29 678
29 679
29 680
29 189
29 182
29 684
29 685
29 31
29 112
29 686
29 161
29 689
29 183
29 357
29 309
29 690
29 134
29 122
29 691
29 194
29 197
29 692
29 693
29 694
29 257
29 695
29 93
29 93
29 697
29 40
29 698
29 699
29 140
29 700
29 81
29 701
29 144
29 476
29 696
29 720
29 712
30 31
30 31
30 56
30 112
30 39
30 39
30 137
30 83
30 103
30 253
30 59
30 464
31 56
31 39
31 137
31 80
31 368
31 103
31 103
31 253
31 677
31 679
31 680
31 681
31 682
31 63
31 189
31 683
31 273
31 105
31 182
31 301
31 684
31 685
31 678
31 59
31 217
31 464
31 689
31 188
31 693
31 695
31 40
31 83
31 83
31 112
31 686
31 687
31 225
31 178
31 711
31 226
31 688
31 161
31 104
31 357
31 309
31 690
31 134
31 195
31 122
31 101
31 78
31 691
31 84
31 194
31 197
31 36
31 692
31 694
31 257
31 113
31 696
31 93
31 697
31 698
31 699
31 140
31 700
31 81
31 114
31 712
31 701
31 79
32 55
32 55
32 50
32 50
32 47
32 47
32 102
32 66
32 242
32 243
32 57
32 138
32 170
32 168
32 163
32 130
32 180
33 38
33 44
33 46
33 45
33 51
33 70
33 36
33 43
33 43
33 69
33 105
33 59
33 95
33 76
33 116
33 121
33 109
33 104
33 35
33 56
33 74
33 98
33 91
33 111
33 87
33 87
33 85
33 103
33 39
33 80
33 113
33 88
33 83
33 114
33 96
33 52
33 52
33 42
33 64
33 67
33 71
33 77
33 48
33 34
33 40
33 82
33 61
33 90
33 86
33 60
33 144
33 99
33 75
33 73
33 41
33 177
33 177
33 232
33 235
33 338
33 304
33 63
33 143
33 118
33 302
33 207
33 303
33 171
33 126
33 385
33 145
33 571
33 190
33 273
33 135
33 123
33 154
33 670
33 310
33 401
33 739
33 308
33 124
33 68
33 865
34 40
34 42
34 42
34 86
34 51
34 51
34 77
34 54
34 52
34 52
34 41
34 90
34 60
34 60
34 61
34 53
34 53
34 45
34 45
34 44
34 44
34 64
34 64
34 71
34 71
34 43
34 43
34 82
34 82
34 48
34 48
34 46
34 46
34 36
34 67
34 67
34 107
34 74
34 38
34 38
34 69
34 69
34 70
34 144
34 99
34 106
34 174
34 87
34 101
34 207
34 148
34 135
34 173
34 149
34 204
34 153
34 155
34 155
34 181
34 164
34 96
34 205
34 206
34 63
34 117
34 117
34 235
34 171
34 244
34 158
34 183
34 203
34 124
34 234
34 273
34 105
34 154
34 143
34 118
34 275
34 275
34 328
34 68
34 250
34 276
34 126
34 126
34 434
34 84
34 302
34 303
34 80
34 308
34 308
34 352
34 352
34 123
34 358
34 113
35 76
35 76
35 59
35 88
35 95
35 95
35 113
35 43
35 116
35 105
35 44
35 45
35 121
35 38
35 109
35 109
35 104
35 56
35 98
35 87
35 46
35 103
35 39
35 114
35 96
35 74
35 70
35 91
35 91
35 111
35 69
35 36
35 85
35 80
35 80
35 83
35 51
35 58
35 138
35 138
35 170
35 191
35 191
35 75
35 75
35 223
35 223
35 251
35 251
35 100
35 256
35 167
35 436
35 77
35 187
35 62
35 567
35 185
35 335
35 119
35 169
35 769
35 137
35 173
36 43
36 43
36 74
36 45
36 51
36 51
36 44
36 44
36 87
36 69
36 46
36 46
36 38
36 38
36 96
36 96
36 105
36 105
36 85
36 85
36 103
36 83
36 83
36 104
36 56
36 56
36 39
36 39
36 80
36 114
36 113
36 76
36 111
36 59
36 95
36 116
36 121
36 109
36 109
36 70
36 98
36 91
36 88
36 37
36 37
36 86
36 86
36 40
36 77
36 77
36 52
36 52
36 48
36 60
36 42
36 90
36 107
36 71
36 82
36 61
36 64
36 64
36 106
36 174
36 84
36 84
36 149
36 149
36 78
36 78
36 73
36 73
36 63
36 63
36 148
36 135
36 154
36 154
36 115
36 67
36 67
36 101
36 68
36 169
36 216
36 216
36 158
36 158
36 159
36 297
36 297
36 350
36 204
36 273
36 273
36 207
36 153
36 155
36 181
36 164
36 164
36 205
36 352
36 308
36 308
36 72
36 304
36 145
36 145
36 298
36 298
36 677
36 682
36 143
36 683
36 123
36 123
36 301
36 687
36 253
36 711
36 124
36 161
36 161
36 187
36 782
36 184
36 678
36 679
36 680
36 681
36 189
36 217
36 182
36 684
36 685
36 408
36 112
36 686
36 225
36 178
36 226
36 688
36 689
36 357
36 309
36 690
36 134
36 195
36 122
36 691
36 194
36 197
36 188
36 692
36 693
36 694
36 257
36 695
36 93
36 697
36 698
36 699
36 140
36 700
36 81
36 701
36 79
36 696
36 712
37 39
37 39
37 56
37 83
37 83
37 84
37 84
37 78
37 77
37 72
37 103
37 63
37 63
37 160
37 94
37 267
37 267
37 59
37 447
37 358
37 204
37 143
37 253
37 133
37 133
37 164
37 85
37 720
37 124
37 771
37 862
38 46
38 46
38 42
38 42
38 70
38 45
38 45
38 40
38 40
38 51
38 51
38 67
38 67
38 95
38 44
38 44
38 98
38 69
38 69
38 99
38 64
38 64
38 96
38 71
38 71
38 43
38 43
38 87
38 87
38 48
38 48
38 101
38 111
38 76
38 116
38 105
38 105
38 59
38 121
38 109
38 104
38 56
38 103
38 39
38 114
38 74
38 91
38 85
38 80
38 113
38 88
38 83
38 52
38 52
38 82
38 61
38 126
38 115
38 77
38 106
38 90
38 108
38 133
38 147
38 63
38 63
38 153
38 144
38 86
38 86
38 60
38 60
38 68
38 68
38 62
38 186
38 110
38 110
38 179
38 201
38 117
38 117
38 171
38 209
38 210
38 202
38 204
38 155
38 155
38 181
38 181
38 164
38 164
38 205
38 207
38 207
38 118
38 118
38 123
38 235
38 143
38 143
38 203
38 203
38 124
38 234
38 141
38 273
38 154
38 302
38 303
38 97
38 135
38 352
38 92
38 176
38 183
38 183
38 308
38 308
38 78
38 224
38 221
38 221
38 227
38 444
38 158
38 445
39 104
39 56
39 114
39 105
39 85
39 85
39 103
39 80
39 113
39 83
39 83
39 59
39 59
39 43
39 76
39 116
39 121
39 44
39 45
39 74
39 70
39 91
39 111
39 87
39 69
39 95
39 109
39 98
39 46
39 96
39 88
39 51
39 84
39 84
39 112
39 112
39 137
39 94
39 253
39 78
39 78
39 77
39 77
39 188
39 188
39 93
39 93
39 151
39 677
39 679
39 680
39 681
39 682
39 63
39 189
39 683
39 273
39 182
39 301
39 684
39 685
39 686
39 687
39 225
39 178
39 711
39 688
39 357
39 309
39 690
39 134
39 195
39 122
39 101
39 691
39 194
39 197
39 692
39 694
39 257
39 678
39 217
39 226
39 161
39 689
39 693
39 695
39 40
39 720
39 140
39 140
39 696
39 697
39 698
39 699
39 700
39 81
39 712
39 701
39 79
40 42
40 42
40 48
40 48
40 64
40 46
40 67
40 67
40 45
40 52
40 52
40 86
40 77
40 90
40 82
40 60
40 60
40 61
40 51
40 99
40 106
40 71
40 71
40 44
40 44
40 101
40 101
40 43
40 43
40 70
40 107
40 126
40 115
40 133
40 147
40 117
40 68
40 108
40 153
40 63
40 69
40 69
40 144
40 110
40 110
40 174
40 74
40 74
40 155
40 95
40 179
40 201
40 186
40 209
40 98
40 210
40 202
40 62
40 62
40 148
40 135
40 87
40 149
40 204
40 181
40 164
40 205
40 96
40 207
40 171
40 203
40 124
40 234
40 143
40 118
40 235
40 183
40 183
40 250
40 302
40 303
40 141
40 123
40 78
40 78
40 224
40 221
40 677
40 679
40 680
40 681
40 682
40 189
40 683
40 273
40 105
40 182
40 301
40 684
40 685
40 112
40 686
40 687
40 225
40 178
40 711
40 226
40 688
40 161
40 104
40 357
40 56
40 309
40 690
40 134
40 195
40 122
40 691
40 84
40 194
40 197
40 692
40 694
40 103
40 257
40 80
40 113
40 696
40 93
40 697
40 678
40 217
40 689
40 188
40 693
40 695
40 449
40 83
40 698
40 699
40 140
40 700
40 81
40 114
40 712
40 701
40 79
41 53
41 54
41 118
41 123
41 124
41 136
41 73
41 110
41 173
41 117
41 158
41 206
41 177
41 244
41 232
41 232
41 75
41 275
41 328
41 133
41 164
41 235
41 276
41 96
41 101
41 126
41 352
41 145
41 248
41 248
41 291
41 292
41 476
42 48
42 48
42 52
42 52
42 64
42 64
42 67
42 67
42 60
42 45
42 45
42 86
42 77
42 43
42 43
42 90
42 82
42 51
42 61
42 71
42 71
42 99
42 106
42 101
42 69
42 69
42 46
42 46
42 44
42 44
42 70
42 107
42 74
42 126
42 126
42 115
42 133
42 147
42 117
42 68
42 108
42 153
42 63
42 63
42 144
42 110
42 174
42 155
42 62
42 190
42 148
42 179
42 186
42 209
42 98
42 87
42 210
42 202
42 95
42 135
42 201
42 149
42 204
42 181
42 164
42 205
42 96
42 207
42 207
42 171
42 171
42 183
42 234
42 203
42 203
42 124
42 124
42 235
42 235
42 143
42 143
42 118
42 118
42 250
42 141
42 302
42 302
42 303
42 303
42 224
42 123
42 78
42 221
42 739
43 51
43 51
43 74
43 45
43 45
43 69
43 69
43 46
43 46
43 52
43 44
43 44
43 87
43 87
43 96
43 48
43 48
43 111
43 60
43 105
43 105
43 59
43 95
43 116
43 121
43 109
43 104
43 56
43 98
43 103
43 114
43 76
43 86
43 70
43 91
43 85
43 80
43 113
43 88
43 83
43 77
43 90
43 107
43 82
43 61
43 64
43 64
43 71
43 71
43 67
43 67
43 101
43 155
43 135
43 106
43 174
43 181
43 164
43 63
43 148
43 149
43 204
43 153
43 183
43 205
43 203
43 207
43 207
43 171
43 265
43 123
43 234
43 124
43 329
43 190
43 97
43 118
43 118
43 273
43 273
43 154
43 154
43 68
43 68
43 250
43 143
43 115
43 92
43 176
43 235
43 308
43 308
43 110
43 78
43 224
43 62
43 352
43 352
43 221
43 141
43 302
43 303
43 126
44 45
44 46
44 46
44 51
44 51
44 70
44 52
44 48
44 48
44 64
44 67
44 67
44 96
44 60
44 77
44 87
44 87
44 69
44 69
44 86
44 111
44 105
44 105
44 90
44 76
44 59
44 95
44 116
44 121
44 109
44 104
44 56
44 74
44 74
44 98
44 91
44 103
44 114
44 85
44 80
44 113
44 88
44 83
44 82
44 61
44 71
44 71
44 144
44 99
44 155
44 101
44 135
44 181
44 164
44 63
44 148
44 107
44 149
44 204
44 153
44 183
44 205
44 203
44 207
44 207
44 123
44 171
44 118
44 118
44 110
44 141
44 124
44 78
44 62
44 308
44 234
44 143
44 115
44 92
44 176
44 97
44 273
44 273
44 154
44 154
44 68
44 68
44 250
44 444
44 302
44 303
44 235
44 235
44 224
44 352
44 352
44 221
44 221
44 186
44 158
44 126
44 445
44 227
44 119
44 84
45 51
45 51
45 46
45 46
45 64
45 48
45 48
45 61
45 86
45 69
45 96
45 71
45 71
45 77
45 90
45 87
45 111
45 76
45 105
45 59
45 95
45 116
45 121
45 109
45 104
45 56
45 74
45 74
45 70
45 70
45 98
45 91
45 103
45 80
45 83
45 114
45 85
45 113
45 88
45 82
45 82
45 60
45 60
45 52
45 52
45 67
45 67
45 144
45 99
45 106
45 107
45 174
45 155
45 181
45 164
45 101
45 63
45 204
45 153
45 205
45 203
45 207
45 118
45 171
45 183
45 124
45 234
45 97
45 143
45 135
45 115
45 92
45 176
45 235
45 110
45 141
45 123
45 302
45 303
45 78
45 224
45 62
45 126
45 221
46 51
46 51
46 70
46 95
46 96
46 105
46 77
46 67
46 67
46 111
46 69
46 69
46 87
46 87
46 52
46 52
46 59
46 76
46 116
46 121
46 104
46 56
46 74
46 74
46 98
46 91
46 85
46 109
46 103
46 80
46 113
46 88
46 83
46 114
46 99
46 48
46 48
46 82
46 86
46 86
46 60
46 60
46 64
46 64
46 61
46 101
46 71
46 71
46 63
46 144
46 90
46 90
46 135
46 115
46 68
46 68
46 126
46 207
46 148
46 108
46 106
46 179
46 153
46 153
46 107
46 133
46 147
46 117
46 202
46 149
46 204
46 155
46 155
46 181
46 181
46 164
46 164
46 110
46 110
46 118
46 183
46 205
46 203
46 171
46 123
46 123
46 273
46 124
46 234
46 308
46 97
46 143
46 154
46 154
46 92
46 176
46 235
46 250
46 352
46 141
46 141
46 444
46 186
46 302
46 303
46 78
46 224
46 62
46 62
46 221
46 221
46 158
46 445
46 227
47 55
47 50
47 50
47 102
47 120
47 68
47 229
47 60
47 62
48 61
48 82
48 82
48 71
48 71
48 67
48 67
48 86
48 64
48 64
48 77
48 51
48 52
48 52
48 99
48 60
48 60
48 101
48 106
48 108
48 108
48 62
48 62
48 90
48 90
48 107
48 115
48 74
48 126
48 133
48 147
48 117
48 153
48 92
48 92
48 68
48 68
48 144
48 63
48 70
48 70
48 110
48 125
48 125
48 119
48 119
48 69
48 69
48 135
48 174
48 186
48 193
48 148
48 179
48 95
48 201
48 98
48 87
48 87
48 209
48 210
48 202
48 149
48 204
48 155
48 155
48 181
48 181
48 164
48 164
48 205
48 96
48 207
48 183
48 118
48 118
48 150
48 171
48 100
48 203
48 203
48 143
48 176
48 97
48 120
48 120
48 235
48 250
48 111
48 141
48 435
48 444
48 124
48 123
48 302
48 303
48 234
48 227
48 158
48 445
48 221
48 403
48 592
48 185
48 499
49 57
49 57
49 58
49 58
49 55
49 193
49 404
50 55
50 55
50 102
50 262
51 70
51 71
51 74
51 52
51 52
51 82
51 61
51 86
51 60
51 96
51 87
51 105
51 77
51 111
51 64
51 64
51 90
51 90
51 69
51 69
51 76
51 113
51 88
51 59
51 95
51 116
51 121
51 109
51 67
51 67
51 104
51 56
51 98
51 91
51 85
51 103
51 80
51 83
51 114
51 144
51 99
51 106
51 107
51 174
51 101
51 204
51 153
51 155
51 155
51 181
51 181
51 164
51 164
51 205
51 273
51 154
51 203
51 63
51 207
51 115
51 92
51 176
51 183
51 308
51 308
51 352
51 97
51 118
51 135
51 68
51 68
51 123
51 123
51 108
52 86
52 90
52 90
52 77
52 61
52 71
52 71
52 82
52 82
52 60
52 60
52 64
52 64
52 67
52 67
52 107
52 107
52 144
52 70
52 99
52 101
52 135
52 87
52 106
52 174
52 74
52 74
52 199
52 190
52 190
52 63
52 63
52 149
52 153
52 155
52 155
52 96
52 78
52 118
52 183
52 69
52 69
52 75
52 75
52 204
52 204
52 148
52 148
52 181
52 181
52 164
52 164
52 205
52 205
52 59
52 203
52 235
52 97
52 143
52 143
52 207
52 115
52 92
52 176
52 171
52 304
52 304
52 250
52 265
52 111
52 385
52 385
52 392
52 399
52 400
52 302
52 303
52 401
52 126
52 293
52 293
52 419
52 393
52 460
52 475
52 394
52 329
52 184
52 184
52 124
52 234
52 423
52 739
52 317
52 449
53 54
53 118
53 123
53 124
53 136
53 110
53 173
53 117
53 158
53 206
53 244
53 275
53 328
53 133
53 164
53 235
53 101
53 126
53 276
53 96
54 118
54 123
54 136
54 124
54 110
54 173
54 158
54 117
54 206
54 244
54 328
54 235
54 96
54 275
54 133
54 164
54 101
54 126
54 276
55 102
55 594
56 105
56 104
56 103
56 80
56 113
56 83
56 59
56 59
56 76
56 116
56 121
56 95
56 109
56 98
56 114
56 114
56 96
56 74
56 70
56 91
56 111
56 87
56 69
56 85
56 88
56 112
56 112
56 137
56 188
56 77
56 77
56 464
56 84
56 84
56 677
56 679
56 680
56 681
56 682
56 63
56 63
56 683
56 273
56 182
56 301
56 684
56 685
56 686
56 687
56 225
56 178
56 711
56 688
56 357
56 72
56 678
56 189
56 217
56 226
56 161
56 689
56 122
56 122
56 78
56 78
56 693
56 695
56 139
56 309
56 690
56 134
56 195
56 101
56 691
56 194
56 197
56 692
56 694
56 257
56 696
56 93
56 697
56 698
56 699
56 140
56 700
56 81
56 712
56 701
56 79
57 58
57 66
57 66
57 152
57 180
57 242
57 243
57 168
57 163
57 138
57 170
57 130
57 404
57 617
57 671
57 761
58 76
58 152
58 170
58 80
58 180
58 100
58 283
58 284
58 285
58 286
58 287
58 288
58 314
58 264
58 264
58 192
58 68
58 263
58 263
58 97
58 383
58 591
58 478
58 478
58 402
58 119
58 772
58 382
59 91
59 88
59 76
59 80
59 80
59 116
59 95
59 95
59 121
59 109
59 109
59 98
59 87
59 103
59 114
59 96
59 105
59 104
59 74
59 70
59 111
59 69
59 85
59 113
59 83
59 78
59 78
59 203
59 203
59 256
59 199
59 310
59 375
59 221
59 221
59 167
59 167
59 77
59 187
59 316
59 431
59 63
59 148
59 301
59 68
59 358
60 61
60 86
60 82
60 82
60 90
60 77
60 71
60 71
60 64
60 64
60 67
60 107
60 74
60 70
60 68
60 68
60 144
60 99
60 108
60 106
60 174
60 119
60 119
60 155
60 101
60 148
60 69
60 135
60 92
60 87
60 149
60 181
60 164
60 204
60 153
60 125
60 125
60 96
60 205
60 62
60 62
60 207
60 120
60 183
60 171
60 249
60 250
60 351
60 435
60 254
60 244
60 224
60 473
60 234
60 461
60 403
60 229
60 709
60 785
60 710
60 221
61 82
61 71
61 86
61 64
61 90
61 77
61 67
61 119
61 70
61 144
61 62
61 99
61 171
61 68
61 68
61 108
61 108
61 106
61 107
61 92
61 174
61 74
61 125
61 120
61 120
61 204
61 153
61 155
61 181
61 164
61 101
61 205
61 96
61 249
61 227
61 252
61 207
61 254
61 224
61 100
61 354
61 351
61 234
61 435
61 710
62 108
62 108
62 68
62 92
62 125
62 125
62 119
62 119
62 67
62 120
62 186
62 70
62 99
62 110
62 71
62 106
62 115
62 133
62 147
62 117
62 209
62 210
62 201
62 101
62 98
62 126
62 224
62 82
62 82
62 192
62 171
62 254
62 150
62 150
62 141
62 77
62 123
62 249
62 252
62 227
62 227
62 435
62 64
62 444
62 69
62 158
62 403
62 118
62 207
62 244
62 78
62 461
62 144
62 223
62 221
62 221
62 234
62 445
62 592
62 658
62 428
62 788
62 470
62 191
62 251
63 67
63 64
63 78
63 78
63 69
63 115
63 101
63 101
63 95
63 126
63 84
63 84
63 108
63 179
63 153
63 160
63 133
63 147
63 117
63 202
63 106
63 68
63 99
63 203
63 71
63 71
63 110
63 118
63 183
63 171
63 207
63 124
63 164
63 256
63 93
63 83
63 234
63 97
63 73
63 143
63 135
63 155
63 155
63 92
63 176
63 104
63 104
63 181
63 235
63 87
63 90
63 111
63 302
63 303
63 247
63 187
63 608
63 677
63 679
63 681
63 682
63 678
63 680
63 189
63 94
63 217
63 684
63 685
63 112
63 686
63 225
63 253
63 226
63 704
63 161
63 689
63 357
63 309
63 690
63 134
63 195
63 194
63 197
63 188
63 705
63 692
63 693
63 694
63 103
63 257
63 695
63 80
63 697
63 698
63 699
63 140
63 700
63 81
63 683
63 273
63 105
63 182
63 301
63 77
63 687
63 178
63 711
63 688
63 122
63 691
63 113
63 151
63 696
63 375
63 114
63 712
63 701
63 79
64 77
64 67
64 71
64 69
64 90
64 90
64 99
64 86
64 86
64 82
64 82
64 70
64 101
64 144
64 135
64 115
64 87
64 106
64 106
64 107
64 107
64 174
64 74
64 74
64 126
64 95
64 148
64 108
64 179
64 153
64 133
64 147
64 117
64 68
64 202
64 149
64 110
64 183
64 203
64 118
64 155
64 171
64 207
64 124
64 234
64 97
64 143
64 92
64 176
64 181
64 164
64 235
64 250
64 111
64 141
64 123
64 302
64 303
64 78
64 224
64 221
65 230
65 403
65 572
65 222
65 192
65 715
65 868
66 97
66 97
66 246
66 242
66 243
66 163
66 138
66 170
66 168
66 130
66 296
66 407
66 540
66 551
66 523
66 524
66 541
66 525
66 542
66 543
66 545
66 546
66 547
66 526
66 548
66 549
66 450
66 450
66 550
66 593
66 609
66 544
66 668
66 108
66 669
66 120
66 185
66 761
66 68
66 868
67 99
67 101
67 70
67 82
67 86
67 115
67 71
67 71
67 69
67 126
67 77
67 106
67 90
67 133
67 108
67 147
67 117
67 144
67 110
67 110
67 68
67 68
67 155
67 181
67 186
67 164
67 179
67 153
67 153
67 95
67 201
67 98
67 209
67 210
67 202
67 204
67 205
67 96
67 207
67 207
67 123
67 171
67 118
67 118
67 183
67 203
67 203
67 141
67 124
67 87
67 87
67 234
67 92
67 176
67 97
67 143
67 273
67 273
67 105
67 105
67 135
67 154
67 154
67 235
67 352
67 111
67 308
67 308
67 444
67 302
67 303
67 78
67 224
67 221
67 221
67 227
67 158
67 445
68 92
68 92
68 108
68 108
68 101
68 99
68 119
68 163
68 170
68 69
68 69
68 71
68 106
68 106
68 120
68 115
68 115
68 133
68 133
68 147
68 147
68 117
68 117
68 186
68 168
68 168
68 70
68 209
68 95
68 179
68 153
68 201
68 98
68 202
68 126
68 126
68 210
68 125
68 125
68 138
68 138
68 231
68 110
68 110
68 207
68 207
68 82
68 82
68 222
68 273
68 105
68 154
68 192
68 87
68 249
68 171
68 351
68 308
68 308
68 435
68 185
68 193
68 100
68 100
68 437
68 352
68 352
68 97
68 229
68 347
68 347
68 337
68 190
68 243
68 243
68 287
68 148
68 123
68 123
68 187
69 87
69 95
69 74
69 105
69 105
69 76
69 70
69 111
69 116
69 121
69 109
69 104
69 98
69 91
69 103
69 114
69 96
69 85
69 80
69 113
69 88
69 83
69 77
69 101
69 126
69 90
69 106
69 179
69 153
69 107
69 115
69 133
69 147
69 117
69 148
69 135
69 108
69 149
69 202
69 99
69 207
69 207
69 110
69 110
69 86
69 171
69 183
69 203
69 124
69 234
69 118
69 155
69 71
69 71
69 143
69 123
69 123
69 235
69 250
69 352
69 308
69 308
69 273
69 273
69 154
69 154
69 141
69 302
69 303
69 78
69 224
69 221
70 98
70 76
70 105
70 95
70 116
70 121
70 109
70 104
70 74
70 91
70 87
70 103
70 80
70 83
70 114
70 96
70 111
70 85
70 113
70 88
70 99
70 71
70 77
70 144
70 86
70 82
70 90
70 186
70 106
70 108
70 201
70 115
70 133
70 147
70 117
70 101
70 126
70 209
70 210
70 110
70 444
70 141
70 118
70 123
70 221
70 227
70 158
70 445
71 86
71 90
71 82
71 82
71 77
71 99
71 106
71 101
71 101
71 144
71 107
71 174
71 74
71 126
71 108
71 201
71 115
71 115
71 133
71 117
71 98
71 147
71 186
71 209
71 210
71 204
71 153
71 155
71 155
71 181
71 181
71 164
71 164
71 205
71 96
71 110
71 118
71 97
71 203
71 203
71 207
71 143
71 135
71 92
71 176
71 183
71 235
71 171
71 171
71 111
71 87
71 302
71 303
71 124
71 124
71 234
71 234
72 79
72 195
72 84
72 217
72 122
72 188
72 103
72 218
72 218
72 114
72 164
72 81
72 258
72 143
72 257
72 140
73 145
73 159
73 159
73 86
73 177
73 177
73 169
73 169
73 115
73 216
73 158
73 149
73 75
73 75
73 248
73 232
73 291
73 292
73 95
73 348
73 208
73 124
73 537
73 605
73 608
73 423
73 431
73 184
73 670
73 352
73 476
73 80
74 87
74 76
74 105
74 95
74 116
74 121
74 109
74 104
74 98
74 91
74 103
74 114
74 96
74 111
74 85
74 80
74 113
74 88
74 83
74 77
74 90
74 86
74 106
74 82
74 107
74 107
74 174
74 148
74 135
74 149
74 155
74 183
74 101
74 250
75 159
75 247
75 190
75 167
75 255
75 145
75 145
75 291
75 265
75 265
75 248
75 248
75 232
75 232
75 338
75 177
75 177
75 292
75 184
75 399
75 385
75 136
75 400
75 187
75 169
75 475
75 394
75 395
75 571
75 410
75 624
75 293
75 629
75 431
75 219
75 305
75 367
76 80
76 80
76 95
76 91
76 88
76 109
76 109
76 116
76 105
76 121
76 104
76 98
76 87
76 85
76 103
76 83
76 114
76 96
76 111
76 113
76 127
76 128
76 129
76 131
76 132
76 130
76 170
76 256
76 187
76 77
77 90
77 86
77 82
77 107
77 144
77 99
77 106
77 174
77 87
77 148
77 135
77 149
77 160
77 110
77 141
77 123
77 221
77 154
77 155
77 183
77 101
77 250
77 84
77 84
77 95
77 118
77 116
77 105
77 121
77 444
77 109
77 104
77 78
77 78
77 98
77 224
77 91
77 111
77 85
77 158
77 103
77 103
77 80
77 88
77 83
77 445
77 114
77 96
77 227
77 186
77 113
77 253
77 164
77 187
77 317
78 160
78 84
78 84
78 199
78 203
78 350
78 85
78 158
78 375
78 335
78 423
78 110
78 143
78 141
78 123
78 224
78 221
78 677
78 681
78 682
78 683
78 118
78 273
78 105
78 301
78 687
78 178
78 711
78 704
78 688
78 101
78 678
78 679
78 680
78 189
78 217
78 182
78 684
78 685
78 112
78 686
78 225
78 253
78 226
78 124
78 161
78 104
78 689
78 357
78 164
78 309
78 690
78 134
78 195
78 122
78 691
78 194
78 197
78 188
78 692
78 693
78 694
78 103
78 257
78 695
78 80
78 93
78 697
78 83
78 698
78 699
78 140
78 700
78 81
78 114
78 701
78 79
78 113
78 696
78 712
79 218
79 178
79 134
79 134
79 83
79 83
79 677
79 681
79 682
79 267
79 683
79 273
79 105
79 301
79 687
79 711
79 688
79 104
79 104
79 101
79 84
79 139
79 113
79 696
79 140
79 140
79 712
79 678
79 679
79 680
79 189
79 217
79 182
79 684
79 685
79 112
79 686
79 225
79 226
79 161
79 689
79 357
79 309
79 690
79 195
79 122
79 691
79 194
79 197
79 188
79 692
79 693
79 694
79 103
79 257
79 695
79 80
79 93
79 697
79 698
79 699
79 700
79 81
79 114
79 701
80 88
80 104
80 104
80 85
80 105
80 103
80 113
80 83
80 111
80 95
80 95
80 116
80 121
80 109
80 109
80 98
80 91
80 91
80 87
80 114
80 114
80 96
80 127
80 128
80 129
80 131
80 132
80 130
80 94
80 93
80 93
80 170
80 84
80 256
80 272
80 123
80 306
80 86
80 316
80 316
80 368
80 167
80 167
80 301
80 301
80 187
80 188
80 188
80 275
80 440
80 585
80 677
80 679
80 680
80 681
80 682
80 683
80 273
80 182
80 685
80 90
80 112
80 686
80 687
80 178
80 711
80 688
80 357
80 309
80 134
80 195
80 122
80 101
80 236
80 691
80 197
80 205
80 678
80 189
80 217
80 684
80 225
80 226
80 161
80 689
80 690
80 194
80 472
80 692
80 693
80 694
80 257
80 695
80 474
80 699
80 140
80 696
80 697
80 698
80 700
80 81
80 712
80 701
81 182
81 677
81 679
81 680
81 681
81 682
81 683
81 273
81 105
81 301
81 685
81 112
81 686
81 687
81 178
81 711
81 688
81 357
81 309
81 134
81 195
81 122
81 101
81 691
81 84
81 194
81 194
81 197
81 113
81 696
81 93
81 697
81 83
81 698
81 140
81 140
81 700
81 678
81 189
81 217
81 684
81 225
81 226
81 161
81 104
81 689
81 690
81 188
81 692
81 693
81 694
81 103
81 257
81 695
81 699
81 114
81 712
81 701
82 86
82 90
82 144
82 99
82 174
82 106
82 107
82 108
82 119
82 153
82 101
82 96
82 204
82 155
82 181
82 164
82 205
82 92
82 92
82 254
82 125
82 125
82 171
82 224
82 222
82 100
82 435
82 207
82 429
82 221
83 104
83 105
83 85
83 85
83 113
83 103
83 111
83 88
83 95
83 116
83 121
83 109
83 98
83 91
83 87
83 114
83 114
83 96
83 84
83 84
83 267
83 194
83 194
83 358
83 253
83 133
83 447
83 677
83 679
83 681
83 682
83 683
83 273
83 182
83 301
83 685
83 687
83 178
83 711
83 688
83 124
83 164
83 771
83 122
83 101
83 137
83 691
83 696
83 678
83 680
83 189
83 217
83 684
83 112
83 686
83 225
83 226
83 161
83 689
83 357
83 309
83 690
83 134
83 195
83 197
83 188
83 692
83 693
83 694
83 257
83 695
83 93
83 697
83 698
83 699
83 140
83 700
83 712
83 701
84 151
84 160
84 85
84 123
84 94
84 350
84 195
84 158
84 124
84 124
84 122
84 122
84 275
84 358
84 143
84 118
84 301
84 253
84 253
84 677
84 678
84 679
84 680
84 681
84 682
84 189
84 683
84 273
84 105
84 217
84 182
84 684
84 685
84 408
84 112
84 686
84 687
84 225
84 178
84 711
84 226
84 688
84 161
84 104
84 689
84 357
84 164
84 309
84 690
84 134
84 101
84 691
84 194
84 738
84 197
84 188
84 692
84 693
84 694
84 103
84 257
84 257
84 695
84 113
84 696
84 93
84 697
84 698
84 699
84 140
84 700
84 114
84 712
84 701
85 104
85 114
85 105
85 111
85 95
85 116
85 121
85 109
85 98
85 91
85 87
85 103
85 96
85 113
85 88
85 350
85 158
85 118
85 301
85 188
85 368
86 90
86 107
86 144
86 99
86 106
86 174
86 169
86 169
86 159
86 204
86 153
86 155
86 181
86 164
86 101
86 205
86 96
86 148
86 135
86 87
86 149
86 306
86 88
86 298
86 145
86 145
86 274
86 202
86 221
87 105
87 111
87 116
87 104
87 91
87 95
87 121
87 109
87 98
87 103
87 114
87 96
87 113
87 88
87 90
87 135
87 148
87 107
87 149
87 155
87 183
87 101
87 273
87 154
87 203
87 207
87 115
87 92
87 176
87 181
87 164
87 97
87 118
87 250
87 308
87 308
87 352
87 123
87 123
88 91
88 95
88 95
88 109
88 109
88 111
88 113
88 116
88 105
88 121
88 104
88 98
88 103
88 114
88 96
88 256
88 306
88 167
88 187
88 316
88 301
88 124
88 737
88 358
90 107
90 107
90 144
90 99
90 106
90 135
90 174
90 148
90 149
90 155
90 183
90 101
90 97
90 203
90 118
90 115
90 92
90 176
90 181
90 164
90 250
90 111
91 105
91 95
91 95
91 116
91 116
91 121
91 109
91 109
91 104
91 98
91 103
91 114
91 96
91 111
91 113
91 187
91 256
91 203
91 310
91 221
91 221
91 431
92 100
92 100
92 120
92 119
92 185
92 97
92 97
92 163
92 192
92 170
92 108
92 108
92 125
92 138
92 138
92 231
92 249
92 171
92 168
92 337
92 207
92 155
92 339
92 203
92 118
92 135
92 115
92 176
92 183
92 164
92 101
92 227
92 181
92 111
92 252
92 351
92 441
92 251
92 450
92 568
92 602
92 661
92 300
93 94
93 94
93 104
93 104
93 272
93 113
93 677
93 679
93 681
93 682
93 683
93 273
93 105
93 182
93 301
93 685
93 112
93 686
93 687
93 178
93 711
93 688
93 357
93 309
93 134
93 195
93 122
93 101
93 691
93 197
93 472
93 696
93 678
93 680
93 189
93 217
93 684
93 225
93 226
93 161
93 689
93 690
93 194
93 188
93 692
93 693
93 694
93 103
93 257
93 695
93 699
93 140
93 700
93 697
93 698
93 114
93 712
93 701
94 272
94 272
94 236
94 236
94 472
94 113
95 109
95 109
95 96
95 116
95 105
95 121
95 104
95 98
95 111
95 103
95 113
95 114
95 108
95 106
95 179
95 153
95 115
95 133
95 147
95 117
95 101
95 202
95 126
95 99
95 110
95 256
95 348
95 187
95 608
96 116
96 105
96 121
96 104
96 98
96 111
96 103
96 113
96 114
96 109
96 164
96 101
96 204
96 153
96 155
96 181
96 205
96 133
96 117
96 206
96 158
96 216
96 742
96 251
96 138
97 246
97 203
97 118
97 135
97 115
97 155
97 176
97 181
97 183
97 164
97 101
97 111
97 422
97 191
97 100
97 100
97 518
97 519
97 450
97 138
97 125
97 407
97 661
97 108
97 778
98 116
98 105
98 121
98 104
98 109
98 111
98 103
98 113
98 114
98 106
98 115
98 133
98 147
98 117
98 186
98 209
98 108
98 201
98 101
98 210
98 126
98 99
98 110
99 108
99 106
99 115
99 133
99 147
99 117
99 101
99 126
99 144
99 110
99 186
99 186
99 179
99 153
99 201
99 209
99 210
99 202
99 141
99 118
99 123
99 444
99 158
99 445
99 221
99 227
100 185
100 108
100 251
100 138
100 138
100 120
100 347
100 450
100 443
100 620
100 647
100 655
100 621
100 363
101 115
101 106
101 133
101 133
101 147
101 117
101 117
101 108
101 126
101 153
101 155
101 110
101 181
101 164
101 164
101 179
101 186
101 209
101 201
101 210
101 202
101 204
101 205
101 183
101 135
101 203
101 148
101 107
101 176
101 118
101 250
101 158
101 206
101 111
101 149
101 677
101 682
101 683
101 273
101 105
101 301
101 687
101 711
101 678
101 679
101 680
101 681
101 189
101 217
101 182
101 684
101 685
101 112
101 686
101 225
101 178
101 226
101 688
101 161
101 104
101 689
101 357
101 309
101 690
101 134
101 195
101 122
101 691
101 194
101 197
101 188
101 692
101 693
101 694
101 103
101 257
101 695
101 697
101 698
101 699
101 140
101 700
101 114
101 701
101 113
101 696
101 712
103 105
103 104
103 113
103 114
103 116
103 121
103 111
103 109
103 677
103 679
103 680
103 681
103 682
103 683
103 273
103 182
103 301
103 684
103 685
103 112
103 686
103 687
103 225
103 178
103 711
103 688
103 357
103 309
103 690
103 134
103 195
103 122
103 691
103 194
103 197
103 692
103 694
103 678
103 189
103 217
103 226
103 161
103 689
103 188
103 693
103 695
103 257
103 696
103 697
103 698
103 699
103 140
103 700
103 712
103 701
104 105
104 113
104 116
104 121
104 109
104 114
104 114
104 111
104 293
104 217
104 217
104 301
104 357
104 188
104 188
104 677
104 679
104 680
104 681
104 682
104 683
104 273
104 182
104 685
104 112
104 686
104 220
104 687
104 178
104 711
104 688
104 312
104 678
104 189
104 684
104 225
104 226
104 161
104 689
104 183
104 690
104 196
104 194
104 692
104 693
104 694
104 368
104 257
104 695
104 699
104 309
104 134
104 195
104 122
104 236
104 691
104 197
104 187
104 472
104 696
104 697
104 698
104 140
104 700
104 712
104 701
105 114
105 113
105 116
105 121
105 109
105 111
105 273
105 154
105 207
105 352
105 308
105 308
105 123
105 677
105 682
105 189
105 189
105 683
105 678
105 679
105 680
105 681
105 217
105 182
105 684
105 685
105 112
105 686
105 687
105 225
105 178
105 226
105 688
105 161
105 689
105 357
105 309
105 690
105 134
105 195
105 122
105 691
105 194
105 197
105 188
105 692
105 693
105 694
105 257
105 695
105 696
105 697
105 698
105 699
105 140
105 700
105 701
105 301
105 711
105 712
106 108
106 115
106 133
106 147
106 117
106 126
106 110
106 107
106 174
106 179
106 153
106 201
106 202
106 186
106 209
106 210
107 174
107 148
107 135
107 149
107 155
107 183
107 250
108 115
108 133
108 147
108 117
108 126
108 119
108 110
108 179
108 153
108 201
108 125
108 125
108 186
108 209
108 210
108 202
108 171
108 193
108 254
108 224
108 249
108 241
108 207
108 120
108 351
108 334
108 403
108 577
108 577
108 601
108 601
108 300
108 191
108 123
108 192
109 116
109 121
109 111
109 113
109 114
109 256
109 274
109 167
109 187
109 316
109 301
109 451
109 115
109 358
110 123
110 118
110 124
110 136
110 117
110 115
110 133
110 147
110 126
110 186
110 153
110 201
110 179
110 209
110 210
110 202
110 141
110 224
110 144
110 221
110 221
110 227
110 444
110 158
110 445
111 116
111 121
111 114
111 113
111 203
111 118
111 135
111 115
111 155
111 176
111 181
111 183
111 164
112 137
112 677
112 679
112 681
112 682
112 683
112 273
112 182
112 301
112 685
112 678
112 680
112 189
112 217
112 684
112 686
112 225
112 226
112 161
112 689
112 357
112 309
112 690
112 134
112 195
112 194
112 197
112 188
112 692
112 693
112 694
112 257
112 695
112 697
112 698
112 699
112 140
112 700
112 687
112 178
112 711
112 688
112 122
112 691
112 113
112 696
112 114
112 712
112 701
113 114
113 116
113 121
113 301
113 567
113 677
113 678
113 679
113 680
113 681
113 682
113 189
113 272
113 683
113 273
113 434
113 217
113 182
113 684
113 685
113 138
113 686
113 687
113 225
113 178
113 711
113 226
113 688
113 161
113 689
113 117
113 357
113 309
113 690
113 134
113 195
113 122
113 691
113 194
113 197
113 188
113 692
113 693
113 694
113 257
113 695
113 696
113 697
113 698
113 699
113 140
113 700
113 712
113 701
114 116
114 121
114 188
114 188
114 301
114 677
114 679
114 681
114 682
114 683
114 273
114 687
114 178
114 711
114 688
114 691
114 696
114 678
114 680
114 143
114 189
114 217
114 182
114 684
114 685
114 686
114 225
114 226
114 161
114 689
114 357
114 164
114 309
114 690
114 134
114 195
114 122
114 194
114 197
114 692
114 693
114 694
114 257
114 695
114 697
114 698
114 699
114 140
114 700
114 712
114 701
115 133
115 117
115 147
115 126
115 126
115 179
115 153
115 201
115 186
115 209
115 210
115 202
115 216
115 158
115 149
115 203
115 118
115 135
115 183
115 164
115 155
115 176
115 181
115 154
115 207
115 144
116 121
116 221
117 133
117 147
117 126
117 179
117 153
117 201
117 186
117 209
117 210
117 202
117 158
117 206
117 328
117 164
117 235
117 244
117 173
117 434
117 358
118 124
118 124
118 123
118 136
118 143
118 203
118 203
118 235
118 171
118 135
118 207
118 155
118 176
118 181
118 183
118 164
118 141
118 302
118 303
118 444
118 186
118 158
118 144
118 126
118 445
118 221
118 227
118 234
119 125
119 125
119 120
119 171
119 171
119 249
119 240
119 254
119 224
119 207
119 252
119 351
119 227
119 592
119 263
119 264
119 245
119 478
120 150
120 185
120 125
120 252
120 227
120 171
120 249
120 354
120 234
120 229
120 300
120 138
120 313
122 139
122 195
122 677
122 679
122 681
122 682
122 683
122 273
122 301
122 220
122 687
122 178
122 711
122 688
122 678
122 680
122 189
122 217
122 182
122 684
122 685
122 686
122 225
122 226
122 161
122 689
122 357
122 309
122 690
122 134
122 194
122 194
122 197
122 188
122 692
122 693
122 694
122 257
122 695
122 697
122 698
122 699
122 140
122 700
122 691
122 696
122 712
122 701
123 124
123 136
123 141
123 221
123 273
123 444
123 186
123 224
123 158
123 144
123 308
123 445
123 227
123 154
123 154
123 207
123 352
124 136
124 207
124 203
124 171
124 234
124 159
124 411
124 183
124 324
124 143
124 267
124 408
124 408
124 235
124 177
124 737
124 718
124 508
124 896
125 435
125 207
125 403
125 561
125 185
126 147
126 133
126 186
126 209
126 210
126 179
126 179
126 153
126 201
126 202
126 207
126 173
126 154
126 144
126 143
126 302
126 303
126 235
126 171
127 128
127 129
127 130
127 131
127 132
128 129
128 131
128 132
128 130
129 130
129 131
129 132
130 131
130 132
130 242
130 243
130 163
130 138
130 170
130 168
131 132
133 147
133 179
133 153
133 201
133 186
133 209
133 210
133 202
133 164
133 164
133 158
133 206
133 267
133 771
134 220
134 677
134 679
134 681
134 682
134 683
134 273
134 217
134 217
134 182
134 301
134 685
134 686
134 687
134 178
134 711
134 688
134 678
134 680
134 189
134 684
134 225
134 226
134 161
134 689
134 357
134 309
134 690
134 195
134 194
134 197
134 188
134 692
134 693
134 694
134 257
134 695
134 698
134 699
134 140
134 700
134 691
134 696
134 697
134 712
134 701
135 148
135 149
135 155
135 183
135 203
135 250
135 176
135 181
135 164
136 187
136 773
136 363
137 138
137 168
137 708
138 163
138 191
138 168
138 168
138 170
138 170
138 242
138 243
138 223
138 223
138 231
138 427
138 436
138 302
138 251
138 251
138 443
138 437
138 173
138 742
139 140
140 677
140 679
140 680
140 681
140 682
140 683
140 273
140 182
140 301
140 685
140 686
140 687
140 178
140 711
140 688
140 357
140 309
140 195
140 691
140 197
140 257
140 257
140 696
140 697
140 698
140 678
140 189
140 217
140 684
140 225
140 226
140 161
140 689
140 690
140 196
140 194
140 188
140 692
140 693
140 694
140 695
140 699
140 700
140 712
140 701
141 142
141 224
141 144
141 221
141 221
141 227
141 444
141 186
141 158
141 445
141 203
143 235
143 171
143 207
143 302
143 164
143 303
143 305
143 203
143 219
143 304
143 707
143 708
143 449
143 234
143 188
143 271
144 444
144 186
144 158
144 154
144 179
144 207
144 445
144 221
144 227
145 159
145 159
145 208
145 208
145 248
145 291
145 292
145 177
145 169
145 184
145 184
145 367
147 179
147 153
147 201
147 202
147 186
147 209
147 210
148 149
148 250
148 155
148 183
149 216
149 216
149 158
149 158
149 155
149 183
149 250
150 185
150 267
150 268
150 218
150 269
150 270
150 271
150 278
152 180
153 179
153 202
153 204
153 155
153 181
153 164
153 205
154 176
154 207
154 273
154 308
154 308
154 179
154 352
154 352
154 187
155 164
155 181
155 204
155 205
155 183
155 203
155 176
155 250
155 705
156 157
158 216
158 275
158 328
158 164
158 235
158 206
158 350
158 276
158 186
158 444
158 445
158 221
158 227
158 204
159 208
159 169
159 177
159 184
161 677
161 679
161 680
161 681
161 682
161 189
161 683
161 273
161 182
161 301
161 684
161 685
161 686
161 687
161 225
161 178
161 711
161 226
161 688
161 258
161 678
161 217
161 689
161 236
161 188
161 693
161 695
161 357
161 309
161 690
161 195
161 691
161 194
161 197
161 692
161 694
161 257
161 696
161 697
161 698
161 699
161 700
161 712
161 701
163 168
163 170
163 170
163 231
163 242
163 243
163 437
164 181
164 204
164 205
164 353
164 176
164 183
164 203
164 206
164 350
164 267
164 253
164 348
164 708
164 476
164 771
164 188
164 271
167 219
167 219
167 335
167 358
167 316
167 633
167 169
167 301
167 476
168 170
168 242
168 243
168 231
168 437
170 231
170 242
170 243
171 234
171 207
171 207
171 249
171 252
171 227
171 203
171 254
171 224
171 235
171 354
171 351
171 302
171 183
171 303
173 206
173 244
176 203
176 183
176 181
177 232
177 232
177 352
177 184
177 301
177 670
177 454
178 189
178 226
178 677
178 682
178 683
178 273
178 301
178 687
178 678
178 679
178 680
178 681
178 217
178 182
178 684
178 685
178 686
178 225
178 688
178 689
178 357
178 309
178 690
178 195
178 691
178 194
178 197
178 188
178 692
178 693
178 694
178 257
178 695
178 697
178 698
178 699
178 700
178 701
178 711
178 696
178 712
179 202
179 207
181 204
181 205
181 203
181 183
181 266
181 184
181 739
182 677
182 679
182 681
182 682
182 683
182 273
182 678
182 680
182 189
182 217
182 684
182 685
182 686
182 225
182 226
182 689
182 357
182 309
182 690
182 195
182 194
182 197
182 188
182 692
182 693
182 694
182 257
182 695
182 697
182 698
182 699
182 700
182 301
182 687
182 711
182 688
182 691
182 696
182 712
182 701
183 203
183 250
183 207
183 234
184 266
184 408
184 298
184 367
184 367
184 393
184 552
184 394
184 395
184 573
184 293
184 356
184 385
184 586
184 265
184 306
184 587
184 420
184 400
184 588
184 589
184 399
184 606
184 643
184 675
184 475
185 592
185 607
185 191
185 193
186 201
186 209
186 210
186 444
186 445
186 221
186 227
187 706
187 357
188 301
188 442
188 677
188 679
188 680
188 681
188 682
188 189
188 683
188 273
188 217
188 684
188 685
188 686
188 687
188 225
188 711
188 226
188 688
188 357
188 309
188 690
188 195
188 691
188 194
188 197
188 678
188 689
188 693
188 695
188 692
188 694
188 257
188 696
188 697
188 698
188 699
188 700
188 712
188 701
189 225
189 225
189 217
189 217
189 677
189 679
189 680
189 681
189 682
189 678
189 226
189 226
189 689
189 693
189 695
189 683
189 273
189 301
189 684
189 685
189 686
189 687
189 711
189 688
189 357
189 309
189 690
189 195
189 691
189 194
189 197
189 692
189 694
189 257
189 696
189 697
189 698
189 699
189 700
189 712
189 701
190 385
190 235
190 739
191 300
191 223
191 223
191 192
192 383
192 263
192 632
192 641
192 300
192 715
192 868
193 479
194 677
194 679
194 680
194 681
194 682
194 683
194 273
194 301
194 685
194 686
194 687
194 225
194 711
194 688
194 357
194 309
194 195
194 691
194 678
194 217
194 684
194 226
194 689
194 690
194 693
194 694
194 257
194 695
194 699
194 197
194 692
194 696
194 697
194 698
194 700
194 712
194 701
195 677
195 679
195 681
195 682
195 683
195 273
195 301
195 685
195 686
195 687
195 711
195 688
195 357
195 678
195 680
195 217
195 684
195 225
195 226
195 689
195 309
195 690
195 197
195 692
195 693
195 694
195 257
195 695
195 699
195 700
195 691
195 696
195 697
195 698
195 712
195 701
197 677
197 679
197 681
197 682
197 683
197 273
197 301
197 685
197 686
197 687
197 711
197 688
197 357
197 691
197 678
197 680
197 217
197 684
197 225
197 226
197 689
197 309
197 690
197 692
197 693
197 694
197 257
197 695
197 699
197 700
197 696
197 697
197 698
197 712
197 701
200 215
200 215
201 209
201 210
202 274
202 221
203 234
203 207
203 221
203 310
203 375
203 235
204 205
204 862
205 316
206 244
206 313
207 234
207 273
207 249
207 235
207 352
207 351
207 435
207 302
207 303
207 308
207 308
209 210
217 677
217 679
217 680
217 681
217 682
217 683
217 273
217 678
217 689
217 693
217 695
217 301
217 684
217 685
217 686
217 687
217 225
217 711
217 226
217 688
217 357
217 309
217 690
217 691
217 692
217 694
217 257
217 696
217 697
217 698
217 699
217 700
217 712
217 701
218 267
218 268
218 269
218 270
218 271
218 278
219 367
219 708
219 358
219 366
221 310
221 444
221 224
221 445
221 227
221 274
222 288
222 429
222 403
222 642
223 282
223 613
223 251
224 254
224 244
224 234
224 461
225 677
225 679
225 680
225 681
225 682
225 683
225 273
225 301
225 685
225 686
225 687
225 678
225 684
225 226
225 689
225 690
225 693
225 694
225 257
225 695
225 699
225 711
225 688
225 357
225 309
225 691
225 692
225 696
225 697
225 698
225 700
225 712
225 701
226 677
226 679
226 680
226 681
226 682
226 683
226 273
226 301
226 684
226 685
226 686
226 687
226 711
226 678
226 689
226 693
226 695
226 688
226 357
226 309
226 690
226 691
226 692
226 694
226 257
226 696
226 697
226 698
226 699
226 700
226 712
226 701
227 252
227 249
227 354
227 234
227 444
227 445
229 230
229 294
229 295
229 332
229 332
229 412
231 468
232 352
234 252
234 354
234 254
234 244
234 461
234 235
235 328
235 303
235 302
235 739
239 240
239 245
239 326
239 326
239 327
239 866
240 245
240 326
240 326
240 327
240 538
240 539
240 866
241 334
241 302
241 244
242 243
243 347
244 254
244 461
244 302
245 326
245 326
245 327
245 866
246 296
246 296
247 255
247 410
247 663
248 291
248 292
249 252
249 351
251 742
252 354
254 461
257 677
257 679
257 680
257 681
257 682
257 683
257 273
257 301
257 684
257 685
257 686
257 687
257 711
257 688
257 357
257 309
257 690
257 691
257 692
257 678
257 689
257 693
257 694
257 695
257 696
257 697
257 698
257 699
257 700
257 712
257 701
262 290
263 264
263 383
263 383
263 402
263 382
263 478
264 382
264 383
264 574
264 478
264 478
264 575
264 402
264 402
265 394
265 394
265 329
265 395
265 395
265 385
265 399
265 400
265 475
265 266
266 394
266 395
266 367
267 268
267 269
267 270
267 271
267 278
267 771
268 269
268 270
268 271
268 278
269 270
269 271
269 278
270 271
270 278
271 278
273 352
273 308
273 308
273 677
273 682
273 683
273 678
273 679
273 680
273 681
273 684
273 685
273 686
273 687
273 688
273 689
273 357
273 309
273 690
273 691
273 692
273 693
273 694
273 695
273 696
273 697
273 698
273 699
273 700
273 701
273 301
273 711
273 712
275 276
282 613
282 863
283 284
283 285
283 286
283 287
283 288
283 314
284 286
284 287
284 288
284 285
284 314
285 286
285 287
285 288
285 314
286 288
286 287
286 314
287 288
287 314
288 314
289 610
289 654
291 292
293 356
293 385
293 312
294 295
294 332
294 412
295 332
295 412
297 298
297 298
298 606
299 430
301 677
301 678
301 679
301 680
301 681
301 682
301 683
301 684
301 685
301 686
301 687
301 711
301 688
301 689
301 357
301 309
301 690
301 691
301 692
301 693
301 694
301 358
301 695
301 696
301 697
301 698
301 699
301 700
301 712
301 701
302 303
304 449
305 356
305 707
308 352
308 352
309 677
309 679
309 681
309 682
309 683
309 685
309 686
309 687
309 711
309 688
309 357
309 678
309 680
309 684
309 689
309 690
309 692
309 693
309 694
309 695
309 699
309 700
309 691
309 696
309 697
309 698
309 712
309 701
311 312
311 315
311 638
311 639
312 315
313 463
313 710
315 438
315 439
316 474
324 508
324 896
326 327
326 866
329 394
330 331
330 333
330 336
330 342
330 349
330 346
330 384
330 343
330 343
330 396
330 389
330 405
330 397
330 344
330 344
330 386
330 424
330 345
330 345
330 432
330 406
330 365
330 365
330 398
330 387
330 387
330 527
330 388
330 388
330 528
330 415
330 415
330 530
330 531
330 660
330 529
330 532
330 533
330 534
330 649
330 869
331 333
331 336
331 342
331 345
331 349
331 346
331 365
331 384
331 343
331 343
331 387
331 396
331 405
331 415
331 397
331 344
331 344
331 386
331 424
331 432
331 406
331 398
331 389
331 388
331 388
331 531
331 660
331 529
331 530
331 527
331 528
331 532
331 533
331 534
331 649
331 869
332 412
333 343
333 343
333 396
333 405
333 336
333 336
333 397
333 406
333 365
333 365
333 398
333 389
333 344
333 344
333 424
333 342
333 342
333 345
333 345
333 349
333 349
333 346
333 346
333 384
333 384
333 387
333 387
333 527
333 388
333 388
333 528
333 415
333 415
333 386
333 386
333 432
333 432
333 530
333 531
333 660
333 529
333 532
333 533
333 534
333 649
333 869
335 423
336 343
336 343
336 405
336 384
336 397
336 386
336 365
336 365
336 389
336 344
336 344
336 424
336 342
336 342
336 345
336 345
336 349
336 349
336 346
336 346
336 387
336 387
336 396
336 396
336 527
336 388
336 388
336 528
336 415
336 415
336 432
336 432
336 529
336 530
336 406
336 406
336 398
336 398
336 531
336 660
336 532
336 533
336 534
336 649
336 869
338 571
340 341
340 341
340 625
341 625
342 343
342 344
342 345
342 346
342 424
342 384
342 387
342 388
342 415
342 386
342 349
342 349
342 365
342 365
342 389
342 432
342 396
342 396
342 405
342 405
342 397
342 397
342 527
342 531
342 528
342 529
342 530
342 406
342 406
342 532
342 533
342 534
342 398
342 398
342 649
342 660
342 869
343 384
343 344
343 344
343 386
343 345
343 345
343 349
343 349
343 346
343 346
343 424
343 432
343 365
343 365
343 387
343 387
343 396
343 396
343 405
343 405
343 527
343 388
343 388
343 531
343 528
343 415
343 415
343 397
343 397
343 529
343 530
343 406
343 406
343 532
343 533
343 534
343 398
343 398
343 389
343 389
343 660
343 649
343 869
344 345
344 349
344 387
344 415
344 384
344 388
344 386
344 424
344 432
344 346
344 346
344 365
344 365
344 396
344 396
344 405
344 405
344 397
344 397
344 527
344 531
344 528
344 529
344 530
344 406
344 406
344 532
344 533
344 398
344 398
344 389
344 389
344 660
344 534
344 649
344 869
345 387
345 415
345 424
345 384
345 388
345 386
345 349
345 349
345 365
345 365
345 432
345 346
345 346
345 396
345 396
345 405
345 405
345 397
345 397
345 660
345 527
345 531
345 528
345 529
345 530
345 406
345 406
345 532
345 533
345 398
345 398
345 389
345 389
345 534
345 649
345 869
346 424
346 432
346 349
346 349
346 384
346 388
346 415
346 386
346 365
346 365
346 389
346 387
346 387
346 396
346 396
346 405
346 405
346 531
346 397
346 397
346 660
346 406
346 406
346 532
346 527
346 528
346 529
346 530
346 398
346 398
346 533
346 534
346 649
346 869
348 350
349 424
349 384
349 396
349 388
349 397
349 386
349 365
349 365
349 398
349 389
349 387
349 387
349 405
349 405
349 415
349 415
349 660
349 432
349 432
349 527
349 531
349 528
349 529
349 530
349 406
349 406
349 532
349 533
349 534
349 649
349 869
350 433
356 646
357 677
357 679
357 681
357 682
357 683
357 685
357 686
357 687
357 711
357 688
357 678
357 680
357 684
357 689
357 690
357 692
357 693
357 694
357 695
357 699
357 700
357 691
357 696
357 697
357 698
357 712
357 701
358 434
363 716
364 471
365 387
365 396
365 405
365 415
365 432
365 406
365 398
365 384
365 384
365 388
365 388
365 397
365 397
365 386
365 386
365 424
365 424
365 660
365 527
365 531
365 528
365 529
365 530
365 532
365 533
365 534
365 389
365 389
365 649
365 869
366 367
366 425
366 410
366 420
367 425
367 410
367 643
382 383
382 402
383 402
383 478
384 386
384 424
384 527
384 528
384 397
384 529
384 530
384 389
384 387
384 396
384 405
384 388
384 531
384 415
384 660
384 432
384 406
384 532
384 533
384 534
384 398
384 649
384 869
385 399
385 400
385 475
386 424
386 387
386 396
386 405
386 388
386 531
386 415
386 527
386 528
386 397
386 529
386 530
386 389
386 660
386 432
386 406
386 532
386 533
386 534
386 398
386 649
386 869
387 388
387 389
387 432
387 396
387 396
387 405
387 405
387 415
387 415
387 397
387 397
387 530
387 406
387 406
387 398
387 398
387 424
388 415
388 432
388 396
388 396
388 405
388 405
388 397
388 397
388 530
388 406
388 406
388 398
388 398
388 389
388 389
388 424
389 396
389 405
389 415
389 397
389 432
389 406
389 398
389 424
389 530
390 391
392 393
392 419
393 419
393 420
394 395
394 559
396 397
396 398
396 405
396 415
396 415
396 432
396 432
396 530
396 406
396 406
396 424
397 405
397 406
397 398
397 415
397 415
397 432
397 432
397 530
397 424
398 405
398 415
398 415
398 424
398 432
398 432
398 406
398 406
398 530
399 400
399 475
400 475
403 572
405 406
405 590
405 415
405 415
405 432
405 432
405 530
405 424
406 415
406 415
406 424
406 432
406 432
406 530
410 425
415 432
415 530
415 424
416 417
416 418
416 626
416 627
416 628
416 628
416 762
416 905
417 418
424 527
424 531
424 528
424 529
424 530
424 532
424 533
424 534
424 649
424 660
424 432
424 869
429 659
431 637
431 637
431 640
432 530
438 439
441 719
444 445
454 604
465 466
476 633
476 708
520 521
520 521
521 672
521 702
522 741
523 524
523 525
523 526
523 540
523 541
523 551
523 593
523 542
523 543
523 544
523 545
523 546
523 547
523 668
523 548
523 549
523 669
523 550
524 540
524 541
524 551
524 525
524 593
524 542
524 543
524 544
524 545
524 546
524 547
524 526
524 668
524 548
524 549
524 669
524 550
525 540
525 541
525 551
525 593
525 542
525 543
525 544
525 545
525 546
525 547
525 526
525 668
525 548
525 549
525 669
525 550
526 540
526 541
526 551
526 593
526 542
526 543
526 544
526 545
526 546
526 547
526 668
526 548
526 549
526 669
526 550
527 531
527 528
527 660
527 529
527 532
527 533
527 534
527 649
527 869
528 531
528 660
528 529
528 532
528 533
528 534
528 649
528 869
529 531
529 660
529 532
529 533
529 534
529 649
529 869
531 532
531 533
531 660
531 534
531 649
531 869
532 660
532 533
532 534
532 649
532 869
533 660
533 534
533 649
533 869
534 660
534 649
534 869
535 536
538 539
540 541
540 542
540 543
540 544
540 545
540 546
540 547
540 548
540 549
540 550
540 551
540 593
540 668
540 669
541 548
541 551
541 593
541 542
541 543
541 544
541 545
541 546
541 547
541 668
541 549
541 669
541 550
542 551
542 593
542 546
542 548
542 549
542 550
542 543
542 544
542 545
542 547
542 668
542 669
543 551
543 593
543 545
543 546
543 548
543 549
543 550
543 544
543 547
543 668
543 669
544 551
544 593
544 545
544 546
544 547
544 548
544 549
544 550
544 668
544 669
545 551
545 593
545 546
545 548
545 549
545 550
545 547
545 668
545 669
546 551
546 593
546 548
546 547
546 668
546 549
546 669
546 550
547 551
547 593
547 548
547 549
547 550
547 668
547 669
548 551
548 593
548 668
548 549
548 669
548 550
549 551
549 593
549 668
549 550
549 669
550 551
550 593
550 668
550 669
551 593
551 668
551 669
553 554
556 557
556 558
557 558
562 563
562 564
562 565
562 566
563 564
563 565
563 566
564 565
564 566
565 566
569 570
569 583
569 584
570 583
570 584
578 579
581 582
583 584
593 668
593 669
596 597
598 599
611 612
614 615
618 619
620 621
620 655
621 655
622 623
626 627
626 628
627 628
628 905
628 762
630 631
634 635
634 674
634 779
635 674
635 779
637 640
638 639
644 645
647 648
649 660
649 869
650 651
652 653
656 657
660 869
661 662
664 665
666 667
668 669
672 702
674 779
675 676
677 678
677 679
677 680
677 681
677 682
677 683
677 684
677 685
677 686
677 687
677 688
677 689
677 690
677 691
677 692
677 693
677 694
677 695
677 696
677 697
677 698
677 699
677 700
677 701
677 711
677 712
678 695
678 679
678 680
678 681
678 682
678 683
678 684
678 685
678 686
678 687
678 711
678 688
678 689
678 690
678 691
678 692
678 693
678 694
678 696
678 697
678 698
678 699
678 700
678 712
678 701
679 680
679 684
679 685
679 686
679 689
679 690
679 691
679 692
679 693
679 694
679 695
679 697
679 698
679 699
679 700
679 701
679 681
679 682
679 683
679 687
679 711
679 688
679 696
679 712
680 684
680 689
680 690
680 692
680 693
680 694
680 695
680 699
680 700
680 681
680 682
680 683
680 685
680 686
680 687
680 711
680 688
680 691
680 696
680 697
680 698
680 712
680 701
681 684
681 685
681 686
681 689
681 690
681 691
681 692
681 693
681 694
681 695
681 697
681 698
681 699
681 700
681 701
681 682
681 683
681 687
681 711
681 688
681 696
681 712
682 683
682 684
682 685
682 686
682 687
682 688
682 689
682 690
682 691
682 692
682 693
682 694
682 695
682 696
682 697
682 698
682 699
682 700
682 701
682 711
682 712
683 684
683 685
683 686
683 687
683 688
683 689
683 690
683 691
683 692
683 693
683 694
683 695
683 696
683 697
683 698
683 699
683 700
683 701
683 711
683 712
684 689
684 693
684 694
684 695
684 685
684 686
684 687
684 711
684 688
684 690
684 691
684 692
684 696
684 697
684 698
684 699
684 700
684 712
684 701
685 686
685 689
685 690
685 692
685 693
685 694
685 695
685 697
685 698
685 699
685 700
685 687
685 711
685 688
685 691
685 696
685 712
685 701
686 689
686 690
686 692
686 693
686 694
686 695
686 697
686 698
686 699
686 700
686 687
686 711
686 688
686 691
686 696
686 712
686 701
687 688
687 689
687 690
687 691
687 692
687 693
687 694
687 695
687 696
687 697
687 698
687 699
687 700
687 701
687 711
687 712
688 711
688 689
688 690
688 691
688 692
688 693
688 694
688 695
688 697
688 698
688 699
688 700
688 701
688 696
688 712
689 711
689 695
689 690
689 691
689 692
689 693
689 694
689 696
689 697
689 698
689 699
689 700
689 712
689 701
690 711
690 693
690 694
690 695
690 691
690 692
690 696
690 697
690 698
690 699
690 700
690 712
690 701
691 711
691 692
691 693
691 694
691 695
691 697
691 698
691 699
691 700
691 696
691 712
691 701
692 711
692 693
692 694
692 695
692 699
692 696
692 697
692 698
692 700
692 712
692 701
693 711
693 695
693 694
693 696
693 697
693 698
693 699
693 700
693 712
693 701
694 711
694 695
694 696
694 697
694 698
694 699
694 700
694 712
694 701
695 711
695 696
695 697
695 698
695 699
695 700
695 712
695 701
696 711
696 697
696 698
696 699
696 700
696 701
696 712
697 711
697 698
697 699
697 700
697 712
697 701
698 711
698 699
698 700
698 712
698 701
699 711
699 700
699 712
699 701
700 711
700 712
700 701
701 711
701 712
711 712
715 868
717 718
718 740
722 723
726 904
762 905
766 767
780 781
783 784
786 787
