0 1
0 1
1 2
1 3
1 3
1 4
1 4
1 5
1 8
1 17
3 10
3 4
3 4
3 16
3 16
3 17
3 17
3 18
3 18
3 7
3 7
3 14
3 14
4 6
4 6
4 5
4 5
4 8
4 8
4 9
4 9
4 10
4 15
4 15
4 16
4 17
4 17
4 7
4 7
4 11
4 14
4 14
4 12
4 12
4 13
4 13
4 23
5 8
5 8
5 9
5 9
6 7
7 10
7 10
7 9
7 16
7 20
7 20
7 21
7 22
7 22
7 23
7 14
7 14
7 11
7 11
7 13
8 10
8 11
8 11
8 12
8 9
8 13
8 13
9 11
9 11
9 13
9 13
9 14
9 14
9 25
11 15
11 15
11 20
11 20
11 13
11 13
11 14
11 14
11 25
12 14
12 23
13 14
13 14
13 18
13 18
13 22
13 27
14 17
14 17
14 23
14 23
14 24
14 25
14 25
15 16
15 16
15 17
15 17
17 19
17 19
17 20
17 20
18 20
18 20
18 19
18 19
18 22
18 22
18 27
18 27
18 24
18 24
18 30
19 28
19 28
19 22
19 22
19 29
20 22
20 22
21 22
21 22
22 23
22 29
22 26
23 26
23 26
23 24
24 27
26 31
26 32
26 30
27 30
27 30
30 32
30 32
