0 1
0 1
0 11
0 11
0 16
0 16
0 5
0 15
0 20
0 22
0 22
1 2
1 2
1 3
1 3
1 4
1 4
2 5
2 5
2 7
2 7
2 10
2 10
2 11
2 11
2 15
2 15
2 16
2 16
2 20
2 20
3 29
3 29
3 38
3 38
3 43
3 43
3 5
3 32
3 42
3 44
3 26
3 26
4 5
4 5
4 29
4 29
4 32
4 32
4 34
4 34
4 37
4 37
4 38
4 38
4 42
4 42
4 43
4 43
4 44
4 44
6 7
6 7
6 11
6 11
6 16
6 16
6 10
6 15
6 20
6 21
6 21
7 8
7 8
7 9
7 9
8 77
8 77
8 81
8 81
8 86
8 86
8 58
8 58
8 61
8 61
8 10
8 80
8 85
8 90
8 59
8 62
9 10
9 10
9 74
9 74
9 76
9 76
9 77
9 77
9 80
9 80
9 81
9 81
9 85
9 85
9 86
9 86
9 90
9 90
9 58
9 58
9 59
9 59
9 61
9 61
9 62
9 62
11 12
11 12
11 13
11 13
11 14
11 14
12 43
12 43
12 15
12 44
12 61
12 61
12 62
12 63
12 63
12 64
13 43
13 43
13 15
13 44
13 61
13 61
13 62
13 63
13 63
13 64
14 15
14 15
14 43
14 43
14 44
14 44
14 61
14 61
14 62
14 62
14 63
14 63
14 64
14 64
16 17
16 17
16 18
16 18
16 19
16 19
17 20
17 57
17 57
17 58
17 58
17 59
18 20
18 58
18 58
18 59
19 20
19 20
19 60
19 60
19 58
19 58
19 59
19 59
21 23
21 23
22 23
23 24
23 24
23 25
23 25
23 26
23 27
23 27
23 28
25 33
25 33
27 45
27 45
28 30
28 30
29 30
29 30
29 31
29 31
30 50
30 50
30 55
30 55
30 32
30 54
30 56
31 32
31 32
31 46
31 46
31 49
31 49
31 50
31 50
31 54
31 54
31 55
31 55
31 56
31 56
33 34
33 34
33 38
33 38
33 43
33 43
33 37
33 42
33 44
34 35
34 35
34 36
34 36
35 94
35 94
35 98
35 98
35 103
35 103
35 63
35 63
35 65
35 65
35 37
35 97
35 102
35 104
35 64
35 66
36 37
36 37
36 74
36 74
36 76
36 76
36 91
36 91
36 93
36 93
36 94
36 94
36 97
36 97
36 98
36 98
36 102
36 102
36 103
36 103
36 104
36 104
36 63
36 63
36 64
36 64
36 65
36 65
36 66
36 66
38 39
38 39
38 40
38 40
38 41
38 41
39 55
39 55
39 42
39 56
39 65
39 65
39 66
39 67
39 67
39 68
40 55
40 55
40 42
40 56
40 65
40 65
40 66
40 67
40 67
40 68
41 42
41 42
41 55
41 55
41 56
41 56
41 65
41 65
41 66
41 66
41 67
41 67
41 68
41 68
45 46
45 46
45 50
45 50
45 55
45 55
45 49
45 54
45 56
46 47
46 47
46 48
46 48
47 109
47 109
47 113
47 113
47 118
47 118
47 67
47 67
47 69
47 69
47 49
47 112
47 117
47 119
47 68
47 70
48 49
48 49
48 91
48 91
48 93
48 93
48 105
48 105
48 108
48 108
48 109
48 109
48 112
48 112
48 113
48 113
48 117
48 117
48 118
48 118
48 119
48 119
48 67
48 67
48 68
48 68
48 69
48 69
48 70
48 70
50 51
50 51
50 52
50 52
50 53
50 53
51 54
51 69
51 69
51 70
51 71
51 71
51 72
52 54
52 69
52 69
52 70
52 71
52 71
52 72
53 54
53 54
53 69
53 69
53 70
53 70
53 71
53 71
53 72
53 72
58 73
58 73
59 73
61 73
61 73
62 73
63 75
63 75
64 75
65 75
65 75
66 75
67 92
67 92
68 92
69 92
69 92
70 92
71 120
71 120
71 106
71 106
71 107
71 107
72 107
72 107
72 120
72 106
73 74
73 74
73 81
73 81
73 86
73 86
73 76
73 85
73 90
74 75
74 75
75 91
75 91
75 98
75 98
75 103
75 103
75 76
75 93
75 102
75 104
77 78
77 78
77 79
77 79
78 163
78 163
78 167
78 167
78 172
78 172
78 140
78 140
78 143
78 143
78 80
78 166
78 171
78 176
78 141
78 144
79 80
79 80
79 160
79 160
79 162
79 162
79 163
79 163
79 166
79 166
79 167
79 167
79 171
79 171
79 172
79 172
79 176
79 176
79 140
79 140
79 141
79 141
79 143
79 143
79 144
79 144
81 82
81 82
81 83
81 83
81 84
81 84
82 103
82 103
82 85
82 104
82 143
82 143
82 144
82 145
82 145
82 146
83 103
83 103
83 85
83 104
83 143
83 143
83 144
83 145
83 145
83 146
84 85
84 85
84 103
84 103
84 104
84 104
84 143
84 143
84 144
84 144
84 145
84 145
84 146
84 146
86 87
86 87
86 88
86 88
86 89
86 89
87 90
87 139
87 139
87 140
87 140
87 141
88 90
88 140
88 140
88 141
89 90
89 90
89 142
89 142
89 140
89 140
89 141
89 141
91 92
91 92
92 105
92 105
92 113
92 113
92 118
92 118
92 93
92 108
92 117
92 119
94 95
94 95
94 96
94 96
95 180
95 180
95 184
95 184
95 189
95 189
95 145
95 145
95 147
95 147
95 97
95 183
95 188
95 190
95 146
95 148
96 97
96 97
96 160
96 160
96 162
96 162
96 177
96 177
96 179
96 179
96 180
96 180
96 183
96 183
96 184
96 184
96 188
96 188
96 189
96 189
96 190
96 190
96 145
96 145
96 146
96 146
96 147
96 147
96 148
96 148
98 99
98 99
98 100
98 100
98 101
98 101
99 118
99 118
99 102
99 119
99 147
99 147
99 148
99 149
99 149
99 150
100 118
100 118
100 102
100 119
100 147
100 147
100 148
100 149
100 149
100 150
101 102
101 102
101 118
101 118
101 119
101 119
101 147
101 147
101 148
101 148
101 149
101 149
101 150
101 150
105 106
105 106
105 107
105 107
106 125
106 125
106 130
106 130
106 108
106 129
106 131
106 132
106 132
106 133
106 133
107 108
107 108
107 121
107 121
107 124
107 124
107 125
107 125
107 129
107 129
107 130
107 130
107 131
107 131
109 110
109 110
109 111
109 111
110 194
110 194
110 198
110 198
110 203
110 203
110 149
110 149
110 151
110 151
110 112
110 197
110 202
110 204
110 150
110 152
111 112
111 112
111 177
111 177
111 179
111 179
111 191
111 191
111 193
111 193
111 194
111 194
111 197
111 197
111 198
111 198
111 202
111 202
111 203
111 203
111 204
111 204
111 149
111 149
111 150
111 150
111 151
111 151
111 152
111 152
113 114
113 114
113 115
113 115
113 116
113 116
114 130
114 130
114 117
114 131
114 151
114 151
114 152
114 153
114 153
114 154
115 130
115 130
115 117
115 131
115 151
115 151
115 152
115 153
115 153
115 154
116 117
116 117
116 130
116 130
116 131
116 131
116 151
116 151
116 152
116 152
116 153
116 153
116 154
116 154
120 121
120 121
120 125
120 125
120 130
120 130
120 124
120 129
120 131
120 132
120 132
120 133
120 133
121 122
121 122
121 123
121 123
122 209
122 209
122 213
122 213
122 218
122 218
122 153
122 153
122 155
122 155
122 124
122 212
122 217
122 219
122 154
122 156
123 124
123 124
123 191
123 191
123 193
123 193
123 205
123 205
123 208
123 208
123 209
123 209
123 212
123 212
123 213
123 213
123 217
123 217
123 218
123 218
123 219
123 219
123 153
123 153
123 154
123 154
123 155
123 155
123 156
123 156
125 126
125 126
125 127
125 127
125 128
125 128
126 129
126 155
126 155
126 156
126 157
126 157
126 158
127 129
127 155
127 155
127 156
127 157
127 157
127 158
128 129
128 129
128 155
128 155
128 156
128 156
128 157
128 157
128 158
128 158
132 134
132 134
133 134
134 135
134 135
134 136
134 137
134 137
134 138
135 220
135 220
135 206
135 206
136 220
136 220
136 206
136 206
137 331
137 331
137 317
137 317
138 331
138 331
138 317
138 317
140 159
140 159
141 159
143 159
143 159
144 159
145 161
145 161
146 161
147 161
147 161
148 161
149 178
149 178
150 178
151 178
151 178
152 178
153 192
153 192
154 192
155 192
155 192
156 192
157 220
157 220
157 206
157 206
157 207
157 207
158 207
158 207
158 220
158 206
159 160
159 160
159 167
159 167
159 172
159 172
159 162
159 171
159 176
160 161
160 161
161 177
161 177
161 184
161 184
161 189
161 189
161 162
161 179
161 188
161 190
163 164
163 164
163 165
163 165
164 260
164 260
164 264
164 264
164 269
164 269
164 233
164 233
164 236
164 236
164 166
164 263
164 268
164 273
164 234
164 237
165 166
165 166
165 257
165 257
165 259
165 259
165 260
165 260
165 263
165 263
165 264
165 264
165 268
165 268
165 269
165 269
165 273
165 273
165 233
165 233
165 234
165 234
165 236
165 236
165 237
165 237
167 168
167 168
167 169
167 169
167 170
167 170
168 189
168 189
168 171
168 190
168 236
168 236
168 237
168 238
168 238
168 239
169 189
169 189
169 171
169 190
169 236
169 236
169 237
169 238
169 238
169 239
170 171
170 171
170 189
170 189
170 190
170 190
170 236
170 236
170 237
170 237
170 238
170 238
170 239
170 239
172 173
172 173
172 174
172 174
172 175
172 175
173 176
173 232
173 232
173 233
173 233
173 234
174 176
174 233
174 233
174 234
175 176
175 176
175 235
175 235
175 233
175 233
175 234
175 234
177 178
177 178
178 191
178 191
178 198
178 198
178 203
178 203
178 179
178 193
178 202
178 204
180 181
180 181
180 182
180 182
181 277
181 277
181 281
181 281
181 286
181 286
181 238
181 238
181 240
181 240
181 183
181 280
181 285
181 287
181 239
181 241
182 183
182 183
182 257
182 257
182 259
182 259
182 274
182 274
182 276
182 276
182 277
182 277
182 280
182 280
182 281
182 281
182 285
182 285
182 286
182 286
182 287
182 287
182 238
182 238
182 239
182 239
182 240
182 240
182 241
182 241
184 185
184 185
184 186
184 186
184 187
184 187
185 203
185 203
185 188
185 204
185 240
185 240
185 241
185 242
185 242
185 243
186 203
186 203
186 188
186 204
186 240
186 240
186 241
186 242
186 242
186 243
187 188
187 188
187 203
187 203
187 204
187 204
187 240
187 240
187 241
187 241
187 242
187 242
187 243
187 243
191 192
191 192
192 205
192 205
192 213
192 213
192 218
192 218
192 193
192 208
192 217
192 219
194 195
194 195
194 196
194 196
195 291
195 291
195 295
195 295
195 300
195 300
195 242
195 242
195 244
195 244
195 197
195 294
195 299
195 301
195 243
195 245
196 197
196 197
196 274
196 274
196 276
196 276
196 288
196 288
196 290
196 290
196 291
196 291
196 294
196 294
196 295
196 295
196 299
196 299
196 300
196 300
196 301
196 301
196 242
196 242
196 243
196 243
196 244
196 244
196 245
196 245
198 199
198 199
198 200
198 200
198 201
198 201
199 218
199 218
199 202
199 219
199 244
199 244
199 245
199 246
199 246
199 247
200 218
200 218
200 202
200 219
200 244
200 244
200 245
200 246
200 246
200 247
201 202
201 202
201 218
201 218
201 219
201 219
201 244
201 244
201 245
201 245
201 246
201 246
201 247
201 247
205 206
205 206
205 207
205 207
206 225
206 225
206 230
206 230
206 208
206 229
206 231
207 208
207 208
207 221
207 221
207 224
207 224
207 225
207 225
207 229
207 229
207 230
207 230
207 231
207 231
209 210
209 210
209 211
209 211
210 305
210 305
210 309
210 309
210 314
210 314
210 246
210 246
210 248
210 248
210 212
210 308
210 313
210 315
210 247
210 249
211 212
211 212
211 288
211 288
211 290
211 290
211 302
211 302
211 304
211 304
211 305
211 305
211 308
211 308
211 309
211 309
211 313
211 313
211 314
211 314
211 315
211 315
211 246
211 246
211 247
211 247
211 248
211 248
211 249
211 249
213 214
213 214
213 215
213 215
213 216
213 216
214 230
214 230
214 217
214 231
214 248
214 248
214 249
214 250
214 250
214 251
215 230
215 230
215 217
215 231
215 248
215 248
215 249
215 250
215 250
215 251
216 217
216 217
216 230
216 230
216 231
216 231
216 248
216 248
216 249
216 249
216 250
216 250
216 251
216 251
220 221
220 221
220 225
220 225
220 230
220 230
220 224
220 229
220 231
221 222
221 222
221 223
221 223
222 320
222 320
222 324
222 324
222 329
222 329
222 250
222 250
222 252
222 252
222 224
222 323
222 328
222 330
222 251
222 253
223 224
223 224
223 302
223 302
223 304
223 304
223 316
223 316
223 319
223 319
223 320
223 320
223 323
223 323
223 324
223 324
223 328
223 328
223 329
223 329
223 330
223 330
223 250
223 250
223 251
223 251
223 252
223 252
223 253
223 253
225 226
225 226
225 227
225 227
225 228
225 228
226 229
226 252
226 252
226 253
226 254
226 254
226 255
227 229
227 252
227 252
227 253
227 254
227 254
227 255
228 229
228 229
228 252
228 252
228 253
228 253
228 254
228 254
228 255
228 255
233 256
233 256
234 256
236 256
236 256
237 256
238 258
238 258
239 258
240 258
240 258
241 258
242 275
242 275
243 275
244 275
244 275
245 275
246 289
246 289
247 289
248 289
248 289
249 289
250 303
250 303
251 303
252 303
252 303
253 303
254 331
254 331
254 317
254 317
254 318
254 318
255 318
255 318
255 331
255 317
256 257
256 257
256 264
256 264
256 269
256 269
256 259
256 268
256 273
257 258
257 258
258 274
258 274
258 281
258 281
258 286
258 286
258 259
258 276
258 285
258 287
260 261
260 261
260 262
260 262
261 375
261 375
261 379
261 379
261 384
261 384
261 344
261 344
261 347
261 347
261 263
261 378
261 383
261 388
261 345
261 348
262 263
262 263
262 372
262 372
262 374
262 374
262 375
262 375
262 378
262 378
262 379
262 379
262 383
262 383
262 384
262 384
262 388
262 388
262 344
262 344
262 345
262 345
262 347
262 347
262 348
262 348
264 265
264 265
264 266
264 266
264 267
264 267
265 286
265 286
265 268
265 287
265 347
265 347
265 348
265 349
265 349
265 350
266 286
266 286
266 268
266 287
266 347
266 347
266 348
266 349
266 349
266 350
267 268
267 268
267 286
267 286
267 287
267 287
267 347
267 347
267 348
267 348
267 349
267 349
267 350
267 350
269 270
269 270
269 271
269 271
269 272
269 272
270 273
270 343
270 343
270 344
270 344
270 345
271 273
271 344
271 344
271 345
272 273
272 273
272 346
272 346
272 344
272 344
272 345
272 345
274 275
274 275
275 288
275 288
275 295
275 295
275 300
275 300
275 276
275 290
275 299
275 301
277 278
277 278
277 279
277 279
278 392
278 392
278 396
278 396
278 401
278 401
278 349
278 349
278 351
278 351
278 280
278 395
278 400
278 402
278 350
278 352
279 280
279 280
279 372
279 372
279 374
279 374
279 389
279 389
279 391
279 391
279 392
279 392
279 395
279 395
279 396
279 396
279 400
279 400
279 401
279 401
279 402
279 402
279 349
279 349
279 350
279 350
279 351
279 351
279 352
279 352
281 282
281 282
281 283
281 283
281 284
281 284
282 300
282 300
282 285
282 301
282 351
282 351
282 352
282 353
282 353
282 354
283 300
283 300
283 285
283 301
283 351
283 351
283 352
283 353
283 353
283 354
284 285
284 285
284 300
284 300
284 301
284 301
284 351
284 351
284 352
284 352
284 353
284 353
284 354
284 354
288 289
288 289
289 302
289 302
289 309
289 309
289 314
289 314
289 290
289 304
289 313
289 315
291 292
291 292
291 293
291 293
292 406
292 406
292 410
292 410
292 415
292 415
292 353
292 353
292 355
292 355
292 294
292 409
292 414
292 416
292 354
292 356
293 294
293 294
293 389
293 389
293 391
293 391
293 403
293 403
293 405
293 405
293 406
293 406
293 409
293 409
293 410
293 410
293 414
293 414
293 415
293 415
293 416
293 416
293 353
293 353
293 354
293 354
293 355
293 355
293 356
293 356
295 296
295 296
295 297
295 297
295 298
295 298
296 314
296 314
296 299
296 315
296 355
296 355
296 356
296 357
296 357
296 358
297 314
297 314
297 299
297 315
297 355
297 355
297 356
297 357
297 357
297 358
298 299
298 299
298 314
298 314
298 315
298 315
298 355
298 355
298 356
298 356
298 357
298 357
298 358
298 358
302 303
302 303
303 316
303 316
303 324
303 324
303 329
303 329
303 304
303 319
303 328
303 330
305 306
305 306
305 307
305 307
306 420
306 420
306 424
306 424
306 429
306 429
306 357
306 357
306 359
306 359
306 308
306 423
306 428
306 430
306 358
306 360
307 308
307 308
307 403
307 403
307 405
307 405
307 417
307 417
307 419
307 419
307 420
307 420
307 423
307 423
307 424
307 424
307 428
307 428
307 429
307 429
307 430
307 430
307 357
307 357
307 358
307 358
307 359
307 359
307 360
307 360
309 310
309 310
309 311
309 311
309 312
309 312
310 329
310 329
310 313
310 330
310 359
310 359
310 360
310 361
310 361
310 362
311 329
311 329
311 313
311 330
311 359
311 359
311 360
311 361
311 361
311 362
312 313
312 313
312 329
312 329
312 330
312 330
312 359
312 359
312 360
312 360
312 361
312 361
312 362
312 362
316 317
316 317
316 318
316 318
317 336
317 336
317 341
317 341
317 319
317 340
317 342
318 319
318 319
318 332
318 332
318 335
318 335
318 336
318 336
318 340
318 340
318 341
318 341
318 342
318 342
320 321
320 321
320 322
320 322
321 434
321 434
321 438
321 438
321 443
321 443
321 361
321 361
321 363
321 363
321 323
321 437
321 442
321 444
321 362
321 364
322 323
322 323
322 417
322 417
322 419
322 419
322 431
322 431
322 433
322 433
322 434
322 434
322 437
322 437
322 438
322 438
322 442
322 442
322 443
322 443
322 444
322 444
322 361
322 361
322 362
322 362
322 363
322 363
322 364
322 364
324 325
324 325
324 326
324 326
324 327
324 327
325 341
325 341
325 328
325 342
325 363
325 363
325 364
325 365
325 365
325 366
326 341
326 341
326 328
326 342
326 363
326 363
326 364
326 365
326 365
326 366
327 328
327 328
327 341
327 341
327 342
327 342
327 363
327 363
327 364
327 364
327 365
327 365
327 366
327 366
331 332
331 332
331 336
331 336
331 341
331 341
331 335
331 340
331 342
332 333
332 333
332 334
332 334
333 449
333 449
333 453
333 453
333 458
333 458
333 365
333 365
333 367
333 367
333 335
333 452
333 457
333 459
333 366
333 368
334 335
334 335
334 431
334 431
334 433
334 433
334 445
334 445
334 448
334 448
334 449
334 449
334 452
334 452
334 453
334 453
334 457
334 457
334 458
334 458
334 459
334 459
334 365
334 365
334 366
334 366
334 367
334 367
334 368
334 368
336 337
336 337
336 338
336 338
336 339
336 339
337 340
337 367
337 367
337 368
337 369
337 369
337 370
338 340
338 367
338 367
338 368
338 369
338 369
338 370
339 340
339 340
339 367
339 367
339 368
339 368
339 369
339 369
339 370
339 370
344 371
344 371
345 371
347 371
347 371
348 371
349 373
349 373
350 373
351 373
351 373
352 373
353 390
353 390
354 390
355 390
355 390
356 390
357 404
357 404
358 404
359 404
359 404
360 404
361 418
361 418
362 418
363 418
363 418
364 418
365 432
365 432
366 432
367 432
367 432
368 432
369 460
369 460
369 446
369 446
369 447
369 447
370 447
370 447
370 460
370 446
371 372
371 372
371 379
371 379
371 384
371 384
371 374
371 383
371 388
372 373
372 373
373 389
373 389
373 396
373 396
373 401
373 401
373 374
373 391
373 400
373 402
375 376
375 376
375 377
375 377
376 512
376 512
376 516
376 516
376 521
376 521
376 481
376 481
376 484
376 484
376 378
376 515
376 520
376 525
376 482
376 485
377 378
377 378
377 509
377 509
377 511
377 511
377 512
377 512
377 515
377 515
377 516
377 516
377 520
377 520
377 521
377 521
377 525
377 525
377 481
377 481
377 482
377 482
377 484
377 484
377 485
377 485
379 380
379 380
379 381
379 381
379 382
379 382
380 401
380 401
380 383
380 402
380 484
380 484
380 485
380 486
380 486
380 487
381 401
381 401
381 383
381 402
381 484
381 484
381 485
381 486
381 486
381 487
382 383
382 383
382 401
382 401
382 402
382 402
382 484
382 484
382 485
382 485
382 486
382 486
382 487
382 487
384 385
384 385
384 386
384 386
384 387
384 387
385 388
385 480
385 480
385 481
385 481
385 482
386 388
386 481
386 481
386 482
387 388
387 388
387 483
387 483
387 481
387 481
387 482
387 482
389 390
389 390
390 403
390 403
390 410
390 410
390 415
390 415
390 391
390 405
390 414
390 416
392 393
392 393
392 394
392 394
393 529
393 529
393 533
393 533
393 538
393 538
393 486
393 486
393 488
393 488
393 395
393 532
393 537
393 539
393 487
393 489
394 395
394 395
394 509
394 509
394 511
394 511
394 526
394 526
394 528
394 528
394 529
394 529
394 532
394 532
394 533
394 533
394 537
394 537
394 538
394 538
394 539
394 539
394 486
394 486
394 487
394 487
394 488
394 488
394 489
394 489
396 397
396 397
396 398
396 398
396 399
396 399
397 415
397 415
397 400
397 416
397 488
397 488
397 489
397 490
397 490
397 491
398 415
398 415
398 400
398 416
398 488
398 488
398 489
398 490
398 490
398 491
399 400
399 400
399 415
399 415
399 416
399 416
399 488
399 488
399 489
399 489
399 490
399 490
399 491
399 491
403 404
403 404
404 417
404 417
404 424
404 424
404 429
404 429
404 405
404 419
404 428
404 430
406 407
406 407
406 408
406 408
407 543
407 543
407 547
407 547
407 552
407 552
407 490
407 490
407 492
407 492
407 409
407 546
407 551
407 553
407 491
407 493
408 409
408 409
408 526
408 526
408 528
408 528
408 540
408 540
408 542
408 542
408 543
408 543
408 546
408 546
408 547
408 547
408 551
408 551
408 552
408 552
408 553
408 553
408 490
408 490
408 491
408 491
408 492
408 492
408 493
408 493
410 411
410 411
410 412
410 412
410 413
410 413
411 429
411 429
411 414
411 430
411 492
411 492
411 493
411 494
411 494
411 495
412 429
412 429
412 414
412 430
412 492
412 492
412 493
412 494
412 494
412 495
413 414
413 414
413 429
413 429
413 430
413 430
413 492
413 492
413 493
413 493
413 494
413 494
413 495
413 495
417 418
417 418
418 431
418 431
418 438
418 438
418 443
418 443
418 419
418 433
418 442
418 444
420 421
420 421
420 422
420 422
421 557
421 557
421 561
421 561
421 566
421 566
421 494
421 494
421 496
421 496
421 423
421 560
421 565
421 567
421 495
421 497
422 423
422 423
422 540
422 540
422 542
422 542
422 554
422 554
422 556
422 556
422 557
422 557
422 560
422 560
422 561
422 561
422 565
422 565
422 566
422 566
422 567
422 567
422 494
422 494
422 495
422 495
422 496
422 496
422 497
422 497
424 425
424 425
424 426
424 426
424 427
424 427
425 443
425 443
425 428
425 444
425 496
425 496
425 497
425 498
425 498
425 499
426 443
426 443
426 428
426 444
426 496
426 496
426 497
426 498
426 498
426 499
427 428
427 428
427 443
427 443
427 444
427 444
427 496
427 496
427 497
427 497
427 498
427 498
427 499
427 499
431 432
431 432
432 445
432 445
432 453
432 453
432 458
432 458
432 433
432 448
432 457
432 459
434 435
434 435
434 436
434 436
435 571
435 571
435 575
435 575
435 580
435 580
435 498
435 498
435 500
435 500
435 437
435 574
435 579
435 581
435 499
435 501
436 437
436 437
436 554
436 554
436 556
436 556
436 568
436 568
436 570
436 570
436 571
436 571
436 574
436 574
436 575
436 575
436 579
436 579
436 580
436 580
436 581
436 581
436 498
436 498
436 499
436 499
436 500
436 500
436 501
436 501
438 439
438 439
438 440
438 440
438 441
438 441
439 458
439 458
439 442
439 459
439 500
439 500
439 501
439 502
439 502
439 503
440 458
440 458
440 442
440 459
440 500
440 500
440 501
440 502
440 502
440 503
441 442
441 442
441 458
441 458
441 459
441 459
441 500
441 500
441 501
441 501
441 502
441 502
441 503
441 503
445 446
445 446
445 447
445 447
446 465
446 465
446 448
446 466
446 468
446 468
447 448
447 448
447 461
447 461
447 464
447 464
447 465
447 465
447 466
447 466
449 450
449 450
449 451
449 451
450 585
450 585
450 589
450 589
450 594
450 594
450 502
450 502
450 504
450 504
450 452
450 588
450 593
450 595
450 503
450 505
451 452
451 452
451 568
451 568
451 570
451 570
451 582
451 582
451 584
451 584
451 585
451 585
451 588
451 588
451 589
451 589
451 593
451 593
451 594
451 594
451 595
451 595
451 502
451 502
451 503
451 503
451 504
451 504
451 505
451 505
453 454
453 454
453 455
453 455
453 456
453 456
454 465
454 465
454 457
454 466
454 504
454 504
454 505
454 506
454 506
454 507
455 465
455 465
455 457
455 466
455 504
455 504
455 505
455 506
455 506
455 507
456 457
456 457
456 465
456 465
456 466
456 466
456 504
456 504
456 505
456 505
456 506
456 506
456 507
456 507
460 461
460 461
460 465
460 465
460 464
460 466
460 467
460 467
461 462
461 462
461 463
461 463
462 596
462 596
462 600
462 600
462 506
462 506
462 464
462 599
462 601
462 507
462 471
462 471
463 464
463 464
463 582
463 582
463 584
463 584
463 596
463 596
463 599
463 599
463 600
463 600
463 601
463 601
463 506
463 506
463 507
463 507
467 469
468 469
468 469
469 470
469 470
469 471
469 472
469 472
469 473
469 474
469 474
469 475
469 476
469 476
469 477
469 478
469 478
469 479
470 583
470 583
472 705
472 705
473 597
473 597
474 827
474 827
475 719
475 719
476 949
476 949
477 841
477 841
478 1071
478 1071
479 963
479 963
481 508
481 508
482 508
484 508
484 508
485 508
486 510
486 510
487 510
488 510
488 510
489 510
490 527
490 527
491 527
492 527
492 527
493 527
494 541
494 541
495 541
496 541
496 541
497 541
498 555
498 555
499 555
500 555
500 555
501 555
502 569
502 569
503 569
504 569
504 569
505 569
506 583
506 583
507 583
508 509
508 509
508 516
508 516
508 521
508 521
508 511
508 520
508 525
509 510
509 510
510 526
510 526
510 533
510 533
510 538
510 538
510 511
510 528
510 537
510 539
512 513
512 513
512 514
512 514
513 634
513 634
513 638
513 638
513 643
513 643
513 603
513 603
513 606
513 606
513 515
513 637
513 642
513 647
513 604
513 607
514 515
514 515
514 631
514 631
514 633
514 633
514 634
514 634
514 637
514 637
514 638
514 638
514 642
514 642
514 643
514 643
514 647
514 647
514 603
514 603
514 604
514 604
514 606
514 606
514 607
514 607
516 517
516 517
516 518
516 518
516 519
516 519
517 538
517 538
517 520
517 539
517 606
517 606
517 607
517 608
517 608
517 609
518 538
518 538
518 520
518 539
518 606
518 606
518 607
518 608
518 608
518 609
519 520
519 520
519 538
519 538
519 539
519 539
519 606
519 606
519 607
519 607
519 608
519 608
519 609
519 609
521 522
521 522
521 523
521 523
521 524
521 524
522 525
522 602
522 602
522 603
522 603
522 604
523 525
523 603
523 603
523 604
524 525
524 525
524 605
524 605
524 603
524 603
524 604
524 604
526 527
526 527
527 540
527 540
527 547
527 547
527 552
527 552
527 528
527 542
527 551
527 553
529 530
529 530
529 531
529 531
530 651
530 651
530 655
530 655
530 660
530 660
530 608
530 608
530 610
530 610
530 532
530 654
530 659
530 661
530 609
530 611
531 532
531 532
531 631
531 631
531 633
531 633
531 648
531 648
531 650
531 650
531 651
531 651
531 654
531 654
531 655
531 655
531 659
531 659
531 660
531 660
531 661
531 661
531 608
531 608
531 609
531 609
531 610
531 610
531 611
531 611
533 534
533 534
533 535
533 535
533 536
533 536
534 552
534 552
534 537
534 553
534 610
534 610
534 611
534 612
534 612
534 613
535 552
535 552
535 537
535 553
535 610
535 610
535 611
535 612
535 612
535 613
536 537
536 537
536 552
536 552
536 553
536 553
536 610
536 610
536 611
536 611
536 612
536 612
536 613
536 613
540 541
540 541
541 554
541 554
541 561
541 561
541 566
541 566
541 542
541 556
541 565
541 567
543 544
543 544
543 545
543 545
544 665
544 665
544 669
544 669
544 674
544 674
544 612
544 612
544 614
544 614
544 546
544 668
544 673
544 675
544 613
544 615
545 546
545 546
545 648
545 648
545 650
545 650
545 662
545 662
545 664
545 664
545 665
545 665
545 668
545 668
545 669
545 669
545 673
545 673
545 674
545 674
545 675
545 675
545 612
545 612
545 613
545 613
545 614
545 614
545 615
545 615
547 548
547 548
547 549
547 549
547 550
547 550
548 566
548 566
548 551
548 567
548 614
548 614
548 615
548 616
548 616
548 617
549 566
549 566
549 551
549 567
549 614
549 614
549 615
549 616
549 616
549 617
550 551
550 551
550 566
550 566
550 567
550 567
550 614
550 614
550 615
550 615
550 616
550 616
550 617
550 617
554 555
554 555
555 568
555 568
555 575
555 575
555 580
555 580
555 556
555 570
555 579
555 581
557 558
557 558
557 559
557 559
558 679
558 679
558 683
558 683
558 688
558 688
558 616
558 616
558 618
558 618
558 560
558 682
558 687
558 689
558 617
558 619
559 560
559 560
559 662
559 662
559 664
559 664
559 676
559 676
559 678
559 678
559 679
559 679
559 682
559 682
559 683
559 683
559 687
559 687
559 688
559 688
559 689
559 689
559 616
559 616
559 617
559 617
559 618
559 618
559 619
559 619
561 562
561 562
561 563
561 563
561 564
561 564
562 580
562 580
562 565
562 581
562 618
562 618
562 619
562 620
562 620
562 621
563 580
563 580
563 565
563 581
563 618
563 618
563 619
563 620
563 620
563 621
564 565
564 565
564 580
564 580
564 581
564 581
564 618
564 618
564 619
564 619
564 620
564 620
564 621
564 621
568 569
568 569
569 582
569 582
569 589
569 589
569 594
569 594
569 570
569 584
569 593
569 595
571 572
571 572
571 573
571 573
572 693
572 693
572 697
572 697
572 702
572 702
572 620
572 620
572 622
572 622
572 574
572 696
572 701
572 703
572 621
572 623
573 574
573 574
573 676
573 676
573 678
573 678
573 690
573 690
573 692
573 692
573 693
573 693
573 696
573 696
573 697
573 697
573 701
573 701
573 702
573 702
573 703
573 703
573 620
573 620
573 621
573 621
573 622
573 622
573 623
573 623
575 576
575 576
575 577
575 577
575 578
575 578
576 594
576 594
576 579
576 595
576 622
576 622
576 623
576 624
576 624
576 625
577 594
577 594
577 579
577 595
577 622
577 622
577 623
577 624
577 624
577 625
578 579
578 579
578 594
578 594
578 595
578 595
578 622
578 622
578 623
578 623
578 624
578 624
578 625
578 625
582 583
582 583
583 600
583 600
583 584
583 601
585 586
585 586
585 587
585 587
586 707
586 707
586 711
586 711
586 716
586 716
586 624
586 624
586 626
586 626
586 588
586 710
586 715
586 717
586 625
586 627
587 588
587 588
587 690
587 690
587 692
587 692
587 704
587 704
587 706
587 706
587 707
587 707
587 710
587 710
587 711
587 711
587 715
587 715
587 716
587 716
587 717
587 717
587 624
587 624
587 625
587 625
587 626
587 626
587 627
587 627
589 590
589 590
589 591
589 591
589 592
589 592
590 600
590 600
590 593
590 601
590 626
590 626
590 627
590 628
590 628
590 629
591 600
591 600
591 593
591 601
591 626
591 626
591 627
591 628
591 628
591 629
592 593
592 593
592 600
592 600
592 601
592 601
592 626
592 626
592 627
592 627
592 628
592 628
592 629
592 629
596 597
596 597
596 598
596 598
597 718
597 718
597 722
597 722
597 628
597 628
597 599
597 721
597 723
597 629
598 599
598 599
598 704
598 704
598 706
598 706
598 718
598 718
598 721
598 721
598 722
598 722
598 723
598 723
598 628
598 628
598 629
598 629
603 630
603 630
604 630
606 630
606 630
607 630
608 632
608 632
609 632
610 632
610 632
611 632
612 649
612 649
613 649
614 649
614 649
615 649
616 663
616 663
617 663
618 663
618 663
619 663
620 677
620 677
621 677
622 677
622 677
623 677
624 691
624 691
625 691
626 691
626 691
627 691
628 705
628 705
629 705
630 631
630 631
630 638
630 638
630 643
630 643
630 633
630 642
630 647
631 632
631 632
632 648
632 648
632 655
632 655
632 660
632 660
632 633
632 650
632 659
632 661
634 635
634 635
634 636
634 636
635 756
635 756
635 760
635 760
635 765
635 765
635 725
635 725
635 728
635 728
635 637
635 759
635 764
635 769
635 726
635 729
636 637
636 637
636 753
636 753
636 755
636 755
636 756
636 756
636 759
636 759
636 760
636 760
636 764
636 764
636 765
636 765
636 769
636 769
636 725
636 725
636 726
636 726
636 728
636 728
636 729
636 729
638 639
638 639
638 640
638 640
638 641
638 641
639 660
639 660
639 642
639 661
639 728
639 728
639 729
639 730
639 730
639 731
640 660
640 660
640 642
640 661
640 728
640 728
640 729
640 730
640 730
640 731
641 642
641 642
641 660
641 660
641 661
641 661
641 728
641 728
641 729
641 729
641 730
641 730
641 731
641 731
643 644
643 644
643 645
643 645
643 646
643 646
644 647
644 724
644 724
644 725
644 725
644 726
645 647
645 725
645 725
645 726
646 647
646 647
646 727
646 727
646 725
646 725
646 726
646 726
648 649
648 649
649 662
649 662
649 669
649 669
649 674
649 674
649 650
649 664
649 673
649 675
651 652
651 652
651 653
651 653
652 773
652 773
652 777
652 777
652 782
652 782
652 730
652 730
652 732
652 732
652 654
652 776
652 781
652 783
652 731
652 733
653 654
653 654
653 753
653 753
653 755
653 755
653 770
653 770
653 772
653 772
653 773
653 773
653 776
653 776
653 777
653 777
653 781
653 781
653 782
653 782
653 783
653 783
653 730
653 730
653 731
653 731
653 732
653 732
653 733
653 733
655 656
655 656
655 657
655 657
655 658
655 658
656 674
656 674
656 659
656 675
656 732
656 732
656 733
656 734
656 734
656 735
657 674
657 674
657 659
657 675
657 732
657 732
657 733
657 734
657 734
657 735
658 659
658 659
658 674
658 674
658 675
658 675
658 732
658 732
658 733
658 733
658 734
658 734
658 735
658 735
662 663
662 663
663 676
663 676
663 683
663 683
663 688
663 688
663 664
663 678
663 687
663 689
665 666
665 666
665 667
665 667
666 787
666 787
666 791
666 791
666 796
666 796
666 734
666 734
666 736
666 736
666 668
666 790
666 795
666 797
666 735
666 737
667 668
667 668
667 770
667 770
667 772
667 772
667 784
667 784
667 786
667 786
667 787
667 787
667 790
667 790
667 791
667 791
667 795
667 795
667 796
667 796
667 797
667 797
667 734
667 734
667 735
667 735
667 736
667 736
667 737
667 737
669 670
669 670
669 671
669 671
669 672
669 672
670 688
670 688
670 673
670 689
670 736
670 736
670 737
670 738
670 738
670 739
671 688
671 688
671 673
671 689
671 736
671 736
671 737
671 738
671 738
671 739
672 673
672 673
672 688
672 688
672 689
672 689
672 736
672 736
672 737
672 737
672 738
672 738
672 739
672 739
676 677
676 677
677 690
677 690
677 697
677 697
677 702
677 702
677 678
677 692
677 701
677 703
679 680
679 680
679 681
679 681
680 801
680 801
680 805
680 805
680 810
680 810
680 738
680 738
680 740
680 740
680 682
680 804
680 809
680 811
680 739
680 741
681 682
681 682
681 784
681 784
681 786
681 786
681 798
681 798
681 800
681 800
681 801
681 801
681 804
681 804
681 805
681 805
681 809
681 809
681 810
681 810
681 811
681 811
681 738
681 738
681 739
681 739
681 740
681 740
681 741
681 741
683 684
683 684
683 685
683 685
683 686
683 686
684 702
684 702
684 687
684 703
684 740
684 740
684 741
684 742
684 742
684 743
685 702
685 702
685 687
685 703
685 740
685 740
685 741
685 742
685 742
685 743
686 687
686 687
686 702
686 702
686 703
686 703
686 740
686 740
686 741
686 741
686 742
686 742
686 743
686 743
690 691
690 691
691 704
691 704
691 711
691 711
691 716
691 716
691 692
691 706
691 715
691 717
693 694
693 694
693 695
693 695
694 815
694 815
694 819
694 819
694 824
694 824
694 742
694 742
694 744
694 744
694 696
694 818
694 823
694 825
694 743
694 745
695 696
695 696
695 798
695 798
695 800
695 800
695 812
695 812
695 814
695 814
695 815
695 815
695 818
695 818
695 819
695 819
695 823
695 823
695 824
695 824
695 825
695 825
695 742
695 742
695 743
695 743
695 744
695 744
695 745
695 745
697 698
697 698
697 699
697 699
697 700
697 700
698 716
698 716
698 701
698 717
698 744
698 744
698 745
698 746
698 746
698 747
699 716
699 716
699 701
699 717
699 744
699 744
699 745
699 746
699 746
699 747
700 701
700 701
700 716
700 716
700 717
700 717
700 744
700 744
700 745
700 745
700 746
700 746
700 747
700 747
704 705
704 705
705 722
705 722
705 706
705 723
707 708
707 708
707 709
707 709
708 829
708 829
708 833
708 833
708 838
708 838
708 746
708 746
708 748
708 748
708 710
708 832
708 837
708 839
708 747
708 749
709 710
709 710
709 812
709 812
709 814
709 814
709 826
709 826
709 828
709 828
709 829
709 829
709 832
709 832
709 833
709 833
709 837
709 837
709 838
709 838
709 839
709 839
709 746
709 746
709 747
709 747
709 748
709 748
709 749
709 749
711 712
711 712
711 713
711 713
711 714
711 714
712 722
712 722
712 715
712 723
712 748
712 748
712 749
712 750
712 750
712 751
713 722
713 722
713 715
713 723
713 748
713 748
713 749
713 750
713 750
713 751
714 715
714 715
714 722
714 722
714 723
714 723
714 748
714 748
714 749
714 749
714 750
714 750
714 751
714 751
718 719
718 719
718 720
718 720
719 840
719 840
719 844
719 844
719 750
719 750
719 721
719 843
719 845
719 751
720 721
720 721
720 826
720 826
720 828
720 828
720 840
720 840
720 843
720 843
720 844
720 844
720 845
720 845
720 750
720 750
720 751
720 751
725 752
725 752
726 752
728 752
728 752
729 752
730 754
730 754
731 754
732 754
732 754
733 754
734 771
734 771
735 771
736 771
736 771
737 771
738 785
738 785
739 785
740 785
740 785
741 785
742 799
742 799
743 799
744 799
744 799
745 799
746 813
746 813
747 813
748 813
748 813
749 813
750 827
750 827
751 827
752 753
752 753
752 760
752 760
752 765
752 765
752 755
752 764
752 769
753 754
753 754
754 770
754 770
754 777
754 777
754 782
754 782
754 755
754 772
754 781
754 783
756 757
756 757
756 758
756 758
757 878
757 878
757 882
757 882
757 887
757 887
757 847
757 847
757 850
757 850
757 759
757 881
757 886
757 891
757 848
757 851
758 759
758 759
758 875
758 875
758 877
758 877
758 878
758 878
758 881
758 881
758 882
758 882
758 886
758 886
758 887
758 887
758 891
758 891
758 847
758 847
758 848
758 848
758 850
758 850
758 851
758 851
760 761
760 761
760 762
760 762
760 763
760 763
761 782
761 782
761 764
761 783
761 850
761 850
761 851
761 852
761 852
761 853
762 782
762 782
762 764
762 783
762 850
762 850
762 851
762 852
762 852
762 853
763 764
763 764
763 782
763 782
763 783
763 783
763 850
763 850
763 851
763 851
763 852
763 852
763 853
763 853
765 766
765 766
765 767
765 767
765 768
765 768
766 769
766 846
766 846
766 847
766 847
766 848
767 769
767 847
767 847
767 848
768 769
768 769
768 849
768 849
768 847
768 847
768 848
768 848
770 771
770 771
771 784
771 784
771 791
771 791
771 796
771 796
771 772
771 786
771 795
771 797
773 774
773 774
773 775
773 775
774 895
774 895
774 899
774 899
774 904
774 904
774 852
774 852
774 854
774 854
774 776
774 898
774 903
774 905
774 853
774 855
775 776
775 776
775 875
775 875
775 877
775 877
775 892
775 892
775 894
775 894
775 895
775 895
775 898
775 898
775 899
775 899
775 903
775 903
775 904
775 904
775 905
775 905
775 852
775 852
775 853
775 853
775 854
775 854
775 855
775 855
777 778
777 778
777 779
777 779
777 780
777 780
778 796
778 796
778 781
778 797
778 854
778 854
778 855
778 856
778 856
778 857
779 796
779 796
779 781
779 797
779 854
779 854
779 855
779 856
779 856
779 857
780 781
780 781
780 796
780 796
780 797
780 797
780 854
780 854
780 855
780 855
780 856
780 856
780 857
780 857
784 785
784 785
785 798
785 798
785 805
785 805
785 810
785 810
785 786
785 800
785 809
785 811
787 788
787 788
787 789
787 789
788 909
788 909
788 913
788 913
788 918
788 918
788 856
788 856
788 858
788 858
788 790
788 912
788 917
788 919
788 857
788 859
789 790
789 790
789 892
789 892
789 894
789 894
789 906
789 906
789 908
789 908
789 909
789 909
789 912
789 912
789 913
789 913
789 917
789 917
789 918
789 918
789 919
789 919
789 856
789 856
789 857
789 857
789 858
789 858
789 859
789 859
791 792
791 792
791 793
791 793
791 794
791 794
792 810
792 810
792 795
792 811
792 858
792 858
792 859
792 860
792 860
792 861
793 810
793 810
793 795
793 811
793 858
793 858
793 859
793 860
793 860
793 861
794 795
794 795
794 810
794 810
794 811
794 811
794 858
794 858
794 859
794 859
794 860
794 860
794 861
794 861
798 799
798 799
799 812
799 812
799 819
799 819
799 824
799 824
799 800
799 814
799 823
799 825
801 802
801 802
801 803
801 803
802 923
802 923
802 927
802 927
802 932
802 932
802 860
802 860
802 862
802 862
802 804
802 926
802 931
802 933
802 861
802 863
803 804
803 804
803 906
803 906
803 908
803 908
803 920
803 920
803 922
803 922
803 923
803 923
803 926
803 926
803 927
803 927
803 931
803 931
803 932
803 932
803 933
803 933
803 860
803 860
803 861
803 861
803 862
803 862
803 863
803 863
805 806
805 806
805 807
805 807
805 808
805 808
806 824
806 824
806 809
806 825
806 862
806 862
806 863
806 864
806 864
806 865
807 824
807 824
807 809
807 825
807 862
807 862
807 863
807 864
807 864
807 865
808 809
808 809
808 824
808 824
808 825
808 825
808 862
808 862
808 863
808 863
808 864
808 864
808 865
808 865
812 813
812 813
813 826
813 826
813 833
813 833
813 838
813 838
813 814
813 828
813 837
813 839
815 816
815 816
815 817
815 817
816 937
816 937
816 941
816 941
816 946
816 946
816 864
816 864
816 866
816 866
816 818
816 940
816 945
816 947
816 865
816 867
817 818
817 818
817 920
817 920
817 922
817 922
817 934
817 934
817 936
817 936
817 937
817 937
817 940
817 940
817 941
817 941
817 945
817 945
817 946
817 946
817 947
817 947
817 864
817 864
817 865
817 865
817 866
817 866
817 867
817 867
819 820
819 820
819 821
819 821
819 822
819 822
820 838
820 838
820 823
820 839
820 866
820 866
820 867
820 868
820 868
820 869
821 838
821 838
821 823
821 839
821 866
821 866
821 867
821 868
821 868
821 869
822 823
822 823
822 838
822 838
822 839
822 839
822 866
822 866
822 867
822 867
822 868
822 868
822 869
822 869
826 827
826 827
827 844
827 844
827 828
827 845
829 830
829 830
829 831
829 831
830 951
830 951
830 955
830 955
830 960
830 960
830 868
830 868
830 870
830 870
830 832
830 954
830 959
830 961
830 869
830 871
831 832
831 832
831 934
831 934
831 936
831 936
831 948
831 948
831 950
831 950
831 951
831 951
831 954
831 954
831 955
831 955
831 959
831 959
831 960
831 960
831 961
831 961
831 868
831 868
831 869
831 869
831 870
831 870
831 871
831 871
833 834
833 834
833 835
833 835
833 836
833 836
834 844
834 844
834 837
834 845
834 870
834 870
834 871
834 872
834 872
834 873
835 844
835 844
835 837
835 845
835 870
835 870
835 871
835 872
835 872
835 873
836 837
836 837
836 844
836 844
836 845
836 845
836 870
836 870
836 871
836 871
836 872
836 872
836 873
836 873
840 841
840 841
840 842
840 842
841 962
841 962
841 966
841 966
841 872
841 872
841 843
841 965
841 967
841 873
842 843
842 843
842 948
842 948
842 950
842 950
842 962
842 962
842 965
842 965
842 966
842 966
842 967
842 967
842 872
842 872
842 873
842 873
847 874
847 874
848 874
850 874
850 874
851 874
852 876
852 876
853 876
854 876
854 876
855 876
856 893
856 893
857 893
858 893
858 893
859 893
860 907
860 907
861 907
862 907
862 907
863 907
864 921
864 921
865 921
866 921
866 921
867 921
868 935
868 935
869 935
870 935
870 935
871 935
872 949
872 949
873 949
874 875
874 875
874 882
874 882
874 887
874 887
874 877
874 886
874 891
875 876
875 876
876 892
876 892
876 899
876 899
876 904
876 904
876 877
876 894
876 903
876 905
878 879
878 879
878 880
878 880
879 1000
879 1000
879 1004
879 1004
879 1009
879 1009
879 969
879 969
879 972
879 972
879 881
879 1003
879 1008
879 1013
879 970
879 973
880 881
880 881
880 997
880 997
880 999
880 999
880 1000
880 1000
880 1003
880 1003
880 1004
880 1004
880 1008
880 1008
880 1009
880 1009
880 1013
880 1013
880 969
880 969
880 970
880 970
880 972
880 972
880 973
880 973
882 883
882 883
882 884
882 884
882 885
882 885
883 904
883 904
883 886
883 905
883 972
883 972
883 973
883 974
883 974
883 975
884 904
884 904
884 886
884 905
884 972
884 972
884 973
884 974
884 974
884 975
885 886
885 886
885 904
885 904
885 905
885 905
885 972
885 972
885 973
885 973
885 974
885 974
885 975
885 975
887 888
887 888
887 889
887 889
887 890
887 890
888 891
888 968
888 968
888 969
888 969
888 970
889 891
889 969
889 969
889 970
890 891
890 891
890 971
890 971
890 969
890 969
890 970
890 970
892 893
892 893
893 906
893 906
893 913
893 913
893 918
893 918
893 894
893 908
893 917
893 919
895 896
895 896
895 897
895 897
896 1017
896 1017
896 1021
896 1021
896 1026
896 1026
896 974
896 974
896 976
896 976
896 898
896 1020
896 1025
896 1027
896 975
896 977
897 898
897 898
897 997
897 997
897 999
897 999
897 1014
897 1014
897 1016
897 1016
897 1017
897 1017
897 1020
897 1020
897 1021
897 1021
897 1025
897 1025
897 1026
897 1026
897 1027
897 1027
897 974
897 974
897 975
897 975
897 976
897 976
897 977
897 977
899 900
899 900
899 901
899 901
899 902
899 902
900 918
900 918
900 903
900 919
900 976
900 976
900 977
900 978
900 978
900 979
901 918
901 918
901 903
901 919
901 976
901 976
901 977
901 978
901 978
901 979
902 903
902 903
902 918
902 918
902 919
902 919
902 976
902 976
902 977
902 977
902 978
902 978
902 979
902 979
906 907
906 907
907 920
907 920
907 927
907 927
907 932
907 932
907 908
907 922
907 931
907 933
909 910
909 910
909 911
909 911
910 1031
910 1031
910 1035
910 1035
910 1040
910 1040
910 978
910 978
910 980
910 980
910 912
910 1034
910 1039
910 1041
910 979
910 981
911 912
911 912
911 1014
911 1014
911 1016
911 1016
911 1028
911 1028
911 1030
911 1030
911 1031
911 1031
911 1034
911 1034
911 1035
911 1035
911 1039
911 1039
911 1040
911 1040
911 1041
911 1041
911 978
911 978
911 979
911 979
911 980
911 980
911 981
911 981
913 914
913 914
913 915
913 915
913 916
913 916
914 932
914 932
914 917
914 933
914 980
914 980
914 981
914 982
914 982
914 983
915 932
915 932
915 917
915 933
915 980
915 980
915 981
915 982
915 982
915 983
916 917
916 917
916 932
916 932
916 933
916 933
916 980
916 980
916 981
916 981
916 982
916 982
916 983
916 983
920 921
920 921
921 934
921 934
921 941
921 941
921 946
921 946
921 922
921 936
921 945
921 947
923 924
923 924
923 925
923 925
924 1045
924 1045
924 1049
924 1049
924 1054
924 1054
924 982
924 982
924 984
924 984
924 926
924 1048
924 1053
924 1055
924 983
924 985
925 926
925 926
925 1028
925 1028
925 1030
925 1030
925 1042
925 1042
925 1044
925 1044
925 1045
925 1045
925 1048
925 1048
925 1049
925 1049
925 1053
925 1053
925 1054
925 1054
925 1055
925 1055
925 982
925 982
925 983
925 983
925 984
925 984
925 985
925 985
927 928
927 928
927 929
927 929
927 930
927 930
928 946
928 946
928 931
928 947
928 984
928 984
928 985
928 986
928 986
928 987
929 946
929 946
929 931
929 947
929 984
929 984
929 985
929 986
929 986
929 987
930 931
930 931
930 946
930 946
930 947
930 947
930 984
930 984
930 985
930 985
930 986
930 986
930 987
930 987
934 935
934 935
935 948
935 948
935 955
935 955
935 960
935 960
935 936
935 950
935 959
935 961
937 938
937 938
937 939
937 939
938 1059
938 1059
938 1063
938 1063
938 1068
938 1068
938 986
938 986
938 988
938 988
938 940
938 1062
938 1067
938 1069
938 987
938 989
939 940
939 940
939 1042
939 1042
939 1044
939 1044
939 1056
939 1056
939 1058
939 1058
939 1059
939 1059
939 1062
939 1062
939 1063
939 1063
939 1067
939 1067
939 1068
939 1068
939 1069
939 1069
939 986
939 986
939 987
939 987
939 988
939 988
939 989
939 989
941 942
941 942
941 943
941 943
941 944
941 944
942 960
942 960
942 945
942 961
942 988
942 988
942 989
942 990
942 990
942 991
943 960
943 960
943 945
943 961
943 988
943 988
943 989
943 990
943 990
943 991
944 945
944 945
944 960
944 960
944 961
944 961
944 988
944 988
944 989
944 989
944 990
944 990
944 991
944 991
948 949
948 949
949 966
949 966
949 950
949 967
951 952
951 952
951 953
951 953
952 1073
952 1073
952 1077
952 1077
952 1082
952 1082
952 990
952 990
952 992
952 992
952 954
952 1076
952 1081
952 1083
952 991
952 993
953 954
953 954
953 1056
953 1056
953 1058
953 1058
953 1070
953 1070
953 1072
953 1072
953 1073
953 1073
953 1076
953 1076
953 1077
953 1077
953 1081
953 1081
953 1082
953 1082
953 1083
953 1083
953 990
953 990
953 991
953 991
953 992
953 992
953 993
953 993
955 956
955 956
955 957
955 957
955 958
955 958
956 966
956 966
956 959
956 967
956 992
956 992
956 993
956 994
956 994
956 995
957 966
957 966
957 959
957 967
957 992
957 992
957 993
957 994
957 994
957 995
958 959
958 959
958 966
958 966
958 967
958 967
958 992
958 992
958 993
958 993
958 994
958 994
958 995
958 995
962 963
962 963
962 964
962 964
963 1084
963 1084
963 994
963 994
963 965
963 1085
963 995
964 965
964 965
964 1070
964 1070
964 1072
964 1072
964 1084
964 1084
964 1085
964 1085
964 994
964 994
964 995
964 995
969 996
969 996
970 996
972 996
972 996
973 996
974 998
974 998
975 998
976 998
976 998
977 998
978 1015
978 1015
979 1015
980 1015
980 1015
981 1015
982 1029
982 1029
983 1029
984 1029
984 1029
985 1029
986 1043
986 1043
987 1043
988 1043
988 1043
989 1043
990 1057
990 1057
991 1057
992 1057
992 1057
993 1057
994 1071
994 1071
995 1071
996 997
996 997
996 1004
996 1004
996 1009
996 1009
996 999
996 1008
996 1013
997 998
997 998
998 1014
998 1014
998 1021
998 1021
998 1026
998 1026
998 999
998 1016
998 1025
998 1027
1000 1001
1000 1001
1000 1002
1000 1002
1001 1116
1001 1116
1001 1120
1001 1120
1001 1125
1001 1125
1001 1087
1001 1087
1001 1090
1001 1090
1001 1003
1001 1119
1001 1124
1001 1129
1001 1088
1001 1091
1002 1003
1002 1003
1002 1113
1002 1113
1002 1115
1002 1115
1002 1116
1002 1116
1002 1119
1002 1119
1002 1120
1002 1120
1002 1124
1002 1124
1002 1125
1002 1125
1002 1129
1002 1129
1002 1087
1002 1087
1002 1088
1002 1088
1002 1090
1002 1090
1002 1091
1002 1091
1004 1005
1004 1005
1004 1006
1004 1006
1004 1007
1004 1007
1005 1026
1005 1026
1005 1008
1005 1027
1005 1090
1005 1090
1005 1091
1005 1092
1005 1092
1005 1093
1006 1026
1006 1026
1006 1008
1006 1027
1006 1090
1006 1090
1006 1091
1006 1092
1006 1092
1006 1093
1007 1008
1007 1008
1007 1026
1007 1026
1007 1027
1007 1027
1007 1090
1007 1090
1007 1091
1007 1091
1007 1092
1007 1092
1007 1093
1007 1093
1009 1010
1009 1010
1009 1011
1009 1011
1009 1012
1009 1012
1010 1013
1010 1086
1010 1086
1010 1087
1010 1087
1010 1088
1011 1013
1011 1087
1011 1087
1011 1088
1012 1013
1012 1013
1012 1089
1012 1089
1012 1087
1012 1087
1012 1088
1012 1088
1014 1015
1014 1015
1015 1028
1015 1028
1015 1035
1015 1035
1015 1040
1015 1040
1015 1016
1015 1030
1015 1039
1015 1041
1017 1018
1017 1018
1017 1019
1017 1019
1018 1133
1018 1133
1018 1137
1018 1137
1018 1142
1018 1142
1018 1092
1018 1092
1018 1094
1018 1094
1018 1020
1018 1136
1018 1141
1018 1143
1018 1093
1018 1095
1019 1020
1019 1020
1019 1113
1019 1113
1019 1115
1019 1115
1019 1130
1019 1130
1019 1132
1019 1132
1019 1133
1019 1133
1019 1136
1019 1136
1019 1137
1019 1137
1019 1141
1019 1141
1019 1142
1019 1142
1019 1143
1019 1143
1019 1092
1019 1092
1019 1093
1019 1093
1019 1094
1019 1094
1019 1095
1019 1095
1021 1022
1021 1022
1021 1023
1021 1023
1021 1024
1021 1024
1022 1040
1022 1040
1022 1025
1022 1041
1022 1094
1022 1094
1022 1095
1022 1096
1022 1096
1022 1097
1023 1040
1023 1040
1023 1025
1023 1041
1023 1094
1023 1094
1023 1095
1023 1096
1023 1096
1023 1097
1024 1025
1024 1025
1024 1040
1024 1040
1024 1041
1024 1041
1024 1094
1024 1094
1024 1095
1024 1095
1024 1096
1024 1096
1024 1097
1024 1097
1028 1029
1028 1029
1029 1042
1029 1042
1029 1049
1029 1049
1029 1054
1029 1054
1029 1030
1029 1044
1029 1053
1029 1055
1031 1032
1031 1032
1031 1033
1031 1033
1032 1147
1032 1147
1032 1151
1032 1151
1032 1156
1032 1156
1032 1096
1032 1096
1032 1098
1032 1098
1032 1034
1032 1150
1032 1155
1032 1157
1032 1097
1032 1099
1033 1034
1033 1034
1033 1130
1033 1130
1033 1132
1033 1132
1033 1144
1033 1144
1033 1146
1033 1146
1033 1147
1033 1147
1033 1150
1033 1150
1033 1151
1033 1151
1033 1155
1033 1155
1033 1156
1033 1156
1033 1157
1033 1157
1033 1096
1033 1096
1033 1097
1033 1097
1033 1098
1033 1098
1033 1099
1033 1099
1035 1036
1035 1036
1035 1037
1035 1037
1035 1038
1035 1038
1036 1054
1036 1054
1036 1039
1036 1055
1036 1098
1036 1098
1036 1099
1036 1100
1036 1100
1036 1101
1037 1054
1037 1054
1037 1039
1037 1055
1037 1098
1037 1098
1037 1099
1037 1100
1037 1100
1037 1101
1038 1039
1038 1039
1038 1054
1038 1054
1038 1055
1038 1055
1038 1098
1038 1098
1038 1099
1038 1099
1038 1100
1038 1100
1038 1101
1038 1101
1042 1043
1042 1043
1043 1056
1043 1056
1043 1063
1043 1063
1043 1068
1043 1068
1043 1044
1043 1058
1043 1067
1043 1069
1045 1046
1045 1046
1045 1047
1045 1047
1046 1161
1046 1161
1046 1165
1046 1165
1046 1170
1046 1170
1046 1100
1046 1100
1046 1102
1046 1102
1046 1048
1046 1164
1046 1169
1046 1171
1046 1101
1046 1103
1047 1048
1047 1048
1047 1144
1047 1144
1047 1146
1047 1146
1047 1158
1047 1158
1047 1160
1047 1160
1047 1161
1047 1161
1047 1164
1047 1164
1047 1165
1047 1165
1047 1169
1047 1169
1047 1170
1047 1170
1047 1171
1047 1171
1047 1100
1047 1100
1047 1101
1047 1101
1047 1102
1047 1102
1047 1103
1047 1103
1049 1050
1049 1050
1049 1051
1049 1051
1049 1052
1049 1052
1050 1068
1050 1068
1050 1053
1050 1069
1050 1102
1050 1102
1050 1103
1050 1104
1050 1104
1050 1105
1051 1068
1051 1068
1051 1053
1051 1069
1051 1102
1051 1102
1051 1103
1051 1104
1051 1104
1051 1105
1052 1053
1052 1053
1052 1068
1052 1068
1052 1069
1052 1069
1052 1102
1052 1102
1052 1103
1052 1103
1052 1104
1052 1104
1052 1105
1052 1105
1056 1057
1056 1057
1057 1070
1057 1070
1057 1077
1057 1077
1057 1082
1057 1082
1057 1058
1057 1072
1057 1081
1057 1083
1059 1060
1059 1060
1059 1061
1059 1061
1060 1175
1060 1175
1060 1179
1060 1179
1060 1184
1060 1184
1060 1104
1060 1104
1060 1106
1060 1106
1060 1062
1060 1178
1060 1183
1060 1185
1060 1105
1060 1107
1061 1062
1061 1062
1061 1158
1061 1158
1061 1160
1061 1160
1061 1172
1061 1172
1061 1174
1061 1174
1061 1175
1061 1175
1061 1178
1061 1178
1061 1179
1061 1179
1061 1183
1061 1183
1061 1184
1061 1184
1061 1185
1061 1185
1061 1104
1061 1104
1061 1105
1061 1105
1061 1106
1061 1106
1061 1107
1061 1107
1063 1064
1063 1064
1063 1065
1063 1065
1063 1066
1063 1066
1064 1082
1064 1082
1064 1067
1064 1083
1064 1106
1064 1106
1064 1107
1064 1108
1064 1108
1064 1109
1065 1082
1065 1082
1065 1067
1065 1083
1065 1106
1065 1106
1065 1107
1065 1108
1065 1108
1065 1109
1066 1067
1066 1067
1066 1082
1066 1082
1066 1083
1066 1083
1066 1106
1066 1106
1066 1107
1066 1107
1066 1108
1066 1108
1066 1109
1066 1109
1070 1071
1070 1071
1071 1084
1071 1084
1071 1072
1071 1085
1073 1074
1073 1074
1073 1075
1073 1075
1074 1186
1074 1186
1074 1108
1074 1108
1074 1110
1074 1110
1074 1076
1074 1187
1074 1109
1074 1111
1074 1188
1074 1188
1074 1189
1074 1189
1075 1076
1075 1076
1075 1172
1075 1172
1075 1174
1075 1174
1075 1186
1075 1186
1075 1187
1075 1187
1075 1108
1075 1108
1075 1109
1075 1109
1075 1110
1075 1110
1075 1111
1075 1111
1077 1078
1077 1078
1077 1079
1077 1079
1077 1080
1077 1080
1078 1084
1078 1084
1078 1081
1078 1085
1078 1110
1078 1110
1078 1111
1079 1084
1079 1084
1079 1081
1079 1085
1079 1110
1079 1110
1079 1111
1080 1081
1080 1081
1080 1084
1080 1084
1080 1085
1080 1085
1080 1110
1080 1110
1080 1111
1080 1111
1087 1112
1087 1112
1088 1112
1090 1112
1090 1112
1091 1112
1092 1114
1092 1114
1093 1114
1094 1114
1094 1114
1095 1114
1096 1131
1096 1131
1097 1131
1098 1131
1098 1131
1099 1131
1100 1145
1100 1145
1101 1145
1102 1145
1102 1145
1103 1145
1104 1159
1104 1159
1105 1159
1106 1159
1106 1159
1107 1159
1108 1173
1108 1173
1109 1173
1110 1173
1110 1173
1111 1173
1112 1113
1112 1113
1112 1120
1112 1120
1112 1125
1112 1125
1112 1115
1112 1124
1112 1129
1113 1114
1113 1114
1114 1130
1114 1130
1114 1137
1114 1137
1114 1142
1114 1142
1114 1115
1114 1132
1114 1141
1114 1143
1116 1117
1116 1117
1116 1118
1116 1118
1117 1221
1117 1221
1117 1225
1117 1225
1117 1230
1117 1230
1117 1196
1117 1196
1117 1199
1117 1199
1117 1119
1117 1224
1117 1229
1117 1234
1117 1197
1117 1200
1118 1119
1118 1119
1118 1218
1118 1218
1118 1220
1118 1220
1118 1221
1118 1221
1118 1224
1118 1224
1118 1225
1118 1225
1118 1229
1118 1229
1118 1230
1118 1230
1118 1234
1118 1234
1118 1196
1118 1196
1118 1197
1118 1197
1118 1199
1118 1199
1118 1200
1118 1200
1120 1121
1120 1121
1120 1122
1120 1122
1120 1123
1120 1123
1121 1142
1121 1142
1121 1124
1121 1143
1121 1199
1121 1199
1121 1200
1121 1201
1121 1201
1121 1202
1122 1142
1122 1142
1122 1124
1122 1143
1122 1199
1122 1199
1122 1200
1122 1201
1122 1201
1122 1202
1123 1124
1123 1124
1123 1142
1123 1142
1123 1143
1123 1143
1123 1199
1123 1199
1123 1200
1123 1200
1123 1201
1123 1201
1123 1202
1123 1202
1125 1126
1125 1126
1125 1127
1125 1127
1125 1128
1125 1128
1126 1129
1126 1195
1126 1195
1126 1196
1126 1196
1126 1197
1127 1129
1127 1196
1127 1196
1127 1197
1128 1129
1128 1129
1128 1198
1128 1198
1128 1196
1128 1196
1128 1197
1128 1197
1130 1131
1130 1131
1131 1144
1131 1144
1131 1151
1131 1151
1131 1156
1131 1156
1131 1132
1131 1146
1131 1155
1131 1157
1133 1134
1133 1134
1133 1135
1133 1135
1134 1238
1134 1238
1134 1242
1134 1242
1134 1247
1134 1247
1134 1201
1134 1201
1134 1203
1134 1203
1134 1136
1134 1241
1134 1246
1134 1248
1134 1202
1134 1204
1135 1136
1135 1136
1135 1218
1135 1218
1135 1220
1135 1220
1135 1235
1135 1235
1135 1237
1135 1237
1135 1238
1135 1238
1135 1241
1135 1241
1135 1242
1135 1242
1135 1246
1135 1246
1135 1247
1135 1247
1135 1248
1135 1248
1135 1201
1135 1201
1135 1202
1135 1202
1135 1203
1135 1203
1135 1204
1135 1204
1137 1138
1137 1138
1137 1139
1137 1139
1137 1140
1137 1140
1138 1156
1138 1156
1138 1141
1138 1157
1138 1203
1138 1203
1138 1204
1138 1205
1138 1205
1138 1206
1139 1156
1139 1156
1139 1141
1139 1157
1139 1203
1139 1203
1139 1204
1139 1205
1139 1205
1139 1206
1140 1141
1140 1141
1140 1156
1140 1156
1140 1157
1140 1157
1140 1203
1140 1203
1140 1204
1140 1204
1140 1205
1140 1205
1140 1206
1140 1206
1144 1145
1144 1145
1145 1158
1145 1158
1145 1165
1145 1165
1145 1170
1145 1170
1145 1146
1145 1160
1145 1169
1145 1171
1147 1148
1147 1148
1147 1149
1147 1149
1148 1252
1148 1252
1148 1256
1148 1256
1148 1261
1148 1261
1148 1205
1148 1205
1148 1207
1148 1207
1148 1150
1148 1255
1148 1260
1148 1262
1148 1206
1148 1208
1149 1150
1149 1150
1149 1235
1149 1235
1149 1237
1149 1237
1149 1249
1149 1249
1149 1251
1149 1251
1149 1252
1149 1252
1149 1255
1149 1255
1149 1256
1149 1256
1149 1260
1149 1260
1149 1261
1149 1261
1149 1262
1149 1262
1149 1205
1149 1205
1149 1206
1149 1206
1149 1207
1149 1207
1149 1208
1149 1208
1151 1152
1151 1152
1151 1153
1151 1153
1151 1154
1151 1154
1152 1170
1152 1170
1152 1155
1152 1171
1152 1207
1152 1207
1152 1208
1152 1209
1152 1209
1152 1210
1153 1170
1153 1170
1153 1155
1153 1171
1153 1207
1153 1207
1153 1208
1153 1209
1153 1209
1153 1210
1154 1155
1154 1155
1154 1170
1154 1170
1154 1171
1154 1171
1154 1207
1154 1207
1154 1208
1154 1208
1154 1209
1154 1209
1154 1210
1154 1210
1158 1159
1158 1159
1159 1172
1159 1172
1159 1179
1159 1179
1159 1184
1159 1184
1159 1160
1159 1174
1159 1183
1159 1185
1161 1162
1161 1162
1161 1163
1161 1163
1162 1266
1162 1266
1162 1270
1162 1270
1162 1275
1162 1275
1162 1209
1162 1209
1162 1211
1162 1211
1162 1164
1162 1269
1162 1274
1162 1276
1162 1210
1162 1212
1163 1164
1163 1164
1163 1249
1163 1249
1163 1251
1163 1251
1163 1263
1163 1263
1163 1265
1163 1265
1163 1266
1163 1266
1163 1269
1163 1269
1163 1270
1163 1270
1163 1274
1163 1274
1163 1275
1163 1275
1163 1276
1163 1276
1163 1209
1163 1209
1163 1210
1163 1210
1163 1211
1163 1211
1163 1212
1163 1212
1165 1166
1165 1166
1165 1167
1165 1167
1165 1168
1165 1168
1166 1184
1166 1184
1166 1169
1166 1185
1166 1211
1166 1211
1166 1212
1166 1213
1166 1213
1166 1214
1167 1184
1167 1184
1167 1169
1167 1185
1167 1211
1167 1211
1167 1212
1167 1213
1167 1213
1167 1214
1168 1169
1168 1169
1168 1184
1168 1184
1168 1185
1168 1185
1168 1211
1168 1211
1168 1212
1168 1212
1168 1213
1168 1213
1168 1214
1168 1214
1172 1173
1172 1173
1173 1186
1173 1186
1173 1174
1173 1187
1173 1188
1173 1188
1173 1189
1173 1189
1175 1176
1175 1176
1175 1177
1175 1177
1176 1277
1176 1277
1176 1213
1176 1213
1176 1215
1176 1215
1176 1178
1176 1278
1176 1214
1176 1216
1176 1191
1176 1191
1176 1192
1176 1192
1177 1178
1177 1178
1177 1263
1177 1263
1177 1265
1177 1265
1177 1277
1177 1277
1177 1278
1177 1278
1177 1213
1177 1213
1177 1214
1177 1214
1177 1215
1177 1215
1177 1216
1177 1216
1179 1180
1179 1180
1179 1181
1179 1181
1179 1182
1179 1182
1180 1186
1180 1186
1180 1183
1180 1187
1180 1215
1180 1215
1180 1216
1181 1186
1181 1186
1181 1183
1181 1187
1181 1215
1181 1215
1181 1216
1182 1183
1182 1183
1182 1186
1182 1186
1182 1187
1182 1187
1182 1215
1182 1215
1182 1216
1182 1216
1188 1190
1188 1190
1189 1190
1190 1191
1190 1191
1190 1192
1190 1193
1190 1193
1190 1194
1191 1264
1191 1264
1192 1264
1192 1264
1193 1267
1193 1267
1193 1330
1193 1330
1194 1267
1194 1267
1194 1330
1194 1330
1196 1217
1196 1217
1197 1217
1199 1217
1199 1217
1200 1217
1201 1219
1201 1219
1202 1219
1203 1219
1203 1219
1204 1219
1205 1236
1205 1236
1206 1236
1207 1236
1207 1236
1208 1236
1209 1250
1209 1250
1210 1250
1211 1250
1211 1250
1212 1250
1213 1264
1213 1264
1214 1264
1215 1264
1215 1264
1216 1264
1217 1218
1217 1218
1217 1225
1217 1225
1217 1230
1217 1230
1217 1220
1217 1229
1217 1234
1218 1219
1218 1219
1219 1235
1219 1235
1219 1242
1219 1242
1219 1247
1219 1247
1219 1220
1219 1237
1219 1246
1219 1248
1221 1222
1221 1222
1221 1223
1221 1223
1222 1301
1222 1301
1222 1305
1222 1305
1222 1310
1222 1310
1222 1280
1222 1280
1222 1283
1222 1283
1222 1224
1222 1304
1222 1309
1222 1314
1222 1281
1222 1284
1223 1224
1223 1224
1223 1298
1223 1298
1223 1300
1223 1300
1223 1301
1223 1301
1223 1304
1223 1304
1223 1305
1223 1305
1223 1309
1223 1309
1223 1310
1223 1310
1223 1314
1223 1314
1223 1280
1223 1280
1223 1281
1223 1281
1223 1283
1223 1283
1223 1284
1223 1284
1225 1226
1225 1226
1225 1227
1225 1227
1225 1228
1225 1228
1226 1247
1226 1247
1226 1229
1226 1248
1226 1283
1226 1283
1226 1284
1226 1285
1226 1285
1226 1286
1227 1247
1227 1247
1227 1229
1227 1248
1227 1283
1227 1283
1227 1284
1227 1285
1227 1285
1227 1286
1228 1229
1228 1229
1228 1247
1228 1247
1228 1248
1228 1248
1228 1283
1228 1283
1228 1284
1228 1284
1228 1285
1228 1285
1228 1286
1228 1286
1230 1231
1230 1231
1230 1232
1230 1232
1230 1233
1230 1233
1231 1234
1231 1279
1231 1279
1231 1280
1231 1280
1231 1281
1232 1234
1232 1280
1232 1280
1232 1281
1233 1234
1233 1234
1233 1282
1233 1282
1233 1280
1233 1280
1233 1281
1233 1281
1235 1236
1235 1236
1236 1249
1236 1249
1236 1256
1236 1256
1236 1261
1236 1261
1236 1237
1236 1251
1236 1260
1236 1262
1238 1239
1238 1239
1238 1240
1238 1240
1239 1318
1239 1318
1239 1322
1239 1322
1239 1327
1239 1327
1239 1285
1239 1285
1239 1287
1239 1287
1239 1241
1239 1321
1239 1326
1239 1328
1239 1286
1239 1288
1240 1241
1240 1241
1240 1298
1240 1298
1240 1300
1240 1300
1240 1315
1240 1315
1240 1317
1240 1317
1240 1318
1240 1318
1240 1321
1240 1321
1240 1322
1240 1322
1240 1326
1240 1326
1240 1327
1240 1327
1240 1328
1240 1328
1240 1285
1240 1285
1240 1286
1240 1286
1240 1287
1240 1287
1240 1288
1240 1288
1242 1243
1242 1243
1242 1244
1242 1244
1242 1245
1242 1245
1243 1261
1243 1261
1243 1246
1243 1262
1243 1287
1243 1287
1243 1288
1243 1289
1243 1289
1243 1290
1244 1261
1244 1261
1244 1246
1244 1262
1244 1287
1244 1287
1244 1288
1244 1289
1244 1289
1244 1290
1245 1246
1245 1246
1245 1261
1245 1261
1245 1262
1245 1262
1245 1287
1245 1287
1245 1288
1245 1288
1245 1289
1245 1289
1245 1290
1245 1290
1249 1250
1249 1250
1250 1263
1250 1263
1250 1270
1250 1270
1250 1275
1250 1275
1250 1251
1250 1265
1250 1274
1250 1276
1252 1253
1252 1253
1252 1254
1252 1254
1253 1332
1253 1332
1253 1336
1253 1336
1253 1341
1253 1341
1253 1289
1253 1289
1253 1291
1253 1291
1253 1255
1253 1335
1253 1340
1253 1342
1253 1290
1253 1292
1254 1255
1254 1255
1254 1315
1254 1315
1254 1317
1254 1317
1254 1329
1254 1329
1254 1331
1254 1331
1254 1332
1254 1332
1254 1335
1254 1335
1254 1336
1254 1336
1254 1340
1254 1340
1254 1341
1254 1341
1254 1342
1254 1342
1254 1289
1254 1289
1254 1290
1254 1290
1254 1291
1254 1291
1254 1292
1254 1292
1256 1257
1256 1257
1256 1258
1256 1258
1256 1259
1256 1259
1257 1275
1257 1275
1257 1260
1257 1276
1257 1291
1257 1291
1257 1292
1257 1293
1257 1293
1257 1294
1258 1275
1258 1275
1258 1260
1258 1276
1258 1291
1258 1291
1258 1292
1258 1293
1258 1293
1258 1294
1259 1260
1259 1260
1259 1275
1259 1275
1259 1276
1259 1276
1259 1291
1259 1291
1259 1292
1259 1292
1259 1293
1259 1293
1259 1294
1259 1294
1263 1264
1263 1264
1264 1277
1264 1277
1264 1265
1264 1278
1266 1267
1266 1267
1266 1268
1266 1268
1267 1343
1267 1343
1267 1293
1267 1293
1267 1295
1267 1295
1267 1269
1267 1344
1267 1294
1267 1296
1268 1269
1268 1269
1268 1329
1268 1329
1268 1331
1268 1331
1268 1343
1268 1343
1268 1344
1268 1344
1268 1293
1268 1293
1268 1294
1268 1294
1268 1295
1268 1295
1268 1296
1268 1296
1270 1271
1270 1271
1270 1272
1270 1272
1270 1273
1270 1273
1271 1277
1271 1277
1271 1274
1271 1278
1271 1295
1271 1295
1271 1296
1272 1277
1272 1277
1272 1274
1272 1278
1272 1295
1272 1295
1272 1296
1273 1274
1273 1274
1273 1277
1273 1277
1273 1278
1273 1278
1273 1295
1273 1295
1273 1296
1273 1296
1280 1297
1280 1297
1281 1297
1283 1297
1283 1297
1284 1297
1285 1299
1285 1299
1286 1299
1287 1299
1287 1299
1288 1299
1289 1316
1289 1316
1290 1316
1291 1316
1291 1316
1292 1316
1293 1330
1293 1330
1294 1330
1295 1330
1295 1330
1296 1330
1297 1298
1297 1298
1297 1305
1297 1305
1297 1310
1297 1310
1297 1300
1297 1309
1297 1314
1298 1299
1298 1299
1299 1315
1299 1315
1299 1322
1299 1322
1299 1327
1299 1327
1299 1300
1299 1317
1299 1326
1299 1328
1301 1302
1301 1302
1301 1303
1301 1303
1302 1346
1302 1346
1302 1349
1302 1349
1302 1304
1302 1347
1302 1350
1302 1363
1302 1363
1303 1304
1303 1304
1303 1360
1303 1360
1303 1362
1303 1362
1303 1346
1303 1346
1303 1347
1303 1347
1303 1349
1303 1349
1303 1350
1303 1350
1305 1306
1305 1306
1305 1307
1305 1307
1305 1308
1305 1308
1306 1327
1306 1327
1306 1309
1306 1328
1306 1349
1306 1349
1306 1350
1306 1351
1306 1351
1306 1352
1307 1327
1307 1327
1307 1309
1307 1328
1307 1349
1307 1349
1307 1350
1307 1351
1307 1351
1307 1352
1308 1309
1308 1309
1308 1327
1308 1327
1308 1328
1308 1328
1308 1349
1308 1349
1308 1350
1308 1350
1308 1351
1308 1351
1308 1352
1308 1352
1310 1311
1310 1311
1310 1312
1310 1312
1310 1313
1310 1313
1311 1314
1311 1345
1311 1345
1311 1346
1311 1346
1311 1347
1312 1314
1312 1346
1312 1346
1312 1347
1313 1314
1313 1314
1313 1348
1313 1348
1313 1346
1313 1346
1313 1347
1313 1347
1315 1316
1315 1316
1316 1329
1316 1329
1316 1336
1316 1336
1316 1341
1316 1341
1316 1317
1316 1331
1316 1340
1316 1342
1318 1319
1318 1319
1318 1320
1318 1320
1319 1351
1319 1351
1319 1353
1319 1353
1319 1321
1319 1352
1319 1354
1319 1367
1319 1367
1320 1321
1320 1321
1320 1360
1320 1360
1320 1362
1320 1362
1320 1371
1320 1371
1320 1373
1320 1373
1320 1351
1320 1351
1320 1352
1320 1352
1320 1353
1320 1353
1320 1354
1320 1354
1322 1323
1322 1323
1322 1324
1322 1324
1322 1325
1322 1325
1323 1341
1323 1341
1323 1326
1323 1342
1323 1353
1323 1353
1323 1354
1323 1355
1323 1355
1323 1356
1324 1341
1324 1341
1324 1326
1324 1342
1324 1353
1324 1353
1324 1354
1324 1355
1324 1355
1324 1356
1325 1326
1325 1326
1325 1341
1325 1341
1325 1342
1325 1342
1325 1353
1325 1353
1325 1354
1325 1354
1325 1355
1325 1355
1325 1356
1325 1356
1329 1330
1329 1330
1330 1343
1330 1343
1330 1331
1330 1344
1332 1333
1332 1333
1332 1334
1332 1334
1333 1355
1333 1355
1333 1357
1333 1357
1333 1335
1333 1356
1333 1358
1333 1369
1333 1369
1334 1335
1334 1335
1334 1371
1334 1371
1334 1373
1334 1373
1334 1355
1334 1355
1334 1356
1334 1356
1334 1357
1334 1357
1334 1358
1334 1358
1336 1337
1336 1337
1336 1338
1336 1338
1336 1339
1336 1339
1337 1343
1337 1343
1337 1340
1337 1344
1337 1357
1337 1357
1337 1358
1338 1343
1338 1343
1338 1340
1338 1344
1338 1357
1338 1357
1338 1358
1339 1340
1339 1340
1339 1343
1339 1343
1339 1344
1339 1344
1339 1357
1339 1357
1339 1358
1339 1358
1346 1359
1346 1359
1347 1359
1349 1359
1349 1359
1350 1359
1351 1361
1351 1361
1352 1361
1353 1361
1353 1361
1354 1361
1355 1372
1355 1372
1356 1372
1357 1372
1357 1372
1358 1372
1359 1360
1359 1360
1359 1362
1359 1364
1359 1364
1360 1361
1360 1361
1361 1371
1361 1371
1361 1362
1361 1373
1361 1368
1361 1368
1363 1365
1363 1365
1364 1365
1365 1366
1365 1366
1365 1367
1365 1367
1365 1368
1365 1369
1365 1369
1365 1370
1370 1372
1370 1372
1371 1372
1371 1372
1372 1373
