0 1
0 2
0 3
0 4
0 5
0 6
0 7
0 8
0 9
0 10
0 11
0 12
0 13
0 14
0 15
0 16
0 17
0 18
0 19
0 20
0 21
0 22
0 23
0 24
0 25
0 26
0 27
0 28
0 29
0 30
0 31
0 32
0 33
0 34
0 35
0 36
0 37
0 38
0 39
0 40
0 41
0 42
0 43
0 44
0 45
0 46
0 47
0 48
0 49
0 50
0 51
0 52
0 53
0 54
0 55
0 56
0 57
0 58
0 59
0 60
0 61
1 2
1 3
1 4
1 5
1 6
1 7
1 8
1 9
1 142
1 10
1 143
1 11
1 144
1 12
1 182
1 14
1 15
1 183
1 157
1 159
1 160
1 168
1 171
1 178
1 60
2 3
2 4
2 5
2 6
2 7
2 8
2 9
2 142
2 10
2 143
2 11
2 144
2 12
2 182
2 14
2 15
2 183
2 157
2 159
2 160
2 168
2 171
2 178
2 60
3 4
3 5
3 6
3 7
3 8
3 10
3 11
3 12
3 14
3 146
3 184
3 16
3 17
3 18
3 19
3 20
3 21
3 22
3 23
3 24
3 25
3 26
3 27
3 28
3 29
3 30
3 31
3 32
3 33
3 34
3 35
3 36
3 37
3 38
3 39
3 40
3 41
3 42
3 43
3 44
3 45
3 46
3 47
3 48
3 49
3 50
3 51
3 52
3 53
3 54
3 57
3 58
3 185
3 186
3 61
4 5
4 6
4 7
4 8
4 142
4 10
4 143
4 11
4 144
4 12
4 182
4 14
4 183
4 157
4 159
4 160
4 168
4 171
4 178
4 186
4 180
4 181
5 137
5 6
5 7
5 138
5 8
5 142
5 10
5 143
5 11
5 144
5 12
5 14
5 146
5 150
5 188
5 189
5 190
5 184
5 152
5 16
5 153
5 154
5 155
5 156
5 157
5 17
5 158
5 18
5 19
5 20
5 21
5 22
5 23
5 24
5 25
5 191
5 26
5 27
5 28
5 29
5 159
5 160
5 30
5 31
5 32
5 33
5 69
5 161
5 162
5 163
5 34
5 35
5 36
5 37
5 38
5 39
5 107
5 40
5 41
5 42
5 100
5 43
5 44
5 45
5 46
5 165
5 47
5 48
5 49
5 166
5 167
5 168
5 50
5 169
5 170
5 51
5 171
5 52
5 53
5 54
5 57
5 58
5 185
5 178
5 186
5 61
6 7
6 8
6 9
6 142
6 10
6 143
6 11
6 144
6 12
6 182
6 14
6 183
6 157
6 159
6 160
6 168
6 171
6 52
6 53
6 178
7 137
7 138
7 8
7 142
7 10
7 143
7 11
7 144
7 12
7 182
7 14
7 183
7 150
7 188
7 189
7 190
7 152
7 16
7 153
7 154
7 155
7 156
7 157
7 17
7 158
7 18
7 19
7 20
7 21
7 22
7 23
7 24
7 25
7 191
7 26
7 27
7 28
7 29
7 159
7 160
7 30
7 31
7 32
7 33
7 69
7 161
7 162
7 163
7 34
7 35
7 36
7 37
7 38
7 39
7 107
7 41
7 42
7 100
7 43
7 44
7 46
7 165
7 47
7 49
7 166
7 167
7 168
7 50
7 169
7 170
7 51
7 171
7 57
7 58
7 178
7 61
8 73
8 76
8 78
8 137
8 138
8 9
8 140
8 141
8 10
8 11
8 12
8 145
8 14
8 15
8 151
8 152
8 155
8 156
8 158
8 69
8 161
8 162
8 163
8 164
8 107
8 100
8 165
8 166
8 167
8 169
8 170
8 60
8 179
8 180
8 181
9 139
9 116
9 10
9 143
9 12
9 13
9 145
9 182
9 15
9 183
9 172
9 54
9 173
9 60
10 137
10 138
10 139
10 116
10 142
10 11
10 144
10 12
10 13
10 14
10 150
10 152
10 16
10 153
10 154
10 155
10 156
10 157
10 17
10 158
10 18
10 19
10 20
10 21
10 22
10 23
10 24
10 25
10 26
10 27
10 28
10 29
10 159
10 160
10 30
10 31
10 32
10 33
10 69
10 161
10 162
10 163
10 34
10 35
10 36
10 37
10 38
10 39
10 107
10 41
10 42
10 100
10 43
10 44
10 46
10 165
10 47
10 49
10 166
10 167
10 168
10 50
10 169
10 170
10 51
10 171
10 57
10 58
10 178
10 61
10 199
11 142
11 143
11 144
11 12
11 182
11 14
11 183
11 157
11 159
11 160
11 168
11 171
11 178
11 60
12 77
12 139
12 116
12 142
12 144
12 14
12 15
12 60
12 179
12 147
12 148
13 77
13 134
13 135
13 136
13 137
13 138
13 139
13 140
13 141
13 116
13 142
13 143
13 144
13 145
13 146
13 200
13 147
13 148
13 201
14 137
14 138
14 142
14 143
14 144
14 146
14 150
14 188
14 189
14 190
14 184
14 152
14 16
14 153
14 154
14 155
14 156
14 157
14 17
14 158
14 18
14 19
14 20
14 21
14 22
14 23
14 24
14 25
14 191
14 26
14 27
14 28
14 29
14 159
14 160
14 30
14 31
14 32
14 33
14 69
14 161
14 162
14 163
14 34
14 35
14 36
14 37
14 38
14 39
14 107
14 40
14 41
14 42
14 100
14 43
14 44
14 45
14 46
14 165
14 47
14 48
14 49
14 166
14 167
14 168
14 50
14 169
14 170
14 51
14 171
14 52
14 53
14 54
14 57
14 58
14 185
14 178
14 186
14 61
15 137
15 138
15 140
15 141
15 145
15 192
15 151
15 152
15 155
15 156
15 158
15 193
15 194
15 195
15 191
15 106
15 69
15 161
15 162
15 163
15 164
15 107
15 100
15 196
15 165
15 197
15 166
15 167
15 67
15 68
15 169
15 170
15 198
15 185
15 60
15 179
15 180
15 181
15 117
16 137
16 138
16 142
16 144
16 146
16 150
16 105
16 184
16 152
16 153
16 154
16 155
16 156
16 157
16 17
16 158
16 18
16 19
16 20
16 195
16 21
16 22
16 23
16 24
16 25
16 26
16 27
16 28
16 202
16 29
16 159
16 160
16 30
16 31
16 32
16 106
16 33
16 69
16 161
16 162
16 163
16 34
16 164
16 35
16 36
16 37
16 38
16 39
16 107
16 40
16 41
16 108
16 109
16 42
16 100
16 43
16 44
16 196
16 45
16 46
16 165
16 47
16 48
16 49
16 166
16 167
16 168
16 50
16 169
16 170
16 51
16 171
16 52
16 53
16 54
16 128
16 57
16 278
16 58
16 59
16 269
16 112
16 185
16 178
16 186
16 61
16 199
17 63
17 137
17 138
17 142
17 144
17 146
17 259
17 150
17 105
17 192
17 151
17 152
17 153
17 154
17 155
17 156
17 157
17 158
17 18
17 19
17 20
17 21
17 22
17 23
17 24
17 25
17 26
17 27
17 28
17 29
17 159
17 160
17 30
17 31
17 32
17 106
17 33
17 69
17 161
17 162
17 163
17 34
17 35
17 36
17 37
17 38
17 39
17 107
17 40
17 41
17 108
17 109
17 42
17 100
17 43
17 44
17 45
17 46
17 165
17 47
17 48
17 197
17 49
17 166
17 167
17 168
17 50
17 169
17 170
17 51
17 171
17 52
17 53
17 54
17 70
17 71
17 235
17 261
17 238
17 187
17 205
17 206
17 57
17 240
17 241
17 278
17 58
17 59
17 207
17 208
17 209
17 210
17 274
17 275
17 269
17 263
17 113
17 114
17 277
17 185
17 178
17 186
17 61
17 276
18 137
18 138
18 142
18 144
18 146
18 259
18 150
18 105
18 192
18 151
18 152
18 153
18 154
18 155
18 156
18 157
18 158
18 19
18 20
18 21
18 22
18 23
18 24
18 25
18 26
18 27
18 28
18 29
18 159
18 160
18 30
18 31
18 32
18 33
18 69
18 161
18 162
18 163
18 34
18 164
18 35
18 36
18 37
18 38
18 39
18 107
18 40
18 41
18 108
18 109
18 42
18 100
18 43
18 44
18 45
18 46
18 165
18 47
18 48
18 49
18 166
18 167
18 168
18 50
18 169
18 170
18 51
18 171
18 52
18 53
18 54
18 71
18 235
18 261
18 255
18 256
18 220
18 57
18 58
18 269
18 263
18 270
18 211
18 185
18 178
18 186
18 61
18 224
19 137
19 138
19 142
19 144
19 146
19 259
19 150
19 188
19 189
19 190
19 192
19 152
19 153
19 154
19 155
19 156
19 157
19 158
19 20
19 271
19 21
19 22
19 23
19 24
19 25
19 191
19 26
19 27
19 28
19 29
19 159
19 160
19 30
19 31
19 32
19 33
19 69
19 161
19 162
19 163
19 34
19 164
19 35
19 36
19 37
19 38
19 39
19 107
19 40
19 41
19 108
19 109
19 42
19 100
19 43
19 44
19 196
19 45
19 46
19 165
19 47
19 48
19 49
19 166
19 167
19 67
19 68
19 168
19 50
19 169
19 170
19 51
19 171
19 52
19 53
19 54
19 70
19 238
19 177
19 57
19 58
19 210
19 185
19 178
19 186
19 61
20 137
20 138
20 142
20 144
20 146
20 150
20 188
20 189
20 190
20 192
20 152
20 153
20 154
20 155
20 156
20 157
20 158
20 271
20 21
20 22
20 23
20 24
20 25
20 26
20 27
20 28
20 29
20 159
20 160
20 30
20 31
20 32
20 33
20 69
20 161
20 162
20 163
20 34
20 164
20 35
20 36
20 37
20 38
20 39
20 107
20 40
20 41
20 108
20 109
20 42
20 100
20 43
20 44
20 45
20 46
20 165
20 47
20 48
20 203
20 49
20 166
20 167
20 168
20 50
20 169
20 170
20 51
20 171
20 52
20 53
20 54
20 260
20 261
20 220
20 57
20 262
20 58
20 208
20 209
20 185
20 178
20 186
20 61
21 137
21 138
21 142
21 144
21 146
21 150
21 188
21 189
21 190
21 192
21 152
21 153
21 154
21 155
21 156
21 157
21 158
21 271
21 22
21 23
21 24
21 25
21 26
21 27
21 28
21 202
21 29
21 159
21 204
21 160
21 30
21 31
21 32
21 33
21 69
21 161
21 162
21 163
21 34
21 164
21 35
21 36
21 37
21 38
21 39
21 107
21 40
21 41
21 108
21 109
21 42
21 100
21 43
21 44
21 45
21 46
21 165
21 47
21 48
21 203
21 49
21 166
21 167
21 168
21 50
21 169
21 170
21 51
21 171
21 52
21 53
21 54
21 71
21 236
21 255
21 256
21 238
21 57
21 58
21 113
21 185
21 178
21 186
21 61
22 137
22 138
22 142
22 144
22 146
22 259
22 150
22 152
22 153
22 154
22 155
22 156
22 157
22 158
22 23
22 24
22 25
22 26
22 27
22 28
22 202
22 29
22 159
22 160
22 30
22 31
22 32
22 33
22 69
22 161
22 162
22 163
22 34
22 35
22 36
22 37
22 38
22 39
22 107
22 40
22 41
22 108
22 109
22 42
22 100
22 43
22 44
22 196
22 45
22 46
22 165
22 47
22 48
22 49
22 166
22 167
22 67
22 68
22 168
22 50
22 169
22 170
22 51
22 171
22 52
22 53
22 54
22 70
22 238
22 177
22 57
22 240
22 241
22 58
22 210
22 275
22 269
22 277
22 185
22 178
22 186
22 61
22 276
23 137
23 138
23 142
23 144
23 146
23 150
23 188
23 189
23 190
23 192
23 152
23 153
23 154
23 155
23 156
23 157
23 158
23 271
23 24
23 25
23 26
23 27
23 28
23 29
23 159
23 160
23 30
23 31
23 32
23 33
23 69
23 161
23 162
23 163
23 34
23 164
23 35
23 36
23 37
23 38
23 39
23 107
23 40
23 41
23 108
23 109
23 42
23 100
23 43
23 44
23 45
23 46
23 165
23 47
23 48
23 197
23 203
23 49
23 166
23 167
23 168
23 50
23 169
23 170
23 51
23 171
23 52
23 53
23 54
23 260
23 261
23 220
23 57
23 262
23 58
23 208
23 209
23 185
23 178
23 186
23 61
24 137
24 138
24 142
24 144
24 146
24 150
24 105
24 188
24 189
24 190
24 192
24 152
24 153
24 154
24 155
24 156
24 157
24 158
24 271
24 25
24 191
24 26
24 27
24 28
24 29
24 159
24 160
24 30
24 31
24 32
24 106
24 33
24 69
24 161
24 162
24 163
24 34
24 164
24 35
24 36
24 37
24 38
24 39
24 107
24 40
24 41
24 108
24 109
24 42
24 100
24 43
24 44
24 45
24 46
24 165
24 47
24 48
24 49
24 166
24 167
24 168
24 50
24 169
24 170
24 51
24 171
24 52
24 53
24 54
24 239
24 198
24 57
24 262
24 58
24 288
24 277
24 185
24 178
24 186
24 61
25 137
25 138
25 142
25 144
25 146
25 259
25 150
25 188
25 189
25 190
25 192
25 152
25 153
25 154
25 155
25 156
25 157
25 158
25 271
25 26
25 27
25 28
25 29
25 159
25 160
25 30
25 31
25 32
25 33
25 69
25 161
25 162
25 163
25 34
25 164
25 35
25 36
25 37
25 38
25 39
25 107
25 40
25 41
25 108
25 109
25 42
25 100
25 43
25 44
25 45
25 46
25 165
25 47
25 48
25 197
25 49
25 166
25 167
25 168
25 50
25 169
25 170
25 51
25 171
25 52
25 53
25 54
25 235
25 261
25 187
25 205
25 206
25 57
25 272
25 240
25 241
25 278
25 262
25 58
25 59
25 208
25 209
25 288
25 274
25 275
25 263
25 212
25 185
25 178
25 186
25 61
25 276
26 137
26 138
26 142
26 144
26 146
26 150
26 188
26 189
26 190
26 192
26 151
26 152
26 153
26 154
26 155
26 156
26 157
26 158
26 271
26 27
26 28
26 29
26 159
26 160
26 30
26 31
26 32
26 106
26 33
26 69
26 161
26 162
26 163
26 34
26 164
26 35
26 36
26 37
26 38
26 39
26 107
26 40
26 41
26 108
26 109
26 42
26 100
26 43
26 44
26 45
26 46
26 165
26 47
26 48
26 197
26 49
26 166
26 167
26 168
26 50
26 169
26 170
26 51
26 171
26 52
26 53
26 54
26 236
26 255
26 256
26 238
26 187
26 205
26 206
26 57
26 240
26 241
26 58
26 185
26 178
26 186
26 61
27 84
27 95
27 85
27 86
27 87
27 137
27 138
27 104
27 92
27 142
27 144
27 150
27 105
27 152
27 153
27 154
27 155
27 156
27 157
27 158
27 28
27 29
27 159
27 204
27 160
27 30
27 31
27 32
27 106
27 33
27 69
27 161
27 162
27 163
27 34
27 35
27 36
27 37
27 38
27 39
27 107
27 40
27 41
27 108
27 109
27 42
27 100
27 43
27 44
27 45
27 46
27 165
27 47
27 48
27 49
27 166
27 167
27 168
27 50
27 169
27 170
27 51
27 171
27 52
27 53
27 54
27 110
27 205
27 206
27 174
27 220
27 177
27 57
27 58
27 111
27 288
27 112
27 270
27 113
27 114
27 178
27 147
27 61
27 289
28 84
28 95
28 85
28 86
28 87
28 137
28 138
28 104
28 92
28 142
28 144
28 150
28 105
28 152
28 153
28 154
28 155
28 156
28 157
28 158
28 29
28 159
28 204
28 160
28 30
28 31
28 32
28 106
28 33
28 69
28 161
28 162
28 163
28 34
28 35
28 36
28 37
28 38
28 39
28 107
28 40
28 41
28 108
28 109
28 42
28 100
28 43
28 44
28 45
28 46
28 165
28 47
28 48
28 49
28 166
28 167
28 168
28 50
28 169
28 170
28 51
28 171
28 52
28 53
28 54
28 110
28 205
28 206
28 174
28 220
28 177
28 57
28 58
28 111
28 288
28 112
28 270
28 113
28 114
28 178
28 147
28 61
28 289
29 137
29 138
29 142
29 144
29 146
29 150
29 105
29 151
29 152
29 153
29 154
29 155
29 156
29 157
29 158
29 202
29 159
29 160
29 30
29 31
29 32
29 106
29 33
29 69
29 161
29 162
29 163
29 34
29 35
29 36
29 37
29 38
29 39
29 107
29 40
29 41
29 108
29 109
29 42
29 100
29 43
29 44
29 196
29 45
29 46
29 165
29 47
29 48
29 197
29 49
29 166
29 167
29 168
29 50
29 169
29 170
29 51
29 171
29 52
29 53
29 54
29 71
29 57
29 58
29 113
29 185
29 178
29 186
29 61
29 199
30 84
30 95
30 85
30 86
30 87
30 137
30 138
30 104
30 92
30 142
30 144
30 146
30 259
30 150
30 105
30 152
30 153
30 154
30 155
30 156
30 157
30 158
30 195
30 159
30 160
30 31
30 32
30 106
30 33
30 69
30 161
30 162
30 163
30 34
30 164
30 35
30 36
30 37
30 38
30 39
30 107
30 40
30 41
30 108
30 109
30 42
30 100
30 43
30 44
30 45
30 46
30 165
30 47
30 48
30 49
30 166
30 167
30 168
30 50
30 169
30 170
30 51
30 171
30 52
30 53
30 54
30 260
30 71
30 235
30 261
30 255
30 256
30 238
30 110
30 175
30 176
30 57
30 101
30 102
30 262
30 58
30 207
30 208
30 209
30 111
30 112
30 263
30 113
30 114
30 185
30 178
30 186
30 61
30 199
31 137
31 138
31 142
31 144
31 146
31 259
31 150
31 152
31 153
31 154
31 155
31 156
31 157
31 158
31 195
31 191
31 159
31 160
31 32
31 33
31 69
31 161
31 162
31 163
31 34
31 35
31 36
31 37
31 38
31 39
31 107
31 40
31 41
31 108
31 109
31 42
31 100
31 43
31 44
31 45
31 46
31 165
31 47
31 48
31 197
31 49
31 166
31 167
31 168
31 50
31 169
31 170
31 51
31 171
31 52
31 53
31 54
31 220
31 57
31 58
31 185
31 178
31 186
31 61
31 224
32 137
32 138
32 142
32 144
32 146
32 259
32 150
32 105
32 188
32 189
32 190
32 192
32 152
32 153
32 154
32 155
32 156
32 157
32 158
32 271
32 195
32 191
32 159
32 160
32 106
32 33
32 69
32 161
32 162
32 163
32 34
32 164
32 35
32 36
32 37
32 38
32 39
32 107
32 40
32 41
32 108
32 109
32 42
32 100
32 43
32 44
32 45
32 46
32 165
32 47
32 48
32 203
32 49
32 166
32 167
32 168
32 50
32 169
32 170
32 51
32 171
32 52
32 53
32 54
32 260
32 261
32 236
32 255
32 256
32 238
32 220
32 57
32 101
32 102
32 103
32 262
32 58
32 207
32 208
32 209
32 111
32 112
32 113
32 114
32 277
32 185
32 178
32 186
32 61
33 137
33 138
33 142
33 144
33 146
33 259
33 150
33 105
33 192
33 152
33 153
33 154
33 155
33 156
33 157
33 158
33 195
33 159
33 160
33 106
33 69
33 161
33 162
33 163
33 34
33 35
33 36
33 37
33 38
33 39
33 107
33 40
33 41
33 108
33 109
33 42
33 100
33 43
33 44
33 45
33 46
33 165
33 47
33 48
33 197
33 203
33 49
33 166
33 167
33 168
33 50
33 169
33 170
33 51
33 171
33 52
33 53
33 54
33 260
33 261
33 236
33 255
33 256
33 238
33 187
33 205
33 206
33 57
33 101
33 102
33 103
33 262
33 58
33 207
33 208
33 209
33 111
33 112
33 113
33 114
33 185
33 178
33 186
33 61
34 137
34 138
34 142
34 144
34 146
34 150
34 151
34 152
34 153
34 154
34 155
34 156
34 157
34 158
34 191
34 159
34 160
34 69
34 161
34 162
34 163
34 164
34 35
34 36
34 37
34 38
34 39
34 107
34 40
34 41
34 108
34 109
34 42
34 100
34 43
34 44
34 45
34 46
34 165
34 47
34 48
34 203
34 49
34 166
34 167
34 168
34 50
34 169
34 170
34 51
34 171
34 52
34 53
34 54
34 235
34 261
34 238
34 110
34 57
34 272
34 240
34 241
34 278
34 58
34 59
34 207
34 208
34 209
34 288
34 274
34 275
34 212
34 185
34 178
34 186
34 61
34 276
35 137
35 138
35 142
35 144
35 146
35 150
35 99
35 188
35 189
35 190
35 192
35 152
35 153
35 154
35 155
35 156
35 157
35 158
35 271
35 191
35 159
35 160
35 69
35 161
35 162
35 163
35 164
35 36
35 37
35 38
35 39
35 107
35 40
35 41
35 108
35 109
35 42
35 100
35 43
35 44
35 45
35 46
35 165
35 47
35 48
35 49
35 166
35 167
35 168
35 50
35 169
35 170
35 51
35 171
35 52
35 53
35 54
35 110
35 219
35 57
35 58
35 210
35 112
35 185
35 178
35 186
35 61
35 252
35 121
36 137
36 138
36 142
36 144
36 146
36 150
36 188
36 189
36 190
36 152
36 153
36 154
36 155
36 156
36 157
36 158
36 271
36 191
36 159
36 160
36 69
36 161
36 162
36 163
36 37
36 38
36 39
36 107
36 40
36 41
36 108
36 109
36 42
36 100
36 43
36 44
36 45
36 46
36 165
36 47
36 48
36 49
36 166
36 167
36 168
36 50
36 169
36 170
36 51
36 171
36 52
36 53
36 54
36 57
36 58
36 185
36 178
36 186
36 61
37 137
37 138
37 142
37 144
37 146
37 259
37 150
37 152
37 153
37 154
37 155
37 156
37 157
37 158
37 159
37 160
37 69
37 161
37 162
37 163
37 38
37 39
37 107
37 40
37 41
37 108
37 109
37 42
37 100
37 43
37 44
37 45
37 46
37 165
37 47
37 48
37 49
37 166
37 167
37 168
37 50
37 169
37 170
37 51
37 171
37 52
37 53
37 54
37 220
37 57
37 58
37 185
37 178
37 186
37 61
37 224
38 137
38 138
38 142
38 144
38 146
38 254
38 259
38 150
38 192
38 152
38 153
38 154
38 155
38 156
38 157
38 158
38 191
38 159
38 160
38 106
38 69
38 161
38 162
38 163
38 39
38 107
38 40
38 41
38 108
38 109
38 42
38 100
38 43
38 44
38 45
38 46
38 165
38 47
38 48
38 197
38 49
38 166
38 167
38 168
38 50
38 169
38 170
38 51
38 171
38 52
38 53
38 54
38 235
38 236
38 220
38 57
38 58
38 185
38 178
38 186
38 61
38 224
39 137
39 138
39 142
39 144
39 146
39 259
39 150
39 152
39 153
39 154
39 155
39 156
39 157
39 158
39 191
39 159
39 160
39 69
39 161
39 162
39 163
39 107
39 40
39 41
39 108
39 109
39 42
39 100
39 43
39 44
39 45
39 46
39 165
39 47
39 48
39 197
39 49
39 166
39 167
39 67
39 68
39 168
39 50
39 169
39 170
39 51
39 171
39 52
39 53
39 54
39 70
39 71
39 235
39 261
39 238
39 187
39 205
39 127
39 206
39 57
39 58
39 185
39 178
39 186
39 61
40 146
40 183
40 184
40 151
40 158
40 195
40 202
40 159
40 204
40 160
40 164
40 41
40 108
40 109
40 42
40 43
40 44
40 196
40 45
40 46
40 47
40 48
40 49
40 168
40 50
40 51
40 171
40 52
40 53
40 54
40 71
40 235
40 255
40 256
40 128
40 57
40 258
40 272
40 240
40 241
40 262
40 58
40 207
40 208
40 209
40 111
40 274
40 275
40 269
40 112
40 263
40 270
40 113
40 114
40 277
40 211
40 212
40 185
40 186
40 61
40 276
41 137
41 138
41 142
41 144
41 146
41 150
41 192
41 152
41 153
41 154
41 155
41 156
41 157
41 158
41 271
41 202
41 159
41 160
41 69
41 161
41 162
41 163
41 164
41 107
41 108
41 109
41 42
41 100
41 43
41 44
41 196
41 45
41 46
41 165
41 47
41 48
41 49
41 166
41 167
41 168
41 50
41 169
41 170
41 51
41 171
41 52
41 53
41 54
41 260
41 220
41 175
41 176
41 57
41 272
41 240
41 241
41 262
41 58
41 275
41 269
41 270
41 113
41 277
41 185
41 178
41 186
41 61
41 276
42 137
42 138
42 142
42 144
42 146
42 150
42 188
42 189
42 190
42 152
42 153
42 154
42 155
42 156
42 157
42 158
42 271
42 159
42 160
42 69
42 161
42 162
42 163
42 164
42 107
42 108
42 109
42 100
42 43
42 44
42 45
42 46
42 165
42 47
42 48
42 203
42 49
42 166
42 167
42 168
42 50
42 169
42 170
42 51
42 171
42 52
42 53
42 54
42 260
42 220
42 175
42 176
42 57
42 272
42 262
42 58
42 270
42 113
42 185
42 178
42 186
42 61
43 137
43 138
43 142
43 144
43 146
43 254
43 150
43 151
43 152
43 153
43 154
43 155
43 156
43 157
43 158
43 195
43 202
43 159
43 160
43 69
43 161
43 162
43 163
43 107
43 108
43 109
43 100
43 44
43 45
43 46
43 165
43 47
43 48
43 197
43 49
43 166
43 167
43 168
43 50
43 169
43 170
43 51
43 171
43 52
43 53
43 54
43 236
43 187
43 205
43 206
43 57
43 58
43 112
43 212
43 185
43 178
43 186
43 61
44 137
44 138
44 142
44 144
44 146
44 150
44 188
44 189
44 190
44 152
44 153
44 154
44 155
44 156
44 157
44 158
44 195
44 202
44 159
44 160
44 69
44 161
44 162
44 163
44 107
44 108
44 109
44 100
44 45
44 46
44 165
44 47
44 48
44 49
44 166
44 167
44 168
44 50
44 169
44 170
44 51
44 171
44 52
44 53
44 54
44 255
44 256
44 238
44 57
44 240
44 241
44 58
44 275
44 269
44 113
44 277
44 185
44 178
44 186
44 61
44 276
45 146
45 184
45 192
45 151
45 191
45 202
45 161
45 162
45 164
45 107
45 108
45 109
45 196
45 46
45 165
45 47
45 48
45 49
45 50
45 51
45 52
45 53
45 54
45 70
45 260
45 57
45 258
45 101
45 102
45 272
45 262
45 58
45 207
45 208
45 209
45 111
45 274
45 275
45 112
45 263
45 270
45 113
45 114
45 211
45 212
45 185
45 186
45 61
45 276
46 137
46 138
46 142
46 144
46 146
46 150
46 188
46 189
46 190
46 192
46 152
46 153
46 154
46 155
46 156
46 157
46 158
46 271
46 159
46 160
46 69
46 161
46 162
46 163
46 164
46 107
46 108
46 109
46 100
46 165
46 47
46 48
46 49
46 166
46 167
46 168
46 50
46 169
46 170
46 51
46 171
46 52
46 53
46 54
46 261
46 174
46 175
46 176
46 177
46 57
46 262
46 58
46 208
46 209
46 185
46 178
46 186
46 61
47 137
47 138
47 142
47 144
47 146
47 150
47 192
47 152
47 153
47 154
47 155
47 156
47 157
47 158
47 159
47 160
47 106
47 69
47 161
47 162
47 163
47 164
47 107
47 108
47 109
47 100
47 165
47 48
47 203
47 49
47 166
47 167
47 168
47 50
47 169
47 170
47 51
47 171
47 52
47 53
47 54
47 173
47 71
47 239
47 198
47 175
47 176
47 57
47 58
47 277
47 185
47 178
47 186
47 61
48 146
48 259
48 105
48 184
48 192
48 151
48 152
48 155
48 157
48 159
48 160
48 106
48 164
48 108
48 109
48 196
48 165
48 49
48 166
48 167
48 50
48 169
48 170
48 51
48 171
48 52
48 53
48 54
48 71
48 235
48 57
48 272
48 262
48 58
48 207
48 208
48 209
48 111
48 210
48 274
48 275
48 112
48 263
48 270
48 113
48 114
48 211
48 212
48 185
48 186
48 61
48 276
49 63
49 137
49 138
49 142
49 144
49 146
49 150
49 105
49 152
49 153
49 154
49 155
49 156
49 157
49 158
49 191
49 159
49 160
49 106
49 69
49 161
49 162
49 163
49 107
49 108
49 109
49 100
49 196
49 165
49 166
49 167
49 168
49 50
49 169
49 170
49 51
49 171
49 52
49 53
49 54
49 70
49 71
49 57
49 58
49 210
49 275
49 185
49 178
49 186
49 61
49 199
50 137
50 138
50 142
50 144
50 146
50 259
50 150
50 105
50 152
50 153
50 154
50 155
50 156
50 157
50 158
50 191
50 159
50 160
50 106
50 69
50 161
50 162
50 163
50 107
50 108
50 109
50 100
50 196
50 165
50 197
50 166
50 167
50 67
50 68
50 168
50 169
50 170
50 51
50 171
50 52
50 53
50 54
50 70
50 238
50 177
50 57
50 58
50 210
50 185
50 178
50 186
50 61
50 199
51 84
51 95
51 85
51 86
51 87
51 137
51 138
51 104
51 92
51 142
51 144
51 146
51 259
51 150
51 105
51 152
51 153
51 154
51 155
51 156
51 157
51 158
51 195
51 202
51 159
51 160
51 106
51 69
51 161
51 162
51 163
51 107
51 108
51 109
51 100
51 165
51 197
51 166
51 167
51 168
51 169
51 170
51 171
51 52
51 53
51 54
51 70
51 260
51 71
51 261
51 255
51 256
51 238
51 110
51 220
51 175
51 176
51 221
51 57
51 101
51 102
51 262
51 58
51 207
51 208
51 209
51 111
51 210
51 269
51 112
51 113
51 114
51 211
51 185
51 178
51 186
51 61
51 224
52 53
52 54
52 57
52 58
52 147
52 61
52 247
52 289
53 54
53 57
53 58
53 147
53 61
53 247
53 289
54 145
54 183
54 157
54 284
54 193
54 194
54 233
54 165
54 172
54 173
54 175
54 176
54 57
54 273
54 58
54 147
54 61
54 131
54 286
54 268
54 289
55 73
55 76
55 115
55 127
55 56
55 81
55 128
55 281
55 282
55 200
55 129
55 130
55 131
55 265
55 266
55 247
55 267
55 268
55 132
55 133
55 118
55 283
55 119
55 120
56 73
56 76
56 115
56 127
56 81
56 128
56 281
56 282
56 200
56 129
56 130
56 131
56 265
56 266
56 247
56 267
56 268
56 132
56 133
56 118
56 283
56 119
56 120
57 137
57 138
57 142
57 144
57 150
57 188
57 189
57 190
57 152
57 153
57 154
57 155
57 156
57 157
57 158
57 191
57 159
57 160
57 69
57 161
57 162
57 163
57 107
57 100
57 165
57 166
57 167
57 67
57 68
57 168
57 169
57 170
57 171
57 235
57 174
57 258
57 58
57 178
57 147
57 61
57 289
58 137
58 138
58 142
58 144
58 146
58 150
58 151
58 152
58 153
58 154
58 155
58 156
58 157
58 158
58 159
58 160
58 69
58 161
58 162
58 163
58 107
58 108
58 109
58 100
58 196
58 165
58 197
58 203
58 166
58 167
58 168
58 169
58 170
58 171
58 71
58 175
58 176
58 113
58 277
58 185
58 178
58 186
58 61
59 73
59 77
59 76
59 78
59 152
59 195
59 164
59 107
59 165
59 235
59 261
59 238
59 110
59 128
59 272
59 240
59 241
59 278
59 262
59 208
59 209
59 111
59 288
59 274
59 275
59 269
59 263
59 114
59 211
59 212
59 276
59 289
60 137
60 138
60 140
60 141
60 145
60 192
60 151
60 152
60 155
60 156
60 158
60 193
60 194
60 195
60 191
60 106
60 69
60 161
60 162
60 163
60 164
60 107
60 100
60 196
60 165
60 197
60 166
60 167
60 67
60 68
60 169
60 170
60 172
60 173
60 198
60 179
60 180
60 181
60 117
61 137
61 138
61 142
61 144
61 146
61 259
61 150
61 151
61 152
61 153
61 154
61 155
61 156
61 157
61 158
61 191
61 159
61 160
61 69
61 161
61 162
61 163
61 107
61 108
61 109
61 100
61 196
61 165
61 197
61 166
61 167
61 67
61 68
61 168
61 169
61 170
61 171
61 70
61 71
61 238
61 220
61 177
61 210
61 185
61 178
61 186
61 224
62 63
62 64
62 65
62 66
62 67
62 68
63 64
63 65
63 66
63 69
63 70
63 71
64 65
64 66
64 67
64 68
65 66
65 67
65 68
66 73
66 74
66 83
66 84
66 95
66 85
66 86
66 87
66 77
66 75
66 76
66 96
66 97
66 94
67 138
67 254
67 259
67 105
67 99
67 188
67 189
67 190
67 192
67 151
67 152
67 155
67 158
67 193
67 194
67 195
67 191
67 106
67 69
67 163
67 164
67 107
67 100
67 196
67 165
67 197
67 203
67 166
67 167
67 68
67 169
67 170
67 70
67 235
67 238
67 219
67 187
67 205
67 127
67 206
67 174
67 239
67 198
67 220
67 257
67 175
67 176
67 177
67 221
67 258
67 179
67 180
67 181
67 224
67 117
68 138
68 254
68 259
68 105
68 99
68 188
68 189
68 190
68 192
68 151
68 152
68 155
68 158
68 193
68 194
68 195
68 191
68 106
68 69
68 163
68 164
68 107
68 100
68 196
68 165
68 197
68 203
68 166
68 167
68 169
68 170
68 70
68 235
68 238
68 219
68 187
68 205
68 127
68 206
68 174
68 239
68 198
68 220
68 257
68 175
68 176
68 177
68 221
68 258
68 179
68 180
68 181
68 224
68 117
69 137
69 138
69 140
69 141
69 142
69 144
69 145
69 150
69 105
69 192
69 151
69 152
69 153
69 154
69 155
69 156
69 157
69 158
69 193
69 194
69 195
69 191
69 159
69 160
69 106
69 161
69 162
69 163
69 164
69 107
69 100
69 196
69 165
69 197
69 203
69 166
69 167
69 168
69 169
69 170
69 171
69 172
69 173
69 70
69 71
69 187
69 205
69 206
69 198
69 177
69 240
69 241
69 210
69 274
69 112
69 178
69 179
69 180
69 181
69 117
70 259
70 105
70 184
70 151
70 195
70 164
70 108
70 109
70 166
70 167
70 168
70 170
70 260
70 71
70 255
70 256
70 238
70 127
70 221
70 101
70 102
70 111
70 210
70 112
70 211
70 212
71 231
71 232
71 105
71 151
71 152
71 157
71 279
71 233
71 195
71 191
71 202
71 159
71 160
71 106
71 196
71 165
71 168
71 169
71 170
71 235
71 261
71 228
71 236
71 255
71 256
71 237
71 238
71 110
71 239
71 101
71 102
71 103
71 240
71 241
71 242
71 207
71 210
71 200
71 274
71 275
71 113
71 277
71 243
71 244
71 245
71 225
71 246
71 265
71 266
71 267
71 268
71 117
71 123
71 248
71 249
71 250
71 124
71 125
71 251
71 252
71 121
71 253
71 122
72 73
72 74
72 75
72 76
73 74
73 77
73 75
73 76
73 78
73 79
73 80
73 81
74 77
74 75
74 76
74 78
74 79
74 80
75 77
75 76
75 78
75 122
76 77
76 78
76 79
76 80
76 81
76 117
76 121
77 83
77 84
77 95
77 85
77 86
77 87
77 88
77 89
77 90
77 78
77 115
77 116
77 100
77 117
77 118
77 119
77 120
77 121
78 115
78 123
78 118
78 124
78 125
78 126
78 119
78 120
79 82
79 88
79 89
79 90
79 91
79 93
79 80
79 94
80 82
80 88
80 89
80 90
80 91
80 93
80 94
80 99
81 115
81 292
81 237
81 280
81 229
81 128
81 262
81 242
81 288
81 274
81 269
81 270
81 113
81 114
81 211
81 212
81 223
81 276
81 123
81 132
81 133
81 118
81 283
81 119
81 294
81 120
81 251
81 252
81 199
81 253
82 83
82 84
82 85
82 86
82 87
82 88
82 89
82 90
82 91
82 92
82 93
82 94
83 84
83 95
83 85
83 86
83 87
83 88
83 89
83 90
83 96
83 97
83 98
83 94
83 99
83 100
83 101
83 102
83 103
84 95
84 85
84 86
84 87
84 88
84 89
84 90
84 96
84 97
84 104
84 92
84 94
84 105
84 99
84 106
84 107
84 108
84 109
84 100
84 110
84 101
84 102
84 103
84 111
84 112
84 113
84 114
85 95
85 86
85 87
85 88
85 89
85 90
85 96
85 97
85 104
85 92
85 94
85 105
85 99
85 106
85 107
85 108
85 109
85 100
85 110
85 101
85 102
85 103
85 111
85 112
85 113
85 114
86 95
86 87
86 88
86 89
86 90
86 96
86 97
86 104
86 92
86 94
86 105
86 99
86 106
86 107
86 108
86 109
86 100
86 110
86 101
86 102
86 103
86 111
86 112
86 113
86 114
87 95
87 88
87 89
87 90
87 96
87 97
87 104
87 92
87 94
87 105
87 99
87 106
87 107
87 108
87 109
87 100
87 110
87 101
87 102
87 103
87 111
87 112
87 113
87 114
88 95
88 89
88 90
88 91
88 93
88 94
88 99
88 101
88 102
88 103
89 95
89 90
89 91
89 93
89 94
89 99
89 101
89 102
89 103
90 95
90 91
90 92
90 93
90 94
90 99
90 101
90 102
91 93
91 94
91 187
92 95
92 104
92 105
92 106
92 107
92 108
92 109
92 100
92 110
92 111
92 112
92 113
92 114
93 94
94 95
94 96
94 97
94 99
94 180
94 181
95 96
95 97
95 104
95 105
95 99
95 106
95 107
95 108
95 109
95 100
95 110
95 101
95 102
95 103
95 111
95 112
95 113
95 114
96 97
98 104
99 138
99 259
99 105
99 188
99 189
99 190
99 191
99 197
99 203
99 219
99 187
99 205
99 206
99 174
99 239
99 198
99 220
99 257
99 175
99 176
99 177
99 221
99 224
100 137
100 138
100 104
100 140
100 141
100 142
100 144
100 145
100 150
100 105
100 192
100 151
100 152
100 153
100 154
100 155
100 156
100 157
100 158
100 193
100 194
100 195
100 191
100 159
100 160
100 106
100 161
100 162
100 163
100 164
100 107
100 108
100 109
100 196
100 165
100 197
100 203
100 166
100 167
100 168
100 169
100 170
100 171
100 172
100 173
100 110
100 198
100 103
100 111
100 210
100 274
100 112
100 113
100 114
100 178
100 179
100 180
100 181
100 117
101 259
101 105
101 184
101 151
101 195
101 106
101 164
101 108
101 109
101 168
101 171
101 260
101 235
101 261
101 236
101 255
101 256
101 238
101 205
101 206
101 221
101 102
101 103
101 240
101 241
101 262
101 207
101 208
101 209
101 111
101 210
101 112
101 113
101 114
101 211
101 212
102 259
102 105
102 184
102 151
102 195
102 106
102 164
102 108
102 109
102 168
102 171
102 260
102 235
102 261
102 236
102 255
102 256
102 238
102 205
102 206
102 221
102 103
102 240
102 241
102 262
102 207
102 208
102 209
102 111
102 210
102 112
102 113
102 114
102 211
102 212
103 254
103 259
103 150
103 195
103 106
103 203
103 171
103 260
103 235
103 261
103 236
103 255
103 256
103 238
103 187
103 257
103 258
103 240
103 241
103 262
103 207
103 208
103 209
104 105
104 106
104 107
104 108
104 109
104 110
104 111
104 112
104 113
104 114
105 254
105 259
105 188
105 189
105 190
105 192
105 152
105 155
105 157
105 195
105 191
105 159
105 160
105 106
105 164
105 107
105 108
105 109
105 196
105 165
105 197
105 203
105 166
105 167
105 168
105 171
105 260
105 235
105 261
105 255
105 256
105 238
105 110
105 219
105 187
105 205
105 206
105 174
105 239
105 198
105 220
105 257
105 175
105 176
105 177
105 221
105 258
105 262
105 207
105 208
105 209
105 111
105 269
105 112
105 263
105 270
105 113
105 114
105 211
105 224
106 138
106 259
106 192
106 151
106 152
106 155
106 157
106 158
106 193
106 194
106 195
106 191
106 202
106 159
106 160
106 163
106 164
106 107
106 108
106 109
106 196
106 165
106 197
106 166
106 167
106 168
106 169
106 170
106 171
106 260
106 235
106 261
106 255
106 256
106 238
106 110
106 239
106 198
106 272
106 240
106 241
106 262
106 207
106 208
106 209
106 111
106 288
106 112
106 263
106 113
106 114
106 179
106 180
106 181
106 276
106 117
107 137
107 138
107 140
107 141
107 142
107 144
107 145
107 259
107 150
107 192
107 151
107 152
107 153
107 154
107 155
107 156
107 157
107 158
107 193
107 194
107 195
107 191
107 159
107 160
107 161
107 162
107 163
107 164
107 108
107 109
107 196
107 165
107 197
107 166
107 167
107 168
107 169
107 170
107 171
107 172
107 173
107 261
107 236
107 110
107 198
107 220
107 272
107 111
107 112
107 113
107 114
107 178
107 179
107 180
107 181
107 224
107 117
108 259
108 184
108 195
108 164
108 109
108 168
108 171
108 260
108 264
108 261
108 236
108 255
108 256
108 238
108 110
108 221
108 128
108 278
108 262
108 207
108 208
108 209
108 111
108 210
108 288
108 269
108 112
108 270
108 113
108 114
108 211
108 185
108 186
108 290
108 227
109 259
109 184
109 195
109 164
109 168
109 171
109 260
109 264
109 261
109 236
109 255
109 256
109 238
109 110
109 221
109 128
109 278
109 262
109 207
109 208
109 209
109 111
109 210
109 288
109 269
109 112
109 270
109 113
109 114
109 211
109 185
109 186
109 290
109 227
110 231
110 254
110 155
110 195
110 191
110 203
110 235
110 261
110 228
110 236
110 255
110 256
110 237
110 238
110 239
110 128
110 272
110 240
110 241
110 281
110 282
110 242
110 207
110 208
110 209
110 111
110 210
110 200
110 288
110 222
110 269
110 112
110 263
110 113
110 114
110 277
110 211
110 243
110 244
110 245
110 276
110 117
110 248
110 251
110 252
110 121
110 253
111 259
111 184
111 151
111 195
111 202
111 164
111 196
111 168
111 171
111 260
111 234
111 261
111 236
111 255
111 256
111 238
111 229
111 221
111 128
111 258
111 272
111 278
111 262
111 273
111 207
111 208
111 209
111 210
111 274
111 275
111 269
111 112
111 263
111 270
111 113
111 114
111 211
111 212
111 276
111 201
111 293
111 218
112 259
112 184
112 151
112 155
112 156
112 157
112 195
112 191
112 202
112 164
112 196
112 203
112 168
112 169
112 170
112 171
112 260
112 264
112 261
112 255
112 256
112 238
112 229
112 127
112 221
112 128
112 272
112 262
112 273
112 207
112 208
112 209
112 210
112 274
112 275
112 263
112 270
112 113
112 114
112 211
112 212
112 276
112 289
113 259
113 184
113 151
113 195
113 202
113 204
113 164
113 196
113 165
113 171
113 260
113 235
113 261
113 236
113 255
113 256
113 238
113 229
113 175
113 176
113 258
113 272
113 240
113 241
113 278
113 262
113 207
113 208
113 209
113 210
113 288
113 274
113 275
113 269
113 263
113 270
113 114
113 211
113 212
113 276
113 283
113 199
114 259
114 184
114 151
114 195
114 202
114 164
114 196
114 171
114 260
114 235
114 261
114 236
114 255
114 256
114 238
114 229
114 128
114 258
114 272
114 278
114 262
114 207
114 208
114 209
114 210
114 288
114 274
114 275
114 269
114 263
114 270
114 211
114 212
114 276
114 283
114 199
115 127
115 128
115 129
115 130
115 131
115 123
115 132
115 133
115 118
115 124
115 125
115 126
115 119
115 120
116 134
116 135
116 136
116 137
116 138
116 139
116 140
116 141
116 142
116 143
116 144
116 145
116 146
116 179
116 147
116 148
117 138
117 231
117 232
117 192
117 151
117 152
117 155
117 158
117 193
117 194
117 233
117 195
117 191
117 163
117 164
117 196
117 165
117 197
117 166
117 167
117 169
117 170
117 235
117 228
117 236
117 237
117 238
117 198
117 240
117 241
117 242
117 210
117 200
117 179
117 180
117 181
117 243
117 244
117 245
117 225
117 246
117 247
117 201
117 248
117 249
117 250
117 124
117 125
117 218
117 252
117 121
117 253
118 291
118 292
118 237
118 280
118 229
118 128
118 130
118 123
118 217
118 290
118 248
118 124
118 125
118 126
118 119
118 230
118 294
118 120
118 253
118 122
119 292
119 237
119 280
119 127
119 128
119 129
119 130
119 131
119 123
119 132
119 133
119 124
119 125
119 126
119 120
119 251
119 253
120 280
120 127
120 128
120 200
120 129
120 130
120 131
120 123
120 132
120 133
120 283
120 124
120 125
120 126
120 293
120 230
120 294
120 251
120 289
120 199
121 231
121 232
121 233
121 195
121 235
121 228
121 236
121 237
121 238
121 239
121 240
121 241
121 242
121 210
121 200
121 243
121 244
121 245
121 225
121 246
121 247
121 201
121 248
121 249
121 250
121 124
121 125
121 218
121 251
121 252
121 253
121 227
122 279
122 195
122 235
122 261
122 236
122 255
122 256
122 237
122 280
122 238
122 240
122 241
122 278
122 281
122 282
122 222
122 277
122 130
122 123
122 248
122 283
122 124
122 125
122 126
122 293
123 279
123 195
123 292
123 264
123 235
123 261
123 236
123 255
123 256
123 237
123 280
123 238
123 240
123 241
123 278
123 281
123 282
123 222
123 277
123 223
123 132
123 133
123 248
123 283
123 124
123 125
123 126
123 251
124 231
124 232
124 279
124 233
124 195
124 291
124 292
124 235
124 261
124 228
124 236
124 237
124 238
124 240
124 241
124 242
124 243
124 244
124 245
124 225
124 246
124 265
124 266
124 267
124 268
124 248
124 226
124 249
124 250
124 125
124 126
124 252
124 253
125 231
125 232
125 279
125 233
125 195
125 291
125 292
125 235
125 261
125 228
125 236
125 237
125 238
125 240
125 241
125 242
125 243
125 244
125 245
125 225
125 246
125 265
125 266
125 267
125 268
125 248
125 226
125 249
125 250
125 126
125 252
125 253
126 279
126 295
126 296
126 250
127 259
127 170
127 280
127 238
127 128
127 200
127 129
127 130
127 131
127 265
127 266
127 247
127 267
127 268
127 132
127 133
127 283
128 184
128 195
128 202
128 168
128 261
128 236
128 272
128 240
128 241
128 278
128 208
128 209
128 275
128 269
128 263
128 212
128 129
128 130
128 131
128 265
128 266
128 247
128 267
128 268
128 276
128 132
128 133
129 233
129 244
129 130
129 131
129 265
129 266
129 247
129 267
129 285
129 286
129 268
129 287
129 132
129 133
130 273
130 281
130 282
130 246
130 131
130 265
130 266
130 247
130 267
130 268
130 132
130 133
130 248
130 293
130 294
130 289
130 199
131 284
131 193
131 194
131 233
131 244
131 265
131 266
131 247
131 267
131 285
131 286
131 268
131 287
131 132
131 133
132 280
132 273
132 281
132 282
132 242
132 223
132 246
132 266
132 133
132 293
132 294
132 251
132 289
132 252
132 199
133 280
133 273
133 281
133 282
133 242
133 223
133 246
133 266
133 293
133 294
133 251
133 289
133 252
133 199
134 135
134 136
134 137
134 138
134 139
134 140
134 141
134 142
134 143
134 144
134 145
134 146
134 147
134 148
134 149
135 136
135 137
135 138
135 139
135 140
135 141
135 142
135 143
135 144
135 145
135 146
135 147
135 148
135 149
136 137
136 138
136 139
136 140
136 141
136 142
136 143
136 144
136 145
136 146
136 147
136 148
136 149
137 138
137 139
137 140
137 141
137 142
137 143
137 144
137 145
137 146
137 150
137 151
137 152
137 153
137 154
137 155
137 156
137 157
137 158
137 159
137 160
137 161
137 162
137 163
137 164
137 165
137 166
137 167
137 168
137 169
137 170
137 171
137 172
137 173
137 174
137 175
137 176
137 177
137 178
137 179
137 147
137 148
137 180
137 181
138 139
138 140
138 141
138 142
138 143
138 144
138 145
138 146
138 150
138 188
138 189
138 190
138 192
138 151
138 152
138 153
138 154
138 155
138 156
138 157
138 158
138 193
138 194
138 195
138 191
138 159
138 160
138 161
138 162
138 163
138 164
138 196
138 165
138 197
138 166
138 167
138 168
138 169
138 170
138 171
138 172
138 173
138 174
138 198
138 178
138 179
138 147
138 148
138 180
138 181
139 140
139 141
139 142
139 143
139 144
139 145
139 146
139 147
139 148
140 141
140 142
140 143
140 144
140 145
140 146
140 151
140 152
140 155
140 156
140 158
140 161
140 162
140 163
140 164
140 165
140 166
140 167
140 169
140 170
140 172
140 173
140 179
140 147
140 148
140 180
140 181
141 142
141 143
141 144
141 145
141 146
141 151
141 152
141 155
141 156
141 158
141 161
141 162
141 163
141 164
141 165
141 166
141 167
141 169
141 170
141 172
141 173
141 179
141 147
141 148
141 180
141 181
142 143
142 144
142 145
142 182
142 146
142 183
142 150
142 188
142 189
142 190
142 152
142 153
142 154
142 155
142 156
142 157
142 158
142 191
142 159
142 160
142 161
142 162
142 163
142 165
142 166
142 167
142 168
142 169
142 170
142 171
142 178
142 147
142 148
143 144
143 145
143 182
143 146
143 183
143 157
143 159
143 160
143 168
143 171
143 178
143 147
143 148
144 145
144 182
144 146
144 183
144 150
144 188
144 189
144 190
144 152
144 153
144 154
144 155
144 156
144 157
144 158
144 191
144 159
144 160
144 161
144 162
144 163
144 165
144 166
144 167
144 168
144 169
144 170
144 171
144 178
144 147
144 148
145 146
145 183
145 151
145 152
145 155
145 156
145 158
145 161
145 162
145 163
145 164
145 165
145 166
145 167
145 169
145 170
145 172
145 173
145 179
145 147
145 148
145 180
145 181
146 184
146 185
146 147
146 148
146 186
147 264
147 148
147 289
148 179
149 233
149 216
149 280
149 265
149 266
149 267
149 285
149 286
149 268
149 287
149 249
149 250
149 293
149 218
149 253
150 259
150 188
150 189
150 190
150 152
150 153
150 154
150 155
150 156
150 157
150 158
150 195
150 191
150 159
150 160
150 161
150 162
150 163
150 165
150 203
150 166
150 167
150 168
150 169
150 170
150 171
150 260
150 261
150 236
150 255
150 256
150 238
150 205
150 206
150 220
150 177
150 262
150 207
150 208
150 209
150 178
150 224
151 184
151 192
151 152
151 155
151 156
151 157
151 158
151 193
151 194
151 195
151 191
151 202
151 159
151 160
151 161
151 162
151 163
151 164
151 196
151 165
151 197
151 166
151 167
151 168
151 169
151 170
151 172
151 173
151 260
151 198
151 258
151 272
151 240
151 241
151 262
151 207
151 208
151 209
151 274
151 275
151 263
151 270
151 211
151 212
151 179
151 180
151 181
151 276
152 259
152 188
152 189
152 190
152 192
152 153
152 154
152 155
152 156
152 157
152 158
152 193
152 194
152 271
152 195
152 191
152 159
152 160
152 161
152 162
152 163
152 164
152 196
152 165
152 197
152 166
152 167
152 168
152 169
152 170
152 171
152 172
152 173
152 198
152 272
152 240
152 241
152 277
152 178
152 179
152 180
152 181
152 199
153 154
153 155
153 156
153 157
153 158
153 159
153 160
153 161
153 162
153 163
153 165
153 166
153 167
153 168
153 169
153 170
153 171
153 178
154 155
154 156
154 157
154 158
154 159
154 160
154 161
154 162
154 163
154 165
154 166
154 167
154 168
154 169
154 170
154 171
154 178
155 259
155 192
155 156
155 157
155 158
155 193
155 194
155 195
155 191
155 159
155 160
155 161
155 162
155 163
155 164
155 196
155 165
155 197
155 203
155 166
155 167
155 168
155 169
155 170
155 171
155 172
155 173
155 198
155 175
155 176
155 210
155 274
155 178
155 179
155 180
155 181
155 199
156 259
156 157
156 158
156 202
156 159
156 160
156 161
156 162
156 163
156 164
156 165
156 197
156 166
156 167
156 168
156 169
156 170
156 171
156 172
156 173
156 238
156 187
156 205
156 206
156 240
156 241
156 274
156 275
156 269
156 277
156 178
156 179
156 180
156 181
156 276
157 182
157 183
157 192
157 158
157 195
157 202
157 159
157 160
157 161
157 162
157 163
157 164
157 165
157 203
157 166
157 167
157 168
157 169
157 170
157 171
157 173
157 240
157 241
157 178
157 199
158 192
158 193
158 194
158 195
158 191
158 159
158 160
158 161
158 162
158 163
158 164
158 196
158 165
158 197
158 166
158 167
158 168
158 169
158 170
158 171
158 172
158 173
158 187
158 205
158 206
158 198
158 178
158 179
158 180
158 181
159 182
159 183
159 195
159 202
159 160
159 161
159 162
159 163
159 164
159 165
159 203
159 166
159 167
159 168
159 169
159 170
159 171
159 261
159 178
159 199
160 182
160 183
160 195
160 202
160 161
160 162
160 163
160 164
160 165
160 203
160 166
160 167
160 168
160 169
160 170
160 171
160 261
160 178
160 199
161 202
161 162
161 163
161 164
161 165
161 166
161 167
161 168
161 169
161 170
161 171
161 172
161 173
161 257
161 240
161 241
161 275
161 269
161 277
161 178
161 179
161 180
161 181
161 276
162 202
162 163
162 164
162 165
162 166
162 167
162 168
162 169
162 170
162 171
162 172
162 173
162 257
162 240
162 241
162 275
162 269
162 277
162 178
162 179
162 180
162 181
162 276
163 188
163 189
163 190
163 192
163 193
163 194
163 271
163 195
163 191
163 164
163 196
163 165
163 197
163 203
163 166
163 167
163 168
163 169
163 170
163 171
163 172
163 173
163 198
163 178
163 179
163 180
163 181
164 188
164 189
164 190
164 184
164 192
164 193
164 194
164 271
164 195
164 191
164 202
164 196
164 165
164 197
164 166
164 167
164 169
164 170
164 172
164 173
164 260
164 255
164 256
164 198
164 220
164 258
164 272
164 240
164 241
164 278
164 262
164 207
164 208
164 209
164 288
164 274
164 275
164 269
164 263
164 270
164 211
164 212
164 179
164 180
164 181
164 276
165 192
165 193
165 194
165 195
165 191
165 196
165 197
165 166
165 167
165 168
165 169
165 170
165 171
165 172
165 173
165 187
165 205
165 206
165 198
165 175
165 176
165 272
165 178
165 179
165 180
165 181
166 259
166 188
166 189
166 190
166 192
166 193
166 194
166 271
166 195
166 191
166 196
166 197
166 167
166 168
166 169
166 170
166 171
166 172
166 173
166 238
166 239
166 198
166 177
166 210
166 277
166 178
166 179
166 180
166 181
167 259
167 188
167 189
167 190
167 192
167 193
167 194
167 271
167 195
167 191
167 196
167 197
167 168
167 169
167 170
167 171
167 172
167 173
167 238
167 239
167 198
167 177
167 210
167 277
167 178
167 179
167 180
167 181
168 182
168 183
168 188
168 189
168 190
168 184
168 195
168 191
168 202
168 197
168 203
168 169
168 170
168 171
168 260
168 255
168 256
168 221
168 240
168 241
168 210
168 211
168 178
169 259
169 188
169 189
169 190
169 192
169 193
169 194
169 195
169 191
169 202
169 196
169 197
169 170
169 171
169 172
169 173
169 174
169 198
169 220
169 288
169 270
169 178
169 179
169 180
169 181
169 224
170 259
170 192
170 193
170 194
170 195
170 191
170 202
170 196
170 197
170 171
170 172
170 173
170 238
170 198
170 220
170 178
170 179
170 180
170 181
170 224
171 182
171 183
171 254
171 259
171 188
171 189
171 190
171 195
171 202
171 203
171 260
171 261
171 236
171 255
171 256
171 238
171 220
171 262
171 207
171 208
171 209
171 211
171 212
171 178
171 224
172 183
172 173
172 221
172 244
172 285
172 287
173 183
173 221
173 244
173 285
173 287
174 183
174 214
174 215
174 254
174 259
174 188
174 189
174 190
174 192
174 191
174 196
174 197
174 203
174 219
174 187
174 205
174 206
174 239
174 198
174 220
174 257
174 175
174 176
174 177
174 221
174 258
174 288
174 270
174 223
174 224
174 225
174 226
174 227
175 259
175 188
175 189
175 190
175 191
175 197
175 203
175 219
175 187
175 205
175 206
175 239
175 198
175 220
175 257
175 176
175 177
175 221
175 211
175 224
176 259
176 188
176 189
176 190
176 191
176 197
176 203
176 219
176 187
176 205
176 206
176 239
176 198
176 220
176 257
176 177
176 221
176 211
176 224
177 183
177 259
177 188
177 189
177 190
177 191
177 196
177 197
177 203
177 219
177 187
177 205
177 206
177 239
177 198
177 220
177 257
177 221
177 210
177 224
178 182
178 183
178 188
178 189
178 190
178 191
178 202
178 203
179 192
179 193
179 194
179 195
179 191
179 196
179 197
179 198
179 180
179 181
180 182
180 192
180 193
180 194
180 195
180 191
180 196
180 197
180 198
180 181
181 182
181 192
181 193
181 194
181 195
181 191
181 196
181 197
181 198
182 183
182 202
182 203
182 185
183 202
183 204
183 203
183 205
183 206
183 207
183 208
183 209
183 210
183 211
183 212
184 195
184 202
184 196
184 260
184 235
184 229
184 258
184 272
184 262
184 273
184 207
184 208
184 209
184 274
184 275
184 269
184 263
184 270
184 211
184 212
184 276
185 186
187 254
187 259
187 188
187 189
187 190
187 192
187 191
187 196
187 197
187 203
187 219
187 205
187 206
187 239
187 198
187 220
187 257
187 221
187 258
187 224
188 259
188 189
188 190
188 192
188 271
188 191
188 197
188 203
188 236
188 255
188 256
188 238
188 219
188 205
188 206
188 239
188 198
188 220
188 257
188 221
188 224
189 259
189 190
189 192
189 271
189 191
189 197
189 203
189 236
189 255
189 256
189 238
189 219
189 205
189 206
189 239
189 198
189 220
189 257
189 221
189 224
190 259
190 192
190 271
190 191
190 197
190 203
190 236
190 255
190 256
190 238
190 219
190 205
190 206
190 239
190 198
190 220
190 257
190 221
190 224
191 254
191 259
191 192
191 193
191 194
191 195
191 196
191 197
191 203
191 219
191 205
191 206
191 239
191 198
191 220
191 257
191 221
191 258
191 210
191 275
191 224
192 254
192 193
192 194
192 271
192 195
192 196
192 197
192 260
192 235
192 219
192 239
192 198
192 220
192 257
192 221
192 258
192 263
192 277
192 224
193 213
193 284
193 194
193 233
193 195
193 196
193 197
193 216
193 198
193 244
193 285
193 286
193 268
193 287
193 217
194 213
194 284
194 233
194 195
194 196
194 197
194 216
194 198
194 244
194 285
194 286
194 268
194 287
194 217
195 231
195 259
195 232
195 279
195 233
195 202
195 196
195 197
195 203
195 260
195 235
195 261
195 228
195 236
195 255
195 256
195 237
195 238
195 198
195 221
195 240
195 241
195 262
195 242
195 207
195 208
195 209
195 210
195 200
195 263
195 211
195 243
195 244
195 245
195 225
195 246
195 265
195 266
195 267
195 268
195 276
195 248
195 249
195 250
195 252
195 253
196 254
196 259
196 202
196 197
196 203
196 235
196 255
196 256
196 219
196 239
196 198
196 220
196 257
196 221
196 258
196 207
196 210
196 274
196 275
196 277
196 212
196 224
197 254
197 259
197 203
197 219
197 205
197 206
197 239
197 198
197 220
197 257
197 221
197 258
197 270
197 224
198 254
198 259
198 203
198 219
198 205
198 206
198 239
198 220
198 257
198 221
198 258
198 224
199 229
199 262
199 273
199 288
199 274
199 269
199 270
199 211
199 212
199 295
199 296
199 246
199 266
199 276
199 283
199 293
199 294
200 231
200 235
200 228
200 236
200 237
200 238
200 239
200 240
200 241
200 242
200 210
200 243
200 244
200 245
200 201
200 248
200 251
200 252
200 253
201 231
201 234
201 228
201 242
201 247
201 293
201 218
201 251
201 252
202 254
202 204
202 203
202 235
202 261
202 255
202 256
202 238
202 258
202 272
202 240
202 241
202 207
202 274
202 275
202 269
202 270
202 277
202 212
202 276
203 259
203 260
203 261
203 236
203 255
203 256
203 238
203 219
203 205
203 206
203 239
203 220
203 257
203 221
203 262
203 207
203 208
203 209
203 274
203 224
204 210
205 259
205 219
205 206
205 239
205 220
205 257
205 221
205 224
206 259
206 219
206 239
206 220
206 257
206 221
206 224
207 259
207 260
207 264
207 235
207 261
207 236
207 255
207 256
207 238
207 229
207 258
207 272
207 262
207 273
207 208
207 209
207 288
207 274
207 275
207 263
207 270
207 277
207 211
207 212
207 276
207 289
208 259
208 271
208 260
208 264
208 235
208 261
208 236
208 255
208 256
208 238
208 229
208 272
208 240
208 241
208 278
208 262
208 273
208 209
208 288
208 274
208 275
208 269
208 263
208 270
208 211
208 212
208 276
208 289
209 259
209 271
209 260
209 264
209 235
209 261
209 236
209 255
209 256
209 238
209 229
209 272
209 240
209 241
209 278
209 262
209 273
209 288
209 274
209 275
209 269
209 263
209 270
209 211
209 212
209 276
209 289
210 231
210 260
210 235
210 228
210 236
210 255
210 256
210 237
210 238
210 239
210 221
210 240
210 241
210 278
210 281
210 282
210 242
210 222
210 269
210 277
210 211
210 243
210 244
210 245
210 248
210 251
210 252
210 253
211 260
211 255
211 256
211 229
211 221
211 272
211 262
211 288
211 274
211 275
211 269
211 263
211 270
211 212
211 276
211 283
212 260
212 229
212 258
212 272
212 240
212 241
212 278
212 262
212 288
212 274
212 275
212 269
212 263
212 270
212 276
212 283
213 214
213 215
213 216
213 217
213 218
214 215
214 219
214 220
214 221
214 222
214 223
214 224
214 225
214 226
214 227
215 228
215 229
215 219
215 220
215 221
215 223
215 224
215 225
215 226
215 230
215 218
215 227
216 285
216 286
216 287
216 217
217 265
217 247
217 290
217 230
217 294
218 231
218 234
218 228
218 237
218 242
218 222
218 266
218 247
218 283
218 293
218 252
219 254
219 259
219 239
219 220
219 257
219 221
219 258
219 223
219 224
219 225
219 226
219 227
220 254
220 259
220 271
220 260
220 239
220 257
220 221
220 258
220 262
220 223
220 224
220 225
220 226
220 227
221 254
221 259
221 260
221 255
221 256
221 239
221 257
221 258
221 223
221 224
221 244
221 225
221 285
221 287
221 226
221 227
222 279
222 261
222 255
222 256
222 237
222 280
222 278
222 273
222 281
222 282
222 277
222 266
222 283
222 250
223 292
223 264
223 280
223 242
223 224
223 225
223 226
223 251
223 252
223 227
224 254
224 259
224 239
224 257
224 258
224 225
224 226
224 227
225 231
225 232
225 233
225 235
225 228
225 236
225 237
225 238
225 240
225 241
225 242
225 243
225 244
225 245
225 246
225 248
225 226
225 249
225 250
225 252
225 253
225 227
226 279
226 227
227 278
228 231
228 232
228 233
228 264
228 235
228 236
228 237
228 238
228 239
228 240
228 241
228 242
228 243
228 244
228 245
228 246
228 247
228 248
228 249
228 250
228 230
228 251
228 252
228 253
229 272
229 262
229 288
229 274
229 269
229 263
229 270
229 276
229 248
229 283
229 253
230 280
230 290
230 283
230 293
230 294
230 251
230 289
230 253
231 232
231 233
231 234
231 235
231 236
231 237
231 238
231 239
231 240
231 241
231 242
231 243
231 244
231 245
231 246
231 247
231 248
231 249
231 250
231 251
231 252
231 253
232 233
232 264
232 235
232 236
232 237
232 238
232 240
232 241
232 242
232 243
232 244
232 245
232 246
232 265
232 266
232 267
232 268
232 248
232 249
232 250
232 252
232 253
233 284
233 235
233 236
233 237
233 280
233 238
233 240
233 241
233 242
233 243
233 244
233 245
233 246
233 265
233 266
233 267
233 285
233 286
233 268
233 287
233 248
233 249
233 250
233 252
233 253
234 293
235 259
235 279
235 261
235 236
235 255
235 256
235 237
235 238
235 239
235 258
235 240
235 241
235 278
235 242
235 274
235 275
235 263
235 277
235 243
235 244
235 245
235 246
235 265
235 266
235 267
235 268
235 248
235 249
235 250
235 251
235 252
235 253
236 254
236 259
236 279
236 260
236 261
236 255
236 256
236 237
236 238
236 239
236 240
236 241
236 278
236 262
236 242
236 275
236 243
236 244
236 245
236 246
236 265
236 266
236 267
236 268
236 276
236 248
236 249
236 250
236 251
236 252
236 253
237 279
237 292
237 261
237 280
237 238
237 239
237 240
237 241
237 242
237 243
237 244
237 245
237 246
237 265
237 266
237 267
237 268
237 248
237 283
237 249
237 250
237 251
237 252
237 253
238 259
238 279
238 260
238 261
238 255
238 256
238 239
238 240
238 241
238 278
238 262
238 242
238 274
238 275
238 263
238 243
238 244
238 245
238 246
238 265
238 266
238 267
238 268
238 248
238 249
238 250
238 251
238 252
238 253
239 254
239 259
239 257
239 258
239 240
239 241
239 242
239 243
239 244
239 245
239 248
239 251
239 252
239 253
240 279
240 261
240 272
240 241
240 278
240 242
240 288
240 274
240 275
240 269
240 263
240 270
240 277
240 243
240 244
240 245
240 246
240 265
240 266
240 267
240 268
240 276
240 248
240 249
240 250
240 251
240 252
240 253
241 279
241 261
241 272
241 278
241 242
241 288
241 274
241 275
241 269
241 263
241 270
241 277
241 243
241 244
241 245
241 246
241 265
241 266
241 267
241 268
241 276
241 248
241 249
241 250
241 251
241 252
241 253
242 284
242 243
242 244
242 245
242 246
242 247
242 248
242 249
242 250
242 251
242 252
242 253
243 244
243 245
243 246
243 247
243 248
243 249
243 250
243 251
243 252
243 253
244 284
244 245
244 246
244 247
244 267
244 285
244 286
244 287
244 248
244 249
244 250
244 251
244 252
244 253
245 246
245 248
245 249
245 250
245 251
245 252
245 253
246 291
246 292
246 264
246 273
246 266
246 247
246 290
246 248
246 249
246 250
246 293
246 252
246 253
247 265
247 266
247 267
247 268
247 252
248 279
248 261
248 265
248 266
248 267
248 268
248 249
248 250
248 251
248 252
248 253
249 291
249 292
249 280
249 265
249 266
249 267
249 285
249 286
249 268
249 287
249 250
249 252
249 253
250 280
250 278
250 295
250 296
250 265
250 266
250 267
250 285
250 286
250 268
250 287
250 252
250 253
251 280
251 293
251 294
251 289
251 252
251 253
252 284
252 253
253 291
253 292
253 280
253 265
253 266
253 267
253 285
253 286
253 268
253 287
253 290
254 255
254 256
254 257
254 258
255 259
255 279
255 260
255 261
255 256
255 280
255 278
255 262
255 281
255 282
255 274
255 275
255 269
255 270
255 277
256 259
256 279
256 260
256 261
256 280
256 278
256 262
256 281
256 282
256 274
256 275
256 269
256 270
256 277
257 259
257 258
258 274
258 275
259 260
259 261
259 262
259 263
260 271
260 261
260 262
261 279
261 271
261 280
261 278
261 262
261 281
261 282
261 274
261 275
261 263
261 277
261 276
261 283
262 271
262 272
262 278
262 288
262 274
262 275
262 269
262 263
262 270
262 276
262 283
263 264
263 272
263 273
263 288
263 274
263 275
263 270
263 276
263 289
264 292
264 272
264 273
264 290
265 280
265 266
265 267
265 285
265 286
265 268
265 287
266 280
266 273
266 267
266 285
266 286
266 268
266 287
266 290
266 283
266 293
267 284
267 268
268 284
268 280
268 285
268 286
268 287
269 272
269 273
269 288
269 274
269 275
269 270
269 277
269 276
269 283
270 272
270 288
270 274
270 275
270 277
270 276
270 283
272 278
272 273
272 288
272 274
272 275
272 277
272 276
272 289
273 288
273 290
273 293
273 289
274 278
274 288
274 275
274 277
274 276
274 283
275 278
275 288
275 277
275 276
276 278
276 288
276 277
276 283
277 279
277 280
277 278
277 281
277 282
278 279
278 280
278 281
278 282
278 288
279 280
279 281
279 282
279 283
280 292
280 281
280 282
280 285
280 286
280 287
280 283
280 293
280 289
281 282
281 293
281 294
281 289
282 293
282 294
282 289
283 288
283 293
283 289
284 285
284 286
284 287
285 286
285 287
285 293
286 287
286 293
287 293
289 293
289 294
290 291
290 294
291 292
293 294
295 296
