0 1
1 38
2 3
2 4
2 5
2 6
2 7
2 8
2 9
2 10
2 11
2 12
2 13
2 14
2 15
2 16
2 17
3 20
3 4
3 5
3 52
3 53
3 54
3 55
3 6
3 51
3 8
3 21
3 22
3 23
3 24
3 56
3 57
3 58
3 59
3 14
4 5
4 52
4 53
4 55
4 6
4 51
4 8
4 9
4 10
4 11
4 12
4 13
4 58
4 59
4 14
4 15
4 16
4 17
5 53
5 55
5 6
5 51
5 8
5 64
5 65
5 66
5 13
5 58
5 59
5 14
6 20
6 54
6 8
6 90
6 21
6 22
6 23
6 24
6 56
6 57
6 13
6 91
6 76
6 14
7 52
7 68
7 69
7 70
7 64
7 65
7 13
7 76
7 59
8 66
8 13
8 14
9 110
9 116
9 117
9 171
9 56
9 119
9 120
9 214
9 153
9 126
9 87
9 88
9 128
9 10
9 11
9 157
9 57
9 100
9 183
9 89
9 136
9 143
9 186
9 178
10 36
10 150
10 151
10 56
10 119
10 120
10 179
10 166
10 180
10 167
10 46
10 123
10 193
10 88
10 11
10 57
10 169
10 139
10 159
10 160
10 81
10 215
10 145
10 146
11 36
11 150
11 151
11 56
11 119
11 120
11 179
11 166
11 180
11 167
11 46
11 123
11 193
11 88
11 57
11 169
11 139
11 159
11 160
11 81
11 215
11 145
11 146
12 101
12 110
12 115
12 126
12 202
12 233
12 15
12 16
12 17
12 244
12 245
12 248
12 246
12 224
12 225
12 247
12 249
13 52
13 68
13 69
13 70
13 64
13 65
13 90
13 91
13 76
13 14
14 53
14 55
14 51
14 58
14 76
14 59
14 265
14 266
15 219
15 109
15 253
15 218
15 220
15 16
15 221
15 17
15 222
15 248
15 223
15 224
15 225
15 260
16 219
16 109
16 253
16 218
16 220
16 221
16 17
16 222
16 248
16 223
16 224
16 225
16 260
17 219
17 109
17 253
17 218
17 220
17 221
17 222
17 245
17 248
17 223
17 224
17 225
17 260
18 19
19 20
20 21
20 22
20 23
20 24
21 22
21 23
21 24
21 217
22 23
22 24
22 103
22 104
22 218
23 24
23 103
23 104
23 218
24 103
24 104
24 218
25 26
25 27
25 28
25 29
25 30
25 31
25 32
26 27
26 28
26 29
26 30
26 31
27 28
27 29
27 30
27 31
28 29
28 30
28 31
29 30
29 31
30 31
32 61
32 78
32 87
32 79
32 71
32 227
32 228
32 80
32 73
32 74
32 75
32 230
32 231
32 81
32 82
32 83
32 84
33 34
33 35
34 36
35 188
35 149
35 187
35 36
35 150
35 151
35 152
35 189
35 165
35 172
35 226
35 179
35 166
35 180
35 167
35 181
35 182
35 173
35 154
35 168
35 191
35 192
35 193
35 194
35 195
35 79
35 158
35 183
35 197
35 198
35 199
35 89
35 200
35 93
35 94
35 169
35 95
35 96
35 97
35 202
35 159
35 160
35 81
35 177
35 82
35 83
35 161
35 184
35 142
35 203
35 84
35 204
35 178
36 148
36 114
36 99
36 121
36 173
36 153
36 211
36 128
36 185
36 155
36 156
36 133
36 80
36 170
36 141
36 186
37 38
37 39
39 75
40 41
40 42
40 43
40 44
40 45
40 46
40 47
42 66
42 43
42 110
42 111
42 112
42 113
42 44
42 148
42 149
42 114
42 116
42 45
42 117
42 150
42 151
42 152
42 118
42 119
42 120
42 46
42 121
42 122
42 123
42 153
42 154
42 124
42 78
42 125
42 126
42 87
42 127
42 88
42 128
42 155
42 156
42 157
42 92
42 158
42 129
42 130
42 131
42 132
42 133
42 134
42 135
42 136
42 138
42 139
42 80
42 140
42 159
42 160
42 161
42 141
42 143
42 144
42 145
42 146
42 147
42 162
42 47
43 66
43 110
43 111
43 112
43 113
43 44
43 148
43 149
43 114
43 116
43 45
43 117
43 152
43 171
43 165
43 172
43 119
43 120
43 46
43 121
43 122
43 123
43 173
43 154
43 124
43 168
43 125
43 126
43 87
43 127
43 88
43 128
43 129
43 130
43 174
43 131
43 132
43 133
43 134
43 135
43 136
43 138
43 169
43 139
43 80
43 140
43 175
43 176
43 177
43 82
43 83
43 141
43 143
43 144
43 145
43 146
43 147
43 47
43 178
44 101
44 102
44 148
44 114
44 45
44 119
44 120
44 46
44 123
44 124
44 125
44 130
44 134
44 135
44 140
44 147
44 47
45 98
45 66
45 110
45 111
45 112
45 113
45 148
45 149
45 187
45 114
45 116
45 99
45 117
45 152
45 171
45 119
45 120
45 46
45 121
45 122
45 123
45 206
45 154
45 124
45 168
45 207
45 125
45 126
45 87
45 193
45 127
45 88
45 128
45 194
45 185
45 195
45 155
45 156
45 158
45 129
45 130
45 174
45 131
45 132
45 133
45 134
45 135
45 136
45 138
45 139
45 80
45 140
45 159
45 160
45 175
45 176
45 141
45 210
45 143
45 144
45 145
45 146
45 147
45 47
45 178
46 66
46 110
46 111
46 112
46 113
46 148
46 114
46 116
46 117
46 119
46 120
46 121
46 122
46 123
46 206
46 124
46 207
46 125
46 126
46 87
46 127
46 88
46 128
46 129
46 130
46 131
46 132
46 133
46 134
46 135
46 136
46 138
46 169
46 139
46 80
46 140
46 81
46 141
46 143
46 144
46 145
46 146
46 147
46 47
47 64
47 65
47 66
47 110
47 111
47 112
47 113
47 148
47 149
47 187
47 114
47 116
47 117
47 152
47 171
47 119
47 120
47 121
47 122
47 123
47 206
47 154
47 124
47 168
47 207
47 125
47 126
47 87
47 193
47 127
47 88
47 128
47 194
47 195
47 196
47 158
47 129
47 130
47 174
47 131
47 132
47 198
47 199
47 133
47 134
47 135
47 136
47 138
47 96
47 97
47 139
47 80
47 140
47 159
47 160
47 175
47 176
47 177
47 82
47 83
47 141
47 210
47 143
47 144
47 145
47 146
47 147
47 178
48 49
48 50
48 51
49 85
49 50
49 51
49 86
49 87
49 88
49 89
50 85
50 51
50 86
50 87
50 88
50 89
51 52
51 53
51 55
51 92
51 93
51 94
51 95
51 96
51 97
51 58
51 59
52 67
52 68
52 69
52 70
52 64
52 65
52 71
52 72
52 73
52 74
52 75
52 76
52 77
53 55
53 58
53 59
55 58
55 59
56 115
56 212
56 118
56 171
56 165
56 190
56 213
56 214
56 86
56 78
56 208
56 209
56 211
56 185
56 196
56 155
56 156
56 157
56 79
56 57
56 92
56 174
56 183
56 81
56 215
56 203
56 84
57 163
57 115
57 212
57 118
57 171
57 119
57 120
57 190
57 213
57 214
57 86
57 78
57 208
57 209
57 126
57 211
57 128
57 185
57 196
57 155
57 156
57 157
57 92
57 174
57 131
57 132
57 215
58 59
59 69
59 107
59 235
60 61
60 62
60 63
61 67
61 62
61 63
61 78
61 79
61 80
61 81
61 82
61 83
61 84
62 63
64 68
64 69
64 70
64 65
64 76
65 68
65 69
65 70
65 76
66 110
66 111
66 112
66 113
66 114
66 115
66 116
66 99
66 117
66 118
66 119
66 120
66 121
66 122
66 123
66 124
66 78
66 125
66 126
66 87
66 127
66 88
66 128
66 129
66 130
66 131
66 132
66 133
66 134
66 135
66 136
66 137
66 138
66 139
66 80
66 140
66 141
66 142
66 143
66 144
66 145
66 146
66 147
67 71
67 72
67 73
67 74
67 75
67 77
68 69
68 70
68 76
69 70
69 76
70 76
71 192
71 200
71 72
71 73
71 74
71 75
71 77
72 108
72 73
72 74
72 75
72 77
73 74
73 75
73 77
74 75
74 77
75 77
76 90
76 91
77 108
77 164
77 87
77 192
77 200
77 229
78 188
78 115
78 212
78 118
78 171
78 190
78 213
78 214
78 86
78 191
78 208
78 209
78 211
78 185
78 196
78 155
78 156
78 157
78 79
78 92
78 174
78 139
78 80
78 159
78 160
78 81
78 82
78 83
78 215
78 142
78 143
78 84
78 145
78 147
78 162
79 188
79 149
79 187
79 116
79 99
79 150
79 151
79 152
79 189
79 171
79 165
79 172
79 179
79 166
79 180
79 167
79 121
79 181
79 182
79 173
79 86
79 154
79 168
79 191
79 192
79 193
79 88
79 128
79 194
79 195
79 196
79 157
79 158
79 183
79 197
79 198
79 199
79 89
79 136
79 200
79 93
79 201
79 94
79 169
79 95
79 96
79 97
79 139
79 202
79 80
79 159
79 160
79 81
79 177
79 82
79 83
79 161
79 184
79 142
79 203
79 84
79 204
79 178
80 110
80 111
80 112
80 113
80 149
80 187
80 114
80 116
80 117
80 171
80 119
80 120
80 121
80 122
80 123
80 206
80 154
80 124
80 168
80 207
80 125
80 126
80 87
80 192
80 193
80 127
80 88
80 128
80 194
80 195
80 158
80 129
80 130
80 174
80 131
80 132
80 183
80 133
80 134
80 135
80 136
80 138
80 139
80 140
80 159
80 160
80 175
80 81
80 176
80 82
80 83
80 141
80 210
80 143
80 144
80 203
80 84
80 145
80 146
80 147
80 178
81 188
81 149
81 187
81 150
81 151
81 152
81 189
81 165
81 172
81 179
81 166
81 180
81 167
81 121
81 123
81 181
81 182
81 173
81 154
81 168
81 191
81 192
81 193
81 194
81 195
81 158
81 183
81 197
81 198
81 199
81 89
81 200
81 93
81 94
81 169
81 95
81 96
81 97
81 202
81 159
81 160
81 177
81 82
81 83
81 161
81 184
81 142
81 203
81 84
81 146
81 204
81 178
82 110
82 187
82 180
82 121
82 123
82 181
82 182
82 195
82 183
82 200
82 94
82 138
82 159
82 160
82 175
82 177
82 83
82 203
82 84
82 145
83 110
83 187
83 180
83 121
83 123
83 181
83 182
83 195
83 183
83 200
83 94
83 138
83 159
83 160
83 175
83 177
83 203
83 84
83 145
84 188
84 149
84 187
84 150
84 151
84 152
84 189
84 165
84 172
84 179
84 166
84 180
84 167
84 190
84 121
84 181
84 182
84 173
84 154
84 168
84 191
84 87
84 192
84 193
84 194
84 195
84 158
84 183
84 197
84 198
84 199
84 89
84 200
84 93
84 94
84 169
84 95
84 96
84 97
84 202
84 159
84 160
84 177
84 161
84 184
84 142
84 203
84 204
84 178
86 115
86 212
86 99
86 118
86 171
86 190
86 213
86 214
86 124
86 208
86 209
86 87
86 127
86 88
86 211
86 185
86 195
86 196
86 155
86 156
86 157
86 92
86 174
86 89
86 136
86 94
86 139
86 215
87 110
87 111
87 112
87 113
87 114
87 116
87 99
87 117
87 119
87 120
87 121
87 122
87 123
87 124
87 125
87 126
87 127
87 88
87 128
87 129
87 100
87 130
87 131
87 132
87 133
87 89
87 134
87 135
87 136
87 138
87 139
87 140
87 230
87 231
87 141
87 143
87 144
87 145
87 146
87 147
87 229
88 110
88 111
88 112
88 113
88 149
88 114
88 116
88 99
88 117
88 150
88 151
88 119
88 120
88 121
88 122
88 123
88 124
88 208
88 209
88 125
88 126
88 192
88 127
88 128
88 195
88 157
88 129
88 100
88 130
88 131
88 132
88 133
88 89
88 134
88 135
88 136
88 94
88 138
88 139
88 140
88 141
88 143
88 144
88 145
88 146
88 147
89 110
89 188
89 149
89 187
89 116
89 117
89 150
89 151
89 152
89 189
89 165
89 172
89 179
89 166
89 180
89 167
89 181
89 182
89 173
89 154
89 168
89 191
89 126
89 192
89 193
89 194
89 195
89 158
89 100
89 183
89 197
89 198
89 199
89 136
89 200
89 93
89 94
89 169
89 95
89 96
89 97
89 202
89 159
89 160
89 175
89 176
89 177
89 161
89 184
89 142
89 143
89 203
89 145
89 204
89 178
90 91
92 111
92 112
92 113
92 114
92 115
92 116
92 212
92 118
92 171
92 190
92 121
92 213
92 181
92 182
92 214
92 124
92 208
92 209
92 127
92 211
92 128
92 185
92 196
92 155
92 156
92 157
92 129
92 174
92 93
92 94
92 95
92 96
92 97
92 140
92 170
92 215
92 146
92 162
93 188
93 149
93 187
93 150
93 151
93 152
93 189
93 165
93 172
93 119
93 120
93 179
93 166
93 180
93 167
93 213
93 181
93 182
93 173
93 154
93 124
93 168
93 191
93 192
93 193
93 194
93 195
93 158
93 183
93 197
93 198
93 199
93 133
93 134
93 200
93 94
93 169
93 95
93 96
93 97
93 202
93 159
93 160
93 177
93 161
93 184
93 142
93 203
93 204
93 178
94 188
94 149
94 187
94 99
94 150
94 151
94 152
94 189
94 165
94 172
94 179
94 166
94 180
94 167
94 123
94 181
94 182
94 173
94 154
94 168
94 191
94 192
94 193
94 194
94 195
94 157
94 158
94 183
94 197
94 198
94 199
94 136
94 200
94 138
94 169
94 95
94 96
94 97
94 139
94 202
94 159
94 160
94 177
94 161
94 184
94 142
94 186
94 203
94 147
94 204
94 178
95 188
95 149
95 187
95 150
95 151
95 152
95 189
95 165
95 172
95 119
95 120
95 179
95 166
95 180
95 167
95 213
95 181
95 182
95 173
95 154
95 124
95 168
95 191
95 192
95 193
95 194
95 195
95 158
95 183
95 197
95 198
95 199
95 133
95 134
95 200
95 169
95 96
95 97
95 202
95 159
95 160
95 177
95 161
95 184
95 142
95 203
95 204
95 178
96 188
96 149
96 187
96 150
96 151
96 152
96 189
96 165
96 172
96 119
96 120
96 179
96 166
96 180
96 167
96 213
96 181
96 182
96 173
96 154
96 124
96 168
96 191
96 192
96 193
96 194
96 195
96 158
96 183
96 197
96 198
96 199
96 133
96 134
96 200
96 169
96 97
96 202
96 159
96 160
96 177
96 161
96 184
96 142
96 203
96 204
96 178
97 188
97 149
97 187
97 150
97 151
97 152
97 189
97 165
97 172
97 119
97 120
97 179
97 166
97 180
97 167
97 213
97 181
97 182
97 173
97 154
97 124
97 168
97 191
97 192
97 193
97 194
97 195
97 158
97 183
97 197
97 198
97 199
97 133
97 134
97 200
97 169
97 202
97 159
97 160
97 177
97 161
97 184
97 142
97 203
97 204
97 178
98 99
98 100
99 110
99 111
99 148
99 116
99 117
99 153
99 126
99 127
99 185
99 195
99 155
99 156
99 157
99 129
99 135
99 136
99 139
99 170
99 143
99 186
100 110
100 116
100 126
100 136
100 143
101 102
101 103
101 104
101 105
102 103
102 104
102 105
103 104
103 230
103 231
103 232
103 233
103 241
103 205
103 105
103 242
103 243
103 244
103 245
103 246
103 247
104 230
104 231
104 232
104 233
104 241
104 205
104 105
104 242
104 243
104 244
104 245
104 246
104 247
105 232
105 233
105 241
105 242
105 243
105 244
105 245
105 246
105 247
105 272
105 240
106 107
108 109
109 219
109 233
109 220
109 221
109 222
109 223
109 224
109 225
110 111
110 112
110 113
110 114
110 115
110 116
110 117
110 171
110 119
110 120
110 179
110 166
110 180
110 167
110 121
110 122
110 123
110 181
110 182
110 124
110 125
110 126
110 127
110 128
110 129
110 130
110 174
110 131
110 132
110 183
110 133
110 134
110 135
110 136
110 138
110 139
110 140
110 175
110 176
110 177
110 141
110 184
110 143
110 144
110 145
110 146
110 147
111 112
111 113
111 114
111 116
111 117
111 171
111 119
111 120
111 121
111 122
111 123
111 181
111 182
111 124
111 125
111 126
111 127
111 128
111 185
111 155
111 156
111 129
111 130
111 131
111 132
111 133
111 134
111 135
111 136
111 138
111 139
111 140
111 170
111 141
111 143
111 186
111 144
111 145
111 146
111 147
111 162
112 113
112 187
112 114
112 116
112 117
112 152
112 119
112 120
112 121
112 122
112 123
112 181
112 182
112 124
112 125
112 126
112 127
112 128
112 155
112 156
112 129
112 130
112 131
112 132
112 133
112 134
112 135
112 136
112 138
112 139
112 140
112 159
112 160
112 170
112 141
112 143
112 186
112 144
112 145
112 146
112 147
112 162
113 187
113 114
113 116
113 117
113 152
113 119
113 120
113 121
113 122
113 123
113 181
113 182
113 124
113 125
113 126
113 127
113 128
113 155
113 156
113 129
113 130
113 131
113 132
113 133
113 134
113 135
113 136
113 138
113 139
113 140
113 159
113 160
113 170
113 141
113 143
113 186
113 144
113 145
113 146
113 147
113 162
114 148
114 116
114 117
114 119
114 120
114 121
114 122
114 123
114 173
114 124
114 208
114 209
114 125
114 126
114 127
114 211
114 128
114 155
114 156
114 129
114 130
114 131
114 132
114 133
114 134
114 135
114 136
114 138
114 139
114 140
114 141
114 143
114 144
114 145
114 146
114 147
114 162
114 205
115 212
115 189
115 118
115 171
115 190
115 213
115 214
115 206
115 208
115 209
115 126
115 211
115 185
115 196
115 155
115 156
115 157
115 174
115 136
115 215
115 142
115 143
115 186
115 147
116 188
116 117
116 119
116 120
116 121
116 122
116 123
116 181
116 182
116 124
116 125
116 126
116 127
116 128
116 185
116 196
116 129
116 130
116 131
116 132
116 183
116 133
116 134
116 135
116 136
116 201
116 138
116 139
116 140
116 216
116 141
116 215
116 143
116 144
116 145
116 146
116 147
117 171
117 165
117 119
117 120
117 179
117 166
117 180
117 167
117 121
117 122
117 123
117 181
117 182
117 124
117 208
117 209
117 125
117 126
117 127
117 128
117 155
117 156
117 129
117 130
117 174
117 131
117 132
117 183
117 133
117 134
117 135
117 136
117 138
117 139
117 140
117 175
117 176
117 177
117 141
117 184
117 143
117 144
117 145
117 146
117 147
118 188
118 149
118 212
118 171
118 190
118 213
118 214
118 153
118 154
118 208
118 209
118 211
118 194
118 185
118 196
118 155
118 156
118 157
118 158
118 174
118 161
118 215
118 142
118 143
118 147
119 148
119 120
119 121
119 213
119 122
119 123
119 173
119 124
119 125
119 126
119 127
119 128
119 129
119 130
119 131
119 132
119 133
119 134
119 135
119 136
119 200
119 138
119 139
119 140
119 141
119 143
119 144
119 145
119 146
119 147
119 205
120 148
120 121
120 213
120 122
120 123
120 173
120 124
120 125
120 126
120 127
120 128
120 129
120 130
120 131
120 132
120 133
120 134
120 135
120 136
120 200
120 138
120 139
120 140
120 141
120 143
120 144
120 145
120 146
120 147
120 205
121 188
121 149
121 187
121 171
121 122
121 123
121 181
121 182
121 206
121 154
121 124
121 168
121 207
121 191
121 125
121 126
121 192
121 193
121 127
121 128
121 194
121 195
121 158
121 129
121 130
121 174
121 131
121 132
121 183
121 133
121 134
121 135
121 136
121 138
121 139
121 140
121 159
121 160
121 175
121 176
121 141
121 210
121 143
121 144
121 203
121 145
121 146
121 147
121 178
122 212
122 123
122 206
122 124
122 125
122 126
122 127
122 128
122 129
122 130
122 131
122 132
122 133
122 134
122 135
122 136
122 138
122 139
122 140
122 170
122 141
122 143
122 186
122 144
122 145
122 146
122 147
123 148
123 124
123 125
123 126
123 127
123 128
123 129
123 130
123 131
123 132
123 133
123 134
123 135
123 136
123 200
123 138
123 169
123 139
123 140
123 177
123 141
123 143
123 144
123 145
123 146
123 147
124 148
124 213
124 173
124 125
124 126
124 127
124 128
124 129
124 130
124 131
124 132
124 133
124 134
124 135
124 136
124 200
124 138
124 139
124 140
124 141
124 143
124 144
124 145
124 146
124 147
124 205
125 148
125 226
125 190
125 126
125 127
125 128
125 129
125 130
125 131
125 132
125 133
125 134
125 135
125 136
125 227
125 228
125 138
125 139
125 140
125 141
125 143
125 144
125 145
125 146
125 147
126 190
126 214
126 154
126 127
126 128
126 185
126 129
126 130
126 131
126 132
126 133
126 134
126 135
126 136
126 138
126 139
126 140
126 141
126 215
126 143
126 144
126 145
126 146
126 147
126 178
127 213
127 173
127 128
127 185
127 155
127 156
127 129
127 130
127 131
127 132
127 133
127 134
127 135
127 136
127 138
127 139
127 140
127 141
127 143
127 144
127 145
127 146
127 147
128 188
128 187
128 180
128 181
128 182
128 206
128 195
128 196
128 129
128 130
128 131
128 132
128 133
128 134
128 135
128 136
128 201
128 138
128 139
128 140
128 216
128 141
128 143
128 144
128 145
128 146
128 147
128 229
129 152
129 168
129 185
129 155
129 156
129 130
129 131
129 132
129 133
129 134
129 135
129 136
129 138
129 139
129 140
129 141
129 143
129 144
129 145
129 146
129 147
129 162
130 148
130 149
130 171
130 172
130 213
130 173
130 174
130 131
130 132
130 133
130 134
130 135
130 136
130 137
130 138
130 139
130 140
130 175
130 176
130 141
130 143
130 144
130 145
130 146
130 147
130 241
130 205
131 132
131 133
131 134
131 135
131 136
131 138
131 139
131 140
131 170
131 141
131 143
131 186
131 144
131 145
131 146
131 147
132 190
132 214
132 234
132 133
132 134
132 135
132 136
132 138
132 139
132 140
132 141
132 215
132 143
132 144
132 145
132 146
132 147
133 187
133 180
133 213
133 181
133 182
133 195
133 197
133 134
133 135
133 136
133 200
133 138
133 139
133 140
133 141
133 143
133 144
133 145
133 146
133 147
133 229
134 148
134 212
134 165
134 179
134 166
134 180
134 167
134 135
134 136
134 138
134 139
134 140
134 141
134 143
134 144
134 145
134 146
134 147
134 229
135 148
135 212
135 185
135 136
135 138
135 139
135 140
135 141
135 143
135 144
135 145
135 146
135 147
136 149
136 187
136 171
136 206
136 154
136 168
136 207
136 193
136 194
136 195
136 196
136 157
136 158
136 174
136 138
136 139
136 140
136 159
136 160
136 175
136 176
136 141
136 210
136 143
136 144
136 145
136 146
136 147
136 178
137 174
137 250
137 251
137 232
137 241
137 252
138 149
138 187
138 171
138 154
138 168
138 193
138 194
138 195
138 158
138 174
138 197
138 139
138 140
138 159
138 160
138 175
138 176
138 177
138 170
138 141
138 210
138 143
138 186
138 144
138 145
138 146
138 147
138 178
139 188
139 150
139 151
139 190
139 191
139 195
139 157
139 140
139 141
139 143
139 144
139 145
139 146
139 147
139 162
140 148
140 155
140 156
140 230
140 231
140 141
140 184
140 210
140 142
140 143
140 144
140 145
140 146
140 147
140 162
141 143
141 144
141 145
141 146
141 147
142 188
142 149
142 187
142 150
142 151
142 152
142 189
142 165
142 172
142 179
142 166
142 180
142 167
142 181
142 182
142 173
142 154
142 168
142 191
142 192
142 193
142 194
142 195
142 158
142 183
142 197
142 198
142 199
142 200
142 169
142 202
142 159
142 160
142 230
142 177
142 161
142 184
142 143
142 203
142 147
142 204
142 178
143 190
143 206
143 207
143 185
143 144
143 145
143 146
143 147
144 170
144 186
144 145
144 146
144 147
145 171
145 179
145 166
145 180
145 167
145 181
145 182
145 193
145 234
145 174
145 183
145 159
145 160
145 175
145 176
145 177
145 184
145 215
145 146
145 147
146 181
146 182
146 206
146 207
146 169
146 203
146 147
147 148
147 174
148 152
148 173
148 153
148 168
148 194
148 170
148 186
148 205
149 188
149 187
149 150
149 151
149 152
149 189
149 171
149 165
149 172
149 179
149 166
149 180
149 167
149 181
149 182
149 173
149 206
149 153
149 154
149 168
149 207
149 191
149 208
149 209
149 192
149 193
149 194
149 195
149 157
149 158
149 174
149 183
149 197
149 198
149 199
149 200
149 169
149 202
149 159
149 160
149 177
149 161
149 184
149 210
149 203
149 204
149 178
150 164
150 188
150 187
150 151
150 152
150 189
150 165
150 172
150 179
150 166
150 180
150 167
150 181
150 182
150 173
150 154
150 168
150 191
150 192
150 193
150 194
150 195
150 158
150 183
150 197
150 198
150 199
150 200
150 169
150 202
150 159
150 160
150 177
150 161
150 170
150 184
150 203
150 204
150 178
151 164
151 188
151 187
151 152
151 189
151 165
151 172
151 179
151 166
151 180
151 167
151 181
151 182
151 173
151 154
151 168
151 191
151 192
151 193
151 194
151 195
151 158
151 183
151 197
151 198
151 199
151 200
151 169
151 202
151 159
151 160
151 177
151 161
151 170
151 184
151 203
151 204
151 178
152 164
152 188
152 187
152 189
152 165
152 172
152 179
152 166
152 180
152 167
152 181
152 182
152 173
152 154
152 168
152 191
152 192
152 193
152 194
152 195
152 158
152 183
152 197
152 198
152 199
152 200
152 169
152 202
152 159
152 160
152 177
152 161
152 170
152 184
152 203
152 204
152 178
153 188
153 154
153 157
153 158
153 161
153 170
153 186
153 178
154 164
154 188
154 187
154 189
154 171
154 165
154 172
154 179
154 166
154 180
154 167
154 181
154 182
154 173
154 168
154 191
154 192
154 193
154 194
154 195
154 157
154 158
154 174
154 183
154 197
154 198
154 199
154 200
154 169
154 202
154 159
154 160
154 177
154 161
154 170
154 184
154 210
154 203
154 204
154 178
155 212
155 171
155 190
155 213
155 214
155 173
155 208
155 209
155 211
155 185
155 196
155 156
155 157
155 174
155 170
155 215
155 162
156 212
156 171
156 190
156 213
156 214
156 173
156 208
156 209
156 211
156 185
156 196
156 157
156 174
156 170
156 215
156 162
157 188
157 212
157 171
157 179
157 166
157 180
157 167
157 190
157 213
157 214
157 208
157 209
157 211
157 185
157 195
157 196
157 158
157 174
157 161
157 215
158 164
158 188
158 187
158 189
158 171
158 165
158 172
158 179
158 166
158 180
158 167
158 181
158 182
158 173
158 206
158 168
158 207
158 191
158 192
158 193
158 194
158 195
158 174
158 183
158 197
158 198
158 199
158 200
158 169
158 202
158 159
158 160
158 177
158 161
158 170
158 184
158 210
158 203
158 204
158 178
159 188
159 187
159 189
159 171
159 165
159 172
159 179
159 166
159 180
159 167
159 181
159 182
159 173
159 168
159 191
159 192
159 193
159 194
159 195
159 174
159 183
159 197
159 198
159 199
159 200
159 169
159 202
159 160
159 177
159 161
159 184
159 215
159 210
159 203
159 204
159 178
160 188
160 187
160 189
160 171
160 165
160 172
160 179
160 166
160 180
160 167
160 181
160 182
160 173
160 168
160 191
160 192
160 193
160 194
160 195
160 174
160 183
160 197
160 198
160 199
160 200
160 169
160 202
160 177
160 161
160 184
160 215
160 210
160 203
160 204
160 178
161 188
161 187
161 189
161 165
161 172
161 179
161 166
161 180
161 167
161 181
161 182
161 173
161 168
161 191
161 192
161 193
161 194
161 195
161 183
161 197
161 198
161 199
161 200
161 169
161 202
161 177
161 216
161 184
161 203
161 204
161 178
162 188
162 226
162 190
162 191
162 192
162 227
162 228
164 165
164 166
164 167
164 168
164 169
164 170
165 188
165 187
165 189
165 172
165 179
165 166
165 180
165 167
165 181
165 182
165 173
165 168
165 191
165 192
165 193
165 194
165 195
165 183
165 197
165 198
165 199
165 200
165 169
165 202
165 177
165 170
165 184
165 203
165 204
165 178
166 188
166 187
166 189
166 172
166 179
166 180
166 167
166 181
166 182
166 173
166 168
166 191
166 192
166 193
166 194
166 195
166 183
166 197
166 198
166 199
166 200
166 169
166 202
166 175
166 176
166 177
166 170
166 184
166 215
166 203
166 204
166 178
167 188
167 187
167 189
167 172
167 179
167 180
167 181
167 182
167 173
167 168
167 191
167 192
167 193
167 194
167 195
167 183
167 197
167 198
167 199
167 200
167 169
167 202
167 175
167 176
167 177
167 170
167 184
167 215
167 203
167 204
167 178
168 188
168 187
168 189
168 171
168 172
168 179
168 180
168 181
168 182
168 173
168 206
168 207
168 191
168 192
168 193
168 194
168 195
168 174
168 183
168 197
168 198
168 199
168 200
168 169
168 202
168 177
168 170
168 184
168 210
168 203
168 204
168 178
169 188
169 187
169 189
169 172
169 179
169 180
169 181
169 182
169 173
169 191
169 192
169 193
169 194
169 195
169 183
169 197
169 198
169 199
169 200
169 202
169 177
169 170
169 184
169 203
169 204
169 178
170 181
170 182
170 184
170 186
171 187
171 212
171 190
171 213
171 214
171 206
171 207
171 208
171 209
171 193
171 211
171 194
171 185
171 195
171 196
171 174
171 175
171 176
171 215
171 210
171 178
172 188
172 187
172 189
172 179
172 180
172 181
172 182
172 173
172 191
172 192
172 193
172 194
172 195
172 183
172 197
172 198
172 199
172 200
172 202
172 177
172 184
172 203
172 204
172 178
173 188
173 187
173 189
173 179
173 180
173 181
173 182
173 191
173 192
173 193
173 211
173 194
173 185
173 195
173 183
173 197
173 198
173 199
173 200
173 202
173 177
173 184
173 203
173 204
173 205
173 178
174 187
174 212
174 190
174 213
174 214
174 206
174 207
174 208
174 209
174 193
174 211
174 194
174 185
174 195
174 196
174 175
174 176
174 215
174 210
174 241
174 178
175 179
175 180
175 181
175 182
175 183
175 176
175 177
175 184
176 179
176 180
176 181
176 182
176 183
176 177
176 216
176 184
176 210
176 178
177 188
177 187
177 189
177 179
177 180
177 181
177 182
177 191
177 192
177 193
177 194
177 195
177 183
177 197
177 198
177 199
177 200
177 202
177 184
177 203
177 204
177 178
178 188
178 187
178 189
178 179
178 180
178 181
178 182
178 206
178 207
178 191
178 192
178 193
178 194
178 195
178 183
178 197
178 198
178 199
178 200
178 202
178 216
178 184
178 210
178 203
178 204
178 270
179 188
179 187
179 189
179 180
179 181
179 182
179 191
179 192
179 193
179 194
179 195
179 183
179 197
179 198
179 199
179 200
179 202
179 184
179 215
179 203
179 204
180 188
180 187
180 189
180 181
180 182
180 191
180 192
180 193
180 194
180 195
180 183
180 197
180 198
180 199
180 200
180 202
180 184
180 215
180 203
180 204
180 229
181 188
181 187
181 189
181 182
181 191
181 192
181 193
181 211
181 194
181 195
181 183
181 197
181 198
181 199
181 200
181 202
181 184
181 203
181 204
182 188
182 187
182 189
182 191
182 192
182 193
182 211
182 194
182 195
182 183
182 197
182 198
182 199
182 200
182 202
182 184
182 203
182 204
183 188
183 187
183 189
183 191
183 192
183 193
183 194
183 195
183 197
183 198
183 199
183 200
183 202
183 184
183 203
183 204
184 188
184 187
184 189
184 191
184 192
184 193
184 194
184 195
184 197
184 198
184 199
184 200
184 202
184 210
184 186
184 203
184 204
185 212
185 190
185 213
185 214
185 208
185 209
185 211
185 196
185 215
187 188
187 189
187 206
187 207
187 191
187 192
187 193
187 194
187 195
187 197
187 198
187 199
187 200
187 202
187 210
187 203
187 204
188 189
188 190
188 191
188 192
188 193
188 194
188 195
188 196
188 197
188 198
188 199
188 200
188 201
188 202
188 203
188 204
189 191
189 192
189 193
189 194
189 195
189 196
189 197
189 198
189 199
189 200
189 202
189 203
189 204
190 212
190 213
190 214
190 191
190 208
190 209
190 211
190 196
190 215
190 203
191 208
191 209
191 192
191 193
191 194
191 195
191 197
191 198
191 199
191 200
191 202
191 203
191 204
192 193
192 194
192 195
192 197
192 198
192 199
192 200
192 202
192 203
192 204
193 206
193 207
193 194
193 195
193 197
193 198
193 199
193 200
193 202
193 215
193 210
193 203
193 204
194 206
194 207
194 195
194 197
194 198
194 199
194 200
194 202
194 210
194 203
194 204
195 206
195 207
195 197
195 198
195 199
195 200
195 202
195 210
195 203
195 204
196 212
196 213
196 214
196 208
196 209
196 211
196 201
196 232
196 216
196 215
196 233
197 198
197 199
197 200
197 202
197 216
197 203
197 204
198 199
198 200
198 202
198 216
198 203
198 204
199 200
199 202
199 216
199 203
199 204
200 213
200 202
200 203
200 204
202 216
202 203
202 204
203 210
203 204
206 207
206 210
207 210
208 212
208 213
208 214
208 209
208 211
208 215
209 212
209 213
209 214
209 211
209 215
211 212
211 213
211 214
211 215
212 213
212 214
212 215
213 214
213 215
214 215
217 250
217 251
218 253
218 248
218 260
218 236
218 237
218 238
218 269
219 220
219 221
219 222
219 223
219 224
219 225
220 221
220 222
220 223
220 224
220 225
221 243
221 222
221 223
221 224
221 225
222 223
222 224
222 225
223 244
223 224
223 225
223 247
223 249
224 264
224 258
224 259
224 248
224 246
224 225
224 261
225 264
225 258
225 259
225 248
225 246
225 261
226 227
226 228
227 228
230 231
232 253
232 254
232 250
232 251
232 233
232 255
232 256
232 264
232 257
232 258
232 259
232 245
232 248
232 246
232 260
232 261
233 241
233 255
233 242
233 243
233 244
233 267
233 247
233 268
235 236
235 237
235 238
235 239
235 240
236 271
236 237
236 238
236 272
236 269
236 239
236 240
236 249
237 243
237 238
237 262
237 272
237 269
237 239
237 240
238 271
238 243
238 269
238 239
238 240
238 249
239 240
240 243
240 272
240 269
241 244
241 247
241 268
242 243
242 244
242 247
243 244
243 247
243 272
244 267
244 260
244 247
244 268
245 253
245 254
245 255
245 256
245 264
245 257
245 258
245 259
245 248
245 246
245 260
245 261
246 253
246 254
246 250
246 251
246 255
246 256
246 264
246 257
246 258
246 259
246 248
246 260
246 261
247 253
247 248
247 252
247 268
248 253
248 254
248 255
248 256
248 257
248 258
248 259
248 252
248 260
248 261
248 268
249 271
249 272
250 254
250 251
250 263
250 256
250 257
251 254
251 263
251 256
251 257
252 253
252 256
252 257
253 254
253 255
253 256
253 257
253 258
253 259
253 260
253 261
254 255
254 256
254 257
254 258
254 259
254 260
254 262
254 261
255 256
255 257
255 258
255 259
255 267
255 260
255 261
256 257
256 258
256 259
256 260
256 261
257 258
257 259
257 260
257 261
258 264
258 259
258 260
258 261
259 264
259 260
259 261
260 267
260 261
260 268
261 264
262 272
265 266
267 268
271 272
