0 1
0 2
1 2
1 3
1 4
1 5
1 6
2 7
2 5
2 8
2 9
2 10
2 6
2 11
2 12
2 13
2 14
2 15
2 16
2 17
2 18
2 19
2 20
3 193
3 194
3 195
3 196
3 6
3 197
3 174
3 198
3 199
3 200
3 201
3 202
3 203
3 204
4 193
4 196
4 6
4 174
5 194
5 1852
5 1853
5 1494
5 10
5 11
5 1854
5 1855
5 1856
5 1857
5 1858
5 1751
5 1859
5 1860
5 1861
5 1862
5 1504
5 1863
5 1864
5 1865
5 1866
6 196
6 11
7 72
7 1342
7 350
7 949
7 1018
7 959
7 620
7 464
7 542
9 1853
9 10
9 2536
9 2537
11 194
12 2576
13 217
13 1468
13 1471
13 1594
21 22
22 23
22 24
22 25
22 26
22 27
22 28
22 29
22 30
22 31
22 32
22 33
22 34
22 35
22 36
22 37
22 38
22 39
22 40
22 41
22 42
22 43
22 44
22 45
24 1958
29 597
29 598
29 273
29 680
29 285
29 299
30 110
46 47
47 48
47 49
48 672
48 534
48 676
48 677
48 678
49 1317
49 1318
50 51
51 52
52 2265
52 2266
53 54
53 55
53 56
54 56
54 57
54 58
54 59
54 60
55 56
55 61
56 57
56 62
56 59
56 63
56 61
56 64
56 65
56 66
56 67
56 68
56 69
57 138
57 268
57 345
57 271
57 619
57 947
57 379
57 1044
57 87
57 1047
57 416
57 380
57 1048
57 1049
57 456
57 60
57 77
57 350
57 352
57 989
57 78
57 1050
57 1051
57 1052
57 149
57 418
57 150
57 877
57 951
57 1053
57 1054
57 1055
57 497
57 620
57 427
57 356
57 1056
57 883
57 891
57 1057
57 1058
57 1059
57 1060
57 1061
57 1062
57 1063
57 1064
57 1065
57 358
57 1066
57 1067
57 1068
57 1069
57 1070
57 952
57 1071
57 1072
57 1073
57 1074
57 1075
57 1076
57 1077
57 65
57 1078
57 1079
57 1038
57 1080
57 1081
57 1082
57 953
57 1083
57 1084
57 1085
57 1086
57 1087
57 1088
57 1089
57 1090
57 1091
57 1092
57 383
57 1093
57 1094
57 1095
57 1096
57 1097
57 1098
57 1099
57 1100
57 1101
58 1481
58 395
59 68
60 1054
60 1061
61 1052
61 1898
61 1183
61 2195
61 1969
61 577
61 2197
61 2198
61 2199
62 1044
62 1084
64 212
64 450
64 522
64 272
64 313
64 274
64 132
64 934
64 605
64 1628
65 67
65 2710
67 2710
67 1971
70 71
70 72
70 73
70 74
70 75
70 76
71 74
71 75
72 77
72 78
73 79
75 80
75 81
75 82
76 83
76 80
76 81
76 84
76 82
77 268
77 346
77 619
77 971
77 87
77 1342
77 456
77 949
77 1018
77 1693
77 620
77 1694
77 464
77 440
77 1056
77 372
77 1695
77 1079
77 953
77 1095
77 1560
77 1696
77 1697
77 1698
77 1699
77 1700
78 938
78 949
78 464
78 542
78 1699
78 1759
78 1760
78 1761
79 2260
80 130
81 130
83 280
85 86
86 87
86 88
86 89
86 90
86 91
86 92
86 93
87 125
87 132
87 1173
87 1273
87 648
87 1253
87 1051
87 1052
87 133
87 1182
87 1186
87 110
87 1274
87 1275
87 630
87 1207
87 128
87 881
87 134
87 1276
87 1277
87 1278
87 1279
87 1280
87 131
87 1281
87 1282
88 132
88 459
88 545
88 571
88 1769
88 572
88 620
88 833
88 1878
88 1879
89 1182
90 122
90 1188
90 394
90 1979
91 122
91 1188
91 394
91 1980
91 1979
92 125
93 387
93 1169
93 636
93 637
94 95
94 96
95 97
95 98
95 99
96 97
96 100
97 1536
97 1537
97 1538
98 103
98 460
98 169
98 1952
98 2139
98 436
98 381
98 2339
98 659
98 2340
98 1284
98 2341
98 2342
98 2343
98 2344
98 2345
98 2346
98 2347
98 2348
98 2349
98 2350
98 2351
98 2352
98 2353
98 2354
98 2355
98 942
98 2356
98 2357
98 2358
99 822
99 460
99 2139
99 2554
99 1284
99 2341
99 2342
99 2557
99 2343
99 2344
99 2345
99 2346
99 1618
99 2347
99 2348
99 2349
99 2350
100 1993
101 102
102 103
102 104
102 105
102 106
103 892
103 460
103 893
103 894
103 895
103 896
103 897
103 898
103 659
103 899
103 295
103 900
103 901
103 902
103 903
104 898
105 898
107 108
108 109
108 110
108 111
108 112
108 113
108 114
110 122
110 334
110 132
110 146
110 1265
110 1266
110 1267
110 1180
110 1689
110 1816
110 1181
110 133
110 1184
110 1286
110 1054
110 1662
110 1935
110 1395
110 440
110 1195
110 394
110 1205
110 128
110 881
110 684
110 1153
110 1224
110 1159
110 1936
110 1277
110 1937
110 1938
110 1900
110 806
110 1868
110 1869
110 1715
110 1258
110 1939
111 870
111 1933
111 2525
111 2628
115 116
116 117
116 118
116 119
116 120
117 1343
117 1352
117 1353
117 1354
117 1355
117 1356
117 1357
117 1358
117 1359
117 1360
117 157
117 1361
117 1362
117 1363
117 1364
117 1365
117 1366
117 1367
117 1368
117 1369
117 1370
117 1371
118 923
118 1353
118 2235
119 334
119 453
119 1353
119 729
119 2235
119 2618
119 2619
120 570
120 1353
120 3049
121 122
121 123
122 124
122 125
122 126
122 127
122 128
122 129
122 130
122 131
123 132
123 133
123 134
123 131
123 135
124 205
124 210
124 213
124 142
124 143
124 313
124 166
124 314
124 273
124 274
124 315
124 276
124 226
124 316
124 277
124 278
124 218
124 148
124 317
124 282
124 318
124 283
124 319
124 285
124 320
124 292
124 321
124 322
124 294
124 297
124 299
124 323
124 324
124 325
124 257
124 326
124 327
124 328
125 143
125 672
125 333
125 314
125 679
125 597
125 598
125 132
125 146
125 680
125 681
125 682
125 285
125 683
125 684
125 685
125 686
125 687
125 688
125 689
125 690
125 691
125 299
125 692
126 524
126 1131
126 1345
126 742
126 707
126 1201
126 746
126 692
126 547
126 1706
127 572
127 2224
128 132
128 1169
128 1265
128 1266
128 1267
128 1268
128 1482
128 1052
128 1662
128 1395
128 1205
128 881
128 1156
128 1936
128 1915
130 218
130 701
130 2676
130 2240
130 2678
130 2679
132 138
132 446
132 144
132 145
132 842
132 334
132 1166
132 1168
132 1173
132 146
132 1174
132 1175
132 1176
132 1177
132 229
132 453
132 1178
132 1047
132 1179
132 549
132 1048
132 1148
132 1180
132 168
132 169
132 828
132 545
132 1181
132 133
132 1182
132 1183
132 1035
132 1184
132 1185
132 1186
132 1187
132 1188
132 916
132 682
132 1189
132 1190
132 1191
132 744
132 1192
132 1193
132 1194
132 574
132 152
132 153
132 1195
132 1196
132 1197
132 1198
132 1199
132 139
132 604
132 1200
132 355
132 1201
132 394
132 1202
132 1203
132 1204
132 630
132 1205
132 1206
132 465
132 1207
132 881
132 466
132 356
132 154
132 289
132 1208
132 290
132 1209
132 1210
132 467
132 134
132 1042
132 1211
132 1212
132 1213
132 1214
132 1215
132 1216
132 1217
132 1218
132 684
132 1153
132 1219
132 797
132 1220
132 395
132 1056
132 1221
132 652
132 1222
132 1223
132 1224
132 1225
132 1226
132 1227
132 1228
132 1229
132 1230
132 1231
132 1232
132 1233
132 1234
132 1235
132 1236
132 1237
132 1238
132 1239
132 1240
132 1241
132 1242
132 1243
132 1244
132 685
132 1245
132 1102
132 1246
133 145
133 310
133 1050
133 1809
133 1182
133 464
133 1874
133 926
133 134
134 1662
134 1395
134 1195
134 290
134 1056
134 1938
134 2451
136 137
136 138
137 139
138 140
138 141
138 142
138 143
138 144
138 145
138 146
138 147
138 148
138 149
138 150
138 151
138 152
138 153
138 139
138 154
138 155
138 156
138 157
138 158
138 159
140 344
140 365
140 280
140 366
140 367
140 368
140 369
140 370
140 371
140 372
140 373
140 374
140 375
140 376
140 377
140 378
142 211
142 212
142 213
142 268
142 422
142 444
142 346
142 449
142 450
142 434
142 313
142 451
142 452
142 278
142 453
142 310
142 454
142 455
142 456
142 367
142 350
142 457
142 458
142 459
142 460
142 461
142 462
142 463
142 354
142 464
142 465
142 466
142 467
142 468
142 469
142 470
142 471
142 357
142 472
142 473
142 372
142 474
142 475
142 476
142 477
142 478
142 479
142 241
142 480
142 481
142 336
142 482
142 483
142 484
142 485
142 242
142 486
142 487
142 488
143 214
143 268
143 517
143 450
143 522
143 523
143 271
143 435
143 524
143 525
143 526
143 272
143 527
143 528
143 166
143 529
143 274
143 530
143 531
143 169
143 532
143 533
143 534
143 535
143 536
143 537
143 538
143 539
143 540
143 541
143 542
144 646
144 647
144 648
144 229
144 649
144 280
144 169
144 650
144 651
144 436
144 466
144 395
144 652
144 653
144 654
144 655
144 656
144 657
144 658
144 659
145 614
145 452
145 229
145 831
145 349
145 457
145 169
145 695
145 832
145 833
145 834
145 808
145 835
145 836
146 1173
146 194
146 1148
146 1187
146 809
146 1205
146 881
146 289
146 1244
146 1269
146 746
147 1481
147 1485
147 534
147 1486
147 1487
147 1488
148 165
148 211
148 212
148 213
148 268
148 346
148 450
148 523
148 313
148 530
148 330
148 453
148 447
148 310
148 454
148 455
148 456
148 640
148 349
148 367
148 350
148 460
148 463
148 151
148 354
148 474
148 475
148 241
148 480
148 336
148 482
148 484
148 485
148 242
148 487
148 1475
148 1517
148 1518
148 1122
148 1519
148 1480
148 1520
149 268
149 699
149 456
149 1716
149 1050
149 571
149 620
149 891
149 1065
149 1880
149 489
149 1625
149 1881
149 1882
150 457
150 1050
150 1065
150 1881
150 2052
151 844
151 809
151 2359
151 1020
151 833
151 2217
151 2360
151 2361
152 2383
152 2384
152 2385
152 2386
152 2387
152 156
153 2383
153 2384
153 156
155 2258
156 1625
157 1344
157 1346
157 2958
158 210
159 1095
160 161
161 162
161 163
163 2565
164 165
165 166
165 167
165 168
165 169
165 170
165 171
165 172
165 173
165 174
165 175
165 176
165 177
165 178
165 179
165 180
165 181
165 182
165 183
166 211
166 270
166 333
166 712
166 770
166 597
166 273
166 569
166 218
166 280
166 317
166 680
166 285
166 299
166 773
166 257
167 271
167 966
167 453
167 1573
167 280
167 1582
167 1583
167 728
167 729
167 319
167 467
167 550
167 1584
167 470
167 733
167 1585
167 1586
167 1587
167 1588
168 415
168 416
168 1741
168 418
168 1018
169 268
169 408
169 524
169 597
169 618
169 457
169 1632
169 1770
169 1771
169 620
169 606
169 1772
169 1557
169 440
169 292
169 659
169 474
169 834
169 1773
169 1457
169 1774
169 696
169 359
169 1775
169 607
169 1776
169 1777
169 1778
169 1779
171 415
171 520
171 831
171 796
172 1018
172 737
172 1534
174 783
174 995
174 831
174 280
174 630
174 196
175 783
175 2393
175 2680
175 2683
176 783
176 280
177 280
178 280
179 1709
180 453
181 831
182 211
182 570
182 3048
184 185
185 186
186 1881
187 188
187 189
188 189
188 190
188 191
188 192
190 472
190 2586
190 191
194 524
194 1490
194 1492
194 1493
194 196
194 1494
194 202
194 204
194 1396
194 1495
194 1118
194 1496
194 1497
194 1498
194 1499
194 1500
194 1501
194 1502
194 1503
194 1504
194 1505
194 1506
194 1507
194 1508
195 684
195 196
195 1917
196 197
196 198
196 686
196 199
196 200
196 201
196 202
196 203
196 2532
196 2533
196 204
200 201
201 2542
205 206
205 207
205 208
205 209
205 210
205 211
205 212
205 213
205 214
205 215
206 210
206 216
206 217
206 218
206 219
207 218
208 220
208 218
208 221
209 218
209 222
209 223
209 224
210 211
210 212
210 213
210 225
210 226
210 227
210 228
210 229
210 230
210 218
210 231
210 232
210 233
210 222
210 234
210 235
210 236
210 223
210 237
210 238
210 239
210 240
210 241
210 242
210 243
210 244
210 245
210 246
210 247
210 248
210 249
210 250
210 251
210 252
210 253
210 254
210 255
210 256
210 257
210 258
210 259
210 260
210 261
210 262
210 263
210 264
210 265
210 266
210 267
211 213
211 268
211 269
211 270
211 271
211 272
211 273
211 274
211 275
211 276
211 277
211 278
211 279
211 218
211 280
211 281
211 282
211 283
211 223
211 284
211 285
211 286
211 287
211 288
211 289
211 290
211 291
211 292
211 293
211 294
211 295
211 296
211 297
211 298
211 299
211 300
211 301
211 302
211 303
211 304
211 305
211 306
211 257
211 258
211 307
211 308
211 309
212 218
212 310
212 311
212 312
213 268
213 270
213 274
213 329
213 330
213 218
213 331
213 304
213 332
214 333
214 334
214 335
214 218
214 336
214 337
214 338
215 218
216 1176
216 1394
216 682
216 1189
216 1286
216 1386
216 1190
217 1467
217 1468
217 1469
217 1470
217 1471
217 1472
217 1473
218 270
218 313
218 232
218 331
218 1474
218 223
218 941
218 238
218 239
218 241
218 766
218 1475
218 243
218 540
218 1476
218 245
218 1477
218 1478
218 224
218 1479
218 249
218 250
218 251
218 252
218 1480
220 1106
220 1107
220 1108
220 1109
220 1110
220 1127
220 1125
220 1126
221 790
221 395
222 270
222 513
222 233
222 1794
222 1795
222 1535
222 1798
222 1799
222 1800
223 270
223 331
223 1474
223 766
225 433
225 622
225 270
226 270
226 964
226 965
226 230
226 789
226 967
227 968
227 495
227 496
229 445
229 520
229 1437
229 831
229 380
229 1180
229 1150
229 881
229 1217
229 659
229 676
229 1443
229 1118
229 1439
229 1440
229 1441
229 1444
229 1445
229 1446
229 1447
230 270
230 1448
230 231
230 1449
230 1450
230 789
230 1451
230 248
232 680
233 1794
233 1633
233 1795
233 1796
235 1873
236 270
236 2061
236 439
236 2062
236 331
236 1112
236 641
238 270
239 279
239 284
239 2222
239 288
239 297
240 622
240 270
240 435
240 394
241 270
241 276
241 1112
241 1701
241 299
241 2599
243 2686
244 494
244 2723
244 552
244 1909
244 260
245 331
245 2567
245 2909
245 2910
245 2911
246 270
246 331
246 766
246 1701
247 331
247 766
247 554
249 3065
252 270
253 494
253 1633
253 1908
253 3073
259 766
259 2608
260 331
261 331
261 3074
265 276
266 371
267 3075
268 344
268 346
268 347
268 313
268 348
268 278
268 349
268 350
268 351
268 352
268 281
268 353
268 354
268 355
268 356
268 357
268 358
268 359
268 360
268 361
268 362
268 363
268 364
269 421
269 422
269 433
269 435
269 330
269 628
269 629
269 630
269 631
269 632
269 633
269 626
270 640
270 641
270 630
270 327
271 450
271 333
271 453
271 459
271 727
271 728
271 729
271 319
271 467
271 550
271 730
271 470
271 731
271 732
271 733
271 734
271 735
271 736
272 333
272 712
272 759
272 596
272 597
272 598
272 273
272 714
272 715
272 569
272 680
272 285
272 760
272 761
272 299
272 324
272 762
272 763
273 522
273 528
273 759
273 314
273 274
273 807
273 276
273 760
273 792
273 321
273 808
274 759
274 679
274 597
274 598
274 714
274 715
274 785
274 787
274 275
274 569
274 680
274 285
274 718
274 286
274 760
274 761
274 687
274 772
274 811
274 299
274 812
274 324
274 813
274 814
274 815
275 522
276 528
276 786
276 936
276 447
276 417
276 317
276 937
276 938
276 939
276 940
276 460
276 828
276 941
276 480
276 695
276 555
276 942
276 943
276 944
276 945
277 619
277 1044
277 368
277 370
277 283
277 719
277 1105
277 371
277 381
277 599
277 377
278 1128
278 1139
278 1140
278 1141
278 875
278 1142
278 1143
278 1144
278 1145
279 1299
279 280
279 281
279 629
279 464
279 291
279 1300
279 1301
279 1302
279 1303
279 1304
280 1596
280 1456
280 1597
280 285
280 656
280 658
280 293
280 799
280 1598
280 1599
280 1600
280 800
280 801
280 803
280 804
280 581
280 806
280 1601
280 1602
281 313
281 366
281 460
282 1984
282 1983
282 323
282 1880
282 1117
282 1985
282 1986
282 1987
282 1988
282 1989
283 452
283 365
283 368
283 370
283 719
283 1105
283 371
283 381
283 2059
283 599
284 951
284 2173
284 2174
284 607
284 2083
285 522
285 780
285 314
285 597
285 410
285 680
285 371
285 464
285 2118
285 2200
285 2201
285 1114
285 792
285 2202
285 292
285 2203
285 2204
285 2205
285 2206
286 522
286 528
286 792
286 2210
287 622
287 2232
288 971
288 951
288 464
288 748
288 972
288 2280
288 2281
289 682
289 624
289 930
289 2446
289 2447
289 2448
289 2449
289 555
290 1383
290 2121
291 1304
291 2481
291 1775
291 2482
291 1886
291 2483
292 299
293 435
293 783
293 316
293 1743
293 2590
294 450
294 2720
294 2721
296 604
296 2727
297 474
297 2733
297 2591
297 1750
298 497
298 476
299 450
299 314
299 680
299 2201
299 792
299 2203
301 441
301 2063
302 790
302 735
302 1586
302 1587
302 2479
304 464
309 3094
310 447
310 1181
310 1513
310 1462
310 1514
310 612
310 354
310 464
310 624
311 1747
311 1748
311 951
311 1749
311 1514
311 464
311 474
311 476
311 1750
311 1751
311 1752
311 1738
311 1753
313 518
313 347
313 449
313 450
313 519
313 520
313 521
313 333
313 764
313 575
313 683
313 765
313 766
313 751
313 586
313 767
313 768
313 769
314 712
314 759
314 597
314 713
314 714
314 715
314 315
314 680
314 718
314 760
314 324
314 789
315 529
316 1029
316 1034
316 1035
316 1036
316 1037
316 358
316 1038
316 1039
316 1040
316 1041
316 584
317 524
317 528
317 786
317 417
317 938
317 1456
317 939
317 1295
317 1048
317 1620
319 939
319 940
319 2084
320 2242
320 2243
320 2244
321 484
321 2582
321 1476
322 382
323 751
323 1880
323 2833
323 1117
323 1985
324 450
324 529
324 3008
325 357
326 944
326 3118
327 967
329 449
329 450
329 968
329 367
329 463
329 487
329 555
330 421
330 422
330 446
330 434
330 621
330 530
330 1106
330 1108
330 1111
330 1112
330 645
330 1009
330 497
330 436
330 432
330 1113
330 437
330 440
330 1114
330 631
330 738
330 438
330 1115
330 1116
330 1117
330 626
330 441
330 442
330 443
330 1118
330 1003
330 1119
330 1120
330 1121
330 1122
330 1123
331 1476
331 2065
331 1479
331 2066
331 2067
333 450
333 522
333 523
333 435
333 524
333 525
333 526
333 527
333 528
334 661
334 878
334 335
334 879
334 880
334 881
334 882
334 883
334 884
334 885
334 886
334 747
334 887
334 888
334 889
334 890
334 891
335 923
335 924
336 2601
336 2602
337 937
338 2418
339 340
340 341
340 342
340 343
343 1977
344 345
345 379
345 380
345 368
345 352
345 353
345 381
345 382
345 383
345 384
345 385
346 444
346 447
346 448
346 350
347 517
347 449
347 450
347 525
347 459
347 484
347 548
348 1014
348 1016
348 1017
348 544
348 933
348 1018
348 436
348 437
348 469
348 1019
348 1020
348 899
348 1021
348 1022
348 1023
348 1024
348 1025
349 1137
350 1701
350 1702
351 845
351 1716
351 1717
352 971
352 1342
352 380
352 938
352 456
352 957
352 949
352 958
352 1018
352 572
352 959
352 1694
352 464
352 372
352 1695
352 1024
352 1560
352 1696
352 1697
352 1755
352 1756
352 1698
353 1055
353 497
353 1060
353 1096
354 445
354 446
354 454
354 455
354 464
354 2405
356 1032
356 938
356 1513
356 729
356 2444
356 2445
357 439
357 629
357 633
357 2584
358 450
358 971
358 1342
358 464
358 372
360 572
360 3031
360 2897
365 1044
365 368
365 370
365 719
365 371
365 381
365 377
366 837
366 648
366 737
366 466
366 1673
367 450
367 837
367 575
367 751
367 590
368 837
368 636
368 637
368 1674
368 1675
368 1676
368 1677
369 837
369 742
369 1674
369 1675
369 1676
369 1678
369 1679
370 970
370 1674
370 1675
371 450
371 822
371 1675
371 719
371 463
371 599
371 2260
372 1342
372 938
372 989
372 497
372 1275
372 1242
372 891
372 1063
372 1065
372 1067
372 1072
372 953
372 1087
372 2589
372 1759
373 962
373 2778
373 2783
373 2784
375 669
377 681
377 684
377 691
377 1715
379 946
379 416
379 949
379 958
379 951
379 464
379 952
379 954
379 955
379 956
379 960
380 648
380 649
380 1047
380 416
380 417
380 1048
380 605
380 1628
380 473
380 546
380 1598
380 385
380 1629
382 1058
382 1059
382 1060
383 2101
383 2102
383 2714
383 2715
383 2015
384 2014
384 2101
384 2494
384 2714
384 2715
384 2015
384 2750
384 2751
384 2752
384 2753
385 416
386 387
387 388
387 389
387 390
387 391
387 392
387 393
387 394
387 395
387 396
387 397
387 398
387 399
387 400
387 401
387 402
387 403
387 404
387 405
387 406
388 499
388 500
390 635
390 1671
390 1672
390 1398
391 618
391 843
391 636
391 637
391 1820
391 1821
392 1169
394 1180
394 1279
394 2429
395 1169
395 1344
395 1346
395 1192
395 659
395 2454
396 828
396 628
396 630
396 2387
396 2800
396 397
396 2801
396 2802
396 1676
397 1169
397 2801
397 2432
398 1169
398 636
398 2432
399 545
400 499
400 500
400 2179
400 2715
400 2015
406 637
407 408
408 409
408 410
408 411
408 412
408 413
409 610
409 411
409 412
409 413
409 612
410 1377
410 436
410 1378
410 1379
410 1380
411 1736
411 458
411 412
411 413
412 1739
412 1740
414 415
415 416
415 417
415 418
416 450
416 947
416 1290
416 1291
416 1047
416 1048
416 989
416 918
416 1567
416 1568
416 418
416 1569
416 1053
416 1570
416 1571
416 1092
416 921
416 1572
417 786
417 549
417 937
417 938
417 1111
417 1555
417 1456
417 939
417 1295
417 940
417 1048
418 1890
419 420
419 421
419 422
420 423
420 424
420 425
420 426
420 427
420 428
420 429
420 430
420 431
420 432
421 433
421 434
421 435
421 423
421 436
421 424
421 426
421 428
421 429
421 430
421 431
421 432
421 437
421 438
422 433
422 439
422 423
422 436
422 432
422 437
422 440
422 438
422 441
422 442
422 443
423 521
423 1993
423 2092
423 2093
424 2402
432 2403
432 443
432 1776
433 434
433 621
434 435
434 472
434 476
434 623
434 624
434 625
434 553
434 626
434 554
434 627
435 621
435 737
435 436
435 738
435 438
435 739
435 740
436 872
436 995
436 1112
436 629
436 2295
436 1114
436 631
436 632
436 1624
436 2297
436 633
436 2298
436 1475
436 1339
436 1340
436 980
436 2299
436 2300
437 629
437 497
437 1113
437 1114
437 631
437 632
437 626
437 1776
437 2419
438 628
438 630
438 631
438 626
438 2658
439 1338
439 1517
439 2063
439 2064
440 1113
440 1207
440 1114
440 631
440 808
440 626
440 442
440 1776
441 1340
441 980
442 1776
442 753
444 445
444 446
445 447
445 448
445 489
445 490
445 491
446 447
446 455
446 492
447 454
447 1511
447 1512
448 1268
448 570
448 1691
448 1152
448 1236
448 659
448 1443
448 1441
448 774
448 1692
449 506
449 517
449 518
449 450
449 523
449 525
449 549
449 463
449 464
449 550
449 475
449 484
449 487
449 551
449 552
449 553
449 554
449 555
449 556
449 557
449 558
449 559
449 560
449 561
449 562
449 563
449 564
449 507
449 565
449 566
449 567
450 506
450 517
450 523
450 568
450 569
450 570
450 571
450 572
450 573
450 463
450 574
450 575
450 576
450 577
450 550
450 469
450 484
450 578
450 579
450 552
450 553
450 580
450 581
450 554
450 548
450 582
450 583
450 584
450 556
450 558
450 585
450 560
450 561
450 563
450 507
450 586
450 587
450 588
450 589
450 590
450 591
450 592
450 593
450 594
450 595
451 892
451 904
451 460
451 905
451 893
451 894
451 896
451 906
451 898
451 659
451 899
451 901
451 903
451 907
451 908
451 909
451 910
452 993
452 455
452 1012
453 1268
453 1454
453 1456
453 832
453 581
453 1457
453 1458
453 1459
453 1460
454 1515
454 464
454 1516
455 1034
455 1534
455 1297
455 1535
456 1049
456 1275
456 1065
456 1645
456 1646
456 1647
457 524
457 742
457 1707
457 1708
457 1709
457 757
457 1710
457 1711
457 1712
457 1713
458 1737
458 464
458 1738
458 554
459 1741
459 545
459 1534
459 462
459 1475
459 1391
459 767
459 1746
460 1763
462 723
462 938
462 1150
462 704
462 1063
462 1998
462 1999
462 1391
463 2254
463 574
463 575
464 947
464 948
464 989
464 2147
464 629
464 612
464 980
464 2274
464 2312
464 2406
464 2407
464 554
464 2408
464 2409
464 2049
464 1478
464 2410
464 2411
464 2148
464 2412
464 1894
464 2280
464 2413
464 2414
465 2437
465 2438
465 2439
466 659
466 2442
466 2443
466 774
467 799
467 581
467 1457
469 1019
469 1624
469 2581
470 966
470 1583
470 728
470 1584
470 730
470 1587
471 2582
471 2583
472 1750
472 2585
472 2586
472 2587
473 570
473 1442
473 2588
474 2590
474 2591
474 624
474 1709
474 2592
475 675
475 2593
475 2594
476 553
478 2595
478 2596
478 2597
478 2598
480 1701
480 2600
481 1345
484 572
485 2603
487 2604
488 2605
489 524
489 938
489 730
489 631
489 1063
489 753
489 2170
489 826
490 938
490 753
490 826
491 570
491 1236
491 659
491 1443
491 1441
491 774
493 494
494 495
494 496
494 497
494 498
495 1795
495 551
495 1908
495 1909
496 1795
496 552
496 1908
497 782
497 951
497 2247
497 2267
497 2191
497 1096
497 1097
497 2268
497 2269
497 2270
497 2271
497 1701
497 2272
497 2273
497 2274
497 748
497 2275
497 2276
497 2277
497 2278
497 2279
498 3098
499 501
500 502
500 503
500 504
504 1535
505 506
506 507
508 509
509 510
509 511
509 512
509 513
509 514
509 515
509 516
510 1433
510 630
510 1551
510 1552
511 512
511 513
511 514
511 516
511 1553
511 671
512 514
513 665
513 1554
515 666
515 667
515 669
515 670
517 518
517 519
517 520
517 521
518 543
518 544
518 545
518 546
518 547
519 528
519 596
519 597
519 598
519 599
519 600
519 601
519 602
520 603
520 604
520 605
521 606
521 607
521 608
521 609
522 528
522 712
522 597
522 713
522 598
522 714
522 715
522 716
522 717
522 718
522 719
522 720
522 721
522 722
523 723
523 575
523 724
523 725
523 726
524 569
524 741
524 742
524 743
524 744
524 745
524 746
524 747
524 748
524 749
524 750
524 751
524 752
524 753
524 754
524 755
524 756
524 757
525 575
525 758
528 712
528 759
528 770
528 679
528 597
528 713
528 714
528 716
528 717
528 771
528 718
528 719
528 720
528 721
528 760
528 772
528 773
528 548
528 774
528 775
528 776
528 777
529 759
529 785
529 569
529 680
529 760
529 810
530 993
530 994
530 995
530 1003
530 1004
532 1888
533 576
534 1607
534 1198
534 2620
534 1837
534 1141
534 2621
535 1722
540 597
542 948
543 914
543 932
543 905
543 544
543 933
543 934
543 546
543 935
543 768
544 1017
544 1523
544 905
544 933
544 1019
544 1624
544 899
544 1022
544 1023
544 1815
545 1832
545 1833
545 844
545 1834
545 654
545 902
545 1835
545 1836
545 1837
545 1279
545 1838
545 1839
545 1840
545 1841
545 1842
545 1405
545 1843
545 1844
545 1845
545 840
545 1846
545 1847
545 1848
545 1849
545 1850
545 1851
546 1047
546 549
546 1555
546 1048
546 1024
546 1560
546 2875
547 938
547 691
547 2930
547 2931
548 717
548 2638
548 2649
549 1621
549 1622
549 1623
549 1624
549 1625
549 935
549 1626
550 966
550 1577
550 727
550 1583
550 1584
550 730
551 683
552 575
552 683
552 558
553 624
553 554
553 2845
555 1954
555 575
556 575
556 557
557 575
557 585
557 561
558 703
558 575
559 1048
559 575
559 585
559 561
560 575
561 575
570 1028
570 1207
570 1404
570 1405
571 1877
572 1877
572 1769
572 2225
572 2226
572 2227
572 1258
572 2228
572 2229
573 2234
573 2252
573 2253
574 628
574 1214
574 2257
574 2258
575 2259
576 703
576 2288
576 2070
577 1964
577 1965
577 1054
577 2369
577 2199
577 1971
580 1443
580 2868
580 2917
581 783
582 1742
585 2259
586 688
586 1084
590 3072
595 1716
596 759
596 778
596 780
596 790
597 759
597 780
597 760
597 792
597 793
598 759
598 778
598 780
598 790
598 795
598 760
600 3020
600 775
600 3021
604 937
604 2425
604 2426
605 659
605 1118
605 1442
606 737
606 2396
606 2397
606 2398
606 2399
607 2397
607 2398
608 636
610 611
612 2267
612 2282
613 614
613 615
613 616
613 617
614 618
614 619
615 619
615 620
616 619
616 620
617 619
617 620
618 828
618 628
618 829
618 830
619 837
619 838
619 839
619 840
620 989
620 2140
620 1275
620 1874
620 652
620 1933
620 2336
620 2337
620 2338
620 839
620 1391
623 2666
623 624
624 2268
624 2271
624 625
626 1108
628 1819
629 790
629 2249
629 809
629 1114
629 632
629 2251
630 2433
630 2434
631 2647
632 808
633 790
633 809
633 1114
633 2251
633 2648
634 635
635 636
635 637
635 638
635 639
636 1397
636 1398
636 1399
636 1259
636 1400
636 1401
636 1402
636 1403
637 1397
637 1259
637 1400
637 1401
637 1403
640 1593
640 1148
640 1659
642 643
643 644
643 645
645 1127
645 1776
645 827
647 1146
647 1147
647 1148
647 1149
647 1150
647 1151
647 1152
647 1153
647 1154
647 1155
647 1156
647 1157
647 1158
647 1159
647 1160
647 1161
647 1162
647 1163
647 1164
647 1165
648 1437
648 828
648 1438
648 1152
648 659
648 1118
648 1439
648 1440
648 1441
648 1442
649 1437
649 828
649 659
649 1121
649 1439
649 1441
649 1442
650 1147
650 1151
650 2042
650 1158
650 1160
650 2043
650 2044
651 1151
651 1439
652 1285
652 1288
653 1154
654 1147
654 1154
654 1160
656 783
656 1150
657 1147
657 1152
657 1158
657 1160
658 783
658 1456
658 1150
658 1155
658 1627
659 895
659 1920
659 1763
659 1207
659 1628
660 661
662 663
662 664
662 665
662 666
663 665
663 666
663 667
663 668
663 669
663 670
664 666
664 669
665 666
665 668
665 669
665 671
666 668
666 669
666 670
668 669
668 1553
668 671
672 673
672 674
672 675
673 693
673 694
674 688
674 695
675 688
675 696
675 697
676 2620
677 678
677 2636
678 2637
678 2638
679 759
679 780
679 760
679 761
680 807
680 1703
680 792
681 1714
681 682
681 684
681 1232
681 1715
682 2113
682 2114
682 2115
682 2116
683 2362
683 2363
684 1313
686 881
686 2533
686 2541
686 794
687 728
687 2657
688 1288
689 2150
690 2791
691 1413
691 2792
692 1168
692 1170
692 1052
692 1182
693 2462
693 2465
693 2466
693 2467
694 2519
694 2520
694 2521
695 1667
695 1942
695 1475
695 2728
698 699
698 700
699 701
699 702
699 703
699 704
699 705
699 706
699 707
699 708
699 709
699 710
699 711
701 2068
701 2069
702 703
703 2070
703 1668
703 2069
703 2071
703 2072
703 2073
703 2074
703 2075
706 2076
706 2077
707 2078
707 2079
707 2080
707 2081
707 2082
708 1480
708 2083
712 759
712 778
712 779
712 780
712 781
713 759
713 760
713 794
714 759
714 760
714 761
715 759
715 760
715 761
715 792
716 819
717 1045
717 1905
717 1906
717 1907
718 778
718 779
718 781
718 760
718 2207
721 2208
721 2209
722 1087
723 849
723 1306
723 1406
723 1047
723 1407
723 1274
723 1408
723 1409
723 1410
723 1411
723 1412
723 1413
723 1414
723 978
723 1415
723 1416
723 1417
723 1418
723 1419
723 1420
723 1421
723 1422
723 1423
723 1424
723 1425
723 1426
723 1427
723 1428
723 1429
723 1430
723 1431
723 1432
723 1433
724 1919
727 977
727 1806
728 966
728 1745
728 1583
728 1584
728 1587
728 2030
728 2031
728 2033
729 2051
729 1457
729 1460
730 1781
730 1578
730 1583
730 735
730 1586
730 1587
730 2030
730 2031
730 2479
730 2480
731 2388
732 2633
733 966
733 1577
733 1583
733 1584
735 966
735 1583
735 1584
735 1586
735 1587
735 2030
735 2031
735 2033
736 966
737 1046
741 1315
741 1316
742 1131
742 1434
743 1603
744 1191
744 749
744 2131
744 2132
745 771
746 1892
746 2577
747 891
747 2577
747 2613
747 2614
748 2279
748 2770
749 846
750 1201
751 970
751 1880
751 1117
751 1985
751 1987
751 2834
753 2559
753 2329
753 2647
753 1776
753 1392
753 826
753 2976
753 2977
753 2978
753 2979
753 2980
753 2981
753 2982
753 2092
753 2983
753 2285
753 2984
754 808
754 2985
754 2986
756 2721
756 2987
759 770
759 782
759 783
759 784
759 785
759 786
759 787
760 780
760 782
760 785
760 786
760 773
760 2217
760 2218
761 784
761 792
761 772
761 2218
762 792
762 3029
764 2023
764 2024
766 2608
766 2609
766 2610
767 1475
768 2305
770 778
773 778
773 793
774 2972
775 2720
775 3021
776 3084
779 788
780 785
782 796
783 797
783 798
783 799
783 800
783 801
783 802
783 803
783 804
783 805
783 806
785 809
788 2207
788 3059
789 1449
789 3063
790 791
792 970
792 982
792 814
796 2190
796 2191
796 1457
797 1482
798 1382
798 1688
804 2938
805 2938
806 1286
807 816
807 811
807 814
808 2730
809 2283
809 2284
809 2285
809 2286
809 2287
817 818
818 819
820 821
820 822
821 823
821 824
822 823
822 825
822 826
822 824
822 827
826 1063
826 1071
826 2647
826 1776
826 1391
826 1392
826 2698
826 2025
826 3030
826 2507
826 2701
827 1391
827 1392
827 3030
827 3069
828 1067
828 1256
829 1822
830 1823
831 1454
831 1461
831 1183
831 1462
831 1192
831 1463
831 1464
831 1465
831 1466
832 1771
832 2729
832 1599
832 2340
837 1044
837 1046
838 2315
840 1848
841 842
841 843
842 844
843 845
843 846
843 847
844 1720
845 1716
845 1718
845 1719
845 1720
845 1721
846 2787
846 2788
848 849
848 850
848 851
848 852
848 853
848 854
848 855
848 856
850 857
850 858
850 859
850 860
852 857
852 861
852 862
852 863
854 857
854 861
854 864
854 865
854 866
857 1550
857 861
857 1253
858 2149
858 859
858 860
859 860
859 2332
859 2333
859 2334
859 2335
861 1550
864 2370
867 868
868 869
868 870
869 2378
869 2524
870 2525
871 872
871 873
872 874
872 875
872 876
873 877
874 2879
874 2880
874 2881
874 2595
874 2882
874 2883
874 2884
874 2885
875 1136
875 2940
876 2940
877 1050
879 1372
879 1653
879 1654
881 1187
881 1874
881 1205
881 1288
881 1937
881 1546
881 1934
881 2441
881 1360
883 1174
883 2495
883 1493
883 2103
883 2496
883 2497
884 2499
884 2059
884 2500
884 2167
884 2501
887 891
887 2615
888 2501
891 2616
891 2617
893 1346
893 1453
893 894
893 895
893 1920
893 1763
894 895
894 899
894 1921
895 1922
895 899
895 903
895 1923
895 907
895 909
895 1924
895 1925
895 1926
896 897
898 1536
898 2317
899 1920
899 1763
899 1019
899 1022
899 907
900 1169
900 1259
901 1920
901 1763
902 2724
902 1142
903 1920
903 1763
904 1017
904 1452
904 1453
905 933
906 2104
906 2105
907 1920
908 1920
909 1763
911 912
911 913
911 914
911 915
912 914
912 916
912 917
913 918
914 919
914 920
914 916
914 921
914 922
916 2096
917 1829
917 2376
917 2378
917 2379
917 1830
917 2380
918 1047
918 1555
918 1807
919 1567
919 1568
919 1082
921 939
921 940
923 925
924 926
924 927
925 2490
925 2494
926 1181
926 1251
927 3150
928 929
929 930
929 931
930 2877
930 2878
933 1019
935 1047
937 938
937 1627
938 939
938 940
938 1048
938 989
938 1042
938 1600
938 1630
939 1047
939 1297
940 1018
940 1038
940 1297
940 1642
944 1578
944 1067
944 3085
944 3086
946 947
946 948
947 949
947 950
947 951
947 952
947 953
947 954
947 955
947 956
948 957
948 949
948 958
948 959
949 1111
949 989
949 1631
949 1632
949 950
949 958
949 1754
950 1631
950 1754
951 1748
953 989
954 1695
954 955
954 2818
957 1049
958 1631
958 1754
959 1275
959 2301
961 962
962 963
963 2059
963 2778
963 2783
963 2786
963 2504
964 965
964 966
968 969
968 970
968 971
969 972
969 973
969 974
969 975
969 976
970 977
970 978
970 979
970 980
970 981
970 982
970 983
970 984
970 985
970 986
970 987
970 988
971 989
971 990
971 972
971 991
971 975
971 976
971 992
972 2988
972 2989
972 2683
972 973
973 2990
973 2991
977 1804
977 1805
978 2001
980 1982
980 2652
981 982
982 1995
982 2997
983 2649
989 1342
989 1018
989 1693
989 1757
989 1694
989 1695
989 1697
989 1698
993 994
993 995
993 996
993 997
994 995
994 998
994 999
994 1000
994 1001
994 1002
995 1005
995 1006
995 1007
995 1008
995 1009
995 1010
995 1011
997 1013
998 2925
1004 1518
1004 2944
1005 1006
1005 1007
1011 2756
1013 3143
1013 3144
1013 3145
1014 1015
1016 1289
1016 1291
1016 1295
1016 1296
1016 1297
1016 1298
1017 1018
1017 1079
1017 1024
1018 1796
1018 1891
1018 1624
1018 1894
1018 1822
1018 1895
1018 1896
1019 2634
1019 1624
1019 1020
1019 2635
1019 1278
1020 1199
1020 1624
1022 2862
1022 2864
1022 2865
1022 2866
1024 1047
1024 1555
1024 1796
1024 1624
1024 1079
1024 1740
1026 1027
1027 1028
1029 1030
1029 1031
1029 1032
1030 1031
1030 1033
1031 1032
1032 1033
1032 1042
1032 1043
1035 1051
1035 1052
1035 1897
1035 1898
1035 1183
1035 1901
1036 2211
1038 2178
1038 2711
1038 2696
1038 2712
1039 2080
1039 2321
1042 1917
1043 2319
1043 2457
1043 2711
1043 2896
1044 1045
1045 1102
1045 1103
1045 1104
1046 1511
1046 1360
1047 1290
1047 1291
1047 1292
1047 1555
1047 1295
1047 1556
1047 1053
1047 1557
1047 1558
1047 1559
1047 1560
1047 1297
1047 1561
1047 1562
1047 1563
1047 1564
1047 1565
1048 1111
1048 1643
1048 1081
1048 1090
1048 1092
1048 1297
1049 1644
1050 1764
1050 1766
1050 1767
1050 1768
1050 1769
1051 1867
1051 1056
1052 1867
1052 1183
1052 1056
1052 1870
1054 1965
1054 1966
1054 1194
1054 1055
1054 1968
1054 1969
1055 1180
1056 1186
1056 1192
1056 1278
1059 1081
1061 2690
1063 1342
1063 1392
1065 2691
1066 2158
1067 1716
1067 2166
1067 1068
1067 2692
1067 2693
1067 2694
1067 2695
1067 2696
1067 2697
1068 2697
1071 1384
1071 1882
1071 2698
1071 2699
1071 2700
1071 2701
1072 2250
1072 2702
1072 2703
1072 2704
1076 2705
1076 2706
1076 2707
1076 2708
1076 2709
1079 1796
1081 1090
1082 1568
1084 1579
1090 2713
1094 1279
1095 2301
1095 2052
1095 2716
1095 2717
1095 2718
1096 2107
1096 1097
1097 2107
1098 2301
1098 2052
1102 1169
1102 1220
1103 1710
1106 1107
1106 1108
1106 1109
1106 1110
1107 1108
1107 1109
1107 1124
1107 1119
1107 1125
1107 1126
1108 1109
1108 1110
1108 1127
1108 1119
1109 1110
1109 1127
1110 1119
1111 1631
1111 1632
1111 1633
1111 1634
1111 1635
1111 1636
1111 1637
1111 1638
1111 1639
1111 1640
1111 1641
1112 1338
1112 1517
1112 2063
1112 2064
1114 2567
1114 2329
1117 1906
1119 1126
1119 2926
1119 2927
1120 2928
1122 2929
1124 2060
1126 1127
1127 2213
1128 1129
1128 1130
1128 1131
1128 1132
1128 1133
1128 1134
1128 1135
1128 1136
1131 1137
1131 1138
1132 1137
1132 1138
1136 1141
1136 1142
1137 1670
1138 1824
1139 1381
1139 1140
1139 1384
1139 1389
1139 1141
1139 1390
1140 1381
1140 1384
1140 1389
1140 1141
1141 2444
1141 2903
1141 2904
1141 1647
1145 1923
1147 1548
1147 1549
1148 1482
1148 1662
1148 1663
1148 1664
1149 1317
1150 1956
1150 1957
1150 1248
1150 1645
1151 1671
1151 2036
1151 2037
1151 2038
1151 2039
1152 1181
1152 1209
1153 1185
1156 1233
1158 1938
1158 2489
1159 1168
1159 1253
1166 1167
1166 1168
1166 1169
1166 1170
1166 1171
1167 1172
1168 1247
1168 1180
1168 1195
1168 1248
1168 1249
1168 1250
1168 1251
1169 1252
1169 1253
1169 1172
1169 1254
1169 1255
1169 1256
1169 1257
1169 1258
1169 1259
1169 1260
1169 1261
1169 1262
1169 1263
1169 1264
1170 1242
1172 1918
1172 1241
1172 1919
1173 1265
1173 1266
1173 1267
1173 1268
1174 1320
1174 1324
1176 1285
1177 1265
1178 1290
1179 1604
1179 1617
1180 1684
1180 1186
1180 1194
1181 1809
1181 1182
1181 1874
1181 1195
1182 1265
1182 1195
1182 1209
1182 1224
1182 1288
1182 1884
1182 1885
1183 1897
1183 1898
1183 1901
1183 1869
1184 1185
1184 1186
1184 1932
1185 1265
1185 1482
1185 1662
1185 1874
1185 1933
1185 1279
1186 1934
1187 1482
1187 1918
1187 1313
1188 1972
1188 1973
1189 1383
1189 1285
1190 1285
1190 1874
1192 2086
1192 2141
1192 1652
1192 2146
1193 2236
1194 1662
1194 1935
1194 1395
1195 1455
1198 2134
1198 2423
1199 1216
1199 2168
1199 2424
1201 2427
1201 2428
1203 1484
1203 2430
1203 2431
1204 2432
1205 1218
1205 1269
1205 2435
1206 1722
1206 2436
1207 2440
1208 2114
1208 2450
1214 2258
1216 2452
1218 1360
1219 1266
1220 2453
1222 1353
1222 2455
1223 2456
1225 2457
1225 1464
1229 2161
1229 2458
1231 1242
1233 1288
1236 2459
1240 1383
1241 1929
1242 2460
1242 2461
1246 2111
1251 2818
1251 2848
1253 1781
1253 1867
1253 1868
1253 1869
1254 2850
1254 2692
1254 2807
1255 2692
1256 2692
1256 3009
1258 3055
1260 3056
1265 1270
1265 1271
1266 1272
1267 1283
1267 1284
1268 1285
1268 1286
1268 1287
1268 1288
1269 1727
1271 2731
1272 1915
1275 1342
1275 1644
1275 2302
1275 2303
1276 1874
1276 2578
1279 2429
1279 2642
1281 1313
1284 2961
1284 2962
1285 1395
1285 1396
1286 1482
1286 2117
1286 1662
1286 1395
1286 2118
1286 2119
1286 2120
1287 2622
1287 2530
1287 2623
1287 2624
1288 1396
1289 1290
1289 1291
1289 1292
1290 1293
1291 1294
1293 1566
1293 1298
1296 2518
1297 1555
1300 2484
1300 2485
1300 2486
1302 2481
1302 2487
1303 1945
1303 2488
1305 1306
1305 1307
1306 1308
1306 1309
1306 1310
1306 1311
1306 1312
1307 1313
1307 1312
1307 1314
1308 2135
1308 2136
1308 2137
1309 1427
1310 3092
1311 1427
1312 3093
1313 1888
1313 3025
1313 3026
1314 3153
1317 1319
1320 1321
1320 1322
1320 1323
1322 1325
1322 1326
1323 1327
1324 2153
1324 2498
1325 1415
1325 2088
1325 1462
1325 1695
1325 2089
1325 2090
1325 2091
1328 1329
1329 1330
1329 1331
1329 1332
1329 1333
1329 1334
1329 1335
1329 1336
1334 2799
1335 2939
1337 1338
1338 1339
1338 1340
1340 2063
1340 2652
1341 1342
1343 1344
1343 1345
1343 1346
1343 1347
1343 1348
1343 1349
1344 1350
1344 1351
1345 1372
1345 1358
1345 1359
1345 1365
1346 1350
1346 1373
1349 1374
1349 1375
1349 1376
1350 1889
1351 3070
1352 1604
1353 1604
1359 2943
1359 2914
1360 2953
1369 2958
1369 2953
1372 1648
1372 1649
1372 1650
1372 1651
1373 2820
1374 2294
1375 2294
1381 1382
1381 1383
1381 1384
1382 1385
1383 1386
1383 1387
1383 1388
1384 1391
1384 1392
1384 1393
1385 2514
1386 2121
1389 2774
1389 2775
1391 2904
1392 2904
1392 2698
1392 2284
1392 3030
1392 2976
1392 2507
1393 2700
1393 3149
1394 1816
1399 2097
1400 1444
1401 3061
1401 3062
1404 3048
1407 1871
1410 1988
1410 1995
1411 1996
1412 1413
1412 1414
1412 1997
1413 1997
1414 1997
1414 2000
1422 2002
1423 2003
1425 1961
1425 2004
1431 2005
1432 1827
1432 2006
1434 1435
1434 1436
1438 2007
1438 2008
1438 2009
1438 2010
1439 1489
1441 2407
1441 2585
1442 2375
1442 1628
1443 2687
1443 2596
1443 2688
1443 2689
1443 2022
1454 1455
1456 1457
1457 1822
1461 1481
1461 1489
1462 2094
1462 1771
1462 1599
1462 2095
1467 1590
1467 1591
1467 1468
1467 1469
1467 1470
1468 1590
1468 1591
1468 1593
1468 1594
1469 1590
1469 1470
1469 1471
1470 1590
1470 1591
1471 2140
1475 2205
1475 2649
1475 2650
1475 2651
1481 1482
1481 1483
1482 1484
1485 1941
1485 1946
1485 1947
1485 1948
1485 1949
1485 1950
1487 2804
1488 2805
1488 2806
1488 2807
1490 1491
1491 1509
1491 1510
1496 1876
1509 2312
1511 1521
1513 2011
1513 2015
1513 2016
1514 1748
1514 2148
1516 3114
1517 2421
1518 2856
1518 2857
1522 1523
1523 1524
1523 1525
1526 1527
1526 1528
1526 1529
1527 1530
1527 1531
1527 1532
1527 1533
1528 1530
1529 1530
1529 1532
1530 1614
1530 2057
1530 2058
1531 2057
1532 2058
1535 3039
1536 1539
1536 1540
1537 1541
1538 1542
1539 1883
1540 1991
1540 1993
1540 1994
1541 2046
1541 2047
1541 2048
1543 1544
1544 1545
1544 1546
1544 1547
1545 2837
1545 2838
1546 2422
1546 2839
1546 2840
1546 2841
1551 2178
1551 2674
1552 1813
1555 1560
1555 1564
1556 1927
1556 1931
1557 2404
1557 1571
1558 1623
1559 2916
1560 1796
1567 1568
1568 1872
1570 2381
1573 1574
1573 1575
1573 1576
1573 1577
1574 1578
1574 1579
1574 1580
1575 1580
1575 1581
1576 1589
1577 1578
1579 1580
1583 1745
1583 1589
1583 1586
1583 1587
1583 2030
1583 2031
1583 2032
1583 2033
1586 1587
1586 2030
1586 2031
1587 2030
1587 2031
1587 2032
1589 1745
1589 2029
1590 1591
1590 1592
1592 1595
1593 1660
1593 1661
1597 1904
1599 1771
1599 1778
1604 1605
1604 1606
1604 1607
1604 1608
1604 1609
1606 1610
1606 1611
1608 1612
1608 1613
1608 1614
1608 1615
1608 1616
1609 1618
1609 1619
1610 2847
1611 2847
1611 2079
1612 1810
1613 1810
1613 1811
1613 1812
1613 1813
1613 1814
1614 1811
1614 1812
1614 1940
1615 2366
1617 2902
1622 2518
1625 2874
1629 2000
1631 1758
1633 1636
1633 1638
1633 1797
1634 1635
1634 2959
1634 1636
1634 2960
1634 1637
1638 1797
1643 2639
1645 2722
1648 1652
1652 2192
1652 2193
1652 2087
1652 2194
1653 2309
1655 1656
1656 1657
1656 1658
1657 1886
1658 1887
1660 2212
1661 1681
1661 1683
1661 2212
1662 2245
1664 2451
1665 1666
1665 1667
1666 1668
1666 1669
1668 2311
1668 2312
1673 2789
1680 1681
1681 1682
1681 1683
1684 1685
1684 1686
1687 1688
1687 1689
1688 1690
1691 2189
1693 2219
1693 2220
1694 2381
1695 1754
1695 2659
1695 2660
1700 3067
1700 3068
1701 2767
1703 1704
1704 1705
1708 2815
1709 1774
1709 2970
1709 2971
1716 1717
1716 1722
1716 1723
1716 1724
1716 1725
1716 1726
1716 1727
1716 1728
1716 1729
1716 1730
1716 1731
1716 1721
1716 1732
1716 1733
1716 1734
1716 1735
1717 1726
1717 1721
1717 1734
1718 2553
1720 2912
1720 2914
1720 2915
1721 3130
1721 3138
1722 2560
1722 2265
1722 2561
1725 1726
1725 2813
1726 2813
1728 2813
1730 3108
1730 3109
1732 3141
1732 3142
1737 1875
1737 1876
1741 1742
1741 1743
1742 1744
1743 1745
1744 2069
1744 2740
1744 2996
1745 2029
1748 1749
1748 2147
1749 2147
1750 2331
1750 2415
1750 2793
1750 2794
1750 2795
1751 1858
1751 2809
1751 2810
1751 1861
1753 2846
1754 1762
1764 1765
1768 2053
1768 2054
1768 1798
1768 2055
1768 2056
1769 1882
1770 1820
1771 2163
1771 2167
1771 2168
1771 1777
1771 1778
1771 1779
1771 2169
1771 2170
1771 2095
1773 2440
1773 2918
1773 2919
1775 2649
1775 2968
1777 2969
1780 1781
1781 1782
1781 1783
1781 1784
1781 1785
1781 1786
1781 1787
1781 1788
1781 1789
1781 1790
1781 1791
1781 1792
1781 1793
1784 2963
1784 3015
1785 2963
1786 2234
1786 3037
1787 3115
1790 2487
1794 1795
1796 1801
1796 1802
1796 1803
1801 2732
1808 1809
1816 1817
1816 1818
1822 2841
1822 2459
1824 1825
1824 1826
1824 1827
1825 2290
1825 2291
1825 2292
1827 2291
1827 1901
1827 3146
1828 1829
1829 1830
1829 1831
1835 2735
1835 2736
1835 2737
1837 1952
1837 2819
1838 2859
1838 2860
1838 2861
1840 2263
1840 2922
1840 2923
1840 2924
1853 2154
1853 2155
1853 2156
1853 2157
1853 2158
1853 2159
1853 2160
1853 1854
1853 2161
1853 2162
1854 1855
1856 2565
1858 2809
1858 2810
1858 1859
1859 2312
1859 2811
1859 2812
1868 1917
1868 3010
1868 3011
1868 3012
1869 2900
1874 2420
1874 2421
1874 2422
1874 2119
1876 2163
1876 2171
1876 2172
1879 2603
1881 2691
1882 3045
1885 3018
1886 2968
1886 3060
1891 1892
1891 1893
1894 3000
1896 3080
1897 1898
1897 1899
1898 1900
1899 1900
1899 1902
1899 1903
1900 2899
1900 2900
1901 2759
1902 2111
1906 1984
1906 1985
1906 1990
1907 2261
1907 1945
1907 2262
1907 2263
1907 2264
1908 2905
1908 2906
1908 2907
1909 3017
1910 1911
1910 1912
1910 1913
1910 1914
1911 1915
1912 1916
1912 1917
1915 2849
1917 2534
1918 1929
1921 3090
1922 2611
1922 2612
1923 2078
1923 2327
1923 2429
1923 3044
1927 1928
1928 1929
1928 1930
1933 2119
1936 2640
1936 2120
1936 2641
1936 2642
1936 2643
1936 2644
1936 2645
1936 2646
1937 2685
1940 2674
1941 1942
1942 1943
1942 1944
1942 1945
1951 1952
1953 1954
1954 1955
1957 2140
1957 2293
1958 1959
1958 1960
1959 1960
1959 1961
1961 2122
1961 2123
1961 2124
1961 2125
1961 2126
1961 2127
1961 2128
1961 2129
1961 2130
1962 1963
1962 1964
1962 1965
1963 1964
1963 1966
1963 1967
1964 1966
1964 1968
1964 1969
1964 1970
1964 1971
1966 1968
1968 2367
1968 1970
1969 2368
1971 2710
1972 1974
1972 1975
1972 1976
1973 1977
1973 1978
1974 3025
1974 3026
1974 3027
1974 3028
1976 3025
1976 3026
1976 3028
1977 2034
1977 2035
1979 2230
1980 2822
1980 2606
1981 1982
1982 1983
1983 2099
1983 1988
1986 2835
1987 1988
1988 2844
1991 1992
1992 1993
1995 2650
2000 3099
2000 3093
2002 2138
2002 2140
2003 2400
2003 2401
2011 2012
2011 2013
2011 2014
2014 2017
2015 3041
2015 3042
2017 2101
2017 2494
2017 2714
2018 2019
2018 2020
2018 2021
2019 2020
2020 2021
2021 2022
2024 2025
2024 2026
2024 2027
2024 2028
2025 2904
2025 2698
2028 2314
2030 2031
2031 2032
2036 2040
2036 2041
2037 2040
2038 2040
2039 2045
2040 2748
2043 3066
2046 2049
2046 2050
2049 2999
2052 2304
2052 2305
2052 2306
2053 2054
2053 3116
2053 3117
2059 2500
2059 2167
2059 2298
2059 2503
2059 2504
2059 2505
2065 2990
2069 2392
2069 2676
2069 2677
2069 2073
2069 2075
2070 2289
2074 2740
2074 2934
2078 2326
2078 2328
2078 2329
2078 2330
2078 2331
2079 2847
2080 2319
2080 2081
2080 2898
2080 2082
2081 2963
2081 2964
2081 2965
2085 2086
2086 2087
2093 2188
2093 3095
2097 2098
2098 3078
2098 3079
2100 2101
2100 2102
2101 2103
2104 2105
2106 2107
2106 2108
2107 2108
2107 2109
2108 2110
2108 2111
2108 2112
2113 2579
2114 2855
2117 2141
2118 2543
2118 2544
2118 2545
2133 2134
2136 2457
2136 2897
2138 2139
2141 2142
2141 2143
2141 2144
2141 2145
2148 2414
2149 2150
2149 2151
2150 2152
2150 2153
2153 2749
2155 2535
2156 2538
2157 2539
2161 2536
2161 2540
2162 2536
2163 2164
2163 2165
2163 2166
2166 2172
2167 2506
2167 2504
2167 2507
2168 2507
2172 2693
2172 2694
2172 2696
2172 2697
2173 2174
2175 2176
2175 2177
2175 2178
2175 2179
2175 2180
2177 2181
2177 2182
2177 2183
2177 2184
2178 2181
2178 2182
2178 2183
2178 2184
2178 2185
2178 2186
2180 2184
2181 2184
2183 3050
2187 2188
2193 2725
2193 2726
2195 2196
2196 2197
2196 2198
2198 3038
2200 2256
2201 2566
2204 2568
2206 2260
2208 2990
2208 3006
2208 3007
2214 2215
2215 2216
2216 2746
2219 2220
2220 2221
2222 2223
2224 2230
2224 2231
2226 2590
2227 2568
2227 2827
2227 2937
2233 2234
2237 2238
2238 2239
2238 2240
2238 2241
2239 2627
2240 2876
2241 2682
2246 2247
2246 2248
2247 2248
2249 2250
2254 2255
2254 2256
2257 2522
2257 2523
2260 3112
2260 2684
2265 2975
2270 2407
2272 2768
2272 2769
2274 2407
2276 2771
2276 2772
2279 2773
2280 3001
2284 3030
2284 3069
2295 2296
2300 2653
2300 2654
2300 2655
2300 2656
2301 2304
2301 2305
2301 2306
2301 2307
2308 2309
2309 2310
2311 2516
2312 2812
2312 2842
2312 2843
2313 2314
2314 2315
2314 2316
2318 2319
2318 2320
2319 2321
2319 2322
2319 2323
2319 2324
2319 2325
2320 2321
2320 2323
2320 2324
2321 2898
2326 2327
2331 2793
2331 3043
2336 3023
2363 2828
2364 2365
2365 2366
2366 2607
2369 3083
2370 2371
2370 2372
2370 2373
2371 2893
2371 2373
2374 2375
2376 2377
2378 2526
2378 2524
2379 2956
2379 2957
2381 2382
2384 2388
2384 2389
2387 2734
2388 2389
2388 2390
2388 2391
2388 2392
2389 2393
2389 2394
2389 2395
2390 2546
2390 2548
2390 2394
2392 2393
2392 2606
2393 2546
2393 2549
2394 2549
2394 2550
2405 2415
2405 2416
2406 2867
2408 2998
2415 3131
2415 3132
2417 2418
2420 2421
2420 2494
2421 2508
2427 2577
2427 2829
2432 2830
2433 2813
2433 2814
2436 2561
2437 2571
2437 2575
2440 2510
2440 2511
2444 2973
2444 2974
2451 3019
2457 2714
2457 2895
2459 3048
2462 2463
2463 2464
2463 2465
2466 2631
2468 2469
2468 2470
2468 2471
2468 2472
2469 2473
2469 2474
2470 2475
2471 2473
2471 2476
2471 2477
2472 2475
2472 2478
2473 2563
2473 2569
2473 2570
2474 2563
2475 2669
2487 2954
2487 2955
2489 3046
2489 3047
2490 2491
2490 2492
2490 2493
2494 2509
2495 2517
2496 2671
2499 2502
2500 2503
2502 2779
2502 2780
2502 2785
2506 2673
2509 2967
2510 2511
2510 2512
2513 2514
2515 2516
2519 2520
2520 2521
2524 2526
2526 2527
2528 2529
2529 2530
2529 2531
2530 2622
2530 2625
2530 2531
2530 2626
2531 2626
2532 2533
2546 2547
2546 2548
2546 2549
2547 2548
2547 2549
2548 2549
2551 2552
2552 2553
2554 2555
2554 2556
2555 2556
2558 2559
2562 2563
2563 2564
2564 2569
2567 2756
2567 2908
2568 2740
2568 2743
2568 2744
2568 2933
2569 2675
2571 2572
2571 2573
2571 2574
2579 2580
2581 2661
2581 2662
2581 2663
2581 2664
2582 2665
2585 3003
2585 3004
2585 3005
2587 3003
2588 3064
2590 2667
2590 2668
2592 3035
2596 3002
2598 3002
2599 3096
2601 3140
2604 2740
2604 2741
2604 2742
2612 2808
2613 3034
2622 2623
2623 2624
2624 2920
2625 2796
2626 2821
2629 2630
2629 2631
2631 2632
2644 2952
2649 2654
2659 2817
2662 2870
2663 2870
2663 2872
2663 2873
2664 2870
2669 2670
2670 2671
2670 2672
2671 2675
2671 2719
2672 2803
2675 2798
2680 2681
2680 2682
2682 2684
2683 2988
2683 2989
2684 3154
2693 3051
2693 3052
2696 3113
2698 2699
2698 3058
2698 2700
2699 2700
2704 3134
2711 2890
2711 3057
2715 3040
2719 2939
2727 2776
2728 2851
2735 2738
2735 2739
2737 2738
2740 2743
2740 2744
2740 2745
2740 2746
2740 2747
2743 2934
2743 2935
2744 2934
2744 2936
2745 2934
2746 3076
2746 3077
2747 2934
2747 3091
2749 3024
2754 2755
2754 2756
2754 2757
2756 2758
2759 2760
2759 2761
2759 2762
2759 2763
2759 2764
2759 2765
2760 2766
2766 3053
2766 3054
2767 2932
2768 2769
2769 2992
2771 2772
2771 2941
2776 2777
2778 2779
2778 2780
2779 2781
2779 2782
2780 2781
2780 2785
2784 2995
2786 2858
2789 2790
2791 2945
2791 2946
2791 2947
2791 2948
2791 2949
2791 2950
2791 2951
2793 3043
2797 2798
2798 2799
2808 2921
2809 2810
2813 2814
2815 2816
2818 2848
2818 3097
2823 2824
2824 2825
2824 2826
2824 2827
2830 2831
2830 2832
2835 2836
2839 2942
2840 2994
2842 2843
2848 3097
2852 2853
2853 2854
2854 2868
2854 2869
2861 3016
2862 2863
2864 2866
2868 2869
2870 2871
2871 2872
2872 3035
2872 3036
2873 3035
2880 2881
2882 2883
2886 2887
2886 2888
2886 2889
2886 2890
2886 2891
2890 2892
2892 3135
2893 2894
2897 3032
2897 3033
2898 3119
2898 3120
2901 2902
2910 3148
2912 2913
2917 3128
2922 2923
2932 3074
2953 3127
2961 2993
2963 2966
2968 3087
2968 3088
2968 3089
2972 3137
2973 3151
2974 3151
2984 3071
2990 3014
2991 3014
2995 3111
3000 3152
3007 3139
3012 3013
3021 3022
3047 3126
3069 3100
3069 3101
3069 3102
3069 3103
3069 3104
3069 3105
3069 3106
3081 3082
3082 3083
3093 3099
3093 3133
3107 3108
3107 3109
3108 3110
3109 3110
3112 3147
3119 3120
3120 3121
3120 3122
3120 3123
3120 3124
3120 3125
3129 3130
3135 3136
