0 1
0 2
0 3
0 4
0 5
0 6
0 7
0 8
0 9
0 10
1 11
1 12
1 13
1 14
1 15
1 16
1 17
1 18
1 7
1 19
1 9
1 20
1 21
1 10
1 22
2 238
2 11
2 241
2 242
2 179
2 105
2 15
2 243
2 244
2 245
2 9
2 246
3 168
3 177
3 220
3 221
3 238
3 239
3 31
3 223
3 660
3 105
3 224
3 225
3 226
3 320
3 4
3 5
3 227
3 6
3 229
3 244
4 36
4 220
4 315
4 616
4 407
4 793
4 515
4 863
4 660
4 1073
4 1052
4 226
4 236
4 320
4 470
4 1121
4 207
4 311
4 907
4 243
4 617
4 758
4 471
4 409
4 618
4 324
4 229
4 244
4 754
4 580
4 663
4 1124
4 246
4 68
4 185
4 325
4 1082
5 177
5 515
5 251
5 1219
5 68
6 177
6 178
6 434
6 251
6 288
6 289
6 1327
6 290
6 68
7 537
7 15
7 8
7 394
7 10
8 392
8 12
8 432
8 549
8 970
8 1020
8 191
8 337
8 1272
8 121
8 394
8 401
9 177
9 238
9 11
9 407
9 241
9 242
9 179
9 105
9 952
9 15
9 1223
9 17
9 18
9 245
9 20
9 10
10 221
10 11
10 239
10 12
10 13
10 242
10 234
10 14
10 347
10 15
10 348
10 16
10 107
10 17
10 18
10 122
10 466
10 1219
10 245
10 20
10 21
10 124
10 350
11 221
11 239
11 13
11 346
11 242
11 234
11 235
11 347
11 348
11 16
11 349
11 122
11 245
11 21
11 350
12 249
12 13
12 116
12 455
12 95
12 456
12 96
12 118
12 457
12 458
12 348
12 459
12 460
12 461
12 121
12 462
12 98
12 245
12 271
12 331
12 124
12 391
12 463
12 68
13 221
13 242
13 14
13 235
13 348
13 16
13 350
14 239
14 234
14 235
14 348
14 925
14 349
14 34
14 350
15 1109
15 348
15 1126
15 17
15 1127
15 245
15 20
15 21
17 242
17 347
17 350
18 556
18 171
18 20
18 21
19 1259
19 20
20 242
20 21
21 1313
21 466
21 271
22 432
22 664
22 548
22 893
22 32
22 552
22 1041
22 631
22 435
22 706
22 468
22 171
22 695
22 896
22 574
23 24
23 25
24 913
24 997
24 586
24 854
24 787
24 360
24 981
25 478
25 479
25 583
25 483
25 825
26 27
26 28
26 29
27 92
27 93
28 93
28 285
30 31
30 32
30 33
30 34
30 35
31 432
31 434
31 251
31 631
31 717
31 567
31 568
31 437
31 185
32 432
32 537
32 254
32 255
32 767
32 604
32 632
32 605
32 258
32 568
32 633
32 770
32 607
32 695
32 33
32 771
32 976
32 263
33 953
33 335
33 435
33 468
33 338
33 1034
33 912
33 359
33 362
33 363
33 573
33 68
33 574
34 432
34 255
34 549
34 346
34 234
34 555
34 349
34 258
34 540
35 432
35 1323
35 568
36 37
36 38
36 39
36 40
36 41
36 42
36 43
36 44
36 45
36 46
37 315
37 445
37 204
37 39
37 468
37 40
37 469
37 470
37 471
37 229
37 325
38 275
38 41
40 317
40 715
40 1026
40 874
40 320
40 469
40 1121
40 716
40 1150
40 46
40 1151
40 325
41 275
41 469
41 42
41 43
42 275
42 205
42 453
42 43
42 776
42 44
42 46
43 198
43 199
43 200
43 202
43 333
43 911
43 552
43 335
43 205
43 206
43 357
43 336
43 337
43 339
43 358
43 208
43 1281
43 44
43 450
43 787
43 360
43 361
43 363
43 210
44 199
44 200
44 178
44 775
44 205
44 336
44 532
44 453
44 776
44 46
45 515
45 236
45 320
45 1074
45 227
45 579
45 1082
46 275
46 564
46 1293
46 776
46 862
46 325
47 48
47 49
47 50
47 51
47 52
48 53
48 54
48 55
49 53
49 511
49 54
49 802
49 803
49 401
49 386
50 53
50 511
50 54
50 278
50 621
50 51
50 1112
50 629
50 55
50 903
50 716
50 810
50 535
51 54
51 653
51 936
51 1066
51 331
52 505
52 266
52 279
52 318
52 982
52 984
52 1065
52 628
52 629
52 898
52 903
52 968
52 1133
53 511
53 55
53 386
54 521
54 336
54 744
54 745
55 511
55 386
56 57
56 58
56 59
56 60
57 59
58 852
58 853
58 854
58 89
58 237
58 855
58 856
60 69
60 70
60 527
60 602
60 74
60 542
60 935
60 1053
60 791
60 909
60 294
60 1325
60 68
61 62
62 149
62 916
62 670
62 578
62 788
62 1204
62 928
62 1275
62 1269
62 1307
62 1312
62 929
62 301
62 1270
62 1271
62 814
63 64
63 65
64 109
64 250
64 461
64 648
64 1032
64 65
64 68
65 250
65 251
65 648
65 1032
65 270
66 67
66 68
67 305
67 306
67 307
67 308
67 309
67 68
68 100
68 101
68 143
68 177
68 180
68 220
68 286
68 370
68 93
68 406
68 102
68 513
68 292
68 432
68 407
68 434
68 738
68 732
68 117
68 182
68 796
68 547
68 95
68 96
68 920
68 223
68 921
68 268
68 250
68 234
68 179
68 306
68 809
68 900
68 183
68 935
68 626
68 557
68 337
68 613
68 164
68 226
68 236
68 627
68 739
68 495
68 1145
68 1149
68 679
68 532
68 320
68 184
68 453
68 1172
68 1152
68 522
68 496
68 113
68 107
68 408
68 311
68 227
68 1299
68 289
68 740
68 1319
68 471
68 167
68 409
68 462
68 1328
68 1329
68 98
68 417
68 1320
68 737
68 979
68 910
68 607
68 212
68 420
68 741
68 810
68 246
68 83
68 437
68 185
69 70
69 71
69 72
69 73
69 74
69 75
69 76
69 77
69 78
69 79
69 80
69 81
69 82
69 83
70 72
70 186
70 74
70 187
70 188
70 189
70 190
70 191
70 79
70 192
70 80
70 193
70 81
70 194
70 142
70 82
70 195
70 128
70 196
70 197
71 493
71 494
71 191
71 495
71 496
71 497
71 83
71 197
72 74
72 508
72 142
73 576
74 393
74 781
74 75
74 187
74 77
74 190
74 80
74 128
75 674
75 790
75 791
76 834
76 835
76 190
76 905
76 139
76 142
76 82
76 467
76 677
77 588
77 608
77 465
77 186
77 674
77 529
77 1023
77 791
77 83
78 588
78 186
78 529
78 83
79 139
79 80
79 194
79 142
80 190
80 905
80 81
80 960
80 142
81 190
81 194
81 142
81 128
82 353
82 576
82 508
82 456
82 845
82 809
82 347
82 190
82 905
82 729
82 139
82 1192
82 802
82 1007
82 847
82 1316
82 193
82 194
82 142
82 1135
82 1334
82 1335
82 123
82 83
82 1178
83 510
83 588
83 680
83 860
83 901
83 845
83 938
83 1023
83 1005
83 1007
83 1171
83 193
83 195
83 128
84 85
84 86
84 87
84 88
84 89
84 90
84 91
85 87
85 88
85 90
85 91
86 217
86 237
87 129
87 438
87 478
87 479
87 584
87 787
87 483
87 444
88 853
88 914
89 438
89 755
89 857
89 582
89 1043
89 777
89 444
90 314
90 1203
90 1282
91 439
91 853
91 1297
91 1298
92 310
92 311
92 312
92 212
92 285
93 388
93 389
93 390
93 308
93 212
93 391
94 95
94 96
94 97
94 98
94 99
95 276
95 116
95 96
95 97
95 809
95 880
95 881
95 882
95 883
95 884
95 416
95 160
95 98
95 417
95 498
95 419
95 420
95 741
96 659
96 917
96 918
96 809
96 119
96 347
96 233
96 228
96 244
96 619
96 302
96 418
96 497
96 419
96 694
97 712
97 182
97 306
97 809
97 183
97 882
97 352
97 98
97 713
97 419
97 420
97 741
98 966
98 884
98 498
98 419
99 616
99 547
99 659
99 918
99 1052
99 233
99 409
99 618
99 466
99 1039
99 662
99 663
100 101
100 102
100 103
100 104
100 105
100 106
100 107
100 108
101 116
101 102
101 117
101 118
101 119
101 120
101 121
101 122
101 123
101 124
102 116
102 511
102 104
102 512
102 107
102 245
102 271
103 104
103 108
103 397
104 107
104 108
104 707
105 238
105 239
105 179
107 239
107 1109
107 108
107 1078
107 1219
108 348
108 124
109 110
109 111
109 112
109 113
109 114
109 115
110 112
110 114
110 271
111 264
111 992
111 112
111 270
111 271
112 461
112 171
112 270
112 115
112 271
113 461
113 115
113 271
114 819
114 1247
114 1078
114 270
114 115
115 271
115 272
116 498
116 122
116 397
116 463
117 509
117 508
117 414
117 774
117 311
117 193
117 677
118 119
118 310
118 459
118 1001
118 523
118 121
118 122
118 419
118 391
119 183
119 459
119 123
120 809
120 881
120 347
120 357
120 1020
120 122
120 391
120 516
121 424
121 267
121 1003
121 414
121 1020
121 191
121 435
121 164
121 495
121 459
121 1209
121 1001
121 523
121 122
121 397
121 124
121 391
121 197
122 221
122 792
122 549
122 234
122 1030
122 310
122 164
122 459
122 523
122 1211
122 466
122 397
122 124
123 139
123 1236
123 525
123 1178
124 172
124 789
124 349
124 245
125 126
125 127
125 128
126 399
126 845
126 815
126 193
127 128
128 213
128 514
128 608
128 755
128 781
128 1054
128 846
128 847
128 1171
128 497
129 130
129 131
129 132
129 133
129 134
130 131
130 291
130 292
130 293
130 294
130 134
130 295
131 296
131 297
131 291
131 298
131 150
131 299
131 152
131 300
131 134
131 301
131 302
131 295
131 157
131 303
132 149
132 293
132 479
132 520
132 145
132 310
132 379
132 287
132 302
133 147
133 292
133 299
133 152
133 134
133 301
133 1168
133 384
133 295
133 157
133 423
134 291
134 298
134 292
134 425
134 299
134 152
134 154
134 300
134 294
134 524
134 301
134 155
134 383
134 384
134 302
134 295
134 157
135 136
136 199
136 200
136 333
136 205
136 788
136 339
137 138
137 139
137 140
137 141
137 142
138 728
138 729
138 730
139 905
139 1143
139 1177
139 193
139 142
139 677
139 1178
141 1169
141 741
142 189
142 190
142 729
142 194
142 960
142 1135
142 467
142 386
142 196
144 145
144 146
145 149
145 293
145 826
145 858
145 310
145 379
145 850
145 352
145 307
145 384
145 302
147 148
147 149
147 150
147 151
147 152
147 153
147 154
147 155
147 156
147 157
148 158
148 159
148 160
148 161
149 264
149 158
149 326
149 327
149 328
149 301
149 329
149 270
149 330
149 331
150 291
150 472
150 473
150 151
150 314
150 299
150 474
150 152
150 153
150 475
150 154
150 294
150 476
150 157
151 472
151 837
151 474
151 153
151 301
151 155
151 157
151 780
152 296
152 291
152 292
152 293
152 837
152 154
152 300
152 301
152 155
152 157
153 1201
153 352
154 297
154 379
154 591
154 1267
154 352
154 159
154 160
154 1292
154 383
154 384
154 1296
154 295
155 296
155 291
155 292
155 293
155 1201
155 352
155 300
155 294
155 524
155 1168
155 295
155 157
155 1326
156 159
156 295
157 297
157 291
157 298
157 313
157 292
157 519
157 304
157 381
157 1062
157 382
157 300
157 294
157 710
157 524
157 301
157 302
157 899
157 295
157 423
157 780
157 1326
158 503
158 846
158 287
158 947
158 948
159 291
159 673
160 372
160 456
160 301
160 385
161 503
161 916
161 504
161 458
161 380
161 1261
161 301
162 163
162 164
162 165
162 166
162 167
163 808
163 306
163 843
163 164
163 844
163 166
163 687
163 810
164 715
164 310
164 165
164 166
164 716
164 308
164 283
165 686
165 166
165 716
165 1262
165 271
165 810
166 808
166 843
166 715
166 687
166 342
166 716
166 1093
166 810
167 250
167 234
167 306
167 1110
167 1021
167 740
168 169
168 170
168 171
169 1073
169 679
169 320
169 1121
171 264
171 893
171 310
171 1209
171 269
172 173
172 174
172 175
172 176
173 174
173 253
173 254
173 255
173 256
173 257
173 176
173 258
173 259
173 260
173 261
173 262
173 263
174 402
174 545
174 255
174 639
174 529
174 640
174 641
174 176
174 258
174 396
174 259
174 260
174 261
174 263
175 253
175 254
175 546
175 643
175 255
175 768
175 176
175 405
175 258
175 960
175 684
175 820
176 560
177 178
177 179
178 452
178 453
178 454
179 238
179 239
179 921
179 952
179 245
180 181
180 182
180 183
180 184
180 185
181 203
181 183
181 207
182 247
182 455
182 251
182 420
183 406
183 464
183 576
183 204
183 966
183 900
183 184
183 496
183 661
183 311
183 696
183 694
184 1021
185 661
185 243
185 924
186 456
186 674
186 529
186 675
186 598
186 676
186 677
186 271
186 678
186 331
188 897
188 898
188 294
188 899
189 932
190 905
190 193
190 194
190 467
191 608
191 1080
191 193
191 786
192 804
192 846
192 805
193 781
193 901
193 845
193 495
193 1080
193 496
193 1171
193 523
193 737
193 497
193 786
193 197
194 230
194 231
194 1142
194 624
194 1135
194 1045
195 1346
197 421
197 527
197 711
197 794
197 1007
197 523
197 1332
197 786
198 199
198 200
198 201
198 202
198 203
198 204
198 205
198 206
198 207
198 208
198 209
198 210
199 200
199 201
199 202
199 332
199 333
199 334
199 335
199 205
199 206
199 336
199 337
199 338
199 339
199 340
199 341
199 342
199 208
199 343
199 344
199 209
199 345
199 210
200 201
200 356
200 202
200 332
200 333
200 203
200 335
200 205
200 206
200 357
200 336
200 337
200 338
200 207
200 339
200 358
200 208
200 359
200 360
200 361
200 209
200 362
200 363
200 210
201 333
201 205
201 339
201 343
202 332
202 333
202 205
202 206
202 339
202 502
202 341
202 342
202 208
202 209
202 345
202 210
203 446
203 332
203 204
203 205
203 207
203 450
203 283
203 904
204 445
204 576
204 373
204 205
204 728
204 688
204 207
204 915
204 890
204 450
204 309
205 277
205 364
205 332
205 749
205 761
205 333
205 279
205 887
205 911
205 949
205 971
205 552
205 703
205 335
205 955
205 873
205 280
205 206
205 584
205 336
205 337
205 1012
205 1013
205 704
205 338
205 207
205 875
205 339
205 502
205 341
205 208
205 343
205 237
205 807
205 450
205 691
205 209
205 367
205 363
205 368
205 302
205 941
205 974
205 210
205 975
205 1014
206 873
206 1040
206 341
206 208
206 345
206 210
207 445
207 446
207 332
207 447
207 585
207 532
207 1220
207 481
207 502
207 1221
207 237
207 450
207 579
207 283
207 941
207 904
208 277
208 531
208 452
208 333
208 278
208 279
208 280
208 532
208 282
208 341
208 343
208 534
208 1281
208 283
208 209
208 726
208 284
208 1093
208 367
208 368
208 454
209 277
209 364
209 505
209 749
209 278
209 280
209 341
209 343
209 283
209 284
209 367
209 368
209 210
211 212
212 234
212 809
212 347
212 1154
212 1186
212 415
212 1078
212 308
212 1344
213 214
213 215
213 216
213 217
213 218
213 219
215 986
216 373
216 1004
216 1005
216 1006
216 1007
217 438
217 986
217 993
217 873
217 583
217 1055
217 987
217 623
217 1069
217 502
217 1070
217 483
220 221
220 222
220 223
220 224
220 225
220 226
220 227
220 228
220 229
221 234
221 235
221 224
221 225
221 226
221 236
222 223
222 660
222 226
222 907
222 228
222 246
223 922
223 224
223 229
223 246
224 407
224 922
224 557
224 226
224 227
224 471
224 229
224 620
224 1082
225 226
225 679
226 1073
226 679
226 229
226 663
227 902
227 236
227 532
227 1074
227 907
227 228
227 617
227 618
227 1124
227 1082
228 616
228 407
228 922
228 1052
228 618
228 466
228 244
228 663
228 246
229 407
229 660
229 1000
229 626
229 679
229 894
229 661
229 1108
229 243
229 409
229 1150
229 1039
229 619
229 1093
230 231
230 232
230 233
231 612
231 613
232 365
232 366
232 689
232 764
232 283
232 312
232 525
232 765
233 1211
233 466
233 662
233 497
234 406
234 241
234 549
234 346
234 242
234 235
234 809
234 347
234 348
234 925
234 389
234 951
235 347
235 245
236 1122
236 618
236 662
236 1123
236 1124
237 513
237 439
237 332
237 755
237 583
237 481
237 1294
237 759
237 450
237 451
237 779
237 974
238 239
238 240
239 397
240 292
240 310
240 1111
241 406
241 337
241 706
241 707
242 348
243 626
243 627
243 532
243 629
243 661
243 924
243 462
243 1039
244 407
244 796
244 922
244 1052
244 532
244 617
244 801
244 618
244 619
244 662
244 663
245 372
245 348
245 1219
245 397
245 376
246 1002
246 619
247 248
247 249
247 250
247 251
247 252
248 276
248 252
249 464
249 465
249 250
249 457
249 459
249 460
249 466
249 467
249 331
249 391
250 406
250 251
251 406
251 407
251 434
251 738
251 306
251 568
252 276
252 455
252 415
252 713
252 420
252 741
253 402
253 718
253 254
253 643
253 255
253 403
253 604
253 404
253 719
253 640
253 720
253 258
253 721
253 262
253 263
254 630
254 681
254 546
254 548
254 255
254 766
254 682
254 767
254 257
254 558
254 560
254 563
254 768
254 721
254 769
254 568
254 466
254 606
254 770
254 683
254 771
254 262
254 263
255 402
255 718
255 643
255 403
255 256
255 767
255 257
255 404
255 719
255 640
255 563
255 818
255 838
255 405
255 839
255 840
255 720
255 841
255 258
255 606
255 259
255 743
255 261
255 842
255 262
255 263
255 821
256 402
256 920
256 640
257 604
257 258
257 606
257 259
257 743
258 402
258 630
258 718
258 643
258 403
258 767
258 604
258 404
258 468
258 719
258 640
258 563
258 819
258 838
258 405
258 649
258 840
258 720
258 841
258 721
258 606
258 707
258 259
258 743
258 260
258 262
258 820
258 574
258 263
259 718
259 403
259 604
259 405
259 260
259 842
260 718
260 405
260 261
261 742
261 604
262 403
262 846
263 402
263 432
263 545
263 892
263 403
263 604
263 846
263 640
263 405
263 1260
263 720
263 879
263 769
263 606
263 1287
263 607
263 743
263 683
264 265
264 266
264 267
264 268
264 269
264 270
264 271
264 272
265 477
266 277
266 505
266 279
266 267
266 268
266 280
266 506
266 591
266 283
266 284
266 592
267 456
267 268
267 733
267 900
267 331
267 272
268 505
268 456
268 908
268 733
268 900
268 935
268 591
268 936
268 910
268 937
269 647
269 331
270 992
270 271
271 611
271 465
271 766
271 1104
271 846
271 1106
271 563
271 819
271 647
271 648
271 978
271 1345
271 1344
271 272
272 461
273 274
274 945
274 946
274 1015
274 1016
274 1182
274 1183
274 1184
274 910
276 413
276 414
276 415
276 416
276 417
276 418
276 419
276 420
277 278
277 279
277 280
277 281
277 282
277 283
277 284
277 285
278 530
278 317
278 279
278 280
278 533
278 830
278 831
278 534
278 832
278 725
278 726
278 284
278 367
278 833
279 505
279 749
279 591
279 534
279 283
279 726
279 284
279 367
279 833
279 592
279 535
280 505
280 281
280 691
280 284
280 285
282 749
282 1031
282 591
282 534
282 283
282 284
282 368
282 833
282 592
282 795
283 364
283 505
283 749
283 887
283 900
283 689
283 341
283 534
283 737
283 1011
283 284
283 367
283 368
283 1280
283 592
283 795
283 516
284 505
284 531
284 316
284 749
284 984
284 533
284 591
284 936
284 1306
284 341
284 534
284 1281
284 691
284 1011
284 726
284 367
284 368
284 592
284 535
284 795
285 761
285 357
285 704
285 688
285 763
285 308
285 312
286 287
286 288
286 289
286 290
287 610
287 685
287 705
287 824
287 848
287 849
287 908
287 920
287 945
287 666
287 733
287 946
287 1015
287 1086
287 559
287 1016
287 1129
287 1083
287 1194
287 909
287 328
287 1042
287 1195
287 1196
287 1197
287 1183
287 1198
287 948
287 1199
287 290
287 910
287 814
287 1014
287 1134
288 953
288 518
288 289
288 290
289 1300
289 471
289 290
290 434
290 705
290 731
290 732
290 733
290 734
290 1300
291 292
291 293
291 299
291 310
291 377
291 378
291 379
291 304
291 380
291 381
291 382
291 352
291 300
291 301
291 383
291 384
291 302
291 295
291 385
291 386
291 387
292 298
292 425
292 519
292 456
292 520
292 521
292 414
292 310
292 377
292 379
292 459
292 380
292 522
292 523
292 382
292 390
292 524
292 301
292 330
292 384
292 302
292 525
292 295
292 386
292 331
293 299
293 708
293 380
293 709
293 688
293 352
293 710
293 383
293 295
294 297
294 1053
294 1023
294 1265
294 300
294 301
294 859
294 295
295 474
295 380
295 1222
295 1255
295 300
295 301
295 384
295 385
296 304
297 298
297 313
297 314
297 310
297 301
297 302
298 313
298 383
298 384
298 422
298 423
299 459
299 944
300 520
300 474
300 1222
300 301
300 330
301 519
301 456
301 846
301 380
301 591
301 1223
301 928
301 382
301 352
301 524
301 307
302 576
302 425
302 642
302 333
302 900
302 310
302 459
302 688
302 1080
302 1007
302 384
302 427
302 1341
302 765
302 516
303 698
303 326
303 964
303 699
303 1164
303 637
303 701
303 638
303 702
303 965
304 378
304 1139
304 1090
305 712
305 306
306 712
306 883
306 956
306 740
306 957
306 419
307 314
307 308
308 761
308 763
308 309
309 1210
310 354
310 900
310 379
310 688
310 1056
310 383
310 367
310 899
310 810
311 464
311 407
311 515
311 660
311 496
311 1258
311 810
312 364
312 365
312 366
312 691
312 367
313 314
313 382
313 428
313 429
314 438
314 478
314 440
314 479
314 857
314 581
314 582
314 583
314 858
314 586
314 379
314 382
314 859
314 443
314 444
315 316
315 317
315 318
315 319
315 320
315 321
315 322
315 323
315 324
315 325
316 317
316 318
316 653
316 654
317 714
317 715
317 629
317 861
317 716
317 862
318 654
318 919
318 325
319 321
319 322
319 323
319 324
320 660
320 679
320 470
320 321
320 322
320 617
320 1097
320 471
320 325
320 1029
321 322
321 323
321 324
321 325
322 324
323 1180
323 1241
323 1248
323 324
323 862
325 1026
325 874
325 1044
325 470
325 1173
325 1166
325 471
325 1174
325 716
325 1150
325 862
325 1029
326 712
326 964
326 965
327 846
328 908
328 733
328 1086
328 559
328 1152
328 909
328 1010
328 910
329 1033
329 336
329 980
329 807
330 732
330 639
330 945
330 520
330 1015
330 1016
330 396
331 860
331 456
331 893
331 457
331 529
331 1018
332 703
332 704
332 338
332 502
332 450
332 363
333 775
333 337
333 339
333 340
333 343
333 776
335 356
335 911
335 552
335 435
335 656
335 338
335 566
335 361
335 657
335 695
336 660
336 521
336 357
336 1019
336 532
336 1088
336 1089
336 807
337 550
337 809
337 706
337 532
337 341
337 1093
337 810
338 950
338 1034
338 358
338 359
338 360
338 362
338 363
341 452
341 722
341 515
341 506
341 343
341 726
341 345
342 775
343 775
343 949
346 789
346 549
346 866
346 867
346 349
346 868
347 809
347 706
347 348
347 661
347 409
347 1039
349 789
349 921
350 648
351 352
352 858
352 882
352 1290
354 355
355 1231
356 484
356 485
356 486
357 763
358 485
358 1014
359 432
359 1034
359 363
360 913
360 853
360 481
360 1294
360 361
360 451
360 1330
360 981
360 779
361 911
361 552
361 656
361 657
362 552
362 667
362 1113
362 1034
362 363
364 365
364 366
364 367
364 368
365 424
365 426
365 366
365 688
365 689
365 690
365 691
366 426
366 688
367 765
367 516
368 531
368 1031
368 689
368 1339
368 833
369 370
370 371
371 1162
371 1163
371 1164
372 373
372 374
372 375
372 376
373 465
373 870
373 877
373 878
374 376
375 878
375 376
377 1061
377 827
377 1062
377 423
378 1090
378 957
379 423
380 519
380 1175
380 1049
380 382
380 412
381 1255
381 1256
381 996
382 519
383 384
383 385
384 532
384 524
384 1252
385 1292
385 423
386 1227
386 1321
386 1348
388 577
389 517
391 880
391 881
391 1020
391 495
391 459
391 1001
391 523
391 466
393 394
394 399
394 508
394 802
394 816
395 396
396 639
396 641
398 399
398 400
398 401
399 815
399 782
399 802
399 816
399 401
400 802
401 815
401 802
401 962
401 963
402 403
402 404
402 405
403 432
403 643
403 682
403 404
403 640
403 405
403 840
403 606
403 743
404 681
404 643
404 817
404 563
404 645
404 842
405 718
405 742
405 643
405 719
405 640
405 743
406 407
406 408
406 409
407 658
407 659
407 660
407 470
407 661
407 617
407 409
407 618
407 619
407 662
407 663
409 616
409 864
409 922
409 532
409 800
409 661
409 907
409 617
409 462
409 618
409 619
409 1124
410 411
410 412
412 1048
412 1137
412 773
412 1235
412 1049
412 730
412 423
412 463
413 906
413 417
413 418
413 420
413 423
414 966
414 880
414 881
414 523
415 464
415 712
415 880
415 881
415 884
415 498
415 713
415 741
415 1239
416 1056
417 738
417 1114
417 614
417 740
417 615
417 1329
417 1115
417 1116
417 1280
417 525
417 420
418 659
418 966
418 880
418 881
418 902
418 466
418 1333
418 662
418 419
419 966
419 880
419 459
419 466
420 712
420 738
420 752
420 673
420 753
420 1115
420 1333
420 525
422 599
422 1252
423 1049
423 524
423 1168
424 425
424 426
424 427
425 642
426 689
426 764
426 1072
429 624
429 1014
430 431
430 432
430 433
430 434
430 435
430 436
430 437
431 492
432 536
432 545
432 433
432 434
432 546
432 547
432 548
432 549
432 550
432 551
432 552
432 553
432 554
432 555
432 435
432 556
432 557
432 558
432 559
432 468
432 560
432 561
432 562
432 563
432 564
432 565
432 522
432 518
432 538
432 539
432 566
432 567
432 568
432 569
432 570
432 571
432 572
432 573
432 437
432 574
432 575
433 569
433 570
433 695
433 575
434 667
434 435
434 568
434 696
434 437
434 697
435 549
435 911
435 552
435 566
435 707
435 696
436 1226
437 499
437 547
437 557
437 568
437 466
438 439
438 440
438 441
438 442
438 443
438 444
439 581
439 582
439 583
439 584
439 585
439 586
439 587
439 444
440 777
440 778
440 444
440 779
441 585
441 444
443 478
443 955
443 584
443 1055
443 585
443 788
443 450
443 483
443 444
444 479
444 583
444 585
444 623
444 779
445 446
445 447
445 448
445 449
445 450
445 451
447 894
447 941
449 527
450 581
450 582
450 1012
450 1147
450 1220
450 624
450 579
450 974
452 722
452 723
452 724
452 725
452 726
453 1169
454 722
454 723
454 1242
454 725
454 535
455 692
455 693
455 459
455 694
456 529
456 888
456 523
456 889
456 466
456 467
457 465
457 459
457 460
458 521
458 1075
459 464
459 576
459 966
459 1020
459 693
459 884
459 523
459 498
459 580
459 463
461 630
461 512
461 648
461 1244
461 1170
461 1245
461 1246
461 1117
461 645
462 616
462 658
462 660
462 1052
462 618
462 662
462 663
463 464
465 611
465 646
465 647
465 648
465 649
466 711
466 659
466 1211
466 737
466 1039
466 1333
466 497
467 835
467 813
468 549
468 522
468 1108
468 568
469 1026
470 658
470 660
470 1108
470 471
471 1242
473 780
478 479
478 480
478 481
478 482
478 483
479 480
479 481
479 482
480 1094
480 483
481 582
481 1220
481 579
481 483
483 1094
485 1165
485 486
487 488
487 489
487 490
487 491
490 715
490 626
490 629
490 890
490 903
490 716
493 775
493 670
493 814
494 495
494 677
495 961
495 881
495 737
495 677
496 894
496 1007
496 677
497 845
497 917
497 918
497 786
497 677
498 966
498 884
500 501
501 721
501 769
502 1224
502 875
502 1302
503 504
504 521
505 506
505 507
506 936
508 781
508 845
508 846
508 847
511 621
512 1117
513 514
513 515
513 516
515 902
515 532
515 620
516 887
516 1063
516 691
516 765
517 518
518 891
518 575
520 945
520 1015
520 1016
520 649
520 850
520 734
521 1018
521 1019
522 666
522 1086
522 559
522 1167
522 909
522 896
523 970
523 880
523 881
523 1001
523 884
525 764
525 1280
526 527
526 528
526 529
527 542
527 543
527 544
528 608
529 678
530 531
531 532
531 533
531 534
531 535
532 576
532 616
532 660
532 1052
532 1019
532 1088
532 619
532 580
532 663
533 830
533 832
534 1031
534 689
534 725
534 726
534 833
534 535
534 795
535 722
535 1331
535 726
536 537
536 538
536 539
536 540
536 541
537 545
537 604
537 565
537 605
537 539
537 606
537 607
538 565
538 539
538 566
538 607
539 545
539 604
539 565
539 605
539 607
539 540
540 545
540 549
540 604
540 1091
540 565
540 566
540 607
540 1233
542 967
542 968
544 694
545 630
545 631
545 604
545 632
545 568
545 633
546 789
546 767
546 560
546 768
546 770
546 684
546 771
547 811
547 568
548 554
548 568
549 571
549 695
550 890
550 566
550 891
551 604
551 565
551 566
552 911
552 566
552 979
553 999
553 557
553 568
553 575
556 1081
557 631
557 568
558 879
558 770
559 705
559 1086
559 1087
559 954
562 568
563 643
563 682
563 648
563 645
563 842
563 820
565 682
565 911
565 1118
565 605
565 912
565 571
565 606
565 607
566 604
566 605
566 912
566 568
566 607
566 573
566 695
566 771
566 976
567 1323
567 568
568 631
568 1213
568 569
569 570
573 770
573 771
574 604
574 607
574 976
575 607
576 577
576 578
576 579
576 580
577 588
577 694
578 670
578 926
578 927
579 894
579 757
580 927
581 955
582 852
582 913
582 777
583 826
583 585
583 788
583 1022
584 587
585 1055
585 1051
585 788
585 1070
585 1022
586 913
586 1083
586 777
586 1084
586 904
586 1085
588 589
588 590
589 595
589 596
589 597
589 598
589 599
589 600
589 601
591 1011
592 737
593 594
594 608
594 1324
595 836
595 599
595 600
595 601
596 600
597 1125
598 1125
598 675
598 1144
600 692
602 603
604 766
604 631
604 632
604 633
605 607
605 1233
606 879
606 684
607 664
607 633
607 695
607 668
608 609
609 1171
612 614
612 615
613 1114
613 1115
613 1116
614 615
615 890
615 1128
616 617
616 618
616 619
616 620
617 922
617 1037
617 935
617 1052
617 907
617 618
617 619
617 663
617 1124
618 922
618 1037
618 935
618 619
618 620
618 663
618 1124
619 660
619 736
619 907
619 951
619 663
619 1124
620 1052
622 623
622 624
623 1158
623 974
624 958
624 1185
624 1268
625 626
625 627
625 628
625 629
626 797
626 627
626 628
626 629
626 689
626 1021
626 661
626 903
626 798
626 1039
626 727
627 797
627 629
627 1021
627 661
627 903
627 798
627 727
627 941
628 1095
628 629
628 689
628 903
628 1098
628 737
628 810
629 715
629 838
629 689
629 890
629 903
629 716
630 643
630 644
630 645
633 866
633 1184
634 635
634 636
635 637
635 638
637 1017
637 1164
637 638
637 965
638 702
638 965
643 681
643 817
643 818
643 819
643 820
643 821
645 1078
645 842
645 821
647 1107
647 648
647 978
648 846
648 1106
648 978
649 850
649 842
650 651
650 652
651 652
652 669
652 670
652 1208
653 1065
653 936
653 1066
655 656
655 657
656 732
656 953
656 1152
656 657
656 954
657 732
657 953
657 1152
657 1069
657 1087
657 954
658 679
659 809
659 823
660 1000
660 907
661 1021
661 907
661 1039
661 1124
662 902
662 823
662 737
662 1333
663 922
663 1037
663 935
663 736
663 1052
664 665
664 666
664 667
664 668
665 671
665 672
665 673
666 953
666 954
667 1034
669 670
670 926
670 927
670 928
670 929
670 930
672 995
672 1114
672 1067
672 1232
672 710
673 1171
673 713
674 932
674 942
674 943
674 790
675 1125
675 1140
675 1141
675 694
677 846
677 1274
679 907
681 682
681 683
681 684
682 767
682 770
682 684
682 771
683 879
683 1170
683 684
684 767
684 768
684 770
686 687
687 808
687 844
687 810
688 708
688 709
688 883
691 887
691 1047
691 1283
691 740
691 765
692 693
692 694
695 1046
695 1317
695 896
696 697
698 699
698 700
698 701
698 702
699 1017
699 965
701 1017
701 1284
701 1164
702 964
702 1017
702 965
703 974
704 806
704 1047
704 1187
707 742
707 1078
707 1169
707 1219
708 1048
708 709
708 956
708 994
710 1160
712 713
713 738
713 966
713 1056
714 715
714 716
715 844
715 716
715 832
715 876
716 844
716 969
716 832
716 876
718 742
718 743
719 840
720 1287
721 769
721 730
722 723
722 726
722 727
723 1133
723 1134
725 838
725 830
727 1338
728 1092
728 979
728 741
729 964
729 730
729 1153
730 1153
731 732
731 733
731 734
732 733
732 748
733 908
733 1008
733 909
733 1009
733 1010
733 1011
733 910
735 736
735 737
736 1052
736 951
736 801
737 1110
737 795
738 739
738 740
738 741
739 1128
739 1115
739 1116
740 1110
740 1310
741 752
741 900
741 1056
741 994
741 850
741 754
741 910
743 840
746 747
747 1131
747 1132
747 1014
749 750
749 751
750 751
752 753
752 754
753 1311
754 1337
755 756
755 757
755 758
755 759
755 760
758 1071
759 853
759 1043
759 1220
759 854
759 787
759 779
761 762
761 763
765 887
765 1303
766 767
766 879
767 1060
769 1169
771 912
772 773
773 1048
773 1200
774 1045
775 794
775 822
777 779
779 852
779 913
779 914
779 1043
779 854
779 787
779 981
779 856
780 837
780 1160
780 1326
781 782
781 783
781 784
781 785
781 786
782 802
782 816
783 816
786 845
786 880
787 1024
787 853
787 1238
787 1330
787 981
788 873
788 1069
788 1179
788 1022
790 791
791 942
791 1205
792 793
792 794
792 795
793 863
795 833
796 797
796 798
797 1120
797 798
797 1039
798 1120
798 1039
799 800
799 801
801 951
802 815
802 963
803 1136
803 1273
803 1227
803 1289
804 805
806 807
808 809
808 810
809 1020
809 1021
809 810
810 843
812 813
814 1171
814 996
814 929
814 930
815 962
815 816
815 963
817 821
819 977
819 978
820 841
821 842
824 825
826 827
826 828
826 829
827 993
827 828
828 829
830 831
832 1320
833 1281
834 835
838 890
838 903
841 842
842 1025
842 1228
843 969
846 897
846 1076
846 1018
846 1117
848 849
848 850
848 851
849 851
851 1188
852 913
852 914
852 856
853 989
853 997
853 1043
853 854
853 981
853 856
854 1229
854 981
856 913
856 981
858 882
864 865
866 867
866 868
867 1096
867 1159
868 1041
868 1295
868 1227
869 870
869 871
869 872
869 873
869 874
869 875
870 872
871 876
873 986
874 1035
874 1036
875 949
875 1224
876 969
880 966
880 1007
881 966
881 1038
881 1007
882 1007
883 956
885 886
886 1123
890 970
890 903
893 894
893 895
893 896
894 1108
895 1250
897 1058
897 1059
897 898
898 1059
898 1259
899 1265
899 1343
900 1005
900 1027
900 1028
900 1029
902 1074
904 1347
905 1135
907 1021
907 1039
907 1124
908 909
908 910
909 1152
910 1315
911 912
913 914
913 980
913 981
917 918
919 944
920 921
921 925
922 931
923 924
924 1039
924 1199
926 1067
926 996
926 1068
928 1269
928 1270
928 1271
929 1304
929 1271
929 930
930 1271
932 933
932 934
935 1052
939 940
940 1288
940 1301
940 979
944 1215
944 1214
944 1305
944 1246
945 946
946 1015
946 1016
948 1188
948 1264
948 1010
949 950
950 1152
952 1064
954 1086
954 1349
958 959
958 960
959 960
960 1045
964 965
965 1164
967 984
968 1103
969 1174
971 972
971 973
971 974
971 975
973 1158
973 974
974 1220
975 1013
975 1286
975 1014
977 978
980 1214
982 983
982 984
982 985
984 1099
984 1100
984 1101
985 1215
986 987
986 988
989 990
989 991
993 994
994 1206
994 1251
995 996
996 1067
997 998
1007 1243
1011 1176
1012 1024
1013 1181
1014 1129
1015 1042
1016 1042
1018 1104
1018 1105
1018 1077
1018 1078
1019 1146
1019 1088
1021 1039
1022 1055
1022 1070
1029 1121
1043 1212
1045 1234
1045 1240
1048 1049
1049 1057
1049 1137
1049 1237
1050 1051
1053 1054
1054 1071
1056 1230
1059 1101
1065 1103
1065 1066
1066 1318
1069 1203
1070 1277
1070 1322
1071 1254
1074 1154
1074 1082
1076 1077
1076 1078
1076 1079
1077 1104
1077 1105
1077 1106
1079 1102
1085 1133
1086 1087
1088 1146
1093 1211
1095 1096
1095 1097
1095 1098
1096 1159
1096 1097
1096 1098
1097 1098
1098 1289
1099 1102
1101 1103
1104 1105
1104 1106
1104 1107
1106 1107
1107 1170
1115 1193
1115 1116
1116 1193
1118 1119
1121 1166
1121 1152
1121 1167
1123 1189
1124 1253
1124 1191
1129 1130
1133 1276
1133 1134
1134 1331
1135 1335
1137 1138
1138 1200
1141 1252
1142 1143
1143 1177
1143 1178
1147 1148
1152 1167
1155 1156
1155 1157
1156 1157
1157 1199
1160 1161
1162 1263
1162 1164
1170 1278
1171 1266
1173 1174
1177 1178
1184 1264
1189 1190
1189 1191
1190 1257
1190 1191
1191 1202
1206 1207
1206 1208
1214 1249
1215 1216
1215 1217
1215 1218
1219 1336
1225 1226
1225 1227
1227 1289
1241 1242
1242 1320
1246 1261
1279 1280
1284 1285
1285 1309
1291 1292
1302 1342
1307 1308
1314 1315
1334 1340
