0 1
0 2
0 3
0 4
0 5
0 6
0 7
0 8
0 9
0 10
0 11
0 12
0 13
0 14
0 15
0 16
0 17
0 18
0 19
0 20
0 21
0 22
0 23
0 24
0 25
0 26
0 27
0 28
0 29
0 30
0 31
0 32
0 33
0 34
0 35
0 36
0 37
0 38
0 39
0 40
0 41
0 42
0 43
0 44
0 45
0 46
0 47
0 48
0 49
0 50
0 51
0 52
0 53
0 54
0 55
0 56
0 57
0 58
0 59
0 60
0 61
0 62
0 63
0 64
0 65
0 66
0 67
0 68
0 69
0 70
0 71
0 72
0 73
0 74
0 75
0 76
0 77
0 78
0 79
0 80
0 81
0 82
0 83
0 84
0 85
0 86
0 87
0 88
0 89
0 90
0 91
0 92
0 93
0 94
0 95
0 96
0 97
0 98
0 99
0 100
0 101
0 102
0 103
0 104
0 105
0 106
0 107
0 108
0 109
0 110
0 111
0 112
0 113
0 114
0 115
0 116
0 117
0 118
0 119
0 120
0 121
0 122
0 123
0 124
0 125
0 126
0 127
0 128
0 129
0 130
0 131
0 132
0 133
0 134
0 135
0 136
0 137
0 138
0 139
0 140
0 141
0 142
0 143
0 144
1 2
1 145
1 146
1 18
1 147
1 34
1 148
1 149
1 150
1 151
1 53
1 68
1 152
1 72
1 153
1 154
1 155
1 76
1 156
1 157
1 158
1 135
1 136
1 159
1 160
1 139
2 4
2 187
2 188
2 7
2 62
2 189
2 70
2 94
2 136
2 143
3 187
3 188
3 7
3 241
3 19
3 242
3 243
3 244
3 189
3 94
3 136
3 143
4 187
4 6
4 279
4 13
4 145
4 16
4 146
4 18
4 147
4 34
4 148
4 149
4 150
4 151
4 63
4 68
4 152
4 72
4 153
4 154
4 76
4 156
4 157
4 158
4 135
4 136
4 159
4 139
4 201
4 280
5 281
5 354
5 355
5 319
5 36
5 64
5 131
5 136
5 349
5 323
6 102
6 136
6 370
7 187
7 188
7 8
7 18
7 34
7 40
7 53
7 68
7 100
7 135
7 136
7 140
8 187
8 188
8 19
8 189
8 97
8 98
8 136
8 143
9 199
9 19
9 65
9 70
9 158
9 136
9 201
10 376
10 539
10 379
10 442
10 540
10 496
10 506
10 541
10 397
10 542
10 520
10 521
10 522
10 523
10 524
10 543
10 544
10 545
10 87
10 136
10 408
11 421
11 279
11 145
11 146
11 152
11 72
11 154
11 156
11 136
11 159
11 139
12 423
12 432
12 548
12 574
12 437
12 575
12 442
12 263
12 147
12 36
12 576
12 453
12 577
12 221
12 96
12 108
12 126
12 222
12 131
12 133
12 136
12 186
13 187
13 70
13 154
13 136
13 139
14 187
14 188
14 599
14 189
14 70
14 136
14 138
15 437
15 208
15 66
15 92
15 117
15 186
15 663
15 556
16 145
16 146
16 19
16 152
16 72
16 154
16 76
16 156
16 136
16 159
16 280
17 479
18 187
18 19
18 184
18 62
18 95
18 136
18 143
19 421
19 145
19 283
19 146
19 284
19 285
19 286
19 147
19 288
19 148
19 149
19 40
19 289
19 150
19 151
19 53
19 61
19 290
19 65
19 69
19 291
19 292
19 293
19 152
19 294
19 72
19 153
19 295
19 154
19 76
19 156
19 296
19 157
19 297
19 298
19 100
19 158
19 299
19 136
19 300
19 159
19 140
19 201
19 301
19 143
20 437
20 112
20 126
20 127
20 186
20 142
21 22
21 265
21 186
21 142
22 23
22 802
22 186
22 142
23 24
23 803
23 83
23 186
23 142
24 26
24 186
24 813
24 142
25 437
25 104
25 105
25 112
25 186
26 27
26 817
26 186
26 142
27 236
27 28
27 220
27 239
27 88
27 186
27 142
28 29
28 823
28 186
28 142
29 30
29 186
29 469
29 142
30 468
30 825
30 94
30 186
30 142
31 183
31 32
31 825
31 186
31 142
32 337
32 41
32 265
32 186
32 142
33 437
33 345
33 36
33 92
33 109
33 651
33 186
34 187
34 188
34 62
34 189
34 367
34 128
34 136
34 143
35 437
35 442
35 263
35 147
35 148
35 320
35 221
35 106
35 125
35 136
35 186
36 427
36 241
36 345
36 844
36 845
36 453
36 803
36 786
36 846
36 847
36 480
36 848
36 83
36 94
36 186
36 142
37 453
37 786
37 352
37 83
37 104
37 121
37 186
38 437
38 345
38 576
38 92
38 186
38 141
39 341
39 437
39 345
39 576
39 310
39 92
39 94
39 186
39 141
40 187
40 780
40 757
40 765
40 758
40 368
40 128
40 369
40 136
40 143
41 42
41 363
41 99
41 186
41 142
42 403
42 43
42 186
42 142
43 412
43 44
43 797
43 104
43 186
43 142
44 418
44 45
44 186
44 142
45 46
45 425
45 186
45 142
46 47
46 438
46 186
46 142
47 48
47 462
47 186
47 142
48 49
48 411
48 186
48 142
49 50
49 478
49 186
49 142
50 51
50 549
50 186
50 142
51 52
51 567
51 115
51 186
51 142
52 54
52 619
52 116
52 186
52 142
53 187
53 188
53 189
53 83
53 136
53 143
54 633
54 55
54 186
54 142
55 56
55 186
55 142
55 637
56 540
56 57
56 395
56 520
56 122
56 406
56 186
56 142
57 683
57 58
57 186
57 142
58 739
58 59
58 186
58 142
59 60
59 756
59 367
59 128
59 186
59 142
60 787
60 186
60 142
61 187
61 108
61 136
61 143
62 279
62 147
62 288
62 148
62 149
62 150
62 151
62 63
62 290
62 68
62 153
62 295
62 76
62 157
62 297
62 158
62 299
62 135
62 136
62 300
63 187
63 188
63 184
63 894
63 358
63 189
63 134
63 136
63 280
63 143
64 188
64 655
64 437
64 442
64 566
64 863
64 599
64 189
64 221
64 108
64 186
65 187
65 188
65 189
65 136
65 186
65 143
65 556
66 437
66 207
66 92
66 651
66 186
66 663
67 437
67 442
67 263
67 148
67 149
67 352
67 221
67 98
67 136
67 186
68 187
68 188
68 189
68 117
68 119
68 873
68 136
68 143
69 187
69 119
69 136
69 143
70 187
70 158
70 136
70 201
71 896
71 110
71 111
71 112
71 651
71 186
72 327
72 378
72 87
72 136
72 143
73 132
73 136
73 186
73 142
74 352
74 577
74 97
74 186
75 308
75 437
75 345
75 92
75 651
75 186
75 141
76 187
76 184
76 358
76 114
76 136
76 280
76 143
77 484
77 767
77 149
77 289
77 802
77 419
77 85
77 86
77 136
77 186
78 530
78 184
78 101
78 114
78 186
79 184
79 358
79 89
79 101
79 114
79 186
80 531
80 184
80 101
80 114
80 186
81 532
81 184
81 101
81 114
81 115
81 186
82 318
82 437
82 896
82 657
82 122
82 123
82 186
82 142
82 556
83 343
83 427
83 241
83 344
83 442
83 345
83 242
83 320
83 289
83 803
83 568
83 958
83 311
83 121
83 348
83 131
83 136
83 186
84 911
84 291
84 817
84 429
84 784
84 91
84 93
84 99
84 136
84 137
84 186
84 841
85 483
85 484
85 221
85 419
85 101
85 186
86 684
86 767
86 799
86 291
86 372
86 900
86 88
86 93
86 97
86 99
86 108
86 134
86 136
87 494
87 731
87 496
87 372
87 152
87 896
87 520
87 523
87 524
87 543
87 154
87 311
87 653
87 120
87 122
87 124
87 136
87 186
87 142
88 236
88 342
88 571
88 767
88 220
88 576
88 311
88 155
88 221
88 296
88 239
88 222
88 136
88 186
89 379
89 437
89 442
89 768
89 585
89 896
89 296
89 770
89 960
89 1023
89 672
89 114
89 122
89 123
89 186
90 479
90 684
90 767
90 799
90 900
90 93
90 97
90 1023
90 108
90 373
90 136
91 636
91 684
91 807
91 808
91 577
91 874
91 900
91 429
91 221
91 949
91 783
91 941
91 93
91 97
91 99
91 108
91 373
91 299
91 823
91 136
91 137
91 186
91 841
91 142
92 437
92 221
92 109
92 118
92 988
92 136
92 300
92 232
92 138
92 186
92 201
92 141
92 469
93 684
93 108
93 130
93 136
93 186
93 201
93 301
93 144
94 307
94 312
94 341
94 308
94 468
94 676
94 767
94 345
94 465
94 243
94 862
94 786
94 244
94 310
94 896
94 311
94 109
94 347
94 121
94 222
94 129
94 131
94 136
94 349
94 186
94 141
94 301
95 312
95 333
95 335
95 437
95 442
95 263
95 566
95 444
95 352
95 577
95 339
95 874
95 311
95 97
95 98
95 104
95 112
95 136
95 186
95 1026
96 437
96 263
96 1024
96 133
96 186
96 142
97 180
97 566
97 183
97 352
97 353
97 577
97 98
97 104
97 108
97 136
97 851
97 186
97 1026
97 144
98 350
98 337
98 182
98 437
98 442
98 263
98 566
98 875
98 444
98 338
98 352
98 353
98 891
98 724
98 153
98 311
98 221
98 104
98 107
98 136
98 186
98 420
99 359
99 894
99 153
99 221
99 298
99 363
99 134
99 136
99 186
100 187
100 184
100 358
100 116
100 136
100 143
101 371
101 283
101 403
101 576
101 298
101 106
101 222
101 136
101 186
102 421
102 641
102 136
102 140
103 379
103 283
103 437
103 146
103 540
103 896
103 122
103 123
103 136
103 186
104 409
104 146
104 442
104 285
104 412
104 352
104 353
104 724
104 958
104 121
104 136
104 851
104 186
104 1026
105 437
105 288
105 184
105 413
105 863
105 418
105 358
105 656
105 311
105 136
105 186
106 437
106 442
106 263
106 288
106 777
106 150
106 221
106 125
106 136
106 186
106 556
107 437
107 442
107 263
107 777
107 150
107 151
107 352
107 221
107 136
107 186
108 422
108 684
108 151
108 425
108 901
108 843
108 130
108 136
108 186
108 144
109 341
109 437
109 450
109 345
109 310
109 186
109 142
109 556
110 423
110 742
110 901
110 290
110 438
110 899
110 896
110 656
110 311
110 111
110 136
110 186
110 142
111 449
111 457
111 742
111 290
111 292
111 461
111 899
111 462
111 896
111 117
111 121
111 129
111 136
111 186
111 556
112 410
112 259
112 416
112 437
112 294
112 411
112 136
112 186
113 415
113 470
113 474
113 437
113 184
113 358
113 294
113 295
113 478
113 656
113 311
113 136
113 186
114 529
114 537
114 530
114 531
114 532
114 184
114 295
114 533
114 311
114 549
114 136
114 186
115 548
115 552
115 297
115 567
115 136
115 186
116 574
116 437
116 184
116 358
116 311
116 221
116 297
116 619
116 850
116 136
116 851
116 186
117 205
117 235
117 248
117 307
117 304
117 355
117 655
117 442
117 566
117 767
117 465
117 243
117 320
117 207
117 244
117 358
117 310
117 328
117 599
117 962
117 896
117 939
117 815
117 878
117 860
117 879
117 209
117 926
117 210
117 211
117 119
117 850
117 135
117 873
117 136
117 186
117 140
117 1027
117 880
117 663
117 637
118 318
118 437
118 321
118 221
118 366
118 886
118 128
118 186
118 142
119 205
119 354
119 633
119 243
119 358
119 878
119 860
119 879
119 136
119 186
119 880
119 663
120 235
120 379
120 540
120 896
120 122
120 124
120 136
120 159
120 186
120 142
121 241
121 344
121 786
121 352
121 244
121 848
121 365
121 931
121 947
121 955
121 961
121 481
121 963
121 968
121 859
121 973
121 136
121 186
122 248
122 327
122 374
122 378
122 304
122 379
122 649
122 650
122 666
122 667
122 668
122 442
122 540
122 767
122 465
122 695
122 395
122 510
122 768
122 671
122 675
122 896
122 311
122 769
122 156
122 993
122 782
122 670
122 527
122 598
122 401
122 123
122 124
122 329
122 406
122 136
122 186
122 407
122 408
123 145
123 379
123 437
123 442
123 451
123 320
123 896
123 656
123 311
123 129
123 136
123 159
123 186
123 142
124 539
124 145
124 379
124 493
124 496
124 896
124 590
124 520
124 221
124 125
124 186
124 280
125 443
125 437
125 442
125 263
125 221
125 157
125 136
125 186
126 443
126 479
126 678
126 437
126 284
126 442
126 683
126 735
126 136
126 186
127 286
127 739
127 136
127 186
128 317
128 318
128 655
128 319
128 442
128 566
128 767
128 286
128 465
128 320
128 876
128 881
128 882
128 883
128 897
128 309
128 321
128 599
128 755
128 756
128 946
128 954
128 896
128 311
128 757
128 367
128 758
128 368
128 369
128 136
128 759
128 1007
128 186
128 914
129 184
129 292
129 899
129 954
129 293
129 787
129 966
129 896
129 311
129 657
129 136
129 186
129 556
130 684
130 767
130 799
130 966
130 781
130 136
131 437
131 263
131 264
131 453
131 454
131 221
131 186
131 142
132 843
132 656
132 136
132 186
132 142
132 302
133 432
133 457
133 437
133 263
133 186
133 142
134 893
134 894
134 136
135 187
135 188
135 189
135 136
135 143
136 187
136 188
136 281
136 145
136 641
136 283
136 146
136 284
136 575
136 285
136 286
136 147
136 287
136 288
136 148
136 149
136 289
136 150
136 151
136 290
136 291
136 292
136 189
136 372
136 293
136 152
136 294
136 781
136 153
136 295
136 154
136 200
136 156
136 296
136 157
136 297
136 298
136 158
136 373
136 299
136 300
136 159
136 137
136 160
136 138
136 186
136 139
136 140
136 201
136 301
136 143
136 144
136 302
137 186
137 813
138 221
139 187
139 154
139 155
140 187
140 421
140 243
140 244
140 358
140 328
140 878
140 860
140 209
140 926
140 143
141 341
141 437
141 345
141 310
141 466
141 186
141 556
142 180
142 256
142 273
142 313
142 181
142 333
142 350
142 359
142 371
142 402
142 404
142 409
142 410
142 417
142 257
142 422
142 258
142 423
142 424
142 432
142 337
142 449
142 457
142 468
142 415
142 259
142 416
142 474
142 537
142 552
142 555
142 260
142 574
142 578
142 354
142 633
142 355
142 492
142 647
142 625
142 262
142 479
142 182
142 403
142 677
142 737
142 319
142 738
142 744
142 683
142 785
142 183
142 412
142 809
142 739
142 264
142 413
142 576
142 418
142 330
142 802
142 453
142 803
142 425
142 892
142 405
142 577
142 438
142 265
142 817
142 756
142 462
142 874
142 787
142 411
142 478
142 949
142 855
142 239
142 783
142 549
142 784
142 825
142 231
142 419
142 941
142 363
142 567
142 889
142 619
142 988
142 401
142 651
142 222
142 406
142 823
142 349
142 232
142 186
142 407
142 813
142 906
142 469
142 266
142 420
142 637
143 281
143 145
143 283
143 146
143 284
143 575
143 285
143 286
143 147
143 287
143 288
143 148
143 149
143 289
143 150
143 151
143 290
143 291
143 292
143 189
143 372
143 293
143 152
143 294
143 781
143 153
143 295
143 154
143 156
143 296
143 157
143 297
143 298
143 158
143 373
143 299
143 300
143 159
143 201
143 202
143 301
143 302
144 636
144 575
144 684
144 767
144 799
145 327
145 188
145 378
145 189
146 187
146 327
146 279
146 378
147 187
148 187
149 187
149 184
150 187
151 187
151 184
152 327
152 378
152 189
153 187
153 184
153 358
154 327
154 378
155 376
156 187
156 327
156 188
156 374
156 279
156 378
156 189
156 329
156 280
157 187
158 199
158 188
158 263
158 189
158 200
158 280
159 327
159 378
159 189
160 202
160 280
161 162
161 163
161 164
161 165
161 166
161 167
161 168
161 169
161 170
161 171
161 172
161 173
161 174
161 175
161 176
161 177
161 178
161 179
162 191
162 203
162 193
162 194
162 204
163 303
163 485
163 486
163 487
163 488
163 489
163 490
163 491
164 249
164 306
164 270
164 251
164 194
165 191
165 216
165 233
165 247
165 248
165 267
165 193
165 251
165 198
165 1009
165 166
165 989
165 990
165 991
165 580
165 1012
165 1013
165 992
165 167
165 168
165 169
165 170
165 171
165 172
165 601
165 602
165 215
165 173
165 1014
165 204
165 1028
165 1016
165 1017
165 1029
165 805
165 1018
165 234
165 175
165 176
165 177
165 1019
165 603
165 491
165 1021
165 455
166 216
166 193
166 198
166 546
166 1011
166 486
166 167
166 169
166 171
166 234
167 193
167 198
167 992
167 168
167 487
167 169
167 171
168 193
168 487
168 170
168 172
168 204
169 357
169 193
169 198
169 487
169 170
169 488
169 171
170 193
170 488
170 172
170 204
171 193
171 198
171 487
171 488
171 172
171 489
172 193
172 489
172 204
173 193
173 198
173 215
173 174
174 193
174 546
174 1014
175 193
175 234
175 176
176 193
176 177
177 193
177 197
177 198
177 234
177 490
177 1021
178 193
178 194
178 491
178 179
179 193
179 194
179 1010
179 1020
180 181
180 182
180 183
180 184
180 185
180 186
181 223
181 183
181 330
181 186
182 333
182 350
182 334
182 337
182 338
182 352
182 353
182 724
182 265
182 340
182 221
182 186
182 420
183 337
183 468
184 333
184 335
184 374
184 351
184 314
184 433
184 449
184 456
184 460
184 414
184 415
184 471
184 529
184 484
184 574
184 618
184 649
184 650
184 263
184 413
184 444
184 353
184 358
184 292
184 583
184 590
184 533
184 656
184 445
184 849
184 597
184 419
184 326
184 850
184 573
184 851
184 779
185 223
185 273
185 655
185 442
185 230
185 231
185 1000
186 223
186 256
186 273
186 313
186 324
186 333
186 350
186 359
186 371
186 402
186 404
186 409
186 410
186 417
186 257
186 422
186 258
186 423
186 314
186 424
186 432
186 449
186 457
186 415
186 259
186 483
186 416
186 474
186 537
186 552
186 555
186 260
186 574
186 578
186 354
186 635
186 355
186 492
186 647
186 655
186 262
186 479
186 677
186 737
186 224
186 319
186 738
186 728
186 744
186 442
186 263
186 566
186 785
186 809
186 767
186 799
186 264
186 413
186 576
186 320
186 330
186 453
186 888
186 278
186 892
186 568
186 405
186 902
186 921
186 577
186 599
186 874
186 429
186 311
186 325
186 949
186 922
186 855
186 230
186 783
186 940
186 784
186 825
186 923
186 231
186 419
186 941
186 657
186 889
186 988
186 401
186 222
186 349
186 232
186 407
186 906
186 727
186 841
186 266
186 420
186 556
187 281
187 282
187 283
187 284
187 285
187 286
187 287
187 288
187 289
187 290
187 291
187 292
187 293
187 294
187 295
187 296
187 297
187 298
187 299
187 300
187 201
187 202
187 301
187 302
188 284
188 288
188 290
188 189
188 372
188 295
188 297
188 373
188 202
189 641
189 284
189 288
189 290
189 372
189 295
189 297
189 373
190 191
190 192
190 193
190 194
190 195
191 196
191 193
191 197
191 198
192 254
192 580
192 581
192 582
193 203
193 212
193 213
193 216
193 233
193 245
193 246
193 247
193 248
193 249
193 306
193 304
193 818
193 251
193 197
193 198
193 194
193 546
193 1009
193 1010
193 1011
193 486
193 989
193 990
193 991
193 580
193 600
193 1012
193 1013
193 992
193 487
193 488
193 489
193 601
193 602
193 215
193 1014
193 204
193 1015
193 1028
193 1016
193 1017
193 1029
193 547
193 805
193 1018
193 234
193 490
193 1019
193 603
193 491
193 1020
193 1021
193 604
193 1022
193 605
193 606
193 607
193 581
193 582
193 608
193 455
193 217
193 218
193 195
194 248
194 249
194 304
194 251
194 1010
194 1020
194 604
194 1022
194 605
194 606
194 607
194 581
194 582
194 608
194 217
194 195
195 213
195 204
195 1015
195 1022
195 217
195 218
196 203
196 213
196 216
196 233
196 246
196 306
196 1009
196 1010
196 1011
196 1012
196 1013
196 1014
196 204
196 1015
196 1016
196 1017
196 805
196 1018
196 234
196 1019
196 1020
196 1021
196 1022
196 217
196 218
197 216
197 233
197 246
197 248
197 252
197 250
197 251
197 198
197 1009
197 1011
197 600
197 1013
197 1016
197 1017
197 1029
197 805
197 1018
197 1019
197 491
197 455
198 212
198 216
198 233
198 246
198 247
198 248
198 270
198 251
198 1009
198 580
198 1012
198 1013
198 992
198 602
198 1014
198 1016
198 1017
198 1029
198 805
198 1018
198 234
198 1019
198 491
198 1021
198 455
199 200
199 201
199 202
200 282
200 201
201 280
203 212
204 534
204 1014
204 1015
204 1028
204 217
205 206
205 207
205 208
205 209
205 210
205 211
206 307
206 800
206 814
206 815
206 211
207 243
207 244
207 358
207 310
207 878
207 311
207 860
207 879
207 880
208 311
208 209
208 926
208 210
209 860
209 926
209 210
210 927
210 879
210 926
210 211
211 800
211 927
211 815
212 213
212 214
212 215
213 216
213 217
213 218
214 254
214 546
214 600
214 601
214 602
214 215
214 603
214 604
214 605
214 606
214 607
214 608
215 602
216 233
216 234
217 1015
217 1022
217 455
217 218
218 1015
219 220
219 221
219 222
220 571
220 221
220 239
220 222
221 223
221 359
221 318
221 474
221 571
221 260
221 574
221 654
221 441
221 319
221 263
221 798
221 809
221 767
221 865
221 866
221 867
221 868
221 869
221 870
221 871
221 275
221 276
221 386
221 913
221 577
221 610
221 874
221 230
221 596
221 231
221 316
221 852
221 988
221 222
221 660
221 727
222 236
222 342
222 440
222 676
222 442
222 689
222 692
222 576
222 694
222 858
222 696
222 244
222 239
222 401
222 240
222 723
223 224
223 225
223 226
223 227
223 228
223 229
223 230
223 231
223 232
224 332
224 729
224 740
224 230
224 727
225 227
225 228
225 229
225 802
225 803
225 651
226 227
226 228
226 239
226 651
226 660
227 826
227 228
227 229
228 647
228 262
228 229
228 231
229 744
229 231
230 273
230 655
230 809
230 352
230 310
230 599
230 325
230 825
230 231
230 812
230 889
231 273
231 809
231 935
231 825
231 822
231 1003
231 1004
231 1005
231 810
231 556
232 941
232 988
232 469
233 234
234 1013
234 1014
234 1018
234 491
236 237
236 238
236 239
236 240
237 341
237 344
237 576
237 347
238 571
239 816
239 576
241 341
241 242
241 243
241 480
241 481
241 347
241 349
241 482
242 342
242 808
242 480
242 481
242 482
243 576
243 858
243 244
243 310
243 859
243 860
243 861
244 307
244 576
244 875
244 858
244 310
244 859
244 349
244 861
245 246
245 247
245 248
245 249
245 250
245 251
246 252
246 253
246 254
246 255
246 251
247 267
247 268
247 269
247 254
247 251
248 270
248 271
248 272
248 269
248 254
248 251
249 303
249 304
249 305
249 254
249 251
250 989
250 990
250 991
250 992
251 306
251 252
251 267
251 270
251 304
251 622
251 254
252 306
252 267
253 357
253 447
253 819
253 269
253 255
254 306
255 357
255 623
255 624
256 257
256 258
256 259
256 260
256 261
256 262
256 263
256 264
256 265
256 266
257 260
257 265
257 419
257 266
257 420
258 417
258 424
258 260
258 263
258 264
258 265
258 266
259 410
259 479
259 411
260 350
260 422
260 263
260 264
260 265
260 266
261 666
261 667
261 668
261 651
261 407
262 677
262 263
262 265
262 266
263 313
263 314
263 479
263 441
263 437
263 442
263 264
263 777
263 444
263 778
263 358
263 265
263 311
263 266
263 779
264 265
264 316
264 266
265 313
265 333
265 350
265 337
265 801
265 802
265 266
265 420
266 313
266 314
266 420
267 306
267 270
268 534
268 646
268 570
268 269
269 426
269 446
269 271
269 534
269 569
269 304
269 357
269 535
269 448
269 819
270 306
271 447
271 448
271 463
272 304
272 357
272 622
272 624
273 274
273 275
273 276
273 277
273 278
274 885
274 887
274 888
274 278
275 888
275 276
276 885
276 888
276 277
276 278
277 888
280 376
280 539
280 379
280 493
280 381
280 498
280 386
280 387
280 503
280 505
280 394
280 395
280 928
280 583
280 506
280 507
280 509
280 510
280 511
280 512
280 513
280 514
280 908
280 952
280 953
280 956
280 584
280 774
280 516
280 945
280 397
280 518
280 628
280 970
280 519
280 590
280 965
280 521
280 918
280 596
280 597
280 652
280 653
280 630
281 427
287 843
292 358
303 455
304 357
304 535
304 305
304 536
304 448
304 463
304 622
304 623
304 624
304 608
305 569
305 646
305 536
307 308
307 309
307 310
307 311
308 341
308 430
308 347
309 897
309 697
309 311
309 322
309 886
309 367
309 368
309 369
309 759
309 914
310 341
310 345
310 879
310 349
311 378
311 649
311 494
311 353
311 365
311 394
311 397
311 533
311 445
311 849
311 597
311 886
311 872
311 347
311 326
311 573
313 314
313 315
313 316
314 358
314 439
315 437
315 826
315 611
315 651
315 556
316 651
317 318
317 319
317 320
317 321
317 322
317 323
318 364
318 365
318 328
318 366
318 367
318 368
318 369
318 323
319 737
319 741
319 742
319 743
319 744
319 745
319 746
319 747
319 748
319 749
319 750
319 751
319 685
319 752
319 686
319 687
319 753
319 688
319 754
319 690
319 691
319 321
319 328
319 755
319 756
319 757
319 367
319 758
319 369
319 759
320 428
320 445
320 872
320 873
320 323
321 755
322 745
322 882
322 762
322 763
322 367
322 759
323 444
323 328
323 872
323 873
324 325
324 326
325 344
325 566
325 599
325 889
326 358
326 656
326 445
327 328
327 329
328 741
328 358
328 872
329 922
330 410
330 417
330 416
330 411
331 332
332 725
332 726
332 727
332 467
333 334
333 335
333 336
333 337
333 338
333 339
333 340
334 340
335 358
336 359
336 353
336 340
337 350
337 363
337 420
338 875
338 884
339 884
339 724
339 538
340 477
340 354
340 634
340 355
340 640
340 479
340 678
340 677
340 748
340 735
340 538
340 948
340 949
340 783
340 940
340 733
340 950
340 349
340 951
341 342
341 343
341 344
341 345
341 346
341 347
341 348
341 349
342 347
342 400
342 401
343 344
343 428
343 429
343 430
343 347
343 348
344 427
344 346
344 568
344 348
345 740
345 349
346 576
346 347
347 533
347 872
348 353
348 1006
349 468
349 988
349 1030
349 482
349 861
349 951
349 1000
350 351
350 352
350 353
351 413
351 358
352 875
352 353
352 891
352 420
353 875
353 891
353 358
353 420
354 618
354 633
354 634
355 634
355 638
355 639
355 640
355 637
356 357
357 399
357 426
357 446
357 579
357 642
357 643
357 622
357 644
357 645
358 433
358 456
358 460
358 414
358 471
358 618
358 649
358 741
358 860
358 445
358 849
358 597
358 872
358 850
358 573
358 779
359 360
359 361
359 362
359 363
362 371
363 403
364 881
364 882
364 883
364 764
365 423
365 415
365 742
365 864
365 923
367 744
367 745
367 876
367 883
367 897
367 755
367 756
367 762
367 763
367 886
367 780
367 765
367 368
367 759
368 754
368 954
368 758
368 369
368 759
369 754
369 954
369 759
369 1007
371 402
371 403
374 375
374 376
374 377
374 378
374 379
374 380
374 381
374 382
374 383
374 384
374 385
374 386
374 387
374 388
374 389
374 390
374 391
374 392
374 393
374 394
374 395
374 396
374 397
374 398
375 376
376 402
376 379
376 492
376 493
376 494
376 495
376 496
376 405
376 380
376 381
376 382
376 497
376 498
376 383
376 384
376 499
376 385
376 500
376 386
376 387
376 388
376 501
376 502
376 389
376 503
376 504
376 390
376 391
376 392
376 393
376 505
376 394
376 395
376 506
376 507
376 396
376 508
376 509
376 510
376 511
376 512
376 513
376 514
376 515
376 516
376 517
376 397
376 518
376 519
376 520
376 521
376 522
376 523
376 524
376 525
376 526
376 527
376 407
376 408
377 378
378 379
378 493
378 394
378 509
379 493
379 625
379 540
379 496
379 505
379 394
379 395
379 507
379 626
379 627
379 396
379 509
379 510
379 511
379 512
379 515
379 541
379 397
379 628
379 520
379 629
379 630
379 631
379 632
380 437
380 540
380 395
380 512
380 907
380 908
380 909
380 408
381 437
381 904
381 382
381 498
381 501
381 395
381 506
381 910
381 408
382 650
382 437
382 540
382 904
382 498
382 384
382 501
382 389
382 503
382 391
382 392
382 393
382 395
382 525
382 526
382 408
383 437
383 540
383 384
383 504
383 390
383 395
383 515
383 912
383 408
384 437
384 904
384 498
384 389
384 503
384 395
384 398
384 408
385 437
385 540
385 387
385 388
385 389
385 395
385 772
385 627
385 912
385 673
385 917
385 408
386 437
386 540
386 500
386 387
386 395
386 506
386 513
386 408
387 437
387 388
387 501
387 503
387 395
387 506
387 917
387 408
388 666
388 437
388 389
388 395
388 917
388 769
388 408
389 437
389 540
389 498
389 503
389 504
389 395
389 912
389 917
389 919
389 920
389 877
389 408
390 437
390 540
390 504
390 395
390 626
390 627
390 510
390 912
390 408
391 437
391 904
391 498
391 395
391 912
391 525
391 526
391 408
392 437
392 540
392 498
392 393
392 395
392 627
392 912
392 408
393 437
393 498
393 395
393 408
394 540
394 505
394 928
394 507
394 771
394 626
394 627
394 396
394 508
394 509
394 510
394 511
394 397
394 630
394 631
394 632
395 402
395 574
395 492
395 666
395 667
395 437
395 540
395 405
395 497
395 498
395 902
395 499
395 500
395 501
395 502
395 503
395 504
395 506
395 908
395 671
395 398
395 522
395 929
395 930
395 670
395 525
395 526
395 527
395 598
395 406
395 407
395 408
396 935
396 936
396 937
396 938
396 933
397 493
397 540
397 495
397 506
397 509
397 513
397 964
397 519
397 589
397 965
397 521
397 523
397 524
397 631
398 772
400 441
400 442
400 784
401 520
401 406
401 407
401 408
401 906
402 404
402 405
402 406
402 407
402 408
403 412
404 409
404 410
404 411
405 492
405 647
405 892
405 406
405 407
405 408
405 906
406 492
406 647
406 625
406 540
406 683
406 892
406 520
406 407
406 906
406 637
407 492
407 647
407 648
407 650
407 668
407 625
407 540
407 892
407 520
407 769
407 408
407 906
408 492
408 647
408 625
408 496
408 892
408 498
408 541
408 520
408 522
408 906
409 412
409 413
410 414
410 415
410 416
410 411
411 416
411 462
411 478
412 418
412 797
413 417
413 418
414 449
415 470
415 471
415 472
415 473
415 474
415 475
415 476
415 477
415 478
416 457
416 474
417 418
418 425
419 806
419 802
422 423
422 424
422 425
423 431
423 432
423 433
423 434
423 435
423 436
423 437
423 438
424 432
424 425
425 438
427 450
427 451
427 452
427 453
427 454
429 466
429 841
430 539
430 510
430 445
432 437
432 438
436 449
437 574
437 578
437 479
437 677
437 732
437 497
437 498
437 499
437 500
437 501
437 502
437 503
437 504
437 733
437 525
437 526
438 462
439 611
439 1024
439 651
439 556
440 441
440 442
441 470
441 442
441 685
441 686
441 687
441 688
441 689
441 690
441 691
441 692
441 693
441 694
441 695
441 696
441 697
441 698
441 699
441 700
441 701
441 702
441 703
441 704
441 705
441 706
441 707
441 708
441 709
441 710
441 711
441 523
441 524
441 712
441 713
441 714
441 715
441 716
441 717
441 653
441 718
441 719
441 720
441 721
441 722
441 723
442 470
442 655
442 746
442 685
442 686
442 687
442 688
442 689
442 690
442 691
442 767
442 496
442 692
442 693
442 694
442 695
442 696
442 577
442 698
442 768
442 541
442 699
442 700
442 701
442 702
442 703
442 704
442 705
442 706
442 707
442 708
442 709
442 710
442 711
442 520
442 533
442 523
442 524
442 769
442 712
442 713
442 714
442 770
442 715
442 716
442 717
442 653
442 718
442 719
442 720
442 721
442 722
442 723
443 444
443 445
444 777
444 445
445 777
446 447
446 448
448 818
448 819
448 463
448 842
449 456
449 457
449 458
449 459
449 460
449 461
449 462
450 451
450 651
451 806
451 452
451 454
452 454
452 852
452 651
453 853
453 854
453 803
453 786
453 454
453 852
455 608
457 461
457 462
461 903
461 899
461 896
463 622
464 465
464 466
464 467
465 841
468 469
469 988
469 823
474 528
474 478
477 537
477 538
478 549
479 678
479 679
479 677
479 680
479 681
479 682
479 566
479 683
479 684
479 556
483 484
484 573
485 546
485 547
486 546
486 989
487 546
488 546
489 546
489 601
490 546
490 1019
491 603
492 640
493 496
493 509
493 514
493 590
493 652
493 653
494 730
494 731
494 495
494 542
495 513
495 542
495 545
496 539
496 541
496 520
496 629
496 712
496 713
496 714
496 715
496 716
496 717
496 653
496 718
497 540
497 498
497 499
497 502
497 664
498 540
498 501
498 503
498 662
498 525
498 526
499 915
499 916
500 540
500 768
500 675
501 514
502 514
502 918
503 904
503 506
503 912
503 918
504 540
504 510
504 912
505 539
505 883
506 539
506 928
506 583
506 910
506 590
506 929
506 930
507 539
507 883
508 935
508 937
508 938
508 933
509 540
509 583
509 671
509 516
509 517
509 945
509 518
509 590
510 540
511 539
511 883
511 512
512 540
512 513
512 514
512 515
513 540
513 918
514 540
516 935
516 937
516 938
516 933
518 539
518 625
518 883
519 539
519 883
520 650
520 540
520 541
520 628
520 629
521 539
521 883
523 695
524 695
526 920
527 540
527 695
527 627
527 912
528 555
529 530
529 531
529 532
529 533
530 531
530 532
530 572
530 533
531 532
531 533
532 621
532 533
534 535
534 536
535 569
535 646
535 570
536 569
537 548
537 549
538 783
538 940
538 733
538 941
539 583
539 584
539 585
539 586
539 587
539 588
539 589
539 590
539 591
539 592
539 593
539 594
539 595
539 545
539 596
539 597
539 598
540 667
540 668
540 771
540 772
540 773
540 774
540 541
540 628
540 673
540 589
540 545
540 629
540 630
540 598
541 649
541 650
541 700
541 701
541 702
541 703
541 704
541 705
541 707
541 708
541 629
542 969
542 915
544 974
545 959
547 661
547 760
547 766
547 775
547 804
547 1029
547 805
548 550
548 551
548 552
548 553
548 554
548 555
548 556
549 567
552 554
552 557
552 558
552 559
552 555
552 560
552 561
552 562
552 563
552 564
552 565
552 566
552 567
555 578
555 567
556 609
556 654
556 677
556 788
556 790
556 791
556 793
556 795
556 798
556 801
556 809
556 792
556 826
556 828
556 829
556 830
556 831
556 832
556 833
556 834
556 835
556 836
556 837
556 838
556 839
556 840
556 789
556 794
556 610
556 796
556 611
556 1024
556 657
556 612
556 982
556 983
556 984
556 985
556 986
556 987
556 613
556 1025
565 574
566 574
566 599
566 781
566 729
566 769
566 782
566 783
566 784
567 619
569 570
570 646
572 728
572 895
572 815
574 614
574 578
574 615
574 616
574 617
574 618
574 619
576 655
576 693
576 862
576 855
577 913
577 698
577 874
577 699
577 706
577 709
577 924
577 710
577 711
577 925
577 783
578 620
578 619
580 623
580 991
580 600
581 607
581 582
582 1010
582 608
583 928
583 590
583 932
583 597
583 652
584 773
584 627
584 957
585 909
585 960
590 773
590 596
590 597
596 920
596 994
596 995
596 996
596 932
598 649
598 650
598 665
598 770
598 960
599 635
599 658
599 655
599 889
600 1012
600 602
601 602
603 1019
604 1021
604 1022
605 1022
605 606
606 607
609 610
609 611
609 612
609 613
610 654
610 798
610 792
610 796
610 611
611 788
611 790
611 791
611 793
611 795
611 798
611 801
611 792
611 828
611 829
611 830
611 831
611 832
611 833
611 834
611 835
611 836
611 837
611 838
611 839
611 840
611 794
611 796
611 657
611 612
611 982
611 983
611 984
611 985
611 986
611 987
611 613
612 788
613 654
613 801
619 633
620 647
621 905
621 732
623 643
626 771
626 772
626 773
626 934
627 771
627 772
627 773
627 934
628 630
630 770
630 960
631 1007
631 632
631 933
631 943
632 944
632 943
633 637
635 636
636 728
636 729
643 842
648 649
648 650
648 651
649 650
649 662
650 664
650 665
651 658
651 788
651 790
651 791
651 793
651 795
651 798
651 801
651 816
651 659
651 828
651 829
651 830
651 831
651 832
651 833
651 834
651 835
651 836
651 837
651 839
651 840
651 789
651 669
651 868
651 903
651 756
651 890
651 787
651 889
651 982
651 660
651 983
651 984
651 985
651 986
651 987
651 1025
653 695
654 655
654 656
654 657
655 669
657 790
657 792
658 659
658 660
659 823
662 768
662 960
663 873
663 880
664 959
664 957
665 919
666 667
666 668
666 670
667 668
667 671
667 672
668 673
668 674
668 675
669 789
670 909
672 960
672 1023
673 912
677 683
677 734
677 735
677 736
682 737
683 739
684 799
684 800
691 785
695 700
695 701
695 702
695 703
695 704
695 705
695 707
695 708
695 877
695 712
695 713
695 714
695 715
695 716
695 717
695 718
696 892
697 939
697 878
708 960
718 917
719 784
720 784
721 784
722 784
724 891
728 761
728 729
730 731
731 776
732 905
733 783
736 738
737 738
737 739
738 744
738 739
739 756
744 756
745 755
745 762
745 763
745 764
745 765
745 759
752 780
752 757
753 765
753 758
755 883
755 762
755 763
755 886
755 758
757 780
757 765
758 946
758 886
758 765
759 897
759 763
761 904
762 882
762 765
762 914
763 765
765 946
767 820
767 821
767 822
768 919
768 960
769 782
770 960
771 772
771 773
771 933
772 933
773 933
776 807
776 808
777 843
778 892
778 902
779 872
780 926
780 1007
780 914
783 925
783 824
783 997
783 950
783 941
783 998
783 999
783 823
783 841
784 817
784 940
784 841
785 786
785 787
786 890
788 789
789 790
789 791
789 793
789 795
789 798
789 801
791 792
792 798
792 794
793 794
794 796
795 796
797 893
797 1006
799 827
800 856
800 857
800 814
803 889
804 805
805 1016
805 1018
807 808
807 824
808 824
809 810
809 811
809 812
811 898
811 812
813 817
813 949
813 855
814 849
815 857
815 895
815 962
815 939
816 817
818 819
820 923
823 941
826 828
826 829
826 830
826 831
826 832
826 833
826 834
826 835
826 836
826 837
826 838
826 839
826 840
827 894
841 849
843 890
849 851
851 903
851 904
854 855
855 949
860 878
860 879
862 865
863 864
865 866
865 867
865 868
865 869
865 870
865 871
871 874
873 880
874 941
877 920
878 879
879 880
881 882
881 883
882 883
882 886
883 886
884 891
887 888
895 896
898 899
898 900
899 903
902 913
910 969
912 917
914 1007
916 970
919 960
921 922
923 1001
923 1002
933 935
933 936
933 937
933 938
933 942
933 1008
933 944
933 943
935 936
935 937
935 938
935 942
935 943
936 937
936 938
936 942
936 944
936 943
937 938
937 943
938 943
939 962
939 967
940 949
942 1008
943 944
948 958
949 973
957 974
957 959
957 978
957 980
957 975
957 976
957 981
958 962
959 977
959 978
959 975
959 976
962 967
964 970
970 971
970 972
974 975
974 976
975 979
975 977
975 978
975 980
975 981
976 980
977 979
977 980
978 979
978 980
978 981
979 980
980 981
982 1024
983 1024
984 1024
985 1024
986 1024
987 1024
988 999
989 990
990 991
992 1013
992 1015
992 1028
1009 1010
1010 1011
1011 1015
1012 1013
1013 1019
1015 1028
1016 1028
1016 1017
1016 1018
1017 1029
1020 1021
1024 1025
