0 1
0 7
0 33
0 108
0 34
0 789
0 803
1 2
1 3
1 4
1 5
1 6
1 7
1 108
1 34
1 109
1 110
1 111
1 35
1 112
1 113
2 108
2 109
2 35
2 113
2 117
2 118
2 122
2 8
2 8
2 125
2 125
2 126
2 130
2 9
2 9
2 135
2 136
2 145
2 147
2 147
2 148
2 36
2 1206
2 163
2 164
2 164
2 165
2 871
2 840
2 1227
2 175
2 194
2 12
2 1290
2 15
2 1137
2 17
2 17
2 206
2 875
2 1142
2 804
2 274
2 292
2 356
2 1001
2 836
2 1307
2 949
2 40
2 226
2 237
2 963
2 964
2 1146
2 302
2 1402
3 6
3 48
4 7
4 33
4 108
4 34
4 118
4 150
4 174
4 175
4 6
5 108
5 34
5 6
6 33
6 108
6 34
6 35
6 118
6 36
6 150
6 191
6 45
6 215
6 247
6 302
6 48
6 50
7 8
7 9
7 10
7 11
7 11
7 12
7 13
7 14
7 15
7 16
7 16
7 17
7 18
7 19
7 20
7 21
7 22
7 23
7 24
7 25
7 26
7 27
7 28
7 29
7 30
7 31
7 32
7 108
7 118
7 1306
7 848
7 281
7 282
7 1233
8 108
8 803
8 109
8 35
8 113
8 115
8 117
8 118
8 122
8 122
8 123
8 124
8 125
8 125
8 130
8 130
8 131
8 131
8 132
8 133
8 133
8 10
8 10
8 140
8 140
8 141
8 142
8 142
8 143
8 143
8 144
8 144
8 145
8 145
8 163
8 164
8 164
8 170
8 171
8 172
8 178
8 823
8 823
8 199
8 199
8 200
8 200
8 1137
8 1137
8 836
8 836
8 202
8 202
8 17
8 17
8 1138
8 1139
8 1140
8 206
8 816
8 1141
8 875
8 1142
8 804
8 225
8 1143
8 957
8 18
8 828
8 19
8 20
8 1144
8 1145
8 818
8 231
8 241
8 1146
8 1147
8 1148
8 1149
8 1150
8 1151
8 1152
8 1153
8 1154
8 276
8 277
8 299
8 303
8 305
8 819
8 307
8 29
8 311
8 901
8 327
8 329
8 903
8 332
8 1155
8 49
8 346
8 356
8 989
8 1002
8 365
8 367
8 126
8 1171
8 135
8 147
8 148
8 1200
8 36
8 1206
8 149
8 151
8 162
8 871
8 946
8 11
8 840
8 1227
8 174
8 175
8 184
8 186
8 192
8 194
8 12
8 39
8 196
8 1290
8 14
8 198
8 1193
8 201
8 16
8 1306
8 1287
8 1226
8 203
8 1307
8 204
8 205
8 825
8 949
9 108
9 35
9 117
9 130
9 122
9 125
9 17
9 206
9 804
9 238
9 133
9 148
9 1200
9 840
9 175
9 194
9 201
9 1307
9 963
9 262
9 24
10 109
10 115
10 122
10 122
10 823
10 1142
10 804
10 231
10 135
10 166
10 871
10 11
10 840
10 192
10 39
10 196
10 14
10 200
10 16
10 1306
10 17
11 108
11 164
11 170
11 1227
11 196
11 196
11 13
11 14
11 15
11 1228
11 22
11 25
11 1147
11 1148
11 1149
11 1150
11 1151
11 1152
11 1153
11 1154
11 822
11 1231
11 329
11 365
11 367
11 184
11 192
11 194
11 39
11 16
11 961
11 1176
12 108
12 117
12 118
12 135
12 149
12 150
12 159
12 174
12 38
12 195
12 17
12 17
12 816
12 18
12 19
12 20
12 21
12 820
12 311
12 209
12 41
13 871
13 1227
13 14
14 946
14 840
14 840
14 15
14 22
14 25
15 117
15 153
15 166
15 871
15 170
15 1227
15 197
16 17
16 22
16 26
17 108
17 34
17 109
17 111
17 115
17 117
17 118
17 120
17 122
17 123
17 124
17 125
17 132
17 134
17 135
17 36
17 1206
17 150
17 155
17 156
17 824
17 945
17 159
17 164
17 165
17 170
17 840
17 178
17 181
17 38
17 39
17 39
17 196
17 1290
17 1306
17 202
17 19
17 19
17 818
17 887
17 325
17 332
17 32
17 203
17 40
17 41
17 210
17 45
17 215
17 224
17 826
17 878
17 18
17 828
17 1207
17 21
17 1132
17 231
17 238
17 888
17 262
17 275
17 296
17 302
17 305
17 309
17 315
17 822
17 327
17 329
17 331
17 334
17 335
18 803
18 35
18 117
18 118
18 135
18 138
18 148
18 199
18 951
18 955
18 828
18 828
18 19
18 19
18 1207
18 20
19 108
19 110
19 35
19 118
19 135
19 136
19 148
19 1200
19 36
19 1206
19 150
19 186
19 218
19 955
19 1351
19 1353
19 1175
19 828
19 828
19 20
19 20
19 1144
19 1144
19 21
19 230
20 35
20 117
20 118
20 135
20 148
20 1200
20 184
20 42
20 1213
20 955
20 1351
20 1351
20 1353
20 1353
20 1175
20 1175
20 229
20 21
20 21
20 1208
21 135
22 108
22 116
22 118
22 945
22 840
22 192
22 193
22 194
22 961
22 967
22 1264
22 196
22 883
22 23
22 243
22 244
22 969
22 258
22 260
22 25
22 25
22 846
22 847
22 851
22 845
22 271
22 272
22 273
23 118
23 153
23 947
23 883
24 108
24 194
24 262
25 108
25 115
25 117
25 118
25 135
25 174
25 175
25 187
25 194
25 874
25 948
25 207
25 244
25 244
25 270
25 840
25 845
25 846
25 847
25 279
25 279
25 849
25 851
25 854
25 855
25 325
25 863
25 864
25 280
25 892
25 895
25 850
25 896
26 118
26 29
27 115
27 118
27 174
27 1306
27 853
28 108
28 113
29 118
29 976
30 1406
30 342
30 344
30 1358
30 345
31 342
31 344
31 1358
31 345
31 353
31 352
31 32
32 108
32 34
32 118
32 36
32 150
32 191
32 342
32 344
32 1358
32 345
33 34
33 35
33 36
33 37
33 38
33 39
33 40
33 41
33 42
33 43
33 44
33 45
33 46
33 47
33 48
33 49
33 50
33 51
33 52
33 53
33 54
33 55
33 56
33 57
33 58
33 59
33 60
33 61
33 62
33 63
33 64
33 65
33 66
33 67
33 68
33 69
33 70
33 71
33 72
33 73
33 74
33 75
33 76
33 77
33 78
33 79
33 80
33 81
33 82
33 83
33 84
33 85
33 86
33 87
33 88
33 89
33 90
33 91
33 92
33 93
33 94
33 95
33 96
33 97
33 98
33 99
33 100
33 101
33 102
33 103
33 104
33 105
33 106
33 107
33 184
33 191
33 246
34 108
34 114
34 36
34 36
34 45
34 45
34 222
34 224
34 47
34 48
34 49
34 387
34 438
34 443
34 68
34 68
34 496
34 69
34 506
34 515
34 521
34 521
34 585
34 590
34 83
34 89
34 91
34 92
34 93
34 94
34 35
34 112
34 118
34 121
34 148
34 150
34 159
34 174
34 191
34 215
34 302
34 464
34 509
35 108
35 113
35 123
35 124
35 130
35 131
35 132
35 133
35 134
35 144
35 824
35 824
35 161
35 164
35 172
35 174
35 178
35 181
35 37
35 193
35 39
35 823
35 203
35 825
35 220
35 224
35 826
35 827
35 828
35 238
35 241
35 262
35 284
35 301
35 305
35 309
35 327
35 329
35 331
35 332
35 829
35 334
35 339
35 812
35 49
35 50
35 830
35 363
35 363
35 387
35 831
35 794
35 394
35 795
35 443
35 465
35 467
35 483
35 493
35 502
35 798
35 520
35 551
35 560
35 561
35 79
35 587
35 613
35 802
35 660
35 832
35 668
35 681
35 704
35 706
35 719
35 722
35 723
35 732
35 735
35 833
35 834
35 758
35 835
35 772
35 774
35 777
35 781
35 783
35 117
35 118
35 136
35 36
35 150
35 153
35 162
35 173
35 191
35 1307
35 45
35 215
35 964
35 246
35 257
35 302
35 348
35 390
35 403
35 406
35 408
35 1413
35 410
35 411
36 108
36 118
36 118
36 123
36 124
36 132
36 134
36 136
36 137
36 139
36 148
36 151
36 152
36 164
36 173
36 173
36 178
36 181
36 40
36 42
36 45
36 45
36 225
36 232
36 232
36 245
36 251
36 975
36 286
36 287
36 288
36 302
36 302
36 327
36 332
36 334
36 979
36 336
36 980
36 981
36 805
36 1202
36 807
36 808
36 809
36 810
36 811
36 1201
36 812
36 49
36 342
36 344
36 345
36 50
36 346
36 347
36 349
36 349
36 350
36 352
36 353
36 354
36 355
36 988
36 356
36 989
36 793
36 990
36 991
36 992
36 357
36 814
36 997
36 998
36 999
36 1000
36 358
36 1001
36 1002
36 1003
36 1005
36 359
36 361
36 1006
36 362
36 363
36 366
36 1008
36 368
36 1203
36 369
36 369
36 1204
36 370
36 1009
36 372
36 400
36 409
36 413
36 1014
36 414
36 418
36 438
36 438
36 795
36 795
36 440
36 445
36 446
36 460
36 65
36 66
36 1030
36 68
36 495
36 496
36 511
36 73
36 76
36 515
36 517
36 913
36 533
36 549
36 551
36 559
36 560
36 561
36 585
36 590
36 591
36 608
36 80
36 610
36 613
36 81
36 83
36 624
36 630
36 632
36 654
36 1205
36 660
36 685
36 688
36 725
36 101
36 768
36 770
36 155
36 156
36 157
36 825
36 949
36 951
36 220
36 954
36 826
36 237
36 964
36 978
36 348
36 439
37 108
37 117
37 118
37 148
37 1200
37 159
37 185
37 187
37 872
37 1251
37 1251
37 873
37 873
37 847
37 188
37 38
37 189
37 190
37 191
37 1238
38 108
38 184
38 395
38 438
38 66
38 67
38 1252
38 77
38 83
38 95
38 101
38 776
38 191
38 224
38 302
38 1408
38 1318
39 108
39 113
39 117
39 118
39 148
39 153
39 824
39 945
39 174
39 190
39 191
39 193
39 947
39 133
39 164
39 195
39 196
39 1264
39 1264
39 243
39 243
39 244
39 244
39 886
39 252
39 258
39 260
39 820
39 311
39 1156
39 209
39 224
39 954
39 965
39 1364
39 967
39 242
39 884
39 1366
39 46
39 245
39 246
39 247
39 248
39 249
40 108
40 113
40 113
40 117
40 118
40 121
40 137
40 150
40 174
40 175
40 184
40 198
40 47
40 681
40 706
40 714
40 719
40 721
40 722
40 723
40 725
40 756
40 758
40 764
40 765
40 766
40 768
40 103
40 103
40 208
40 45
40 220
40 226
40 46
40 335
40 436
41 108
41 117
41 118
41 174
41 191
41 1238
41 204
41 205
41 66
41 557
41 80
41 83
41 686
41 688
41 101
41 103
41 44
41 220
41 223
41 374
41 397
41 587
42 108
42 117
42 118
42 150
42 184
42 191
42 218
42 219
42 221
42 1213
42 222
42 955
42 879
42 1145
42 1304
42 959
42 880
42 211
42 212
42 213
42 43
42 876
42 44
42 877
42 214
42 45
42 215
42 216
42 217
43 184
43 443
43 62
43 70
43 1041
43 614
43 625
43 660
43 668
43 105
43 246
44 108
44 121
44 184
44 222
44 395
44 877
44 399
44 400
44 401
45 108
45 789
45 117
45 118
45 121
45 136
45 824
45 945
45 174
45 175
45 191
45 197
45 825
45 949
45 208
45 222
45 225
45 231
45 302
45 302
45 49
45 50
45 347
45 353
45 368
45 400
45 438
45 438
45 439
45 439
45 68
45 496
45 515
45 517
45 585
45 590
45 591
45 80
45 83
45 661
45 688
45 768
45 785
45 215
45 224
45 234
45 237
45 964
45 247
45 430
45 437
45 440
45 441
45 1016
45 442
45 443
45 444
45 1017
45 1018
46 117
46 191
46 62
46 66
46 67
46 83
46 101
46 246
46 52
47 108
47 113
47 117
47 118
47 162
47 167
47 191
47 954
47 964
47 965
47 249
47 885
47 886
47 333
47 699
47 699
47 736
47 335
47 96
48 108
48 118
48 978
48 338
48 1180
48 806
48 807
48 341
48 1405
49 108
49 803
49 113
49 117
49 118
49 148
49 1200
49 153
49 824
49 164
49 184
49 191
49 1290
49 197
49 215
49 826
49 275
49 300
49 978
49 1403
49 339
49 340
49 1405
49 806
49 812
50 108
50 117
50 215
50 363
51 118
51 150
51 191
51 362
51 372
52 53
52 54
52 55
52 86
52 97
52 104
52 106
53 108
53 220
53 246
53 56
53 70
53 95
53 380
53 54
53 381
54 117
54 191
54 246
54 100
55 184
55 191
55 246
56 108
56 191
56 197
56 207
56 220
56 380
56 381
56 408
57 380
58 184
58 191
58 208
58 226
58 246
58 402
58 1240
58 1240
59 789
59 121
59 175
59 184
59 191
59 246
59 105
60 108
60 184
60 197
60 877
61 108
61 184
61 246
62 108
62 376
62 438
62 63
62 507
62 751
62 754
62 100
63 108
63 803
63 118
63 150
63 824
63 945
63 191
63 1238
63 220
63 383
63 457
63 438
63 506
63 70
63 515
63 1250
63 754
63 98
63 1243
64 1238
64 65
64 67
65 108
65 117
65 159
65 184
65 1238
65 208
65 224
65 246
65 247
65 302
65 441
65 463
66 108
66 117
66 118
66 121
66 150
66 184
66 190
66 204
66 964
66 302
66 904
66 463
66 467
67 108
67 118
67 190
67 191
67 1238
67 208
67 326
67 904
67 1408
68 108
68 118
68 121
68 150
68 945
68 159
68 174
68 184
68 1238
68 197
68 215
68 302
68 392
68 1030
68 1030
68 69
68 506
68 515
68 521
68 1035
68 513
69 108
69 150
69 186
69 191
69 209
69 302
69 392
69 465
69 498
70 108
70 118
70 191
70 224
70 507
70 506
70 1420
70 1420
70 751
70 754
70 98
70 99
71 108
71 117
71 118
71 136
71 137
71 191
71 1238
71 1408
71 464
71 490
71 493
71 1418
71 1417
71 505
71 511
71 73
71 1252
71 74
71 1253
71 75
71 72
72 108
72 191
72 1238
72 1408
72 464
72 1418
72 511
72 511
72 73
72 73
72 1421
72 74
72 75
73 108
73 117
73 118
73 136
73 137
73 150
73 184
73 191
73 1238
73 275
73 302
73 444
73 1017
73 464
73 490
73 493
73 1418
73 511
73 1252
73 74
73 74
73 1320
73 1320
73 1253
73 75
73 579
73 592
73 771
74 108
74 118
74 150
74 191
74 1238
74 1017
74 493
74 512
74 75
75 108
75 117
75 118
75 150
75 191
75 1238
75 302
75 383
75 444
75 1017
75 464
75 488
75 490
75 493
75 1418
75 500
75 502
75 505
75 76
76 108
76 117
76 118
76 150
76 162
76 1238
76 964
76 302
76 392
76 463
76 835
76 772
76 773
76 1424
76 1425
76 1426
76 776
76 1427
76 102
77 108
77 190
77 1238
77 877
77 216
77 246
77 375
77 401
77 420
77 1294
77 1036
78 118
78 216
78 913
79 118
80 108
80 118
80 150
80 186
80 302
80 415
80 588
80 607
80 608
80 81
80 83
80 624
80 630
80 632
80 85
80 654
80 657
80 663
80 667
81 108
81 803
81 117
81 118
81 136
81 155
81 951
81 232
81 234
81 237
81 964
81 978
81 348
81 442
81 609
81 615
81 443
81 614
81 625
81 660
81 82
81 619
81 620
81 83
82 108
82 803
82 951
82 275
82 978
82 442
82 619
82 620
83 108
83 118
83 137
83 150
83 155
83 156
83 174
83 175
83 191
83 825
83 215
83 224
83 234
83 237
83 247
83 302
83 348
83 349
83 369
83 416
83 466
83 609
83 624
83 630
83 632
83 633
83 639
83 1308
84 108
84 1238
85 108
85 117
85 118
85 1238
85 416
85 442
85 587
85 609
85 637
85 638
85 658
85 87
86 108
86 415
87 108
87 1238
87 442
87 587
88 1238
89 108
89 118
89 877
89 483
89 678
89 679
89 680
89 681
90 108
90 1238
90 877
90 375
91 108
91 118
91 877
91 483
91 678
91 679
91 680
91 681
92 108
92 118
92 877
92 483
92 678
92 679
92 680
92 681
92 683
93 108
93 118
93 877
93 483
93 678
93 679
93 680
94 108
94 877
94 483
94 678
94 679
94 680
95 108
95 190
95 205
95 335
95 397
95 96
96 108
96 118
96 137
96 175
96 965
96 1018
96 699
96 727
97 457
98 507
99 108
99 789
99 117
99 118
99 162
99 175
99 184
99 197
99 224
99 268
99 302
99 380
99 751
99 753
99 1246
99 106
100 108
100 117
100 162
100 184
100 191
100 246
100 380
100 751
100 753
100 1245
100 1246
100 106
101 108
101 118
101 121
101 150
101 824
101 174
101 175
101 184
101 1290
101 203
101 224
101 302
101 392
101 757
101 760
101 763
101 765
101 767
101 767
101 768
101 768
101 770
101 771
101 764
101 766
101 769
102 108
102 121
102 1238
102 197
102 826
102 773
102 777
103 108
103 118
103 824
103 184
103 1109
104 105
105 191
105 380
105 1245
105 1246
105 106
106 108
106 117
106 184
106 191
106 246
106 380
106 753
106 788
106 1246
107 753
108 109
108 110
108 111
108 112
108 113
108 113
108 114
108 115
108 116
108 117
108 118
108 118
108 119
108 120
108 121
108 122
108 123
108 124
108 125
108 126
108 127
108 128
108 129
108 130
108 131
108 132
108 133
108 134
108 135
108 136
108 137
108 138
108 139
108 140
108 141
108 142
108 143
108 144
108 145
108 146
108 147
108 148
108 149
108 150
108 151
108 152
108 153
108 154
108 155
108 156
108 157
108 158
108 159
108 160
108 161
108 162
108 163
108 164
108 165
108 166
108 167
108 168
108 169
108 170
108 171
108 172
108 173
108 173
108 174
108 175
108 176
108 177
108 178
108 179
108 180
108 181
108 182
108 183
108 184
108 184
108 185
108 186
108 187
108 188
108 189
108 190
108 191
108 192
108 193
108 194
108 195
108 196
108 197
108 198
108 199
108 200
108 201
108 202
108 203
108 204
108 205
108 206
108 207
108 208
108 209
108 210
108 211
108 212
108 213
108 214
108 215
108 216
108 217
108 218
108 219
108 220
108 220
108 221
108 222
108 223
108 224
108 225
108 226
108 227
108 228
108 229
108 230
108 231
108 232
108 233
108 234
108 235
108 236
108 237
108 238
108 239
108 240
108 241
108 242
108 243
108 244
108 245
108 246
108 247
108 248
108 249
108 250
108 251
108 252
108 253
108 254
108 255
108 256
108 257
108 258
108 259
108 260
108 261
108 262
108 263
108 264
108 265
108 266
108 267
108 268
108 269
108 270
108 271
108 272
108 273
108 274
108 275
108 276
108 277
108 278
108 279
108 280
108 281
108 282
108 283
108 284
108 285
108 286
108 287
108 288
108 289
108 290
108 291
108 292
108 293
108 294
108 295
108 296
108 297
108 298
108 299
108 300
108 301
108 302
108 303
108 304
108 305
108 306
108 307
108 308
108 309
108 310
108 311
108 312
108 313
108 314
108 315
108 316
108 317
108 318
108 319
108 320
108 321
108 322
108 323
108 324
108 325
108 326
108 327
108 328
108 329
108 330
108 331
108 332
108 333
108 334
108 335
108 336
108 337
108 338
108 339
108 340
108 341
108 342
108 343
108 344
108 345
108 346
108 347
108 348
108 349
108 350
108 351
108 352
108 353
108 354
108 355
108 356
108 357
108 358
108 359
108 360
108 361
108 362
108 363
108 364
108 365
108 366
108 367
108 368
108 369
108 370
108 371
108 372
108 373
108 374
108 375
108 376
108 377
108 378
108 379
108 380
108 381
108 382
108 383
108 384
108 385
108 386
108 387
108 388
108 389
108 390
108 391
108 392
108 393
108 394
108 395
108 396
108 397
108 398
108 399
108 400
108 401
108 402
108 403
108 404
108 405
108 406
108 407
108 408
108 409
108 410
108 411
108 412
108 413
108 414
108 415
108 416
108 417
108 418
108 419
108 420
108 421
108 422
108 423
108 424
108 425
108 426
108 427
108 428
108 429
108 430
108 431
108 432
108 433
108 434
108 435
108 436
108 437
108 438
108 439
108 440
108 441
108 442
108 443
108 444
108 445
108 446
108 447
108 448
108 449
108 449
108 450
108 451
108 452
108 453
108 454
108 455
108 456
108 457
108 458
108 459
108 460
108 461
108 462
108 463
108 464
108 465
108 466
108 467
108 468
108 469
108 470
108 471
108 472
108 473
108 474
108 475
108 476
108 477
108 478
108 479
108 480
108 481
108 482
108 483
108 484
108 485
108 486
108 487
108 488
108 489
108 490
108 491
108 492
108 493
108 494
108 495
108 496
108 497
108 498
108 499
108 500
108 501
108 502
108 503
108 504
108 505
108 506
108 507
108 508
108 509
108 510
108 511
108 512
108 513
108 514
108 515
108 516
108 517
108 518
108 519
108 520
108 521
108 522
108 523
108 524
108 525
108 526
108 527
108 528
108 529
108 530
108 531
108 532
108 533
108 534
108 535
108 536
108 537
108 538
108 539
108 540
108 541
108 542
108 543
108 544
108 545
108 546
108 547
108 548
108 549
108 550
108 551
108 552
108 553
108 554
108 555
108 556
108 557
108 558
108 559
108 560
108 561
108 562
108 563
108 564
108 565
108 566
108 567
108 568
108 569
108 570
108 571
108 572
108 573
108 574
108 575
108 576
108 577
108 578
108 579
108 580
108 581
108 582
108 583
108 584
108 585
108 586
108 587
108 588
108 589
108 590
108 591
108 592
108 593
108 594
108 595
108 596
108 597
108 598
108 599
108 600
108 601
108 602
108 603
108 604
108 605
108 606
108 607
108 608
108 609
108 610
108 611
108 612
108 613
108 614
108 615
108 616
108 617
108 618
108 619
108 620
108 621
108 622
108 623
108 624
108 625
108 626
108 627
108 628
108 629
108 630
108 631
108 632
108 633
108 634
108 635
108 636
108 637
108 638
108 639
108 640
108 641
108 642
108 643
108 644
108 645
108 646
108 647
108 648
108 649
108 650
108 651
108 652
108 653
108 654
108 655
108 656
108 657
108 658
108 659
108 660
108 661
108 662
108 663
108 664
108 665
108 666
108 667
108 668
108 669
108 670
108 671
108 672
108 673
108 674
108 675
108 676
108 677
108 678
108 679
108 680
108 681
108 682
108 683
108 684
108 685
108 686
108 687
108 688
108 689
108 690
108 691
108 692
108 693
108 694
108 695
108 696
108 697
108 698
108 699
108 700
108 701
108 702
108 703
108 704
108 705
108 706
108 707
108 708
108 709
108 710
108 711
108 712
108 713
108 714
108 715
108 716
108 717
108 718
108 719
108 720
108 721
108 722
108 723
108 724
108 725
108 726
108 727
108 728
108 729
108 730
108 731
108 732
108 733
108 734
108 735
108 736
108 737
108 738
108 739
108 740
108 741
108 742
108 743
108 744
108 745
108 746
108 747
108 748
108 749
108 750
108 751
108 752
108 753
108 754
108 755
108 756
108 757
108 758
108 759
108 760
108 761
108 762
108 763
108 764
108 765
108 766
108 767
108 768
108 769
108 770
108 771
108 772
108 773
108 774
108 775
108 776
108 777
108 778
108 779
108 780
108 781
108 782
108 783
108 784
108 785
108 786
108 787
108 788
108 1015
109 132
109 163
109 164
109 172
109 194
109 195
109 816
109 817
109 818
109 241
109 276
109 277
109 819
109 307
109 820
109 308
109 311
109 320
109 821
109 822
109 329
109 331
109 334
109 118
109 958
110 823
110 244
110 275
111 329
111 164
111 241
112 222
112 438
112 506
112 574
112 191
113 195
113 198
113 836
113 244
113 837
113 820
113 311
113 812
113 400
113 681
113 838
113 706
113 714
113 717
113 719
113 720
113 721
113 722
113 723
113 725
113 732
113 732
113 833
113 768
113 785
113 118
113 137
113 148
113 150
113 159
113 162
113 167
113 184
113 220
113 302
113 335
113 467
115 839
115 840
115 192
115 841
115 842
115 843
115 270
115 270
115 844
115 845
115 272
115 274
115 846
115 847
115 279
115 848
115 281
115 849
115 282
115 850
115 851
115 852
115 283
115 853
115 854
115 791
115 792
115 855
115 856
115 857
115 858
115 330
115 859
115 860
115 861
115 862
115 863
115 864
115 117
115 118
115 945
115 184
115 187
115 872
115 874
115 948
115 878
115 275
115 895
115 1377
116 803
116 839
116 192
116 842
116 844
116 845
116 271
116 846
116 847
116 865
116 851
116 854
116 866
116 867
116 289
116 868
116 855
116 858
116 330
116 863
116 864
116 117
116 118
116 824
116 945
116 162
116 167
116 949
116 978
117 839
117 118
117 124
117 130
117 131
117 132
117 136
117 137
117 138
117 144
117 148
117 151
117 824
117 161
117 869
117 870
117 163
117 164
117 871
117 172
117 173
117 174
117 175
117 187
117 872
117 873
117 192
117 874
117 823
117 202
117 206
117 208
117 875
117 209
117 876
117 877
117 214
117 216
117 217
117 222
117 223
117 224
117 826
117 878
117 828
117 879
117 880
117 234
117 238
117 881
117 882
117 883
117 243
117 884
117 249
117 885
117 886
117 253
117 887
117 888
117 258
117 259
117 261
117 889
117 890
117 270
117 273
117 276
117 277
117 846
117 847
117 279
117 281
117 865
117 891
117 892
117 893
117 894
117 895
117 849
117 850
117 896
117 897
117 851
117 898
117 283
117 899
117 900
117 284
117 854
117 287
117 855
117 296
117 305
117 309
117 315
117 901
117 902
117 325
117 326
117 327
117 329
117 903
117 331
117 332
117 334
117 812
117 367
117 368
117 904
117 374
117 376
117 377
117 387
117 388
117 831
117 794
117 394
117 400
117 401
117 405
117 409
117 413
117 415
117 420
117 905
117 421
117 422
117 448
117 457
117 906
117 465
117 467
117 815
117 476
117 477
117 907
117 483
117 908
117 493
117 495
117 909
117 796
117 511
117 798
117 518
117 521
117 910
117 528
117 529
117 530
117 531
117 532
117 911
117 912
117 913
117 914
117 534
117 915
117 916
117 917
117 536
117 537
117 918
117 542
117 543
117 919
117 920
117 921
117 922
117 923
117 924
117 925
117 926
117 927
117 928
117 929
117 930
117 931
117 932
117 933
117 550
117 587
117 588
117 607
117 608
117 800
117 613
117 624
117 626
117 627
117 628
117 629
117 630
117 632
117 639
117 654
117 657
117 832
117 667
117 934
117 935
117 678
117 679
117 680
117 681
117 936
117 699
117 703
117 704
117 706
117 714
117 716
117 717
117 719
117 720
117 722
117 723
117 725
117 727
117 732
117 937
117 735
117 736
117 938
117 939
117 833
117 940
117 834
117 750
117 751
117 755
117 763
117 764
117 768
117 769
117 770
117 771
117 773
117 775
117 941
117 781
117 782
117 784
117 942
117 943
117 944
117 186
118 789
118 803
118 839
118 122
118 123
118 124
118 126
118 127
118 129
118 132
118 133
118 134
118 135
118 136
118 137
118 138
118 146
118 148
118 151
118 152
118 824
118 945
118 159
118 161
118 869
118 870
118 163
118 164
118 165
118 871
118 946
118 172
118 173
118 174
118 175
118 178
118 181
118 192
118 193
118 947
118 194
118 874
118 948
118 836
118 203
118 204
118 205
118 825
118 949
118 206
118 816
118 208
118 210
118 211
118 212
118 877
118 216
118 217
118 950
118 951
118 952
118 953
118 220
118 221
118 222
118 224
118 954
118 826
118 827
118 878
118 955
118 225
118 956
118 957
118 958
118 959
118 960
118 231
118 232
118 234
118 235
118 961
118 236
118 962
118 963
118 964
118 881
118 965
118 966
118 967
118 968
118 243
118 245
118 248
118 249
118 250
118 251
118 886
118 253
118 969
118 887
118 255
118 256
118 258
118 259
118 261
118 970
118 790
118 971
118 972
118 973
118 270
118 271
118 272
118 273
118 974
118 276
118 846
118 847
118 279
118 848
118 281
118 891
118 892
118 893
118 895
118 282
118 850
118 897
118 898
118 283
118 899
118 900
118 284
118 791
118 285
118 975
118 867
118 286
118 287
118 288
118 289
118 290
118 837
118 296
118 301
118 302
118 819
118 976
118 310
118 315
118 902
118 977
118 324
118 978
118 327
118 329
118 332
118 829
118 334
118 859
118 863
118 979
118 336
118 337
118 980
118 981
118 339
118 340
118 806
118 807
118 808
118 809
118 810
118 982
118 983
118 811
118 812
118 813
118 343
118 345
118 984
118 346
118 347
118 349
118 985
118 350
118 986
118 352
118 987
118 353
118 830
118 354
118 355
118 988
118 356
118 989
118 793
118 990
118 991
118 992
118 993
118 357
118 994
118 995
118 996
118 814
118 997
118 998
118 999
118 1000
118 358
118 1001
118 1002
118 1003
118 1004
118 1005
118 359
118 360
118 361
118 1006
118 362
118 363
118 1007
118 365
118 366
118 367
118 1008
118 368
118 369
118 370
118 1009
118 372
118 375
118 387
118 390
118 391
118 392
118 394
118 400
118 409
118 1010
118 1011
118 413
118 1012
118 1013
118 1014
118 414
118 415
118 1015
118 429
118 438
118 795
118 439
118 440
118 1016
118 442
118 443
118 1017
118 1018
118 1019
118 446
118 447
118 1020
118 1021
118 457
118 1022
118 1023
118 1024
118 1025
118 464
118 465
118 467
118 815
118 1026
118 469
118 1027
118 475
118 1028
118 1029
118 483
118 1030
118 493
118 494
118 495
118 909
118 500
118 502
118 1031
118 503
118 1032
118 1033
118 796
118 797
118 511
118 1034
118 1035
118 515
118 520
118 522
118 528
118 529
118 530
118 531
118 532
118 911
118 1036
118 913
118 1037
118 914
118 533
118 1038
118 1039
118 1040
118 542
118 543
118 919
118 920
118 921
118 922
118 923
118 924
118 925
118 926
118 927
118 928
118 549
118 550
118 551
118 1041
118 1042
118 556
118 557
118 558
118 559
118 560
118 561
118 562
118 569
118 570
118 585
118 587
118 588
118 590
118 596
118 1043
118 603
118 604
118 606
118 607
118 608
118 800
118 612
118 614
118 619
118 624
118 1044
118 625
118 627
118 628
118 1045
118 630
118 1046
118 1047
118 632
118 1048
118 634
118 1049
118 636
118 638
118 641
118 1050
118 645
118 646
118 1051
118 1052
118 649
118 650
118 654
118 657
118 659
118 1053
118 801
118 660
118 661
118 664
118 665
118 667
118 668
118 669
118 675
118 680
118 681
118 688
118 691
118 696
118 936
118 1054
118 697
118 698
118 699
118 700
118 702
118 703
118 704
118 705
118 706
118 707
118 711
118 712
118 714
118 716
118 717
118 718
118 719
118 720
118 721
118 722
118 723
118 724
118 725
118 1055
118 1056
118 1057
118 729
118 731
118 732
118 733
118 937
118 735
118 736
118 737
118 1058
118 1059
118 938
118 1060
118 1061
118 739
118 1062
118 1063
118 939
118 833
118 940
118 1064
118 1065
118 1066
118 1067
118 1068
118 1069
118 740
118 1070
118 1071
118 741
118 1072
118 742
118 1073
118 1074
118 1075
118 1076
118 743
118 1077
118 744
118 1078
118 745
118 1079
118 1080
118 1081
118 1082
118 1083
118 1084
118 747
118 1085
118 1086
118 1087
118 1088
118 1089
118 1090
118 1091
118 1092
118 748
118 1093
118 1094
118 1095
118 1096
118 749
118 1097
118 1098
118 834
118 1099
118 1100
118 1101
118 1102
118 750
118 751
118 1103
118 1104
118 1105
118 1106
118 1107
118 1108
118 756
118 1109
118 758
118 759
118 763
118 764
118 765
118 766
118 768
118 1110
118 1111
118 773
118 776
118 941
118 1112
118 1113
118 785
118 1114
118 1115
118 786
118 1116
118 1117
118 1118
118 942
118 1119
118 1120
118 787
118 1121
118 1122
118 1123
118 1124
118 1125
118 1126
119 166
119 293
119 294
119 295
119 297
119 298
119 314
119 316
119 317
119 318
119 319
120 324
120 328
120 329
120 121
121 224
121 225
121 231
121 1127
121 243
121 244
121 886
121 345
121 363
121 397
121 400
121 429
121 436
121 452
121 464
121 470
121 472
121 474
121 475
121 495
121 522
121 913
121 1128
121 583
121 590
121 683
121 937
121 760
121 234
122 123
122 123
122 124
122 124
122 127
122 127
122 128
122 128
122 129
122 129
122 132
122 132
122 133
122 133
122 134
122 134
122 140
122 143
122 144
122 146
122 164
122 178
122 181
122 836
122 206
122 816
122 1129
122 1130
122 804
122 225
122 957
122 1131
122 1132
122 1133
122 231
122 236
122 1134
122 837
122 327
122 332
122 334
122 1135
122 1136
122 125
122 126
122 130
122 131
122 1171
122 135
122 136
122 137
122 138
123 127
123 148
123 1206
123 169
124 988
124 129
124 148
124 1206
124 175
124 183
124 184
125 206
125 804
125 238
125 140
125 840
125 201
125 225
125 226
125 227
125 957
126 133
126 164
126 202
126 1156
126 1157
126 130
127 132
127 133
127 134
127 139
127 168
127 818
127 1158
127 231
127 1159
127 312
127 334
128 139
128 1160
128 901
128 327
128 328
128 903
128 1355
129 132
129 139
129 176
129 178
129 181
129 1161
129 1159
129 962
130 134
130 139
130 151
130 164
130 206
130 804
130 231
130 1162
130 1163
130 262
130 1164
130 1165
130 309
130 199
130 220
131 139
131 145
131 816
131 1144
131 1166
131 1167
131 231
131 1168
131 1169
131 135
131 199
131 220
132 990
132 148
132 1206
132 175
132 308
133 134
133 231
133 262
133 309
133 1156
133 1396
134 181
134 202
134 262
134 309
134 1170
134 148
134 1206
134 310
134 313
135 164
135 194
135 874
135 948
135 195
135 823
135 1173
135 816
135 1174
135 1175
135 828
135 879
135 880
135 818
135 244
135 1176
135 276
135 847
135 1177
135 820
135 1159
135 311
135 329
135 332
135 333
135 968
136 148
136 244
136 256
136 258
136 261
136 346
136 347
136 464
136 465
136 495
136 909
136 796
136 511
136 570
136 624
136 627
136 630
136 632
136 773
136 184
137 151
137 168
137 192
137 203
137 818
137 256
137 258
137 261
137 975
137 301
137 312
137 1178
137 327
137 333
137 979
137 347
137 350
137 993
137 997
137 361
137 362
137 372
137 495
137 909
137 511
137 918
137 549
137 559
137 560
137 627
137 714
137 727
137 732
137 758
137 1230
137 184
137 209
137 220
137 1020
138 1175
138 1179
138 340
138 1180
138 353
138 1181
138 835
138 772
139 228
139 1136
139 140
139 141
139 142
139 143
139 144
139 145
139 146
139 147
139 148
139 1200
139 1206
140 141
140 142
140 147
140 1182
140 199
140 200
140 1172
140 1183
140 1184
140 194
141 164
141 164
141 1172
141 1138
141 1185
141 1186
142 1187
142 206
142 804
142 231
142 1188
142 1189
143 1190
143 1191
143 1192
143 164
144 1193
144 231
144 220
144 235
144 961
145 816
145 1194
145 329
146 1195
146 332
146 333
147 804
147 231
147 1196
147 1197
147 1198
147 1199
148 824
148 164
148 172
148 174
148 175
148 178
148 181
148 193
148 823
148 203
148 825
148 224
148 826
148 827
148 228
148 828
148 960
148 234
148 884
148 262
148 284
148 301
148 309
148 327
148 329
148 332
148 829
148 334
148 339
148 812
148 830
148 363
148 363
148 387
148 831
148 794
148 394
148 795
148 443
148 465
148 467
148 798
148 551
148 561
148 573
148 587
148 613
148 1051
148 802
148 660
148 832
148 668
148 681
148 706
148 735
148 834
148 758
148 835
148 772
148 774
148 777
148 781
148 162
148 173
148 191
148 1238
148 197
148 964
148 246
148 302
148 348
148 391
148 406
148 407
148 1413
149 325
149 150
150 155
150 156
150 157
150 167
150 186
150 191
150 198
150 823
150 208
150 213
150 215
150 1213
150 222
150 226
150 229
150 818
150 231
150 232
150 236
150 237
150 242
150 259
150 263
150 791
150 975
150 300
150 323
150 332
150 979
150 336
150 345
150 346
150 347
150 348
150 351
150 1214
150 353
150 997
150 998
150 359
150 362
150 363
150 366
150 369
150 372
150 388
150 410
150 444
150 464
150 465
150 495
150 796
150 1128
150 547
150 549
150 552
150 554
150 555
150 559
150 560
150 563
150 566
150 567
150 568
150 569
150 572
150 577
150 578
150 584
150 1215
150 593
150 594
150 595
150 598
150 599
150 600
150 601
150 602
150 1216
150 1217
150 1218
150 617
150 660
150 661
150 667
150 677
150 681
150 688
150 704
150 715
150 719
150 722
150 732
150 757
150 759
150 760
150 761
150 762
150 763
150 764
150 765
150 766
150 767
150 770
150 771
150 773
150 774
150 776
150 777
150 788
150 234
151 1200
151 206
151 804
151 152
151 153
151 154
151 155
151 156
151 157
151 158
151 824
151 945
151 159
152 975
152 347
152 372
152 727
153 174
153 966
153 967
153 243
153 886
153 253
153 969
153 887
153 258
153 261
153 270
153 812
153 1014
153 913
153 590
153 638
153 683
153 698
153 699
153 1061
153 785
153 186
154 234
154 436
155 244
155 324
155 347
155 350
155 363
155 368
155 464
155 913
155 533
155 551
155 561
155 590
155 624
155 630
155 632
155 725
156 244
156 324
156 368
156 464
156 533
156 551
156 561
156 590
157 346
157 359
157 363
157 725
158 208
158 887
158 426
159 206
159 302
159 465
159 773
159 184
159 268
160 206
160 161
161 419
161 458
161 463
161 466
161 467
161 487
161 689
161 769
161 184
161 392
161 393
161 613
162 869
162 870
162 165
162 871
162 946
162 174
162 175
162 193
162 825
162 826
162 827
162 958
162 968
162 243
162 249
162 260
162 970
162 971
162 972
162 973
162 974
162 846
162 849
162 282
162 898
162 296
162 315
162 902
162 829
162 830
162 363
162 368
162 387
162 1010
162 1014
162 520
162 569
162 627
162 628
162 634
162 636
162 638
162 641
162 1050
162 681
162 936
162 714
162 720
162 721
162 722
162 723
162 724
162 725
162 736
162 834
162 751
162 755
162 785
162 452
163 329
163 354
163 164
163 165
164 1171
164 1206
164 172
164 195
164 1137
164 1137
164 202
164 1172
164 206
164 206
164 875
164 1142
164 804
164 225
164 241
164 1146
164 276
164 277
164 819
164 307
164 329
164 1225
164 356
164 989
164 165
164 840
164 1290
164 198
164 1226
164 1307
164 204
164 205
164 825
164 949
164 1185
164 816
164 207
164 208
165 172
165 1226
165 1174
165 818
165 241
165 974
165 276
165 277
165 329
165 167
167 824
167 869
167 871
167 946
167 174
167 175
167 193
167 825
167 211
167 212
167 826
167 827
167 958
167 968
167 243
167 249
167 886
167 970
167 971
167 972
167 973
167 974
167 282
167 898
167 296
167 315
167 902
167 977
167 829
167 830
167 415
167 520
167 587
167 594
167 627
167 628
167 634
167 636
167 638
167 641
167 1050
167 659
167 1053
167 664
167 665
167 667
167 681
167 936
167 714
167 718
167 720
167 721
167 723
167 724
167 937
167 834
167 751
167 785
168 1230
170 871
170 840
170 1227
171 1200
172 789
172 1200
172 355
172 173
172 174
172 175
173 284
173 363
173 831
173 794
173 409
173 413
173 1014
173 414
173 795
173 798
173 613
173 802
173 832
173 781
173 184
173 349
174 203
174 212
174 243
174 886
174 887
174 276
174 281
174 282
174 852
174 1233
174 853
174 791
174 301
174 343
174 355
174 793
174 359
174 362
174 366
174 795
174 443
174 586
174 613
174 802
174 660
174 832
174 681
174 936
174 703
174 706
174 719
174 720
174 721
174 722
174 723
174 726
174 727
174 754
174 755
174 781
174 184
174 220
174 1083
175 203
175 1172
175 887
175 259
175 262
175 1234
175 790
175 271
175 272
175 791
175 975
175 289
175 792
175 301
175 309
175 1235
175 359
175 360
175 362
175 367
175 1008
175 372
175 794
175 439
175 1016
175 1018
175 798
175 627
175 649
175 832
175 688
175 936
175 708
175 710
175 721
175 726
175 727
175 1236
175 734
175 755
175 1110
175 207
175 246
175 268
175 1059
176 1230
177 178
177 178
177 179
178 1206
178 179
180 1230
181 1206
181 1237
184 190
184 1238
184 874
184 202
184 203
184 204
184 877
184 222
184 224
184 879
184 880
184 233
184 234
184 249
184 259
184 844
184 846
184 847
184 894
184 849
184 851
184 287
184 290
184 301
184 302
184 1239
184 1235
184 324
184 329
184 806
184 812
184 344
184 353
184 367
184 368
184 375
184 388
184 394
184 397
184 1014
184 1240
184 1241
184 421
184 1016
184 465
184 467
184 815
184 908
184 494
184 495
184 574
184 626
184 634
184 636
184 638
184 640
184 641
184 1242
184 660
184 935
184 698
184 719
184 720
184 722
184 723
184 725
184 732
184 1061
184 1063
184 741
184 742
184 743
184 744
184 748
184 750
184 751
184 1243
184 756
184 758
184 760
184 767
184 768
184 770
184 1110
184 773
184 785
184 1244
184 1245
184 943
184 944
184 1246
184 186
185 872
185 186
186 188
186 197
186 202
186 225
186 1247
186 246
186 247
186 268
186 269
186 275
186 278
186 280
186 335
186 336
186 363
186 1009
186 427
186 428
186 450
186 453
186 461
186 1248
186 1249
186 627
186 628
186 662
186 738
186 1250
186 770
186 773
186 1113
186 234
187 872
187 872
187 192
187 270
187 847
187 850
187 283
189 776
189 191
190 396
190 1253
190 763
190 776
190 191
190 1238
190 224
190 302
190 1408
190 1318
191 204
191 205
191 211
191 876
191 877
191 214
191 222
191 223
191 224
191 960
191 1254
191 339
191 812
191 830
191 363
191 372
191 1255
191 374
191 378
191 380
191 381
191 387
191 394
191 399
191 402
191 404
191 413
191 1240
191 1256
191 1241
191 905
191 421
191 423
191 438
191 443
191 457
191 1257
191 1258
191 490
191 495
191 498
191 505
191 511
191 513
191 515
191 519
191 1259
191 913
191 1260
191 548
191 551
191 569
191 586
191 608
191 626
191 627
191 628
191 644
191 660
191 753
191 1250
191 754
191 755
191 758
191 763
191 771
191 776
191 944
192 195
192 843
192 844
192 820
192 311
192 325
192 330
192 332
192 841
192 193
192 947
192 194
193 869
193 869
193 840
193 947
193 967
193 1264
193 1223
193 1223
193 243
193 884
193 250
193 258
193 889
193 1265
193 970
193 1234
193 790
193 971
193 1266
193 1267
193 1268
193 1221
193 972
193 1269
193 973
193 1270
193 1271
193 1272
193 1273
193 843
193 844
193 1176
193 846
193 867
193 289
193 858
193 1224
193 330
193 859
193 860
193 861
193 862
193 863
193 864
193 968
193 263
193 264
193 265
194 947
194 869
194 840
194 874
194 948
194 195
194 200
194 1287
194 818
194 1264
194 1223
194 244
194 970
194 790
194 971
194 972
194 973
194 844
194 272
194 274
194 1176
194 276
194 846
194 852
194 837
194 820
194 311
194 858
194 1288
194 321
194 325
194 330
194 332
194 333
194 863
194 864
194 365
194 367
195 1200
195 196
195 1290
196 947
196 820
196 311
196 965
196 1364
196 967
197 201
197 230
197 234
197 401
197 1013
197 420
197 815
197 1291
197 1292
197 1293
197 1294
197 1295
197 1296
197 1297
197 1298
197 1299
197 1300
197 1301
197 1302
197 1058
197 1060
197 1086
197 1092
197 1094
197 749
197 1098
197 834
197 1303
197 1108
197 773
197 776
197 941
197 782
197 1115
197 1122
199 828
199 231
199 220
200 231
201 332
202 309
202 1157
203 803
203 1200
203 206
203 339
203 951
203 826
203 340
203 364
204 1238
204 233
204 234
204 415
204 553
204 586
204 623
204 629
204 631
204 688
204 1255
204 374
204 397
204 402
205 1238
205 234
205 623
205 629
205 631
205 688
205 759
205 374
205 375
205 397
205 402
206 803
206 1171
206 1137
206 825
206 949
206 1129
206 804
206 804
206 827
206 878
206 1142
206 957
206 963
206 247
206 300
206 301
206 302
207 874
207 948
207 891
207 892
207 893
207 1310
207 899
207 900
207 1311
207 289
207 1312
207 905
207 1252
207 1253
207 586
207 627
207 939
207 1243
207 1244
207 1245
207 943
207 1246
207 246
208 225
208 233
208 233
208 792
208 302
208 302
208 1256
208 1020
208 1021
208 1313
208 1022
208 1024
208 462
208 815
208 1026
208 1314
208 1181
208 773
208 776
208 1315
208 1127
208 234
208 326
208 1016
208 463
208 1028
209 284
209 286
209 287
209 288
209 438
209 447
209 483
209 514
209 518
209 586
209 732
209 764
209 773
210 1316
210 221
211 222
211 212
211 213
211 1348
211 952
211 953
212 789
212 803
212 949
212 213
212 220
213 222
214 877
214 221
214 780
214 246
215 222
215 244
215 324
215 830
215 359
215 362
215 363
215 368
215 1010
215 443
215 464
215 515
215 913
215 533
215 549
215 551
215 560
215 590
215 650
215 660
215 725
215 234
216 1318
216 387
216 400
216 401
216 420
216 470
216 472
216 1319
216 1320
216 522
216 524
216 525
216 526
216 527
216 1321
216 1322
216 1323
216 1324
216 1325
216 1326
216 1327
216 1328
216 1329
216 1330
216 1331
216 1332
216 1333
216 1334
216 1335
216 1336
216 1337
216 1338
216 1339
216 1340
216 911
216 911
216 912
216 912
216 1037
216 1341
216 1342
216 1343
216 1344
216 1345
216 1346
216 1347
216 217
216 220
216 246
216 275
216 523
216 910
216 1248
216 1249
216 1369
216 528
216 529
216 530
216 531
216 532
217 387
217 400
217 401
217 420
217 470
217 472
217 524
217 525
217 526
217 527
217 911
217 912
217 536
217 536
217 537
217 537
217 1346
217 542
217 543
217 544
217 545
217 1347
217 546
217 246
217 275
217 523
217 910
217 1248
217 1249
217 1369
218 945
218 823
219 951
220 222
220 223
220 232
220 253
220 258
220 259
220 261
220 284
220 287
220 347
220 349
220 353
220 361
220 362
220 363
220 368
220 369
220 372
220 387
220 388
220 393
220 394
220 414
220 421
220 422
220 424
220 439
220 443
220 447
220 447
220 448
220 457
220 459
220 465
220 467
220 483
220 502
220 518
220 519
220 520
220 521
220 528
220 529
220 530
220 531
220 532
220 569
220 586
220 619
220 626
220 627
220 628
220 634
220 636
220 637
220 638
220 640
220 641
220 644
220 680
220 681
220 698
220 700
220 703
220 704
220 706
220 708
220 710
220 711
220 717
220 718
220 719
220 722
220 724
220 725
220 727
220 1055
220 1056
220 1057
220 728
220 729
220 730
220 732
220 734
220 737
220 759
220 765
220 775
220 776
220 782
220 783
220 784
220 449
221 1213
222 803
222 824
222 945
222 825
222 949
222 951
222 223
222 224
222 954
222 826
222 827
222 878
223 877
223 405
223 246
224 240
224 302
224 302
224 1350
224 386
224 386
224 394
224 395
224 396
224 421
224 424
224 438
224 763
224 776
224 826
224 247
224 387
224 388
224 389
224 831
225 804
225 957
225 231
225 231
225 226
225 232
225 1127
225 233
225 234
226 804
226 957
226 231
226 325
226 368
226 1013
226 1256
226 1313
226 1022
226 462
226 464
226 815
226 1258
226 558
226 1181
226 776
226 1315
228 1206
228 1351
228 1353
228 1175
229 823
229 828
229 809
229 811
229 812
229 353
230 1145
231 1171
231 1130
231 957
231 233
231 236
231 1361
231 1134
231 1362
231 237
231 963
231 964
231 1247
232 344
232 1358
232 345
232 346
232 347
232 350
232 986
232 352
232 353
232 995
232 363
232 417
232 1359
232 460
232 913
232 562
232 624
232 630
232 632
232 1203
233 1127
233 302
233 302
233 1313
233 1022
233 1024
233 462
233 234
233 326
234 237
234 1254
234 346
234 347
234 349
234 350
234 359
234 363
234 410
234 429
234 444
234 1022
234 461
234 548
234 555
234 594
234 623
234 624
234 629
234 630
234 631
234 632
234 758
234 765
234 768
234 774
234 777
234 469
235 1287
235 243
235 1360
235 292
236 1361
237 325
237 347
237 350
237 363
237 368
237 913
237 559
237 624
237 630
237 632
238 239
238 240
239 240
243 945
243 869
243 947
243 961
243 1364
243 967
243 1223
243 883
243 885
243 886
243 253
243 258
243 1368
243 259
244 274
245 1230
245 250
245 256
245 258
245 267
245 975
245 347
245 447
246 1238
246 876
246 826
246 827
246 1176
246 1255
246 374
246 376
246 377
246 1240
246 1256
246 1241
246 905
246 422
246 449
246 465
246 520
246 910
246 524
246 525
246 526
246 527
246 528
246 529
246 530
246 531
246 532
246 536
246 537
246 542
246 543
246 544
246 545
246 546
246 629
246 1058
246 1059
246 938
246 1060
246 1062
246 940
246 1064
246 1067
246 1069
246 755
246 1108
246 782
246 944
247 302
247 332
247 363
247 1203
247 389
247 794
247 400
247 424
247 795
247 439
247 464
247 495
247 796
247 797
247 511
247 798
247 515
247 517
247 521
247 533
247 582
247 800
247 613
247 688
247 763
247 776
247 781
248 1200
248 824
248 945
248 1287
248 256
248 259
248 936
248 1054
248 697
248 701
248 718
248 257
249 699
249 736
250 945
250 884
250 251
251 1230
251 266
251 975
251 347
251 704
251 722
251 447
253 886
253 261
255 887
255 259
255 1054
256 824
256 945
256 257
257 387
257 1367
257 493
257 502
257 704
257 706
257 716
257 719
257 722
257 731
257 732
257 733
257 404
258 945
258 869
258 947
258 961
258 1364
258 967
258 882
258 1223
258 883
258 887
258 1365
258 886
258 260
258 261
259 825
259 700
259 718
260 824
260 945
260 947
260 1364
260 967
260 1223
261 886
262 789
262 991
262 309
262 310
262 1395
263 843
263 863
264 889
264 1277
264 1281
264 1283
265 869
265 1278
265 1282
265 1284
266 1275
266 267
266 889
266 970
266 790
266 1277
266 971
266 1279
266 1281
266 972
266 1283
266 1285
267 869
267 1276
267 1278
267 1280
267 1282
267 1284
267 1286
268 827
268 1265
268 1234
268 890
268 1266
268 1268
268 1269
268 1270
268 1271
268 1273
268 830
268 393
268 400
268 494
268 797
268 515
268 801
268 1058
268 938
268 1060
268 1062
268 1066
268 1071
268 1086
268 1091
268 1092
268 1094
268 1098
268 1303
268 1108
268 1109
268 1115
268 1117
268 942
268 1122
269 869
270 874
270 948
270 843
270 279
270 849
270 325
270 863
270 275
270 895
270 283
270 899
271 867
272 874
272 948
272 285
272 975
272 289
272 792
272 868
272 895
273 824
273 963
274 840
274 840
274 817
274 1232
274 325
274 275
275 279
275 850
275 809
275 812
275 363
275 400
275 401
275 1020
275 471
275 796
275 1369
275 528
275 529
275 530
275 531
275 532
275 1341
275 1370
275 1371
275 665
275 697
275 698
275 706
275 737
275 1059
275 1066
275 740
275 1071
275 743
275 1077
275 744
275 1078
275 745
275 1094
275 773
276 974
276 793
278 846
278 851
279 874
279 948
279 846
279 847
279 849
279 851
279 854
279 855
279 856
279 860
279 863
279 892
279 895
279 900
279 284
280 874
280 948
280 846
280 891
280 892
280 899
280 900
281 848
281 282
282 849
282 852
282 1233
282 856
283 948
283 895
283 899
284 1230
284 483
284 1378
284 1378
284 484
284 484
284 485
284 627
284 628
284 642
284 645
284 646
284 1379
284 1380
284 1381
284 1382
284 1383
284 1242
284 1384
284 1385
284 1386
284 1387
284 1388
284 1389
284 1390
284 935
284 1391
284 1392
284 1393
284 706
284 722
284 831
284 390
284 391
284 408
284 427
285 947
285 975
285 867
286 1230
286 975
286 863
286 347
287 1230
287 975
287 347
287 363
287 706
287 722
287 776
287 1020
288 1230
288 975
288 347
289 947
289 975
289 867
290 836
290 291
290 837
292 1287
292 961
299 803
299 827
300 301
300 339
300 353
300 340
301 803
301 1200
301 951
301 826
301 339
301 340
301 371
302 324
302 325
302 332
302 353
302 366
302 1203
302 392
302 392
302 421
302 424
302 439
302 1016
302 1016
302 464
302 464
302 486
302 495
302 496
302 796
302 797
302 511
302 515
302 517
302 533
302 539
302 559
302 1394
302 590
302 592
302 649
302 650
302 661
302 669
302 688
302 1408
302 394
302 463
302 465
302 466
302 467
305 306
309 789
309 1395
309 992
309 310
309 1170
310 993
312 1230
320 331
321 332
322 323
323 324
323 1254
324 902
324 1399
325 948
325 1375
325 326
327 1206
327 1401
328 1200
328 1160
328 1356
328 329
328 329
329 1171
329 901
329 1356
330 841
330 947
331 949
331 332
331 829
332 1206
332 334
334 1206
334 821
335 714
335 717
335 725
335 758
335 766
335 768
336 824
336 979
336 980
336 980
336 346
336 354
336 355
336 988
336 356
336 989
336 793
336 990
336 991
336 992
336 993
336 357
336 994
336 995
336 996
336 814
336 997
336 998
336 999
336 1000
336 358
336 1001
336 1002
336 1003
336 1004
336 1005
336 1006
336 1007
336 1008
336 1009
336 372
336 337
336 347
336 985
337 979
337 980
337 346
337 993
337 357
337 994
337 995
337 996
337 997
337 998
337 1004
337 360
337 1006
337 362
337 1007
337 1008
337 1009
337 372
337 373
337 347
338 1290
338 1403
339 1200
339 1290
339 1403
339 805
339 1202
339 340
340 1290
340 1403
340 364
340 367
340 371
342 353
342 343
343 344
343 1358
343 345
343 1407
344 346
344 353
344 1358
344 351
345 346
345 352
345 353
345 359
345 351
346 980
346 354
346 355
346 988
346 356
346 989
346 793
346 990
346 991
346 992
346 814
346 997
346 998
346 999
346 1000
346 358
346 1001
346 1002
346 1003
346 1005
346 359
346 347
346 348
346 349
347 824
347 826
347 372
347 348
347 1203
347 369
347 1204
348 363
348 368
348 913
348 624
348 630
348 632
348 660
349 357
349 994
349 359
349 362
349 363
349 1009
349 372
349 1014
349 417
349 460
349 1203
350 1008
350 986
351 352
351 353
352 353
353 803
353 1206
353 824
353 945
353 951
353 826
353 878
353 964
353 1358
353 830
355 789
357 980
359 980
361 824
361 985
362 824
362 981
363 825
363 949
363 826
363 964
363 390
363 409
363 413
363 369
363 376
363 383
363 403
363 404
363 415
363 416
363 1015
364 1357
368 824
368 878
368 963
368 1008
368 369
368 437
368 1024
369 1203
369 1203
369 417
369 440
369 460
369 549
369 559
369 560
369 660
371 1357
372 824
372 1238
372 981
372 985
374 375
375 377
375 397
375 398
375 1241
375 422
375 760
376 1238
376 415
376 519
376 1041
376 569
376 586
376 668
376 754
378 473
378 474
379 558
380 421
381 383
381 412
382 558
383 1238
383 1255
383 412
383 457
383 569
385 803
385 824
385 945
385 949
385 424
386 424
387 1200
387 574
387 388
387 401
387 1257
387 471
388 514
388 574
389 1016
389 392
390 831
390 794
391 831
391 794
392 1203
392 794
392 393
392 393
392 394
392 795
392 439
392 1016
392 465
392 467
392 798
392 515
392 1043
392 800
392 612
392 613
392 802
392 660
392 832
392 661
392 781
393 794
393 394
393 795
393 439
393 465
393 467
393 798
393 515
393 517
393 800
393 612
393 613
393 801
393 802
393 660
393 832
393 661
393 781
394 794
394 515
395 1408
396 1408
396 397
397 1238
397 519
397 586
397 760
397 399
397 400
397 420
399 475
399 518
399 519
399 760
400 803
400 945
400 825
400 949
400 964
400 830
400 401
400 401
400 420
400 420
400 470
400 472
400 475
400 539
400 539
400 765
400 1020
400 1257
400 476
400 477
400 1040
401 420
401 470
401 471
401 1248
401 1249
401 1128
401 538
402 1256
402 512
403 404
404 1307
404 406
404 407
404 408
404 410
405 877
407 442
407 614
407 619
407 625
407 835
407 772
407 774
407 777
408 831
408 483
411 590
411 426
412 1238
415 569
415 571
415 588
415 416
415 609
415 1053
416 569
416 588
416 607
416 608
416 624
416 630
416 632
416 654
416 657
416 667
416 754
416 617
417 418
419 1414
420 963
420 472
420 1257
420 471
420 1248
420 1249
420 1128
420 538
421 1408
421 1318
422 759
425 426
426 451
426 455
426 436
427 483
427 484
435 436
436 437
436 441
436 454
436 482
436 590
437 481
438 824
438 945
438 964
438 515
438 457
439 789
439 795
439 1016
439 517
439 1415
439 661
439 661
439 443
440 1017
441 446
442 795
442 443
442 506
442 507
442 515
442 619
442 620
442 627
442 1047
442 638
442 1050
442 642
442 660
442 667
442 1250
442 754
442 615
442 1462
443 515
443 517
443 661
443 456
443 465
443 615
443 616
444 464
444 495
444 511
444 515
444 559
444 669
444 776
447 448
447 449
447 1020
449 524
449 525
449 526
449 527
449 536
449 542
449 543
449 544
449 545
449 546
449 719
451 590
452 456
452 468
452 480
453 520
454 590
456 522
456 911
456 660
457 803
457 824
457 945
457 949
457 978
457 506
457 507
457 515
457 1250
457 750
458 1203
459 460
462 906
463 533
463 539
463 590
464 803
464 824
464 465
464 486
464 908
464 493
464 1409
464 494
464 495
464 909
464 499
464 500
464 500
464 501
464 502
464 502
464 1417
464 504
464 796
464 511
464 521
464 1033
464 505
465 515
465 505
465 798
466 661
467 781
469 758
469 765
470 1257
470 471
471 472
471 1248
471 1249
471 540
471 541
472 1257
475 954
475 1020
475 476
475 477
483 1230
484 1378
484 485
484 485
486 487
486 488
489 490
490 491
490 495
490 909
490 796
490 508
490 510
490 511
490 1252
490 1253
490 592
492 1030
493 908
493 495
493 909
493 796
493 511
493 1418
493 505
494 789
494 1409
494 909
494 796
495 1017
495 908
495 1418
495 1409
495 1319
495 1319
495 796
495 909
496 515
499 501
499 500
501 502
503 803
503 827
503 1032
505 521
506 515
506 507
507 1250
507 754
507 751
511 1408
511 1017
511 1418
511 1422
511 1422
511 1423
511 592
515 789
515 964
515 1016
515 1017
515 516
515 517
516 521
517 824
517 795
519 520
522 964
522 523
523 524
523 525
523 526
523 527
523 1321
523 1322
523 528
523 1323
523 1324
523 1325
523 1326
523 529
523 1327
523 1328
523 1329
523 1330
523 530
523 1331
523 1332
523 1333
523 1334
523 531
523 1335
523 1336
523 1337
523 1338
523 532
523 1339
523 1340
523 536
523 537
523 542
523 543
523 919
523 920
523 921
523 922
523 923
523 924
523 925
523 926
523 927
523 928
523 544
523 545
523 1428
523 1429
523 1430
523 1431
523 1432
523 1433
523 1434
523 1435
523 1436
523 1437
523 929
523 930
523 546
523 1438
523 1439
523 931
523 1440
523 932
523 1441
523 933
523 1442
524 525
524 525
524 911
524 912
525 1346
525 1347
525 1369
526 527
526 527
526 911
526 912
527 1346
527 1347
527 1369
528 910
528 1248
528 1249
528 1369
528 1321
528 1322
528 1323
528 1324
528 911
528 912
528 1346
528 919
528 920
528 1428
528 1429
528 929
528 929
528 1347
528 1438
529 910
529 1248
529 1249
529 1369
529 1325
529 1326
529 1327
529 1328
529 911
529 912
529 1346
529 921
529 922
529 1430
529 1431
529 930
529 930
529 1347
529 1439
530 910
530 1248
530 1249
530 1369
530 1329
530 1330
530 1331
530 1332
530 911
530 912
530 1346
530 923
530 924
530 1432
530 1433
530 1347
530 931
530 931
530 1440
531 910
531 1248
531 1249
531 1369
531 1333
531 1334
531 1335
531 1336
531 911
531 912
531 1346
531 925
531 926
531 1434
531 1435
531 1347
531 932
531 932
531 1441
532 910
532 1248
532 1249
532 1369
532 1337
532 1338
532 1339
532 1340
532 911
532 912
532 1346
532 927
532 928
532 1436
532 1437
532 1347
532 933
532 933
532 1442
533 803
533 964
533 1319
533 1319
533 1422
533 1422
533 1320
533 1320
533 1036
533 914
533 1445
533 1446
533 1309
533 1039
533 1039
533 1448
534 1318
534 1318
534 763
536 1248
536 1249
536 546
536 546
537 1369
539 803
540 1257
541 1257
542 1248
542 1249
542 911
542 544
542 544
543 1248
543 1249
543 911
543 545
543 545
544 1369
544 1346
545 1369
545 1346
546 1369
547 548
548 551
548 552
548 554
548 559
548 560
548 563
548 567
548 568
548 572
548 576
548 583
548 584
548 593
548 597
548 598
548 600
548 601
548 602
549 550
549 551
549 1041
549 1453
549 552
549 553
550 1449
550 1450
550 1041
550 1042
551 559
551 1449
551 1451
551 1450
551 1452
551 1041
551 558
551 561
551 562
551 563
552 560
552 599
553 1238
553 560
553 561
555 559
555 564
555 565
557 1041
557 559
557 1450
558 1042
558 569
558 570
559 1017
559 1041
559 1453
559 1042
559 560
560 1370
560 594
561 1453
561 562
561 1370
561 1370
561 563
561 572
562 589
569 1455
569 1456
569 571
570 952
570 953
570 831
570 1455
570 588
571 1238
571 1255
573 1238
578 579
578 1423
581 1453
586 1238
586 587
587 954
587 627
587 628
587 638
587 642
587 645
587 646
587 678
587 679
587 680
587 681
587 681
587 717
587 717
587 719
587 719
587 720
587 720
587 732
587 735
587 833
587 833
587 751
587 759
587 765
587 941
588 789
588 831
588 607
588 1457
588 1458
588 656
588 1371
588 657
588 664
588 665
588 667
588 609
588 1467
589 1454
590 803
590 591
596 1370
603 789
603 604
604 605
604 799
604 1459
604 642
604 646
605 789
607 1457
607 608
607 609
607 1460
608 1457
608 664
608 665
608 667
608 609
608 1460
608 610
608 611
609 624
609 630
609 632
609 654
609 657
609 667
609 617
610 1460
611 617
612 800
612 795
613 789
613 824
613 945
614 615
615 616
615 618
615 619
615 621
615 622
615 625
615 627
615 660
615 617
616 660
617 623
617 629
617 631
617 633
617 635
617 648
617 653
617 658
617 666
617 671
617 674
618 627
619 803
619 1200
619 951
619 1044
619 629
619 630
619 1461
619 640
620 628
620 1049
620 646
621 627
624 964
624 1463
625 1200
626 1462
626 1464
626 638
626 640
626 641
626 642
627 825
627 826
627 1462
627 1464
627 642
628 803
628 825
628 978
628 1464
628 642
628 646
630 964
630 1461
632 964
632 978
632 638
632 1400
632 633
633 638
634 978
635 645
635 646
637 949
637 638
637 639
638 789
638 803
638 825
638 949
638 951
638 826
638 1050
638 642
639 669
640 1462
640 641
641 1462
642 951
642 978
642 660
642 667
643 803
643 949
645 646
646 949
646 1462
647 949
648 1053
649 1200
649 650
649 650
649 669
649 651
650 789
650 669
651 669
651 653
652 667
652 653
654 1205
654 1465
656 1460
656 1466
656 1371
657 1460
657 1466
657 1371
659 1053
660 826
660 795
660 832
660 832
661 789
661 878
661 795
664 1460
664 665
665 1460
665 667
665 666
666 667
666 754
667 1460
667 668
669 1466
670 672
670 673
676 677
677 683
677 683
677 688
681 1200
681 717
681 719
681 833
681 833
681 720
681 735
682 683
683 1468
683 695
685 688
686 687
688 689
697 1054
698 983
698 824
698 878
698 830
698 1054
698 1065
698 1070
698 834
698 942
698 737
698 1061
699 965
700 826
700 719
700 722
700 701
701 705
701 716
701 722
701 1055
701 1056
701 731
701 733
703 726
703 727
704 1230
704 732
704 705
704 706
704 707
705 706
705 717
705 718
705 719
705 722
705 1055
705 732
706 1230
706 717
706 719
706 722
706 722
706 707
706 715
706 718
706 723
706 725
707 717
707 718
707 719
707 722
707 732
708 711
708 711
708 709
708 710
709 710
709 734
710 711
710 734
711 714
711 714
711 712
712 714
714 715
715 717
715 718
715 728
715 730
715 732
715 734
716 824
716 945
717 1230
717 719
717 719
717 718
717 720
718 1200
718 732
719 1230
719 720
719 720
719 732
719 721
719 722
719 735
720 1200
720 954
720 964
720 735
720 735
720 833
721 789
721 1200
721 954
722 1230
722 826
722 732
722 723
722 724
722 725
723 1200
723 732
723 725
725 1200
725 824
725 964
726 727
727 789
727 1018
728 826
728 734
728 729
728 730
729 734
732 1230
732 951
732 826
732 759
733 824
733 945
734 1236
736 1475
737 830
737 1059
737 1061
737 1090
737 1096
737 1102
737 1126
738 1058
738 938
738 1060
738 1086
738 1094
738 1098
738 1303
738 1108
738 1115
738 1122
739 983
739 1097
739 1121
741 1200
742 1200
743 1200
744 1200
747 1032
747 1104
751 1250
751 1243
751 755
752 753
753 755
754 826
755 789
755 1238
755 1243
755 1245
755 943
755 944
756 824
756 1109
757 758
757 759
757 760
758 1020
758 759
758 760
758 763
758 765
758 1478
758 766
758 767
758 768
758 1479
758 770
758 771
758 764
759 760
759 770
759 766
760 1238
760 763
760 771
760 766
760 767
761 762
761 763
761 767
763 824
763 904
763 1318
763 764
763 765
764 826
764 767
764 768
764 770
765 771
765 766
765 767
766 767
766 767
767 768
767 1479
767 770
768 826
768 963
768 1219
768 1479
768 776
771 1238
771 904
772 1181
772 773
772 1481
773 824
773 1238
773 827
773 964
773 829
773 776
774 776
775 831
776 826
776 964
776 830
776 1017
776 777
776 941
776 1112
781 789
781 1200
781 824
781 945
782 783
782 783
782 1483
782 1484
782 1485
782 1486
782 1487
782 1488
782 1489
782 1490
782 1491
782 1492
782 1493
782 1494
782 1495
782 1496
782 1497
782 1498
782 1499
782 1500
782 1501
782 1502
782 1503
782 1504
782 1505
782 1506
782 1507
782 1508
782 1509
782 1510
782 1511
782 1512
782 1513
782 1514
782 1113
782 1515
782 1516
782 1517
782 1518
782 1519
782 1520
782 1521
782 1522
782 1523
782 1524
782 1525
782 1526
782 1527
782 1528
782 1529
782 1530
782 1531
782 1532
782 1533
782 1534
782 1535
782 1536
782 1537
783 824
783 826
783 784
785 954
786 1118
787 963
787 906
789 790
789 791
789 792
789 793
789 794
789 795
789 796
789 797
789 798
789 799
789 800
789 801
789 802
790 947
790 968
790 1223
790 1234
790 890
791 1306
791 853
792 874
792 1306
792 893
792 895
792 853
792 867
794 951
794 826
795 1200
795 824
795 945
795 951
795 826
795 801
795 802
795 832
796 908
796 1418
798 1200
798 951
798 826
801 803
802 803
802 1200
802 824
802 945
803 804
803 805
803 806
803 807
803 808
803 809
803 810
803 811
803 812
803 813
803 814
803 815
804 1171
804 949
804 827
804 1130
804 956
805 1404
805 812
805 1180
805 807
806 978
806 1180
806 1211
807 1202
807 808
807 1404
809 824
810 824
810 945
810 825
810 1202
810 982
810 983
811 1202
812 1200
812 824
812 826
812 978
812 1202
812 983
815 825
816 1131
818 1158
822 1398
823 1171
823 1200
823 1139
823 1145
823 1145
823 1304
823 1305
823 1305
823 879
823 1179
823 880
824 825
824 985
824 1032
824 918
824 832
824 1104
824 1219
825 1039
825 1308
825 1308
825 936
825 1054
825 1032
825 1061
826 828
826 1014
826 832
826 939
826 1067
826 1097
826 1121
826 1124
826 1126
826 1059
827 957
827 1062
828 1200
828 1144
829 830
829 1061
830 1061
831 1410
831 1411
831 1412
831 1067
835 1181
835 1424
835 1425
835 1480
840 871
840 946
840 1232
841 874
841 948
843 874
843 963
843 968
843 844
844 947
844 968
845 947
845 968
846 947
846 874
846 948
846 968
846 847
847 872
847 947
847 874
847 948
847 968
847 851
847 854
847 855
847 895
847 850
849 948
849 1372
849 1375
850 872
850 874
850 948
850 892
850 893
850 895
850 854
850 896
851 947
851 874
851 948
851 968
851 898
853 1233
854 947
854 874
854 948
854 968
854 893
854 1310
854 897
854 855
854 1311
855 947
855 874
855 948
855 968
855 895
855 1310
855 1311
857 874
858 947
859 948
860 948
861 948
862 948
863 874
863 948
863 963
864 947
865 947
865 874
865 948
865 968
866 947
866 874
866 948
866 968
868 975
869 1220
869 1221
869 1221
869 947
869 968
869 1223
869 890
870 1222
871 1227
871 1228
871 1229
871 946
874 948
874 948
874 1289
874 1177
874 891
874 893
874 1372
874 1375
874 894
874 895
874 896
874 899
874 900
875 1137
875 1142
876 877
877 1317
877 1256
877 905
878 906
879 951
879 1354
879 1210
879 1179
879 1145
880 951
880 955
880 1179
880 1145
880 1210
881 885
881 886
881 965
882 1264
882 883
882 1365
883 947
883 886
883 969
884 1200
885 961
885 967
885 886
886 945
886 961
886 1364
886 967
886 887
887 945
887 961
887 888
888 945
889 947
889 958
889 968
889 1265
889 1265
889 970
890 970
890 971
890 973
891 892
891 893
891 1372
891 1373
891 1374
891 1375
891 1376
891 894
891 895
892 896
892 893
892 1372
892 1373
892 1374
892 1375
892 1376
892 894
892 895
893 948
893 1372
893 1373
893 1374
893 1375
893 1376
893 894
893 895
893 899
893 900
894 899
894 900
895 948
895 896
895 899
895 900
897 1310
897 1311
899 1372
899 1375
900 1372
900 1375
901 1356
902 1239
902 1235
902 1397
902 1231
902 977
903 1356
904 1238
904 1243
904 1255
905 1317
906 954
906 963
906 1022
906 1023
906 1024
906 1024
906 1025
908 1409
908 909
908 1418
909 1408
909 1418
909 1409
910 1248
910 1249
910 1291
911 1248
911 1249
911 1321
911 1323
911 1325
911 1327
911 1329
911 1331
911 1333
911 1335
911 1337
911 1339
911 1341
911 1341
911 1346
911 1346
911 919
911 920
911 921
911 922
911 923
911 924
911 925
911 926
911 927
911 928
912 1248
912 1249
912 1321
912 1323
912 1325
912 1327
912 1329
912 1331
912 1333
912 1335
912 1337
912 1339
912 1347
912 1347
913 964
913 1443
913 1318
913 1036
913 1037
913 1444
914 1259
914 1294
914 1036
914 1319
914 1422
914 1320
914 1445
914 1446
914 1039
914 1039
914 1038
914 1309
918 945
918 963
919 1248
919 1249
919 1428
919 1428
920 1248
920 1249
920 1429
920 1429
921 1248
921 1249
921 1430
921 1430
922 1248
922 1249
922 1431
922 1431
923 1248
923 1249
923 1432
923 1432
924 1248
924 1249
924 1433
924 1433
925 1248
925 1249
925 1434
925 1434
926 1248
926 1249
926 1435
926 1435
927 1248
927 1249
927 1436
927 1436
928 1248
928 1249
928 1437
928 1437
929 1248
929 1249
929 1438
929 1438
930 1248
930 1249
930 1439
930 1439
931 1248
931 1249
931 1440
931 1440
932 1248
932 1249
932 1441
932 1441
933 1248
933 1249
933 1442
933 1442
935 1242
935 1391
937 965
938 1059
940 1200
940 1059
941 1112
941 1482
941 1315
943 944
943 1263
944 1238
944 1255
944 1263
945 961
946 1229
947 1274
947 1264
947 1223
947 969
947 1275
947 1276
947 970
947 970
947 1277
947 1278
947 971
947 1279
947 1280
947 1281
947 1282
947 972
947 972
947 1283
947 1284
947 973
947 1271
947 1271
947 1285
947 1286
947 1176
947 977
947 968
948 1289
948 1177
949 961
949 1309
949 1039
949 1050
951 1145
952 1348
952 1349
953 1348
953 1349
954 1024
955 1145
955 1304
955 959
957 1130
957 1361
958 970
960 1200
960 1238
961 1287
963 1363
963 1029
963 1024
964 1013
964 1022
966 1364
967 1264
968 1264
968 1223
968 970
968 1277
968 1278
968 971
968 1281
968 1282
968 972
968 1283
968 1284
968 973
968 1176
969 1223
970 1223
970 1267
970 1272
971 1223
971 1266
971 1266
972 1223
972 1269
972 1269
973 1223
973 1270
973 1270
975 1200
978 1400
978 1050
979 980
979 981
980 993
980 994
980 995
980 996
980 1004
980 1006
980 1007
980 1008
980 1009
982 1200
1015 1027
1016 1043
1018 1247
1020 1021
1022 1023
1023 1024
1024 1025
1024 1416
1030 1035
1036 1038
1036 1038
1036 1309
1037 1238
1038 1039
1038 1447
1038 1309
1039 1309
1039 1447
1039 1447
1041 1449
1041 1451
1041 1452
1042 1451
1042 1450
1059 1062
1059 1063
1059 1064
1059 1069
1059 1477
1061 1066
1061 1071
1061 1085
1061 1088
1061 1093
1061 1095
1061 1097
1061 1100
1061 1118
1061 1121
1061 1124
1064 1200
1065 1200
1066 1200
1068 1200
1069 1200
1070 1200
1071 1200
1080 1200
1081 1200
1082 1200
1110 1111
1112 1482
1112 1315
1129 1130
1130 1361
1131 1206
1131 1132
1132 1357
1134 1362
1136 1206
1138 1185
1144 1166
1144 1167
1145 1200
1145 1179
1145 1304
1149 1171
1150 1171
1151 1171
1154 1171
1158 1206
1160 1206
1161 1206
1163 1206
1166 1206
1167 1206
1171 1172
1173 1185
1175 1351
1175 1353
1175 1352
1175 1208
1176 1222
1178 1230
1179 1354
1179 1210
1180 1202
1184 1206
1185 1206
1189 1206
1191 1206
1192 1206
1193 1206
1194 1206
1195 1206
1197 1206
1198 1206
1199 1206
1200 1201
1202 1212
1205 1465
1206 1207
1206 1208
1206 1209
1206 1210
1206 1211
1206 1212
1208 1351
1208 1353
1209 1351
1212 1404
1222 1223
1222 1224
1223 1264
1227 1228
1233 1306
1238 1255
1238 1240
1238 1243
1238 1261
1238 1262
1238 1263
1241 1256
1241 1256
1242 1383
1245 1263
1252 1408
1252 1318
1253 1408
1253 1318
1255 1262
1259 1443
1264 1274
1267 1268
1267 1268
1272 1273
1272 1273
1315 1482
1318 1341
1319 1418
1320 1418
1320 1422
1321 1322
1321 1322
1322 1369
1322 1346
1322 1347
1323 1324
1323 1324
1324 1369
1324 1346
1324 1347
1325 1326
1325 1326
1326 1369
1326 1346
1326 1347
1327 1328
1327 1328
1328 1369
1328 1346
1328 1347
1329 1330
1329 1330
1330 1369
1330 1346
1330 1347
1331 1332
1331 1332
1332 1369
1332 1346
1332 1347
1333 1334
1333 1334
1334 1369
1334 1346
1334 1347
1335 1336
1335 1336
1336 1369
1336 1346
1336 1347
1337 1338
1337 1338
1338 1369
1338 1346
1338 1347
1339 1340
1339 1340
1340 1369
1340 1346
1340 1347
1346 1369
1346 1428
1346 1429
1346 1430
1346 1431
1346 1432
1346 1433
1346 1434
1346 1435
1346 1436
1346 1437
1347 1369
1351 1352
1352 1353
1355 1356
1358 1407
1369 1428
1369 1429
1369 1430
1369 1431
1369 1432
1369 1433
1369 1434
1369 1435
1369 1436
1369 1437
1369 1438
1369 1439
1369 1440
1369 1441
1369 1442
1371 1460
1371 1466
1390 1460
1391 1392
1408 1409
1409 1418
1409 1419
1443 1444
1449 1453
1450 1453
1451 1453
1452 1453
1453 1454
1455 1456
1457 1460
1469 1470
1469 1475
1469 1471
1469 1476
1470 1471
1470 1472
1470 1473
1470 1474
1471 1475
1471 1472
1471 1473
1471 1474
1472 1475
1472 1476
1473 1475
1473 1476
1474 1475
1474 1476
1475 1476
