0 1
0 1
0 2
0 3
0 4
0 174
0 175
0 266
1 2
1 3
1 4
1 295
2 174
2 386
2 387
2 728
3 16
3 386
3 387
3 388
3 389
3 730
4 70
4 386
4 387
4 388
4 389
4 731
5 6
5 6
5 7
5 8
5 9
5 232
5 315
6 7
6 8
6 9
6 37
6 318
6 385
7 216
7 390
7 391
7 733
8 217
8 390
8 391
8 392
8 393
8 735
9 21
9 390
9 391
9 392
9 393
9 736
10 11
10 11
10 12
10 13
10 14
10 178
10 179
10 271
10 370
11 12
11 13
11 14
11 67
11 327
12 218
12 394
12 395
12 738
13 219
13 394
13 395
13 396
13 397
13 740
14 220
14 394
14 395
14 396
14 397
14 741
15 16
15 16
15 17
15 18
15 19
15 62
15 309
16 17
16 18
16 19
16 301
16 305
17 221
17 398
17 399
17 743
18 75
18 398
18 399
18 400
18 401
18 745
19 102
19 398
19 399
19 400
19 401
19 746
20 21
20 21
20 22
20 23
20 24
20 219
20 120
21 22
21 23
21 24
21 142
21 145
21 91
21 92
21 108
21 132
21 159
21 360
22 162
22 402
22 403
22 748
23 109
23 402
23 403
23 404
23 405
23 750
24 137
24 402
24 403
24 404
24 405
24 751
25 26
25 26
25 27
25 28
25 29
25 84
25 87
25 336
26 27
26 28
26 29
26 107
27 175
27 406
27 407
27 753
28 224
28 406
28 407
28 408
28 409
28 755
29 90
29 406
29 407
29 408
29 409
29 756
30 31
30 31
30 32
30 33
30 34
30 88
30 89
30 142
30 145
30 123
31 32
31 33
31 34
31 155
32 225
32 410
32 411
32 758
33 149
33 410
33 411
33 412
33 413
33 760
34 154
34 410
34 411
34 412
34 413
34 761
35 36
35 36
35 37
35 38
35 39
35 94
35 97
35 226
35 343
36 37
36 38
36 39
36 289
36 355
37 414
37 415
37 763
38 54
38 414
38 415
38 416
38 417
38 765
39 229
39 414
39 415
39 416
39 417
39 766
40 41
40 41
40 42
40 43
40 44
40 45
40 49
40 328
40 334
41 42
41 43
41 44
41 119
41 127
42 161
42 418
42 419
42 768
43 232
43 418
43 419
43 420
43 421
43 770
44 93
44 418
44 419
44 420
44 421
44 771
45 46
45 47
45 48
45 49
45 154
45 157
46 49
46 101
46 420
46 421
46 773
47 49
47 233
47 420
47 421
47 422
47 423
47 775
48 49
48 234
48 420
48 421
48 422
48 423
48 776
49 50
49 54
49 306
50 51
50 52
50 53
50 54
50 366
51 54
51 235
51 424
51 425
51 778
52 54
52 236
52 424
52 425
52 426
52 427
52 780
53 54
53 177
53 424
53 425
53 426
53 427
53 781
54 55
54 59
54 206
54 207
54 309
55 56
55 57
55 58
55 59
55 202
55 203
55 227
56 59
56 150
56 428
56 429
56 783
57 59
57 138
57 428
57 429
57 430
57 431
57 785
58 59
58 193
58 428
58 429
58 430
58 431
58 786
59 60
59 64
59 65
59 69
59 340
60 61
60 62
60 63
60 64
60 158
60 161
61 64
61 153
61 432
61 433
61 788
62 64
62 432
62 433
62 434
62 435
62 790
63 64
63 239
63 432
63 433
63 434
63 435
63 791
64 65
64 69
64 166
64 169
65 66
65 67
65 68
65 70
65 74
65 342
66 69
66 88
66 432
66 433
66 793
67 69
67 432
67 433
67 436
67 437
67 795
68 69
68 188
68 432
68 433
68 436
68 437
68 796
69 70
69 74
69 162
69 165
70 71
70 72
70 73
70 75
70 79
70 353
71 74
71 240
71 438
71 439
71 798
72 74
72 185
72 438
72 439
72 440
72 441
72 800
73 74
73 114
73 438
73 439
73 440
73 441
73 801
74 75
74 79
74 274
74 355
75 76
75 77
75 78
75 80
75 83
75 115
75 120
75 128
75 136
75 310
75 346
76 79
76 133
76 442
76 443
76 803
77 79
77 141
77 442
77 443
77 444
77 445
77 805
78 79
78 178
78 190
78 294
78 442
78 443
78 444
78 445
78 806
79 80
79 83
79 138
79 141
79 287
79 96
80 81
80 82
80 84
80 87
80 88
80 89
80 138
80 141
81 83
81 94
81 178
81 295
81 446
81 447
81 448
81 449
81 807
82 83
82 118
82 181
82 296
82 446
82 447
82 808
83 90
83 93
83 103
84 85
84 86
84 90
84 93
84 148
84 362
85 87
85 200
85 243
85 297
85 408
85 409
85 450
85 451
85 809
86 87
86 182
86 183
86 298
86 408
86 409
86 810
87 94
87 97
87 154
87 157
87 365
88 98
88 101
88 156
88 168
88 322
89 98
89 101
89 140
90 91
90 92
90 102
90 105
90 111
91 93
91 230
91 301
91 452
91 453
91 454
91 455
91 811
92 93
92 219
92 302
92 452
92 453
92 812
93 102
93 105
94 95
94 96
94 106
94 109
94 308
95 97
95 219
95 244
95 303
95 416
95 417
95 456
95 457
95 813
96 97
96 213
96 304
96 416
96 417
96 814
97 106
97 109
97 364
98 99
98 100
98 100
98 110
98 113
98 114
98 117
98 260
99 101
99 206
99 245
99 305
99 458
99 459
99 460
99 461
99 815
100 101
100 235
100 306
100 458
100 459
100 816
101 110
101 113
102 103
102 104
102 114
102 117
103 105
103 198
103 307
103 462
103 463
103 464
103 465
103 817
104 105
104 189
104 233
104 308
104 462
104 463
104 818
105 118
105 121
105 122
105 125
105 178
105 179
106 107
106 108
106 118
106 121
106 176
106 177
106 385
107 109
107 241
107 309
107 466
107 467
107 468
107 469
107 819
108 109
108 233
108 310
108 466
108 467
108 820
109 122
109 125
109 317
109 318
110 111
110 112
110 126
110 129
110 352
111 113
111 230
111 311
111 470
111 471
111 472
111 473
111 474
111 821
112 113
112 186
112 230
112 312
112 470
112 471
112 822
113 126
113 129
113 210
113 268
113 303
114 115
114 116
114 130
114 133
114 307
114 308
115 117
115 220
115 313
115 470
115 471
115 475
115 476
115 477
115 823
116 117
116 146
116 246
116 314
116 470
116 471
116 824
117 130
117 133
117 263
118 119
118 120
118 134
118 137
118 170
118 173
119 121
119 146
119 315
119 478
119 479
119 480
119 481
119 825
120 121
120 316
120 478
120 479
120 826
121 134
121 137
121 251
121 252
121 341
121 342
122 123
122 124
122 146
122 149
122 215
123 125
123 246
123 317
123 478
123 479
123 482
123 483
123 827
124 125
124 145
124 246
124 318
124 478
124 479
124 828
125 146
125 149
125 150
125 153
125 208
125 209
126 127
126 128
126 150
126 153
126 372
126 382
127 129
127 145
127 319
127 484
127 485
127 486
127 487
127 829
128 129
128 154
128 320
128 484
128 485
128 830
129 158
129 161
129 162
129 165
129 202
129 203
129 204
129 205
130 131
130 132
130 166
130 169
130 170
130 173
130 206
130 207
131 133
131 166
131 195
131 321
131 488
131 489
131 490
131 491
131 831
132 133
132 166
132 322
132 488
132 489
132 832
133 174
133 175
133 296
134 135
134 136
134 176
134 177
134 313
134 384
135 137
135 221
135 225
135 323
135 492
135 493
135 494
135 495
135 833
136 137
136 141
136 324
136 492
136 493
136 834
137 180
137 181
137 314
138 139
138 140
138 180
138 181
138 316
138 326
139 141
139 141
139 221
139 325
139 448
139 449
139 450
139 451
139 835
140 141
140 221
140 326
140 450
140 451
140 836
141 182
141 183
142 143
142 144
142 182
142 183
142 280
142 346
143 145
143 165
143 201
143 327
143 402
143 403
143 412
143 413
143 837
144 145
144 165
144 244
144 328
144 412
144 413
144 838
145 184
145 185
145 323
146 147
146 148
146 184
146 185
147 149
147 233
147 244
147 329
147 496
147 497
147 498
147 499
147 839
148 149
148 199
148 330
148 496
148 497
148 840
149 186
149 187
149 164
149 297
150 151
150 152
150 186
150 187
150 167
150 300
151 153
151 184
151 247
151 331
151 498
151 499
151 500
151 501
151 841
152 153
152 199
152 247
152 332
152 500
152 501
152 842
153 188
153 189
153 294
153 310
154 155
154 156
154 188
154 189
155 157
155 184
155 333
155 422
155 423
155 456
155 457
155 843
156 157
156 238
156 334
156 422
156 423
156 844
157 190
157 191
157 282
157 345
157 361
157 363
158 159
158 160
158 190
158 191
158 281
158 371
159 161
159 187
159 335
159 434
159 435
159 502
159 503
159 845
160 161
160 222
160 229
160 336
160 434
160 435
160 846
161 192
161 193
161 300
162 163
162 164
162 192
162 193
162 297
162 298
163 165
163 222
163 238
163 337
163 440
163 441
163 502
163 503
163 847
164 165
164 222
164 338
164 440
164 441
164 848
165 194
165 195
166 167
166 168
166 194
166 195
167 169
167 217
167 339
167 436
167 437
167 504
167 505
167 849
168 169
168 217
168 340
168 436
168 437
168 850
169 196
169 197
169 328
169 329
170 171
170 172
170 196
170 197
170 198
170 199
170 333
171 173
171 196
171 219
171 341
171 492
171 493
171 504
171 505
171 851
172 173
172 223
172 242
172 342
172 492
172 493
172 852
173 198
173 199
173 334
173 335
174 200
174 201
175 200
175 201
175 332
175 383
176 204
176 205
176 290
176 311
176 317
177 208
177 209
177 299
177 325
178 211
179 212
179 302
180 213
180 360
181 214
182 216
182 288
182 299
183 217
183 218
184 220
184 344
185 221
186 222
186 283
187 223
187 292
188 224
188 304
189 225
190 228
191 229
191 356
191 358
192 230
192 350
193 231
193 354
194 233
194 259
194 270
194 298
195 234
196 235
196 284
197 236
197 267
197 306
198 237
199 238
200 239
201 240
202 241
202 378
203 242
203 374
204 243
204 244
204 380
205 245
205 246
205 265
205 337
206 247
206 248
206 327
207 249
207 250
207 370
208 253
208 254
208 379
209 255
209 341
210 256
210 269
210 307
211 257
211 338
212 258
212 376
213 261
214 262
214 367
215 264
215 344
216 352
216 354
216 356
217 320
218 296
220 353
220 294
222 272
223 273
223 347
223 351
224 347
226 275
226 357
226 359
226 369
227 276
227 363
227 377
227 295
228 277
228 369
228 373
228 375
230 278
231 279
231 303
231 304
231 305
232 316
232 319
232 321
234 314
234 315
234 319
235 380
235 381
236 301
236 302
237 285
237 345
237 349
237 351
238 286
238 326
239 331
239 332
240 320
240 321
240 322
241 291
241 337
241 368
242 293
242 343
242 357
242 373
243 381
243 382
245 338
245 339
246 336
248 349
248 359
248 361
249 365
249 367
250 371
250 375
250 377
251 311
251 312
251 384
252 312
252 313
253 323
253 324
253 379
254 324
254 325
255 329
255 330
255 335
256 330
256 331
256 333
256 383
257 339
257 340
257 376
258 348
258 350
258 358
259 348
259 366
259 368
260 362
260 364
261 372
261 374
261 378
262 386
262 387
262 388
262 389
262 727
263 386
263 387
263 388
263 389
263 729
264 390
264 391
264 392
264 393
264 732
265 390
265 391
265 392
265 393
265 734
266 394
266 395
266 396
266 397
266 737
267 394
267 395
267 396
267 397
267 739
268 398
268 399
268 400
268 401
268 742
269 398
269 399
269 400
269 401
269 744
270 402
270 403
270 404
270 405
270 747
271 402
271 403
271 404
271 405
271 749
272 406
272 407
272 408
272 409
272 752
273 406
273 407
273 408
273 409
273 754
274 410
274 411
274 412
274 413
274 757
275 410
275 411
275 412
275 413
275 759
276 414
276 415
276 416
276 417
276 762
277 414
277 415
277 416
277 417
277 764
278 418
278 419
278 420
278 421
278 767
279 418
279 419
279 420
279 421
279 769
280 420
280 421
280 422
280 423
280 772
281 420
281 421
281 422
281 423
281 774
282 424
282 425
282 426
282 427
282 777
283 424
283 425
283 426
283 427
283 779
284 428
284 429
284 430
284 431
284 782
285 428
285 429
285 430
285 431
285 784
286 432
286 433
286 434
286 435
286 787
287 432
287 433
287 434
287 435
287 789
288 432
288 433
288 436
288 437
288 792
289 432
289 433
289 436
289 437
289 794
290 438
290 439
290 440
290 441
290 797
291 438
291 439
291 440
291 441
291 799
292 442
292 443
292 444
292 445
292 802
293 442
293 443
293 444
293 445
293 804
294 379
294 556
294 557
294 578
294 579
295 380
295 466
295 467
295 556
295 557
296 381
296 492
296 493
296 562
296 563
297 382
297 598
297 599
297 689
297 690
298 383
298 564
298 565
298 566
298 567
299 300
299 412
299 413
299 450
299 451
300 384
300 554
300 555
300 564
300 565
301 385
301 402
301 403
301 663
301 664
302 386
302 402
302 403
302 639
302 640
303 387
303 639
303 640
303 691
303 692
304 388
304 448
304 449
304 624
304 625
304 626
305 389
305 610
305 611
305 693
305 694
306 390
306 470
306 471
306 673
306 674
307 391
307 452
307 453
307 594
307 595
308 392
308 576
308 577
308 669
308 670
309 393
309 406
309 407
309 685
309 686
310 394
310 402
310 403
310 669
310 670
311 395
311 462
311 463
311 663
311 664
312 396
312 570
312 571
312 663
312 664
313 397
313 446
313 447
313 641
313 642
314 398
314 520
314 521
314 695
314 696
315 399
315 418
315 419
315 520
315 521
316 400
316 404
316 405
316 446
316 447
317 401
317 412
317 413
317 695
317 696
318 402
318 518
318 519
318 695
318 696
319 403
319 418
319 419
319 518
319 519
320 404
320 446
320 447
320 528
320 529
321 405
321 540
321 541
321 588
321 589
322 406
322 402
322 403
322 540
322 541
323 407
323 643
323 644
323 651
323 652
323 653
324 408
324 446
324 447
324 514
324 515
325 409
325 514
325 515
325 643
325 644
326 410
326 460
326 461
326 643
326 644
327 411
327 538
327 539
327 600
327 601
328 412
328 538
328 539
328 691
328 692
329 413
329 669
329 670
329 691
329 692
330 414
330 454
330 455
330 596
330 597
331 415
331 568
331 569
331 697
331 698
332 416
332 596
332 597
332 697
332 698
333 417
333 410
333 411
333 568
333 569
334 418
334 458
334 459
334 679
334 680
335 419
335 402
335 403
335 572
335 573
336 420
336 645
336 646
336 660
336 661
336 662
337 421
337 645
337 646
337 679
337 680
338 422
338 522
338 523
338 645
338 646
339 423
339 524
339 525
339 634
339 635
340 424
340 458
340 459
340 634
340 635
341 425
341 590
341 591
341 639
341 640
342 426
342 647
342 648
342 687
342 688
343 344
343 388
343 389
343 506
343 507
344 427
344 416
344 417
344 687
344 688
345 346
345 480
345 481
345 508
345 509
346 428
346 530
346 531
346 677
346 678
347 348
347 396
347 397
347 478
347 479
348 429
348 647
348 648
348 649
348 650
349 350
349 510
349 511
349 512
349 513
350 430
350 677
350 678
350 699
350 700
351 352
351 514
351 515
351 516
351 517
352 431
352 647
352 648
352 677
352 678
353 354
353 518
353 519
353 520
353 521
354 432
354 442
354 443
354 641
354 642
355 356
355 522
355 523
355 524
355 525
356 433
356 414
356 415
356 444
356 445
357 358
357 526
357 527
357 528
357 529
358 434
358 654
358 655
358 687
358 688
359 360
359 530
359 531
359 532
359 533
360 435
360 654
360 655
360 699
360 700
361 362
361 534
361 535
361 536
361 537
362 436
362 530
362 531
362 699
362 700
363 364
363 538
363 539
363 540
363 541
364 437
364 530
364 531
364 656
364 657
365 366
365 542
365 543
365 544
365 545
366 438
366 456
366 457
366 701
366 702
367 368
367 544
367 545
367 546
367 547
368 439
368 627
368 628
368 629
368 701
368 702
369 370
369 548
369 549
369 550
369 551
370 440
370 654
370 655
370 658
370 659
371 372
371 430
371 431
371 502
371 503
372 441
372 532
372 533
372 703
372 704
373 374
373 502
373 503
373 552
373 553
374 442
374 658
374 659
374 687
374 688
375 376
375 428
375 429
375 504
375 505
376 443
376 658
376 659
376 703
376 704
377 378
377 498
377 499
377 554
377 555
378 444
378 656
378 657
378 703
378 704
379 445
379 526
379 527
379 641
379 642
380 446
380 386
380 387
380 656
380 657
381 447
381 506
381 507
381 636
381 637
381 638
382 448
382 522
382 523
382 536
382 537
383 449
383 536
383 537
383 586
383 587
384 450
384 524
384 525
384 534
384 535
385 451
385 398
385 399
385 675
385 676
386 558
386 559
386 675
386 676
387 486
387 487
387 665
387 666
388 574
388 575
388 665
388 666
389 398
389 399
389 665
389 666
390 402
390 451
390 424
390 425
390 592
390 593
391 402
391 451
391 488
391 489
391 618
391 619
392 399
392 466
392 467
392 488
392 489
393 399
393 400
393 401
393 428
393 429
394 411
394 446
394 447
394 526
394 527
395 411
395 552
395 553
395 705
395 706
396 440
396 705
396 706
396 707
396 708
397 440
397 508
397 509
397 707
397 708
398 510
398 511
398 671
398 672
399 671
399 672
400 512
400 513
400 667
400 668
401 482
401 483
401 552
401 553
402 435
402 482
402 483
403 435
403 667
403 668
403 671
403 672
404 634
404 635
404 683
404 684
405 667
405 668
405 683
405 684
406 458
406 459
406 683
406 684
407 518
407 519
407 709
407 710
408 420
408 709
408 710
408 711
408 712
409 420
409 554
409 555
409 711
409 712
410 512
410 513
410 679
410 680
411 610
411 611
412 420
412 421
412 542
412 543
413 542
413 543
413 713
413 714
414 713
414 714
414 715
414 716
415 681
415 682
415 715
415 716
416 550
416 551
416 681
416 682
417 544
417 545
417 715
417 716
418 420
418 421
418 546
418 547
419 546
419 547
419 713
419 714
420 695
420 696
421 608
421 609
421 685
421 686
422 620
422 621
422 693
422 694
423 693
423 694
423 717
423 718
424 432
424 433
424 717
424 718
425 494
425 495
425 616
425 617
426 438
426 438
426 439
426 494
426 495
427 438
427 568
427 569
427 630
427 631
428 446
428 447
428 516
428 517
429 719
429 720
429 721
429 722
430 582
430 583
430 719
430 720
431 484
431 485
431 632
431 633
432 584
432 585
432 632
432 633
433 580
433 581
433 632
433 633
434 580
434 581
434 719
434 720
435 560
435 561
436 454
436 455
436 723
436 724
437 468
437 469
437 723
437 724
438 721
438 722
439 685
439 686
439 721
439 722
440 612
440 613
441 500
441 501
441 725
441 726
442 604
442 605
442 725
442 726
443 622
443 623
443 717
443 718
444 602
444 603
444 725
444 726
445 614
445 615
445 709
445 710
446 606
446 607
446 673
446 674
447 673
447 674
447 689
447 690
448 500
448 501
448 689
448 690
449 550
449 551
449 715
449 716
450 508
450 509
450 705
450 706
451 480
451 481
452 853
453 854
454 855
455 856
456 857
457 858
458 859
