0 1
0 18
0 96
0 100
0 113
0 124
0 123
0 126
0 131
0 142
0 147
0 148
0 152
0 132
0 153
0 154
0 136
0 150
0 118
0 33
0 162
0 88
0 111
0 76
0 171
0 20
0 177
0 179
0 39
0 13
0 44
0 107
0 31
0 182
0 186
0 194
0 81
0 71
0 14
0 198
0 200
0 15
0 45
0 133
0 103
0 26
0 22
0 64
0 196
0 51
0 129
0 155
0 193
0 172
0 211
0 53
0 104
0 214
0 213
0 181
0 130
2 3
2 39
3 4
3 5
4 48
4 133
5 10
5 16
5 30
5 93
5 96
5 100
5 124
5 122
5 131
5 102
5 152
5 150
5 118
5 63
5 157
5 95
5 158
5 33
5 87
5 160
5 161
5 97
5 19
5 48
5 170
5 163
5 20
5 177
5 39
5 38
5 99
5 44
5 107
5 112
5 56
5 138
5 21
5 45
5 133
5 82
5 130
5 28
5 218
6 7
6 100
6 131
6 153
6 72
6 98
6 82
6 46
7 8
8 29
8 79
8 114
8 123
8 149
8 159
8 116
8 167
8 107
8 71
8 45
8 82
8 46
9 10
9 100
9 80
9 131
10 11
10 12
10 13
10 14
10 15
11 110
11 100
11 12
11 163
11 168
12 93
12 94
12 110
12 131
12 150
12 111
12 15
13 93
13 19
13 111
13 82
13 64
14 62
14 80
14 107
14 45
14 77
14 22
15 100
15 147
15 81
15 45
15 22
16 17
16 18
16 19
16 20
16 21
16 22
18 62
18 63
18 19
18 21
18 22
18 64
18 51
19 96
19 110
19 124
19 98
19 165
19 22
19 216
20 96
20 124
20 123
20 98
20 45
21 96
21 110
21 100
21 124
21 48
21 111
21 76
21 177
21 98
21 45
21 82
21 77
21 22
21 64
21 216
22 78
22 110
22 100
22 115
22 80
22 118
22 72
22 48
22 111
22 151
22 107
22 41
22 125
22 81
22 45
22 203
22 155
22 117
22 130
22 28
23 24
23 25
23 122
23 27
23 28
25 26
25 27
25 28
27 113
27 80
27 85
27 144
27 170
27 151
27 177
27 38
27 138
27 81
27 198
27 205
27 117
27 28
28 78
28 122
28 90
28 136
28 55
28 88
28 111
28 76
28 170
28 178
28 39
28 184
28 41
28 187
28 57
28 81
28 71
28 197
28 190
28 128
28 191
28 199
28 133
28 82
28 201
28 203
28 195
28 205
28 207
28 64
28 196
28 51
28 155
28 83
28 172
28 209
28 183
28 202
28 208
28 215
28 168
28 46
28 130
28 141
28 218
29 30
29 32
30 31
31 59
31 60
31 61
31 99
32 97
32 99
32 57
32 65
32 71
32 195
32 155
32 83
32 46
32 117
33 34
33 47
33 75
33 159
34 35
35 48
35 155
35 117
36 37
36 39
37 38
38 62
38 78
38 79
38 102
38 97
38 99
38 64
39 40
39 42
39 43
39 62
39 132
39 153
39 171
39 44
39 41
39 45
39 46
39 117
40 41
40 55
40 56
40 57
41 72
41 186
41 64
41 46
43 44
43 45
43 46
44 113
44 109
44 165
44 99
44 45
45 74
45 100
45 137
45 118
45 159
45 76
45 107
45 146
45 138
45 133
45 201
45 172
45 46
45 130
46 78
46 93
46 96
46 110
46 100
46 124
46 131
46 150
46 118
46 161
46 159
46 97
46 164
46 48
46 111
46 76
46 98
46 186
46 81
46 172
48 49
48 50
48 74
48 78
48 169
48 77
51 52
51 110
51 123
51 131
51 87
51 177
51 107
51 82
51 145
51 130
53 54
53 125
53 65
53 145
53 117
53 141
55 58
55 130
56 122
57 87
57 99
57 145
57 117
57 130
63 110
64 78
64 94
64 100
64 124
64 143
64 144
64 118
64 97
64 162
64 76
64 194
64 198
64 103
64 196
64 117
65 66
65 67
65 68
65 69
65 70
65 193
65 117
65 130
71 72
71 72
71 122
71 141
71 171
71 186
71 138
71 193
71 183
72 74
72 75
72 79
72 132
73 74
73 78
73 75
74 75
74 76
74 77
76 80
76 81
77 96
77 100
77 124
77 130
78 79
78 80
78 81
78 82
79 109
80 113
80 132
80 133
81 113
81 137
81 131
81 139
81 85
81 140
81 144
81 118
81 179
81 146
81 138
81 181
81 130
82 113
82 133
83 84
83 155
83 172
83 130
85 86
85 122
86 87
86 88
88 89
88 91
88 166
90 91
90 216
92 93
92 94
94 102
94 103
94 104
95 96
96 97
96 98
96 99
97 110
97 158
97 130
97 216
98 105
98 106
98 110
98 114
98 138
99 171
100 101
102 114
102 150
102 151
103 122
103 128
103 133
103 202
104 213
107 108
107 110
107 131
107 167
107 112
110 111
110 112
110 216
114 115
114 116
114 117
116 117
117 171
117 188
117 189
117 125
117 190
117 133
117 195
117 206
117 155
117 192
117 212
117 202
117 130
118 119
118 138
118 133
120 121
120 122
122 123
122 127
122 128
122 129
122 130
123 124
123 125
125 185
125 180
125 190
125 191
125 192
130 136
130 197
130 203
130 196
130 193
130 166
130 210
130 145
130 211
130 192
130 141
131 138
132 153
133 134
133 135
133 137
133 142
133 196
133 172
133 181
136 137
138 150
138 177
144 145
145 210
145 211
145 181
146 147
146 180
151 171
151 172
155 156
155 185
155 198
155 204
155 208
155 218
161 216
163 164
163 170
163 171
166 190
169 171
171 173
174 175
174 176
174 193
174 209
180 218
181 182
182 183
196 197
216 217
