0 1
0 1
0 413
0 413
1 629
1 629
1 823
1 823
1 952
1 952
1 1201
1 1201
1 1274
1 1274
1 1217
1 1217
1 1497
1 1497
1 1468
1 1468
1 579
1 579
1 88
1 88
1 1678
2 3
2 3
2 167
2 167
3 342
3 342
3 453
3 453
3 635
3 635
3 866
3 866
3 357
3 357
3 1484
3 1484
3 1549
3 1549
3 667
3 667
4 5
4 5
4 43
4 185
4 185
4 703
4 703
4 951
4 951
4 569
4 569
4 283
4 283
4 200
4 200
4 1114
4 1114
4 143
4 143
4 198
4 198
6 7
6 7
6 9
6 9
6 69
6 69
6 289
6 289
6 586
6 586
6 316
6 316
6 300
6 300
6 1101
6 1101
6 1133
6 1133
6 117
6 117
6 251
6 251
6 288
6 288
6 105
6 105
6 1160
7 139
7 139
7 310
7 310
7 17
7 17
7 1116
7 1116
7 53
7 53
7 117
7 117
8 9
8 9
8 815
8 815
8 1579
8 1579
9 589
9 930
9 930
9 1020
9 1020
9 937
9 937
9 1194
9 1194
9 1055
9 1055
9 775
9 775
9 1526
9 1526
9 1576
9 256
9 256
9 1677
9 1410
9 1410
10 11
10 11
10 152
10 152
10 153
10 153
10 160
10 160
10 165
10 165
10 259
10 259
10 345
10 345
10 341
10 341
10 346
10 346
10 457
10 457
10 470
10 470
10 633
10 633
10 98
10 98
10 596
10 596
10 146
10 146
10 172
10 172
10 149
10 149
10 223
10 223
10 303
10 303
10 121
10 121
10 227
10 227
10 937
10 937
10 256
10 256
10 1108
10 1108
10 1118
10 1118
10 534
10 534
10 188
10 188
10 1197
10 1197
10 299
10 299
10 877
10 877
10 1030
10 1030
10 1281
10 1281
10 608
10 608
10 881
10 881
10 967
10 967
10 652
10 652
10 1360
10 1360
10 167
10 167
10 720
10 720
10 284
10 284
10 499
10 499
10 468
10 468
10 474
10 474
10 78
10 78
10 420
10 420
10 203
10 203
10 1568
10 1568
10 469
10 469
10 480
10 480
10 826
10 826
10 180
10 180
10 1446
10 243
10 243
11 260
11 260
11 91
11 91
11 66
11 66
11 623
11 623
11 313
11 313
11 244
11 244
11 163
11 163
11 122
11 122
11 30
11 30
11 141
11 141
11 245
11 245
11 318
11 318
11 195
11 195
11 117
11 117
11 215
11 215
12 13
12 13
12 26
12 142
12 142
12 239
12 239
12 379
12 379
12 391
12 391
12 335
12 335
12 418
12 418
12 113
12 113
12 670
12 670
12 726
12 726
12 180
12 180
12 859
12 859
12 510
12 510
12 337
12 337
12 911
12 911
12 947
12 947
12 173
12 173
12 996
12 996
12 1001
12 1001
12 453
12 453
12 69
12 69
12 299
12 299
12 321
12 321
12 1052
12 149
12 149
12 761
12 761
12 651
12 651
12 658
12 658
12 1012
12 1012
12 601
12 601
12 499
12 499
12 519
12 519
12 1271
12 1271
12 769
12 769
12 1288
12 1288
12 1293
12 1293
12 302
12 302
12 415
12 415
12 1246
12 1246
12 25
12 25
12 193
12 193
12 198
12 198
12 196
12 196
12 229
12 229
12 743
12 743
12 870
12 870
12 317
12 317
12 790
12 790
12 1083
12 1083
12 1406
12 146
12 146
12 578
12 578
12 49
12 49
12 279
12 279
12 1488
12 1488
12 271
12 271
12 931
12 931
12 1510
12 1510
12 1015
12 1015
12 829
12 829
12 1559
12 1559
12 1587
12 1067
12 1067
12 1536
12 1536
12 46
12 46
12 891
12 891
12 334
12 334
12 174
12 174
12 532
12 532
12 243
12 243
12 1675
12 1675
13 53
13 53
13 411
13 411
13 1367
13 1367
14 15
14 15
14 221
14 221
15 648
15 648
15 740
15 740
15 750
15 750
15 382
15 382
15 1184
15 1184
15 1312
15 1312
15 1355
15 1355
15 384
15 384
15 1422
15 1422
15 893
15 893
15 1539
15 1539
15 1281
15 1281
15 1554
15 1554
15 76
15 76
15 1600
15 1600
15 1623
15 1623
16 17
16 17
16 584
16 584
16 477
16 477
16 230
16 230
16 124
16 124
16 407
16 407
16 1530
16 1530
16 365
16 365
16 549
16 549
16 55
16 55
17 175
17 175
17 406
17 406
17 607
17 607
17 346
17 346
17 88
17 88
17 474
17 474
17 279
17 279
17 1014
17 1014
17 332
17 332
17 1213
17 1213
17 1239
17 1239
17 1269
17 1269
17 544
17 544
17 761
17 761
17 1357
17 1357
17 1444
17 1444
17 541
17 541
17 234
17 234
17 608
17 608
17 149
17 149
17 243
17 243
17 314
17 314
17 376
17 376
18 19
18 19
18 28
18 28
18 404
18 404
18 1470
18 1470
19 44
19 44
19 500
19 500
19 448
19 448
19 32
19 32
19 62
19 62
19 973
19 973
19 590
19 425
19 425
19 1086
19 1086
19 1202
19 1202
19 266
19 266
19 1339
19 67
19 67
19 595
19 595
19 1580
19 1580
19 1653
19 1672
19 145
19 145
20 21
20 21
20 622
20 622
20 985
20 985
20 1024
20 1024
20 1146
20 1146
20 1459
20 1459
20 1140
20 1140
20 1573
20 1573
20 1232
20 1232
20 387
20 387
21 282
21 282
21 706
21 706
21 763
21 763
21 1597
21 1597
21 106
21 106
22 23
22 23
22 167
22 167
24 25
24 25
24 361
24 361
24 903
24 903
24 1019
24 1019
24 1243
24 1243
24 173
24 173
24 697
24 697
25 539
25 539
25 371
25 371
25 444
25 444
25 494
25 494
25 693
25 693
25 1581
25 1361
25 1361
25 355
25 355
25 1658
25 49
25 49
25 1509
25 1509
25 1687
27 28
27 28
27 81
27 81
27 1134
27 1134
27 1282
27 1282
27 1039
27 1039
27 1369
27 1369
27 472
27 472
28 671
28 671
28 1514
28 1514
29 30
29 30
29 141
29 141
29 163
29 163
29 66
29 66
29 313
29 313
29 122
29 122
29 806
29 806
29 318
29 318
29 91
29 91
29 260
29 260
29 244
29 244
30 187
30 187
30 292
30 292
30 302
30 302
30 303
30 303
30 314
30 314
30 256
30 256
30 366
30 366
30 442
30 442
30 522
30 522
30 289
30 289
30 165
30 165
30 480
30 480
30 239
30 239
30 193
30 193
30 123
30 123
30 578
30 578
30 393
30 393
30 534
30 534
30 419
30 419
30 354
30 354
30 287
30 287
30 301
30 301
30 399
30 399
30 243
30 243
30 957
30 957
30 417
30 417
30 783
30 783
30 802
30 802
30 44
30 44
30 121
30 121
30 1090
30 1090
30 608
30 608
30 372
30 372
30 894
30 894
30 1000
30 1000
30 649
30 649
30 660
30 660
30 1254
30 1260
30 1260
30 200
30 200
30 781
30 781
30 341
30 341
30 147
30 147
30 92
30 92
30 390
30 390
30 78
30 78
30 1246
30 1246
30 454
30 454
30 348
30 348
30 340
30 340
30 1370
30 1370
30 146
30 146
30 499
30 499
30 346
30 346
30 826
30 826
30 661
30 661
30 1483
30 1483
30 261
30 261
30 345
30 345
30 1517
30 1517
30 319
30 319
30 474
30 474
30 937
30 937
30 206
30 206
30 279
30 279
30 493
30 493
30 149
30 149
30 545
30 545
30 69
30 69
30 254
30 254
31 32
31 32
31 55
31 55
31 266
31 266
31 49
31 49
31 66
31 66
31 158
31 158
31 155
31 155
31 197
31 197
31 1232
31 1232
32 195
32 195
32 364
32 364
32 790
32 790
32 506
32 506
32 949
32 949
32 401
32 401
32 806
32 806
32 198
32 198
32 413
32 413
32 156
32 156
32 142
32 142
32 473
32 473
32 1051
32 1051
32 102
32 102
32 873
32 873
32 265
32 265
32 849
32 849
32 107
32 107
32 818
32 818
32 173
32 173
33 34
33 34
33 1017
33 1017
34 112
34 112
34 268
34 268
34 251
34 251
34 464
34 464
34 327
34 327
34 704
34 704
34 135
34 135
34 1594
34 233
34 233
34 509
34 509
35 36
35 36
35 161
35 161
35 388
35 388
35 145
35 145
35 62
35 62
35 494
35 494
35 1127
35 1127
35 1157
35 158
35 158
35 1236
35 1236
35 266
35 266
35 1434
35 1434
35 1026
35 1026
35 1341
35 1341
37 38
37 38
37 569
37 569
38 136
38 136
38 271
38 271
38 466
38 466
39 40
39 40
39 55
39 55
39 712
39 712
39 650
39 650
40 419
40 419
40 149
40 149
40 146
40 146
40 156
40 156
40 531
40 531
40 332
40 332
40 107
40 107
40 436
40 436
41 42
42 247
42 441
42 441
42 201
42 201
44 122
44 122
44 316
44 316
44 53
44 53
44 195
44 195
45 46
45 46
46 925
47 48
47 48
47 443
47 443
47 495
47 721
47 721
47 343
47 343
47 1003
47 1003
47 1004
47 1004
47 67
47 67
47 75
47 75
47 1460
47 1460
47 209
47 209
47 1601
47 1601
47 1459
47 1459
48 87
48 87
48 143
48 143
49 50
49 50
49 151
49 151
49 174
49 174
49 192
49 192
49 270
49 270
49 278
49 278
49 460
49 460
49 467
49 467
49 617
49 617
49 618
49 618
49 421
49 421
49 676
49 676
49 694
49 694
49 320
49 320
49 1006
49 1006
49 325
49 325
49 362
49 362
49 154
49 154
49 1114
49 1114
49 1035
49 1035
49 1147
49 1151
49 1151
49 81
49 81
49 420
49 420
49 135
49 135
49 196
49 196
49 1014
49 1014
49 1099
49 1099
49 1249
49 1249
49 527
49 527
49 343
49 343
49 394
49 394
49 69
49 69
49 739
49 739
49 578
49 578
49 1026
49 1026
49 682
49 682
49 1061
49 1061
49 1425
49 550
49 550
49 1289
49 1289
49 149
49 149
49 79
49 79
49 1546
49 1546
49 538
49 538
49 1616
49 1616
49 1317
49 1317
49 1651
49 1632
49 1632
49 1279
49 1279
49 568
49 568
50 1175
50 1175
50 82
50 82
51 52
51 52
51 105
51 105
51 965
51 965
51 889
51 889
51 1280
51 1280
51 813
51 813
51 1287
51 1287
51 992
51 523
51 523
51 654
51 654
51 1547
51 1666
51 1666
52 322
52 322
52 376
52 376
52 504
52 504
52 1644
52 1644
53 54
53 54
53 121
53 121
53 319
53 319
53 341
53 341
53 417
53 417
53 499
53 499
53 519
53 519
53 615
53 615
53 656
53 656
53 239
53 239
53 545
53 545
53 343
53 343
53 510
53 510
53 612
53 612
53 855
53 855
53 317
53 317
53 891
53 891
53 908
53 908
53 383
53 383
53 174
53 174
53 954
53 954
53 348
53 348
53 193
53 193
53 388
53 388
53 207
53 207
53 887
53 887
53 279
53 279
53 493
53 493
53 428
53 428
53 534
53 534
53 1131
53 1131
53 228
53 228
53 1191
53 1191
53 243
53 243
53 957
53 957
53 134
53 134
53 1210
53 1210
53 596
53 596
53 600
53 600
53 454
53 454
53 488
53 488
53 608
53 608
53 312
53 312
53 56
53 56
53 894
53 894
53 565
53 565
53 858
53 858
53 352
53 352
53 1457
53 1457
53 340
53 340
53 262
53 262
53 881
53 881
53 737
53 737
53 346
53 346
53 850
53 850
53 230
53 230
53 187
53 187
53 474
53 474
53 65
53 65
53 418
53 418
53 267
53 267
53 1680
54 66
54 66
54 709
54 709
55 56
55 56
55 228
55 228
55 356
55 356
55 428
55 428
55 600
55 600
55 519
55 519
55 188
55 188
55 267
55 267
55 159
55 159
55 348
55 348
55 534
55 534
55 673
55 673
55 163
55 163
55 193
55 193
55 720
55 720
55 802
55 802
55 149
55 149
55 341
55 341
55 578
55 578
55 176
55 176
55 891
55 891
55 406
55 406
55 1611
55 475
55 475
55 401
55 401
55 609
55 609
55 596
55 596
56 313
56 313
56 227
56 227
56 1614
56 1614
57 58
57 58
58 268
58 268
58 274
58 274
59 60
59 60
59 464
59 464
59 388
59 388
59 1502
59 1502
59 473
59 473
59 208
59 208
59 477
59 477
60 173
60 173
60 1136
60 1136
61 62
61 62
61 82
61 82
62 203
62 203
62 210
62 210
62 267
62 267
62 299
62 299
62 385
62 385
62 470
62 470
62 510
62 510
62 246
62 246
62 578
62 578
62 665
62 665
62 436
62 436
62 601
62 601
62 778
62 778
62 598
62 598
62 453
62 453
62 174
62 174
62 967
62 967
62 480
62 480
62 995
62 995
62 829
62 829
62 196
62 196
62 1067
62 1067
62 751
62 751
62 1112
62 1112
62 278
62 278
62 341
62 341
62 1176
62 1176
62 519
62 519
62 232
62 232
62 321
62 321
62 208
62 208
62 694
62 694
62 488
62 488
62 152
62 152
62 401
62 401
62 770
62 770
62 709
62 709
62 351
62 351
62 356
62 356
62 131
62 131
62 198
62 198
62 486
62 486
62 1394
62 1394
62 538
62 538
62 896
62 896
62 1118
62 1118
62 428
62 428
62 1006
62 1006
62 284
62 284
62 1206
62 1206
62 534
62 534
62 69
62 69
62 149
62 149
62 107
62 107
62 1469
62 1469
62 468
62 468
62 84
62 84
62 1657
62 1657
62 1674
62 1674
63 64
63 118
63 118
63 441
63 441
63 1071
63 1071
63 1188
63 1188
63 1456
63 928
63 928
65 66
65 66
65 324
65 324
65 117
65 117
66 78
66 78
66 107
66 107
66 317
66 317
66 321
66 321
66 340
66 340
66 351
66 351
66 352
66 352
66 356
66 356
66 383
66 383
66 302
66 302
66 397
66 397
66 332
66 332
66 475
66 475
66 468
66 468
66 303
66 303
66 486
66 486
66 348
66 348
66 346
66 346
66 544
66 544
66 399
66 399
66 565
66 565
66 635
66 635
66 675
66 675
66 681
66 681
66 167
66 167
66 279
66 279
66 510
66 510
66 806
66 806
66 246
66 246
66 837
66 837
66 877
66 877
66 262
66 262
66 442
66 442
66 1041
66 1041
66 627
66 627
66 562
66 562
66 534
66 534
66 826
66 826
66 522
66 522
66 600
66 600
66 1152
66 1152
66 174
66 174
66 200
66 200
66 894
66 894
66 720
66 720
66 376
66 376
66 341
66 341
66 1249
66 1249
66 372
66 372
66 493
66 493
66 881
66 881
66 1319
66 1319
66 1090
66 1090
66 692
66 692
66 743
66 743
66 284
66 284
66 1391
66 82
66 82
66 147
66 147
66 608
66 608
66 243
66 243
66 377
66 377
66 252
66 252
66 687
66 687
66 314
66 314
66 454
66 454
66 474
66 474
66 149
66 149
66 488
66 488
66 1291
66 1291
66 858
66 858
66 140
66 140
66 1177
66 1177
66 866
66 866
66 1548
66 1548
66 354
66 354
66 1560
66 1560
66 1175
66 1175
66 998
66 998
66 418
66 418
66 187
66 187
66 267
66 267
66 781
66 781
66 1086
66 1086
66 1622
66 1622
66 798
66 798
66 545
66 545
66 602
66 602
66 612
66 612
66 649
66 649
67 68
67 409
67 409
67 410
67 410
67 624
67 624
67 730
67 730
67 778
67 778
67 595
67 595
67 920
67 920
67 938
67 938
67 629
67 629
67 1183
67 1183
67 1200
67 1200
67 1162
67 1162
67 1258
67 1258
67 215
67 215
67 176
67 176
67 1557
67 1557
67 398
67 398
67 200
67 200
67 1665
67 1684
67 1684
69 208
69 208
69 284
69 284
69 468
69 468
69 514
69 514
69 298
69 298
69 599
69 599
69 598
69 598
69 741
69 741
69 436
69 436
69 682
69 682
69 829
69 829
69 849
69 849
69 1036
69 1079
69 498
69 498
69 718
69 718
69 149
69 149
69 913
69 913
69 312
69 312
69 601
69 601
69 1118
69 1118
69 180
69 180
69 714
69 714
69 1408
69 1408
69 1416
69 1416
69 223
69 223
69 113
69 113
70 71
70 71
70 132
70 132
70 725
70 725
71 173
71 173
72 73
72 73
72 110
72 110
72 403
72 403
72 756
72 756
72 1009
72 1009
72 274
72 274
72 1033
72 1033
72 1068
72 1068
72 1187
72 1187
72 327
72 327
72 1471
72 1471
72 1508
72 1555
72 1555
72 1380
72 1380
72 763
72 763
72 1604
72 1604
72 1618
72 1618
72 1652
72 1652
72 1699
72 1699
73 1194
73 1194
74 75
74 75
74 328
74 328
74 587
74 587
74 1163
74 1163
75 286
75 286
75 732
75 789
75 789
75 310
75 310
75 324
75 324
75 461
75 461
75 1049
75 1049
75 1240
75 1240
75 1321
75 1321
75 197
75 197
76 77
76 106
76 106
76 636
76 657
76 657
76 308
76 308
76 755
76 755
76 830
76 830
76 943
76 943
76 632
76 632
76 1235
76 1235
76 616
76 616
76 469
76 469
76 1125
76 1125
77 347
77 347
77 1379
77 997
78 117
78 117
79 80
79 80
79 640
79 640
79 82
79 82
79 349
79 349
79 117
79 117
80 1556
80 1556
80 1569
80 1569
80 383
80 383
81 82
81 82
81 186
81 186
81 1083
81 1083
81 88
81 88
82 154
82 154
82 325
82 325
82 329
82 329
82 343
82 343
82 420
82 420
82 450
82 450
82 505
82 505
82 538
82 538
82 550
82 550
82 553
82 553
82 595
82 595
82 183
82 183
82 682
82 682
82 320
82 320
82 1035
82 1035
82 739
82 739
82 1061
82 1061
82 1078
82 1078
82 1143
82 1143
82 1145
82 1145
82 1014
82 1014
82 617
82 617
82 278
82 278
82 1211
82 1211
82 464
82 464
82 174
82 174
82 1279
82 1279
82 421
82 421
82 1317
82 1317
82 1311
82 1311
82 568
82 568
82 529
82 529
82 1470
82 1470
82 1551
82 1551
82 1099
82 1099
82 394
82 394
82 678
82 678
83 84
83 84
84 111
84 111
84 605
84 605
84 779
84 779
84 814
84 814
84 966
84 966
84 831
84 831
84 1048
84 1048
84 1135
84 1135
84 150
84 150
84 1309
84 1309
84 1407
84 1407
84 892
84 892
84 1550
84 1550
84 148
85 86
85 86
85 822
85 822
86 238
86 238
86 483
86 518
86 518
86 249
86 249
86 755
86 755
86 860
86 860
86 305
86 305
86 905
86 905
86 1278
86 1278
86 1285
86 1285
86 1316
86 1380
86 1380
86 1385
86 1385
86 268
86 268
86 1485
86 1485
86 104
86 104
86 512
86 512
86 1648
86 1648
87 236
87 236
88 89
88 89
88 370
88 370
89 1241
89 1241
89 453
89 453
89 1632
89 1632
90 91
90 91
91 121
91 121
91 454
91 454
91 354
91 354
91 534
91 534
91 314
91 314
91 608
91 608
91 187
91 187
91 660
91 660
91 149
91 149
91 781
91 781
91 243
91 243
91 887
91 887
91 420
91 420
91 499
91 499
91 203
91 203
91 480
91 480
91 346
91 346
91 708
91 708
91 474
91 474
91 1262
91 1262
91 303
91 303
91 174
91 174
91 594
91 594
91 329
91 329
91 428
91 428
91 390
91 390
91 393
91 393
91 123
91 123
91 600
91 600
91 399
91 399
92 93
92 93
92 122
92 122
92 195
92 195
92 377
92 377
93 1021
93 1021
94 95
94 95
94 132
94 132
94 1060
94 1060
95 389
95 389
95 808
95 808
95 1263
95 1263
96 97
96 97
96 1037
96 1037
96 837
96 837
98 99
98 99
98 117
98 117
98 958
98 958
98 158
98 158
99 1443
99 1443
100 101
100 101
100 216
100 216
100 459
100 459
100 540
100 540
100 683
100 683
100 295
100 295
100 863
100 863
100 595
100 595
100 1076
100 1076
100 1310
100 1310
100 1328
100 1328
100 1382
100 1382
100 780
100 780
100 313
100 313
100 1486
100 1486
100 1454
100 1454
100 1028
100 1028
100 905
100 905
100 220
100 220
102 103
102 103
102 160
102 160
104 105
104 105
104 755
104 755
104 657
104 657
104 308
104 308
104 1298
104 1298
104 371
104 371
104 469
104 469
104 106
104 106
105 139
105 139
105 1130
105 1130
105 1659
105 1659
106 248
106 248
106 580
106 580
106 1571
106 1571
107 563
107 563
107 593
107 593
107 598
107 598
107 742
107 742
107 477
107 477
107 940
107 940
107 142
107 142
107 1111
107 1111
107 396
107 396
107 394
107 394
107 937
107 937
107 1240
107 1240
107 1411
107 1411
107 1419
107 1419
107 269
107 269
107 1492
107 1534
107 1534
107 791
107 791
107 1635
107 1635
107 462
107 462
107 1153
108 109
108 109
108 238
108 238
109 253
109 253
109 414
109 414
109 527
109 527
109 543
109 543
109 628
109 628
109 264
109 264
109 359
109 359
109 354
109 354
109 1203
109 1203
110 590
110 590
110 884
110 884
112 113
112 113
113 313
113 313
114 115
114 115
114 135
114 135
114 122
114 122
114 233
114 233
115 204
115 204
115 659
115 659
115 794
115 794
115 349
115 349
115 156
115 156
115 1373
115 1373
115 266
115 266
115 1609
115 1609
115 328
115 328
115 577
115 577
116 117
116 117
117 180
117 180
117 262
117 262
117 390
117 390
117 121
117 121
117 346
117 346
117 437
117 437
117 468
117 468
117 149
117 149
117 608
117 608
117 679
117 679
117 708
117 708
117 612
117 612
117 314
117 314
117 826
117 826
117 488
117 488
117 187
117 187
117 881
117 881
117 887
117 887
117 256
117 256
117 303
117 303
117 937
117 937
117 493
117 493
117 227
117 227
117 284
117 284
117 687
117 687
117 720
117 720
117 474
117 474
117 203
117 203
117 218
117 218
117 147
117 147
117 694
117 694
117 545
117 545
117 341
117 341
117 633
117 633
117 436
117 436
117 499
117 499
117 388
117 388
117 1578
117 1578
117 200
117 200
117 1262
117 1262
117 188
117 188
117 1118
117 1118
117 152
117 152
118 672
118 672
119 120
119 120
120 311
120 311
120 458
120 458
120 129
120 129
120 476
120 476
120 489
120 489
120 534
120 534
120 838
120 838
120 282
120 282
120 934
120 934
120 1072
120 1072
120 1109
120 1109
120 482
120 482
120 1230
120 1230
120 734
120 734
120 1308
120 1308
120 1331
120 1331
120 520
120 520
120 1217
120 1217
120 1384
120 457
120 457
120 847
120 847
120 1083
120 1083
120 1512
120 1512
120 1284
120 1284
121 122
121 122
122 123
122 123
122 261
122 261
122 279
122 279
122 149
122 149
122 312
122 312
122 200
122 200
122 474
122 474
122 147
122 147
122 722
122 722
122 544
122 544
122 510
122 510
122 428
122 428
122 341
122 341
122 499
122 499
122 519
122 519
122 720
122 720
122 545
122 545
122 1215
122 1215
122 314
122 314
122 493
122 493
122 480
122 480
122 1116
122 1116
122 399
122 399
122 718
122 718
122 660
122 660
122 1020
122 1020
122 243
122 243
122 454
122 454
122 206
122 206
122 377
122 377
122 406
122 406
122 346
122 346
122 354
122 354
122 1086
122 1086
122 998
122 998
122 187
122 187
122 140
122 140
123 244
123 244
123 318
123 318
123 313
123 313
123 1069
123 1069
123 143
123 143
123 632
123 632
123 690
123 690
123 1552
123 1552
123 579
123 579
124 125
124 125
124 289
124 289
124 357
124 357
124 488
124 488
124 516
124 516
124 406
124 406
124 606
124 606
124 788
124 788
124 832
124 832
124 978
124 978
124 267
124 267
124 856
124 856
124 1075
124 1075
124 346
124 346
124 1156
124 1156
124 227
124 227
124 354
124 354
124 1297
124 1297
124 1055
124 1055
124 1322
124 1322
124 541
124 541
124 1330
124 1330
124 1336
124 1336
124 370
124 370
124 234
124 234
124 302
124 302
124 480
124 480
124 1574
124 1574
124 1575
124 1575
124 1348
124 1348
124 341
124 341
124 243
124 243
124 1269
124 1269
124 1634
124 1634
124 1131
124 1131
125 1032
125 1032
126 127
126 127
126 421
126 421
128 129
128 129
128 972
128 637
128 637
129 156
129 156
129 903
129 903
130 131
130 131
130 640
130 640
130 283
130 283
130 310
130 310
131 502
131 502
131 343
131 343
131 268
131 268
131 738
131 738
131 263
131 263
131 251
131 251
131 549
131 549
131 1439
131 1439
131 984
131 984
131 923
131 923
131 836
131 836
131 415
131 415
131 710
131 710
132 133
132 133
132 433
132 433
132 448
132 448
132 805
132 805
132 839
132 922
132 939
132 939
132 346
132 346
132 975
132 975
132 806
132 806
132 1047
132 1047
132 1117
132 912
132 912
132 835
132 835
132 1318
132 1318
132 846
132 846
132 474
132 474
132 418
132 418
132 1507
132 1507
132 1589
132 1589
132 564
132 564
132 1112
132 1112
132 352
132 352
132 877
132 877
132 688
132 688
132 960
132 960
133 149
133 149
134 135
134 135
134 244
134 244
134 233
134 233
135 246
135 246
135 320
135 320
135 401
135 401
135 405
135 405
135 221
135 221
135 718
135 718
135 505
135 505
135 780
135 780
135 326
135 326
135 311
135 311
135 883
135 883
135 902
135 902
135 924
135 924
135 196
135 196
135 156
135 156
135 254
135 254
135 1056
135 1056
135 694
135 694
135 321
135 321
135 1366
135 1366
135 1431
135 285
135 285
135 250
135 250
135 140
135 140
136 175
136 175
136 388
136 388
136 372
136 372
136 1117
136 1117
136 1420
136 1420
137 138
137 138
139 487
139 487
139 331
139 331
139 923
139 923
139 477
139 477
139 1467
139 1467
139 1519
139 1519
139 830
139 830
139 785
139 785
139 704
139 704
139 204
139 1683
140 141
140 141
140 221
140 221
140 163
140 163
140 327
140 327
141 157
141 157
141 334
141 334
141 348
141 348
141 474
141 474
141 496
141 496
141 520
141 520
141 529
141 529
141 562
141 562
141 585
141 585
141 609
141 609
141 658
141 658
141 661
141 661
141 545
141 545
141 289
141 289
141 383
141 383
141 203
141 203
141 751
141 751
141 493
141 493
141 807
141 807
141 818
141 818
141 208
141 208
141 534
141 534
141 888
141 888
141 279
141 279
141 1023
141 1023
141 894
141 894
141 1094
141 1094
141 486
141 486
141 428
141 428
141 1219
141 1219
141 886
141 886
141 488
141 488
141 484
141 484
141 1338
141 243
141 243
141 149
141 149
141 142
141 142
141 341
141 341
141 766
141 766
141 442
141 442
141 352
141 352
141 388
141 388
141 346
141 346
141 1114
141 1114
141 299
141 299
141 1592
141 1059
141 1059
141 683
141 1241
141 1241
141 499
141 499
141 877
141 877
141 1670
141 1670
141 720
141 720
141 1679
141 176
141 176
141 660
141 660
142 251
142 251
142 316
142 316
142 313
142 313
142 201
142 201
142 268
142 268
142 195
142 195
143 144
143 144
143 434
143 434
143 472
143 472
143 1671
143 1671
144 1428
144 1428
145 146
145 146
145 281
145 281
145 519
145 519
145 716
145 716
145 774
145 774
145 1426
145 1426
145 307
145 307
146 288
146 288
146 378
146 378
146 400
146 400
146 244
146 244
146 152
146 152
146 1365
146 245
146 245
146 215
146 215
147 148
147 148
147 251
147 251
147 288
147 288
147 268
147 268
147 400
147 400
149 150
149 150
149 164
149 164
149 215
149 215
149 333
149 333
149 378
149 378
149 338
149 256
149 256
149 899
149 899
149 901
149 901
149 608
149 608
149 163
149 163
149 1160
149 1160
149 313
149 313
149 251
149 251
149 726
149 726
149 464
149 464
149 158
149 158
149 1474
149 1474
149 244
149 244
149 268
149 268
149 418
149 418
149 318
149 318
149 1449
149 1449
149 255
149 255
149 195
149 195
151 1323
151 1323
152 509
152 509
152 255
152 255
153 971
153 971
153 1007
153 1007
153 1561
153 1561
154 408
154 408
154 386
154 386
155 156
155 156
155 1177
155 1177
156 449
156 449
156 616
156 616
156 686
156 686
156 691
156 691
156 254
156 254
156 186
156 186
156 266
156 266
156 921
156 921
156 404
156 404
156 1081
156 1081
156 1106
156 1106
156 679
156 679
156 197
156 197
156 158
156 158
156 425
156 425
156 452
156 452
156 418
156 418
156 469
156 469
156 1593
156 1593
156 1641
156 1641
156 759
156 208
156 208
156 1664
156 1664
156 864
156 864
156 1700
157 398
157 398
157 1315
157 1315
157 1698
158 159
158 159
158 198
158 198
158 354
158 354
158 534
158 534
158 372
158 372
158 377
158 377
158 172
158 172
158 652
158 652
158 660
158 660
158 858
158 858
158 894
158 894
158 486
158 486
158 346
158 346
158 602
158 602
158 262
158 262
158 1046
158 1046
158 790
158 790
158 210
158 210
158 661
158 661
158 167
158 167
158 243
158 243
158 1078
158 1078
158 416
158 416
158 246
158 246
158 268
158 268
158 299
158 299
158 877
158 877
158 345
158 345
158 474
158 474
158 1035
158 1035
158 1177
158 1177
158 1607
158 1607
158 1613
158 1613
158 1536
158 1536
158 470
158 470
158 279
158 279
158 428
158 428
158 1272
160 800
160 800
162 163
162 163
163 332
163 332
163 361
163 361
163 454
163 454
163 480
163 480
163 802
163 802
163 187
163 187
163 314
163 314
163 608
163 608
163 174
163 174
163 781
163 781
163 341
163 341
163 354
163 354
163 544
163 544
163 712
163 712
164 223
164 223
165 464
165 464
165 268
165 268
165 251
165 251
165 244
165 244
166 167
166 167
167 360
167 360
167 627
167 627
167 695
167 695
167 853
167 853
167 313
167 313
167 578
167 578
167 700
167 700
167 1248
167 1248
167 1289
167 1289
167 479
167 479
167 195
167 195
167 1503
167 1503
167 763
167 763
167 1407
167 1407
167 982
167 982
168 169
168 169
169 431
169 431
170 171
170 171
170 427
170 427
170 453
170 453
170 337
170 337
170 760
170 760
170 856
170 856
170 931
170 931
170 970
170 970
170 578
170 578
170 529
170 529
170 1182
170 1182
170 626
170 626
170 285
170 285
170 1522
170 1522
170 343
170 343
170 694
170 694
170 973
170 973
170 196
170 196
170 795
170 795
170 1675
170 907
171 221
171 221
172 173
172 173
172 251
172 251
172 268
172 268
173 355
173 355
173 371
173 371
173 494
173 494
173 404
173 404
173 444
173 444
173 1234
173 1234
173 1368
173 1368
173 1383
173 1383
173 1461
173 1477
173 1477
173 1482
173 1392
173 1392
173 1516
173 1516
174 205
174 205
175 466
175 466
176 177
176 177
176 431
176 431
177 432
177 432
177 562
177 562
178 179
178 179
180 638
180 638
180 702
180 702
180 318
180 318
180 327
180 327
180 950
180 950
180 268
180 268
180 251
180 251
180 637
180 637
180 1690
180 1690
181 182
181 503
181 503
181 1100
181 1100
181 191
181 191
183 184
183 184
183 324
183 324
183 348
183 348
184 731
184 731
184 1186
184 1186
187 245
187 245
187 313
187 313
187 205
187 205
187 244
187 244
187 195
187 195
187 318
187 318
188 189
188 189
188 513
188 513
188 343
188 343
188 1496
188 1496
188 268
188 268
188 625
188 625
188 251
188 251
189 763
189 763
190 191
190 191
190 312
190 312
190 717
190 717
190 468
190 468
190 801
190 801
190 1354
190 1354
190 1441
190 1441
190 473
190 473
190 1588
190 1588
191 242
191 242
191 851
191 851
193 194
193 194
193 610
193 610
193 871
193 871
195 196
195 196
195 287
195 287
195 374
195 374
195 243
195 243
195 484
195 484
195 486
195 486
195 348
195 348
195 541
195 541
195 578
195 578
195 270
195 270
195 390
195 390
195 614
195 614
195 428
195 428
195 886
195 886
195 254
195 254
195 1014
195 1014
195 713
195 713
195 1080
195 1080
195 289
195 289
195 346
195 346
195 849
195 849
195 877
195 877
195 720
195 720
195 633
195 633
195 1264
195 1264
195 1219
195 1219
195 664
195 664
195 660
195 660
195 1296
195 1296
195 802
195 802
195 692
195 692
195 1348
195 1348
195 600
195 600
195 1399
195 1399
195 343
195 343
195 372
195 372
195 493
195 493
195 1116
195 1116
195 1462
195 1462
195 366
195 366
195 1495
195 1495
195 1213
195 1213
195 780
195 780
195 341
195 341
195 221
195 221
195 1246
195 1246
195 665
195 665
195 505
195 505
195 311
195 311
195 626
195 626
195 499
195 499
195 809
195 809
195 661
195 661
195 766
195 766
195 510
195 510
195 474
195 474
195 252
195 252
195 712
195 712
196 233
196 233
196 477
196 477
197 198
197 198
197 401
197 401
197 1177
197 1177
197 790
197 790
198 266
198 266
199 200
199 200
199 774
199 774
200 313
200 313
200 205
200 205
200 1013
200 1013
200 1236
200 1236
200 602
200 602
200 1438
200 1438
201 202
201 202
201 566
201 566
201 573
201 573
201 327
201 327
201 864
201 864
201 254
201 254
201 1356
201 1356
201 418
201 418
201 756
201 756
201 549
201 549
201 222
201 222
203 313
203 313
205 206
205 206
205 332
205 332
205 261
205 261
205 446
205 243
205 243
205 493
205 493
205 602
205 602
205 692
205 692
205 256
205 256
205 377
205 377
205 346
205 346
205 1120
205 1120
205 499
205 499
205 1246
205 1246
205 474
205 474
205 937
205 937
205 454
205 454
205 767
205 767
205 1291
205 1291
205 510
205 510
205 1086
205 1086
205 627
205 627
205 660
205 660
205 1621
205 1621
205 352
205 352
205 354
205 354
207 208
207 208
207 251
207 251
207 601
207 601
207 268
207 268
207 1413
207 1413
208 868
208 868
208 552
208 552
209 210
209 210
209 774
209 774
210 813
210 813
210 1106
210 1106
211 212
211 212
211 452
211 452
211 1080
211 1080
211 1536
211 1536
211 859
211 859
212 1323
212 1323
213 214
213 214
213 575
213 575
213 754
213 754
213 578
213 578
213 1272
213 1272
213 775
213 775
214 602
214 602
215 346
215 346
215 394
215 394
215 678
215 678
215 308
215 308
215 418
215 418
215 243
215 243
215 578
215 578
215 474
215 474
215 234
215 234
215 279
215 279
215 534
215 534
215 584
215 584
215 428
215 428
216 408
216 408
217 218
217 218
218 372
218 372
219 220
219 220
220 382
220 382
220 684
220 684
220 545
220 545
220 1600
220 1600
220 832
220 832
220 1082
220 1082
221 222
221 222
221 229
221 229
221 453
221 453
221 490
221 490
221 645
221 785
221 785
221 807
221 807
221 580
221 580
221 1000
221 1000
221 1028
221 1028
221 1126
221 1126
221 974
221 974
221 233
221 233
221 1229
221 1229
221 664
221 664
221 1286
221 1286
221 718
221 718
221 1314
221 1314
221 1332
221 694
221 694
221 1403
221 1403
221 384
221 384
221 442
221 442
221 1303
221 1303
221 1353
221 1353
221 1517
221 1517
221 447
221 447
221 562
221 562
221 1676
221 909
221 909
221 1688
222 775
222 775
223 224
223 224
223 275
223 275
223 603
223 710
223 710
223 530
223 530
223 1257
223 1257
223 1378
223 1378
223 1643
223 1643
225 226
225 226
225 664
225 664
225 1450
225 1450
225 710
225 710
225 1040
225 1040
225 926
225 926
225 1471
225 1471
226 963
226 699
226 699
227 228
227 228
227 255
227 255
228 313
228 313
229 288
229 288
230 231
230 231
230 335
230 335
230 421
230 421
230 533
230 533
230 669
230 669
230 709
230 709
230 796
230 796
230 718
230 718
230 578
230 578
230 1026
230 1026
230 463
230 463
230 850
230 850
230 406
230 406
230 1198
230 1198
230 556
230 556
230 234
230 234
230 326
230 326
230 462
230 462
232 233
232 233
232 664
232 664
232 447
232 447
232 244
232 244
233 285
233 285
233 337
233 337
233 737
233 737
233 799
233 799
233 682
233 682
233 343
233 343
233 311
233 311
233 694
233 694
234 235
234 235
234 604
234 604
234 365
234 365
234 733
234 733
234 519
234 519
234 1294
234 1294
234 1342
234 1342
234 684
234 684
234 1085
234 1085
235 968
235 968
237 238
237 238
238 251
238 251
238 1053
238 1053
238 1103
238 518
238 518
238 1327
238 578
238 578
238 1540
239 344
239 344
239 1077
239 1466
239 1466
239 1612
239 1612
239 955
239 955
240 241
240 241
240 1179
240 1179
240 763
240 763
240 1521
240 1521
240 1407
240 1407
240 1586
240 1586
242 473
242 473
242 784
242 784
242 1106
242 1106
243 244
243 244
243 324
243 324
243 316
243 316
243 451
243 451
243 245
243 245
243 318
243 318
243 268
243 268
243 327
243 327
243 623
243 623
243 313
243 313
244 254
244 254
244 474
244 474
244 600
244 600
244 499
244 499
244 652
244 652
244 337
244 337
244 855
244 855
244 428
244 428
244 346
244 346
244 712
244 712
244 1626
244 544
244 544
244 332
244 332
244 480
244 480
245 474
245 474
245 279
245 279
245 346
245 346
245 534
245 534
245 267
245 267
245 1295
245 1295
245 499
245 499
246 396
246 396
246 394
246 394
246 936
246 936
246 418
246 418
246 1283
246 1283
246 327
246 327
246 509
246 509
246 477
246 477
249 250
249 250
251 252
251 252
251 370
251 370
251 510
251 510
251 341
251 341
251 687
251 687
251 720
251 720
251 833
251 833
251 321
251 321
251 287
251 287
251 694
251 694
251 428
251 428
251 718
251 718
251 887
251 887
251 665
251 665
251 1284
251 1284
251 1030
251 1030
251 886
251 886
251 1143
251 1143
251 1499
251 1499
251 1026
251 1026
251 519
251 519
251 503
251 503
251 1082
251 1082
251 1631
251 1631
251 520
251 520
251 356
251 356
251 578
251 578
251 829
251 829
251 1691
251 1691
252 268
252 268
253 393
253 393
254 313
254 313
255 256
255 256
255 346
255 346
255 474
255 474
255 468
255 468
255 608
255 608
255 284
255 284
255 1344
255 1344
255 499
255 499
255 633
255 633
256 1625
256 1625
257 258
257 258
257 627
257 627
259 696
259 696
259 1203
259 1203
260 884
260 884
261 288
261 288
261 699
261 699
262 974
262 974
262 1518
262 1518
263 264
263 264
263 485
263 485
263 349
263 349
263 812
263 812
263 1449
263 1449
263 1083
263 1083
263 1565
263 1565
264 388
264 388
265 266
265 266
266 783
266 783
266 873
266 873
266 1062
266 1062
266 413
266 413
266 506
266 506
266 806
266 806
266 790
266 790
266 401
266 401
267 509
267 509
267 673
267 673
267 1174
267 1174
267 477
267 477
268 269
268 269
268 353
268 353
268 469
268 469
268 503
268 503
268 406
268 406
268 560
268 570
268 570
268 356
268 356
268 762
268 762
268 764
268 578
268 578
268 520
268 520
268 882
268 882
268 886
268 886
268 719
268 719
268 276
268 276
268 706
268 706
268 486
268 486
268 428
268 428
268 1107
268 1107
268 519
268 519
268 1173
268 1173
268 419
268 419
268 411
268 411
268 665
268 665
268 848
268 848
268 341
268 341
268 976
268 976
268 287
268 287
268 885
268 885
268 640
268 640
268 694
268 694
268 1570
268 1570
268 1596
268 1596
268 833
268 833
268 953
268 953
268 720
268 720
268 1650
268 1650
268 316
268 316
268 1082
268 1082
270 501
270 501
270 770
270 770
270 1394
270 1394
271 272
271 272
271 734
271 734
271 633
271 633
271 374
271 374
271 981
271 981
271 1142
271 1142
271 1244
271 1244
271 687
271 687
271 612
271 612
273 274
273 274
274 331
274 331
274 588
274 588
274 374
274 374
274 1066
274 1066
274 322
274 322
274 333
274 333
274 1529
274 1529
274 795
274 795
276 277
276 277
276 521
276 521
276 969
276 969
276 1049
276 1049
278 423
278 423
279 316
279 316
279 451
279 451
279 288
279 288
280 281
280 281
280 428
280 428
281 318
281 318
281 711
281 711
282 283
282 283
282 293
282 293
282 423
282 423
283 1299
283 1299
283 979
283 979
283 1402
283 1402
283 1455
283 1455
284 491
284 491
285 313
285 313
285 407
285 407
285 327
285 327
287 464
287 464
287 327
287 327
288 428
288 428
288 337
288 337
288 399
288 399
288 499
288 499
288 393
288 393
288 578
288 578
288 419
288 419
288 345
288 345
288 457
288 457
288 474
288 474
289 407
289 407
290 291
290 291
291 394
291 394
291 422
291 422
291 684
291 684
293 294
293 294
293 330
293 330
293 331
293 331
293 1168
293 1168
293 1299
293 1299
293 1040
293 1040
295 296
295 296
295 932
295 932
295 993
295 993
295 1563
295 1627
295 1627
295 1661
295 1661
297 298
297 298
298 775
298 775
299 313
299 313
299 477
299 477
300 301
303 365
303 365
304 305
304 305
306 307
306 307
306 519
306 519
307 546
307 546
307 462
307 462
307 343
307 343
308 309
308 309
308 521
308 521
308 997
308 997
309 628
309 628
310 700
310 700
310 1098
310 1098
310 1504
310 1504
310 677
310 677
311 327
311 327
311 1089
311 1089
313 488
313 488
313 334
313 334
313 661
313 661
313 405
313 405
313 346
313 346
313 886
313 886
313 976
313 976
313 442
313 442
313 428
313 428
313 877
313 877
313 1115
313 330
313 330
313 499
313 499
313 484
313 484
313 314
313 314
313 474
313 474
313 562
313 562
314 318
314 318
315 316
315 316
316 384
316 384
316 545
316 545
316 662
316 662
316 726
316 726
316 850
316 850
316 909
316 909
316 320
316 320
316 1082
316 1082
316 578
316 578
316 346
316 346
316 329
316 329
316 1577
316 1577
316 707
316 707
317 318
317 318
318 348
318 348
318 372
318 372
318 377
318 377
318 346
318 346
318 406
318 406
318 474
318 474
318 649
318 649
318 819
318 819
318 660
318 660
318 665
318 665
318 720
318 720
318 493
318 493
318 534
318 534
318 615
318 615
318 633
318 633
318 544
318 544
318 877
318 877
318 1241
318 1241
318 488
318 488
318 1035
318 1035
318 995
318 995
318 894
318 894
318 341
318 341
318 499
318 499
318 545
318 545
318 1546
318 1546
318 383
318 383
318 886
318 886
318 769
318 769
318 1318
318 1318
319 610
319 610
319 871
319 871
319 466
319 466
319 1606
319 1606
320 477
320 477
322 323
322 323
322 402
322 402
322 517
322 517
322 690
322 690
322 775
322 775
322 361
322 361
322 1340
322 1340
322 428
322 428
322 855
322 855
323 1351
323 1351
324 395
324 395
324 601
324 601
324 598
324 598
326 327
326 327
326 477
326 477
327 373
327 373
327 453
327 453
327 341
327 341
327 693
327 693
327 435
327 435
327 761
327 761
327 795
327 795
327 829
327 829
327 872
327 872
327 391
327 391
327 478
327 478
327 1011
327 1011
327 1017
327 1017
327 1029
327 1029
327 718
327 718
327 1091
327 1091
327 735
327 735
327 486
327 486
327 883
327 883
327 1400
327 1400
327 1445
327 1445
327 1038
327 1038
327 1008
327 1008
327 1542
327 1542
327 556
327 556
327 902
327 902
327 697
327 697
327 1628
327 1628
327 1522
327 1522
328 1528
328 1528
329 464
329 464
331 895
331 895
331 681
331 681
331 1016
331 1016
331 1037
331 1037
331 1058
331 1058
331 703
331 703
331 1392
331 1392
331 660
331 660
331 864
331 864
334 336
334 336
334 426
334 426
334 1142
334 1142
334 1663
334 1663
336 1148
336 1148
336 1222
336 1222
337 509
337 509
338 339
338 339
338 528
338 528
338 564
338 564
338 1104
338 1104
338 551
338 551
342 500
342 500
342 475
342 475
343 704
343 704
343 388
343 388
346 885
346 885
346 473
346 473
346 479
346 479
346 451
346 451
347 1531
347 1531
348 473
348 473
349 350
349 350
349 515
349 549
349 549
349 677
349 677
349 1093
349 1093
349 1167
349 1167
349 1326
349 1326
349 1098
349 1098
349 1465
349 1465
349 1504
349 1504
352 1129
352 1129
356 1055
356 1055
357 725
357 725
357 710
357 710
358 359
358 359
359 590
359 590
361 537
361 537
361 668
361 668
361 757
361 757
361 865
361 900
361 900
361 711
361 711
361 407
361 407
361 1633
361 1633
361 1571
361 1571
362 363
362 363
363 666
363 666
365 504
365 504
365 1297
365 1297
366 367
366 367
366 471
366 471
368 369
368 369
369 905
369 905
369 1102
369 1102
369 1307
369 1307
369 1525
369 1525
370 408
370 408
371 997
371 997
372 626
372 626
372 782
372 782
372 904
372 904
372 1178
372 1259
372 1259
372 597
372 597
372 507
372 507
372 1655
372 1655
372 1413
372 1413
374 635
374 635
375 376
375 376
375 612
375 612
378 1313
378 1313
380 381
380 381
381 1135
381 1135
382 420
382 420
386 387
386 387
386 407
386 407
386 1146
386 1146
387 875
387 875
388 561
388 561
388 611
388 611
388 634
388 634
388 680
388 906
388 906
388 466
388 466
388 1004
388 1004
388 1063
388 1063
388 1124
388 1124
388 392
388 392
388 1491
388 1491
388 1413
388 1413
388 1673
388 605
388 605
389 1320
389 1320
392 393
392 393
393 438
393 438
393 456
393 456
393 685
393 685
393 628
393 628
393 923
393 923
393 559
393 559
393 1544
393 1544
393 1047
393 1047
393 998
393 998
394 699
394 699
394 1603
394 1603
396 556
396 556
397 663
397 663
397 1252
397 1252
399 400
399 400
400 522
400 522
400 750
400 750
400 1051
400 1051
401 1081
401 1081
401 1660
401 662
401 662
404 405
404 405
404 1121
404 1121
404 1242
404 1242
404 551
404 551
406 407
406 407
406 477
406 477
406 464
406 464
406 602
406 602
407 577
407 577
407 416
407 416
407 701
407 701
407 718
407 718
407 998
407 998
407 1113
407 1113
407 1214
407 1214
407 557
407 557
407 1038
407 1038
407 1311
407 1311
407 1114
407 1114
407 1440
407 1440
407 1506
407 1193
407 1193
407 1566
407 1566
407 1059
407 1059
407 902
407 902
407 1689
407 1689
408 747
408 747
408 827
408 827
408 828
408 1018
408 1018
408 957
408 957
408 1084
408 1084
408 1509
408 1509
408 1523
408 1693
408 1693
408 1696
411 1046
411 1046
411 891
411 891
412 413
412 413
413 727
413 727
413 933
413 933
413 1092
413 1092
413 1106
413 1106
413 1304
413 1304
413 1454
413 1454
413 1479
413 1479
415 416
415 416
415 786
415 786
415 1345
415 1345
416 907
416 907
416 552
416 552
416 512
416 512
418 810
418 810
418 857
418 857
418 451
418 451
418 436
418 436
418 995
418 995
418 774
418 774
418 1277
418 1277
418 534
418 534
423 1050
423 1050
423 1455
423 1455
424 425
424 425
424 646
424 646
424 1331
424 1331
424 1558
424 1558
425 773
425 773
425 1452
425 1452
428 581
428 581
428 573
428 573
428 564
428 564
429 430
429 430
431 432
431 432
431 1085
431 1085
435 436
435 436
435 473
435 473
435 801
435 801
438 584
438 584
439 440
439 440
441 672
441 672
444 445
444 445
445 518
445 518
447 448
447 448
447 1039
447 1039
447 725
447 725
447 602
447 602
447 1498
447 1498
447 1512
447 1512
447 1515
447 1515
447 1156
447 1156
448 519
448 519
449 663
449 663
449 1359
449 1359
449 1596
449 1596
451 474
451 474
451 457
451 457
451 1014
451 1014
451 652
451 652
451 499
451 499
452 1255
452 1255
453 1390
455 456
455 456
456 901
456 901
456 1608
456 1608
457 935
457 935
457 651
457 651
461 462
461 462
461 781
461 781
461 660
461 660
461 1059
461 1059
461 1113
461 1113
461 516
461 516
462 1105
462 1105
462 491
462 491
463 464
463 464
464 556
464 556
464 576
464 576
464 594
464 594
464 697
464 697
464 1008
464 1008
464 1015
464 1015
464 1198
465 466
465 466
466 612
466 612
469 471
469 471
469 997
469 997
472 473
472 473
472 956
472 956
472 1069
472 1069
472 1524
472 1524
473 854
473 854
473 1057
473 1057
473 1074
473 1074
473 827
473 827
473 1247
473 1270
473 1270
473 1334
473 1334
473 695
473 695
473 614
473 614
473 1520
473 1532
473 1532
473 1535
473 1535
473 1602
473 1602
473 1605
473 1605
473 1625
473 1625
473 477
473 477
473 1364
474 885
474 885
474 479
474 479
474 958
474 958
477 478
477 478
477 486
477 486
477 739
477 739
477 886
477 886
477 682
477 682
478 509
478 509
479 480
479 480
479 877
479 877
480 901
480 901
481 482
481 482
481 625
481 625
486 509
486 509
489 1161
490 494
490 494
491 492
491 492
491 542
491 542
491 567
491 567
491 667
491 667
491 595
491 595
491 910
491 910
491 953
491 953
491 986
491 1045
491 1045
491 990
491 990
491 1137
491 1137
491 1166
491 1171
491 1171
491 581
491 581
491 1353
491 1353
491 1430
491 1430
491 1468
491 1468
491 1572
491 1572
491 1582
491 1582
491 1595
491 1595
491 896
491 896
491 1236
491 1236
494 506
494 506
494 532
494 532
494 629
494 629
497 498
497 498
497 714
497 714
498 537
498 537
498 1130
498 1130
498 1044
498 1044
501 1599
501 1599
504 1398
504 1398
506 1165
506 1165
506 1190
506 1190
507 508
507 508
509 769
509 769
509 656
509 656
509 1038
509 1038
509 770
509 770
509 1110
509 1110
509 598
509 598
509 877
509 877
509 1241
509 1241
509 790
509 790
510 1360
510 1360
511 512
511 512
512 979
512 979
512 1070
512 1070
512 1044
512 1044
512 890
512 890
512 1144
512 1144
512 1173
512 1173
515 699
515 699
518 647
518 647
518 699
518 699
519 559
519 559
519 745
519 745
519 994
519 994
519 1034
519 1034
519 1199
519 1199
519 1329
519 1329
519 1022
519 1022
519 728
519 728
519 1624
519 1624
519 575
519 575
519 1695
521 880
521 880
523 524
523 524
523 753
523 753
523 1091
523 1091
523 1387
523 1387
523 569
523 569
525 526
525 526
526 959
526 959
526 1083
526 1083
526 1415
526 1415
526 1331
526 1331
526 1207
526 1207
526 1694
526 1694
527 866
527 866
530 531
530 531
531 1027
531 1027
531 871
531 871
531 1361
531 1361
531 1393
531 1393
531 1433
531 1433
534 1055
534 1055
534 548
534 548
535 536
535 536
537 714
537 714
538 1701
538 1701
543 977
543 977
547 548
547 548
547 628
547 628
548 637
548 637
548 1335
548 1335
549 793
549 793
549 1002
549 1002
549 804
549 804
549 1511
549 1511
549 664
549 664
550 1174
550 1174
551 552
551 552
552 574
552 574
552 650
552 650
552 875
552 875
552 1505
552 1505
552 1629
552 1629
554 555
554 555
554 1132
554 1366
554 1366
557 558
557 558
557 642
557 653
557 653
557 1324
557 1324
557 1325
557 1325
557 570
557 570
564 913
564 913
568 569
568 569
568 602
568 602
568 997
568 997
569 621
569 621
569 852
569 852
569 878
569 878
569 927
569 927
569 929
569 929
569 1267
569 746
569 746
569 1118
569 1118
569 1496
569 1496
569 1533
569 1533
569 1543
569 1543
569 1022
569 1022
571 572
571 572
571 1401
571 1401
579 580
579 580
581 582
581 582
583 584
583 584
591 592
591 1290
591 1290
591 1340
591 1340
591 1420
591 1420
595 719
595 719
596 597
596 597
596 1193
596 1193
596 1436
596 1436
597 816
597 816
600 1553
600 1553
602 1162
602 1162
602 1150
602 1150
602 1421
602 1421
602 1464
602 1464
604 1685
604 1685
605 687
605 687
606 620
606 620
613 614
613 614
614 1097
614 1097
616 906
616 906
617 639
617 639
619 620
619 620
620 875
620 875
620 1638
620 1638
623 879
623 879
625 669
625 669
625 1432
625 1432
626 1090
626 1090
628 703
628 703
629 630
629 630
631 632
631 632
631 690
631 690
632 1021
632 1021
632 1681
635 1051
635 1051
636 997
636 1379
638 829
638 829
640 641
640 641
640 707
640 707
640 914
640 914
640 999
640 999
640 903
640 903
640 1346
640 1346
640 1057
640 1057
640 1531
640 1531
640 1617
640 1617
643 644
643 644
643 746
643 746
643 960
643 960
643 727
643 727
643 1020
643 1020
650 651
650 651
650 1389
650 1389
650 712
650 712
650 997
650 997
651 1362
651 1682
651 1682
654 655
654 655
654 777
654 777
657 997
657 997
663 1175
663 1175
668 743
668 743
669 734
669 734
671 816
671 816
672 928
672 928
672 1376
672 1376
672 1043
672 1043
672 1669
672 1669
673 674
673 674
676 1233
676 1233
679 752
679 752
685 854
686 1138
687 904
687 904
688 689
688 689
690 1414
690 1414
694 885
694 885
695 793
695 793
698 699
698 699
699 1286
699 1286
699 1343
699 1343
703 704
703 704
704 715
704 715
704 926
704 926
704 1054
705 706
705 706
707 885
707 885
707 848
707 848
708 1155
708 1155
709 867
709 867
709 874
709 874
709 1275
709 1275
709 1437
709 1437
709 1567
709 1567
710 711
710 711
710 722
710 722
711 948
711 948
711 1040
711 1040
711 1212
711 1062
711 1062
711 1668
711 1668
712 713
712 713
712 1125
712 1125
714 1044
714 1044
718 1562
719 787
719 787
719 1564
719 1564
720 1025
722 1615
722 1615
723 724
723 724
723 884
723 884
723 917
723 917
728 729
728 729
728 1088
728 1088
731 1122
731 1123
731 1123
731 752
731 752
731 1352
731 1352
735 736
735 736
735 831
735 831
741 849
741 849
742 898
742 898
743 744
743 744
748 749
748 749
749 1435
749 1435
749 1545
749 1545
752 1172
752 1172
752 1480
752 1480
757 1185
757 1185
757 990
757 990
758 759
758 759
765 766
765 766
766 1343
766 1343
766 1585
766 1585
767 768
767 768
771 772
771 772
772 1418
772 1418
773 876
773 876
775 776
775 776
775 942
775 942
775 1692
782 1469
782 1469
784 915
784 915
790 836
790 836
790 1306
790 1306
790 1165
790 1165
791 792
791 792
792 1427
792 1427
793 1073
793 1073
796 824
796 824
797 798
797 798
799 1225
799 1225
800 801
800 801
801 1217
801 1217
802 1190
802 1190
803 804
803 804
804 1005
804 1005
804 1276
804 1276
806 1302
808 809
808 809
808 896
811 812
811 812
811 1333
811 1333
816 817
816 817
816 1216
816 1216
816 1256
816 1256
816 1386
816 1386
816 1213
816 1213
819 1055
819 1055
820 821
820 821
823 1044
823 1044
824 825
829 901
829 901
830 997
830 997
834 835
834 835
836 941
836 941
837 951
837 951
840 841
840 841
842 843
842 843
844 845
844 845
846 847
846 847
848 849
848 849
850 1313
850 1313
851 915
851 915
859 1012
859 1012
861 862
861 862
862 1649
868 869
868 869
870 871
870 871
870 1012
870 1012
871 961
871 961
871 1351
871 1351
871 1429
871 1429
874 875
874 875
875 946
875 946
875 1371
875 1371
875 1374
875 1374
879 1337
879 1337
884 1101
884 1101
884 1437
884 1437
889 890
889 890
890 980
890 980
892 893
892 893
895 1034
895 1034
896 897
896 897
901 1118
901 1118
903 1686
912 913
912 913
913 1141
913 1141
913 1261
913 1261
913 1305
915 1427
915 1427
916 917
916 917
917 1061
917 1061
918 919
918 919
919 952
919 952
919 1341
919 1341
924 1181
924 1181
937 941
937 941
944 945
944 945
944 1180
944 1180
944 1192
944 1192
944 1591
944 1591
949 1189
949 1189
949 1206
949 1206
953 1610
953 1610
954 955
954 955
956 1119
956 1119
956 1481
956 1481
961 962
964 965
964 965
972 1010
972 1010
979 1245
979 1245
981 982
981 982
982 1372
982 1372
983 984
983 984
986 1341
986 1341
987 988
987 988
989 990
989 990
991 992
991 992
997 1298
997 1298
997 1458
997 1458
1010 1381
1010 1381
1010 1642
1010 1642
1015 1099
1015 1099
1016 1253
1016 1253
1016 1395
1016 1395
1016 1598
1016 1598
1018 1630
1018 1630
1021 1022
1021 1022
1021 1619
1021 1619
1026 1697
1027 1351
1027 1351
1030 1031
1030 1031
1037 1228
1037 1225
1037 1448
1037 1448
1042 1043
1042 1043
1043 1513
1043 1513
1046 1407
1046 1407
1047 1144
1047 1144
1047 1412
1047 1412
1049 1590
1049 1590
1054 1055
1054 1055
1055 1206
1055 1206
1055 1607
1055 1607
1056 1181
1056 1181
1059 1311
1059 1311
1064 1065
1064 1065
1064 1494
1064 1494
1067 1273
1067 1273
1069 1100
1069 1100
1069 1481
1069 1481
1070 1205
1070 1205
1084 1085
1084 1085
1086 1087
1086 1087
1095 1096
1095 1096
1096 1205
1096 1205
1096 1377
1096 1377
1109 1323
1109 1323
1124 1432
1124 1432
1128 1129
1128 1129
1139 1140
1139 1140
1142 1303
1142 1303
1148 1375
1148 1375
1149 1150
1149 1150
1150 1388
1150 1388
1153 1154
1153 1154
1158 1159
1158 1159
1162 1478
1162 1478
1163 1164
1163 1164
1169 1170
1169 1170
1189 1493
1189 1493
1189 1654
1189 1654
1190 1268
1190 1268
1193 1311
1193 1311
1195 1196
1195 1196
1203 1204
1203 1204
1206 1207
1206 1207
1208 1209
1208 1209
1217 1218
1217 1218
1220 1221
1220 1221
1222 1323
1222 1323
1223 1224
1223 1224
1225 1231
1226 1227
1226 1227
1231 1232
1231 1232
1232 1663
1232 1663
1237 1238
1237 1238
1250 1251
1250 1251
1265 1266
1265 1266
1291 1292
1291 1292
1294 1541
1294 1541
1296 1407
1296 1407
1297 1501
1297 1501
1300 1301
1300 1301
1347 1348
1347 1348
1349 1350
1349 1350
1358 1359
1358 1359
1361 1429
1361 1429
1363 1364
1363 1364
1396 1397
1396 1397
1404 1405
1404 1405
1404 1640
1404 1640
1407 1451
1407 1451
1407 1533
1407 1533
1408 1487
1408 1487
1409 1410
1409 1410
1416 1417
1416 1417
1423 1424
1423 1424
1432 1433
1432 1433
1442 1443
1446 1447
1446 1447
1448 1463
1448 1463
1452 1453
1452 1453
1452 1667
1452 1667
1463 1639
1463 1639
1470 1620
1470 1620
1472 1473
1472 1473
1475 1476
1475 1476
1476 1645
1489 1490
1489 1490
1500 1501
1500 1501
1527 1528
1527 1528
1537 1538
1537 1538
1577 1662
1583 1584
1583 1584
1590 1656
1590 1656
1636 1637
1636 1637
1646 1647
1646 1647
