0 1
0 2
0 3
0 4
0 5
0 6
0 7
0 8
0 9
0 10
0 11
0 12
0 13
0 14
0 15
0 16
0 17
0 18
0 19
0 20
0 21
0 22
0 23
0 24
0 25
0 26
0 27
0 28
0 29
0 30
0 31
0 32
0 33
0 34
0 35
0 36
0 37
0 38
0 39
0 40
0 41
0 42
0 43
0 44
0 45
0 46
0 47
0 48
0 49
0 50
0 51
0 52
0 53
0 54
0 55
0 56
0 57
0 58
0 59
0 60
0 61
0 62
0 63
1 65
1 67
1 68
1 69
1 76
2 65
2 147
3 64
3 73
3 74
3 67
3 68
3 69
3 147
3 156
4 143
4 148
4 178
5 143
5 148
5 178
6 143
6 148
6 178
7 143
7 148
7 178
8 143
8 148
8 178
9 143
9 148
9 178
10 143
10 148
10 178
11 143
11 148
11 178
12 143
12 148
12 178
13 143
13 148
13 178
14 143
14 148
14 178
15 143
15 148
15 178
16 143
16 148
16 178
17 143
17 148
17 178
18 143
18 148
18 178
19 143
19 148
19 178
20 143
20 148
20 178
21 143
21 148
21 178
22 143
22 148
22 178
23 143
23 148
23 178
24 143
24 148
24 178
25 143
25 148
25 178
26 143
26 148
26 178
27 143
27 148
27 178
28 143
28 148
28 178
29 77
29 78
29 79
29 85
29 88
29 89
29 90
29 91
29 92
29 93
29 94
29 95
29 96
29 97
29 98
29 99
29 100
29 101
29 102
29 103
29 82
29 104
29 105
29 106
29 107
29 83
30 77
30 78
30 79
31 77
31 78
31 79
31 85
31 88
31 89
31 90
31 91
31 92
31 93
31 94
31 95
31 96
31 97
31 98
31 99
31 100
31 101
31 102
31 103
31 82
31 104
31 105
31 106
31 107
31 83
32 77
32 78
32 79
33 77
33 78
33 79
33 85
33 88
33 89
33 90
33 91
33 92
33 93
33 94
33 95
33 96
33 97
33 98
33 99
33 100
33 101
33 102
33 103
33 82
33 104
33 105
33 106
33 107
33 83
34 77
34 78
34 79
35 77
35 78
35 79
35 85
35 88
35 89
35 90
35 91
35 92
35 93
35 94
35 95
35 96
35 97
35 98
35 99
35 100
35 101
35 102
35 103
35 82
35 104
35 105
35 106
35 107
35 83
36 77
36 78
36 79
36 85
36 88
36 89
36 90
36 91
36 92
36 93
36 94
36 95
36 96
36 97
36 98
36 99
36 100
36 101
36 102
36 103
36 82
36 104
36 105
36 106
36 107
36 83
37 85
38 77
38 78
38 79
38 89
38 90
38 91
38 92
39 77
39 78
39 79
39 89
39 90
39 91
39 92
40 77
40 78
40 79
40 85
40 88
40 89
40 90
40 91
40 92
40 93
40 94
40 95
40 96
40 97
40 98
40 99
40 100
40 101
40 102
40 103
40 82
40 104
40 105
40 106
40 107
40 83
41 77
41 78
41 79
41 85
41 88
41 89
41 90
41 91
41 92
41 93
41 94
41 95
41 96
41 97
41 98
41 99
41 100
41 101
41 102
41 103
41 82
41 104
41 105
41 106
41 107
41 83
42 77
42 78
42 79
42 85
42 88
42 89
42 90
42 91
42 92
42 93
42 94
42 95
42 96
42 97
42 98
42 99
42 100
42 101
42 102
42 103
42 82
42 104
42 105
42 106
42 107
42 83
43 77
43 78
43 79
43 89
43 90
43 91
43 92
44 77
44 78
44 79
44 89
44 90
44 91
44 92
45 77
45 78
45 79
45 85
45 88
45 89
45 90
45 91
45 92
45 93
45 94
45 95
45 96
45 97
45 98
45 99
45 100
45 101
45 102
45 103
45 82
45 104
45 105
45 106
45 107
45 83
46 77
46 78
46 79
46 89
46 90
46 91
46 92
47 77
47 78
47 79
47 89
47 90
47 91
47 92
48 77
48 78
48 79
48 85
48 88
48 89
48 90
48 91
48 92
48 93
48 94
48 95
48 96
48 97
48 98
48 99
48 100
48 101
48 102
48 103
48 82
48 104
48 105
48 106
48 107
48 83
49 77
49 78
49 79
49 85
49 88
49 89
49 90
49 91
49 92
49 93
49 94
49 95
49 96
49 97
49 98
49 99
49 100
49 101
49 102
49 103
49 82
49 104
49 105
49 106
49 107
49 83
50 77
50 78
50 79
50 89
50 90
50 91
50 92
51 77
51 78
51 79
51 85
51 88
51 89
51 90
51 91
51 92
51 93
51 94
51 95
51 96
51 97
51 98
51 99
51 100
51 101
51 102
51 103
51 82
51 104
51 105
51 106
51 107
51 83
52 77
52 78
52 79
52 85
52 88
52 89
52 90
52 91
52 92
52 93
52 94
52 95
52 96
52 97
52 98
52 99
52 100
52 101
52 102
52 103
52 82
52 104
52 105
52 106
52 107
52 83
53 77
53 78
53 79
53 89
53 90
53 91
53 92
54 77
54 78
54 79
54 89
54 90
54 91
54 92
55 77
55 78
55 79
55 85
55 88
55 89
55 90
55 91
55 92
55 93
55 94
55 95
55 96
55 97
55 98
55 99
55 100
55 101
55 102
55 103
55 82
55 104
55 105
55 106
55 107
55 83
56 77
56 78
56 79
56 85
56 88
56 89
56 90
56 91
56 92
56 93
56 94
56 95
56 96
56 97
56 98
56 99
56 100
56 101
56 102
56 103
56 82
56 104
56 105
56 106
56 107
56 83
57 77
57 78
57 79
57 85
57 88
57 89
57 90
57 91
57 92
58 77
58 78
58 79
59 77
59 78
59 79
59 85
59 88
59 89
59 90
59 91
59 92
60 77
60 78
60 79
60 108
60 131
60 132
60 133
60 134
60 135
60 136
60 139
60 141
60 142
60 143
61 77
61 78
61 79
62 77
62 78
62 79
62 89
62 90
62 91
62 92
62 108
62 131
62 132
62 133
62 134
62 135
62 136
62 139
62 141
62 142
62 143
63 108
63 131
63 132
63 133
63 134
63 135
63 136
63 139
63 140
63 141
63 142
63 143
63 144
63 146
63 148
63 149
63 150
63 153
63 157
63 158
63 159
63 160
63 161
63 162
63 163
63 164
63 165
63 166
63 167
63 168
63 169
63 129
63 170
63 130
63 171
63 172
63 173
63 182
63 175
63 176
63 177
63 179
63 180
63 181
64 65
64 66
64 67
64 68
64 69
64 70
64 70
64 71
64 71
64 77
64 78
64 79
64 85
64 88
64 89
64 90
64 91
64 92
64 80
64 81
64 93
64 94
64 95
64 96
64 97
64 98
64 99
64 100
64 101
64 102
64 103
64 82
64 104
64 105
64 106
64 107
64 83
64 108
64 131
64 132
64 133
64 134
64 135
64 136
64 139
64 140
64 141
64 142
64 143
64 109
64 110
64 111
64 112
64 144
64 146
64 148
64 149
64 113
64 114
64 152
64 153
64 154
64 147
64 87
64 84
64 155
64 120
64 157
64 137
64 138
64 121
64 122
64 123
64 124
64 125
64 126
64 127
64 158
64 159
64 160
64 161
64 162
64 163
64 164
64 166
64 128
64 167
64 168
64 169
64 129
64 170
64 130
64 171
64 172
64 173
64 174
64 175
64 176
64 177
64 178
65 66
65 72
65 72
65 73
65 74
65 75
65 69
65 76
65 71
65 78
65 79
65 85
65 89
65 90
65 91
65 92
65 80
65 140
65 141
65 148
65 149
65 150
65 115
65 151
65 153
65 116
65 117
65 118
65 119
65 84
65 155
65 120
65 157
65 137
65 138
65 121
65 122
65 123
65 124
65 125
65 126
65 127
65 158
65 159
65 160
65 161
65 162
65 163
65 165
65 166
65 128
65 167
65 168
65 169
65 129
65 170
65 130
65 171
65 172
65 173
65 174
65 175
65 176
65 145
65 178
65 156
66 73
66 72
66 72
66 74
66 67
66 75
66 68
66 69
66 76
66 86
66 113
66 114
66 115
66 151
66 152
66 153
66 116
66 117
66 118
66 119
66 84
66 155
66 120
66 157
67 73
67 74
67 72
67 72
67 75
67 69
67 76
67 77
67 79
67 89
67 90
67 91
67 92
67 81
67 141
67 86
67 149
67 113
67 150
67 115
67 151
67 152
67 153
67 116
67 117
67 118
67 119
67 154
67 147
67 87
67 84
67 155
67 120
67 157
67 137
67 138
67 121
67 122
67 123
67 124
67 125
67 126
67 127
67 158
67 159
67 160
67 161
67 162
67 163
67 165
67 166
67 128
67 167
67 168
67 169
67 129
67 170
67 130
67 171
67 172
67 173
67 174
67 175
67 176
67 178
67 156
68 73
68 74
68 75
68 72
68 72
68 69
68 76
68 77
68 70
68 71
68 78
68 79
68 85
68 88
68 89
68 90
68 91
68 92
68 80
68 81
68 93
68 94
68 95
68 96
68 97
68 98
68 99
68 100
68 101
68 102
68 103
68 82
68 104
68 105
68 106
68 107
68 83
68 108
68 131
68 140
68 141
68 142
68 143
68 109
68 111
68 148
68 149
68 113
68 114
68 153
68 147
68 87
68 84
68 155
68 120
68 157
68 137
68 138
68 121
68 122
68 123
68 124
68 125
68 126
68 127
68 158
68 159
68 160
68 161
68 162
68 163
68 175
68 176
68 178
69 73
69 74
69 75
69 72
69 72
69 76
69 79
69 89
69 90
69 91
69 92
69 80
69 81
69 93
69 94
69 95
69 96
69 97
69 98
69 99
69 100
69 101
69 102
69 103
69 82
69 104
69 105
69 106
69 107
69 83
69 108
69 131
69 132
69 133
69 134
69 135
69 136
69 139
69 140
69 141
69 142
69 143
69 109
69 110
69 111
69 112
69 144
69 146
69 148
69 149
69 113
69 114
69 150
69 115
69 151
69 152
69 153
69 119
69 154
69 147
69 87
69 84
69 155
69 120
69 157
69 137
69 138
69 121
69 122
69 123
69 124
69 125
69 126
69 127
69 158
69 159
69 160
69 161
69 162
69 163
69 164
69 165
69 166
69 128
69 167
69 168
69 169
69 129
69 170
69 130
69 171
69 172
69 173
69 174
69 175
69 176
69 177
69 145
69 178
70 73
70 73
70 74
70 74
70 75
70 75
70 77
70 76
70 71
70 71
70 79
70 80
70 81
70 83
70 83
70 84
70 78
70 85
70 88
70 89
70 90
70 91
70 101
70 102
70 103
70 82
70 104
70 105
70 106
70 107
70 108
70 131
70 132
70 133
70 134
70 135
70 136
70 139
70 140
70 141
70 142
70 143
70 109
70 110
70 111
70 112
71 73
71 73
71 74
71 74
71 75
71 75
71 77
71 76
71 79
71 80
71 81
71 83
71 83
71 84
71 78
71 85
71 88
71 89
71 90
71 91
71 101
71 102
71 103
71 82
71 104
71 105
71 106
71 107
71 108
71 131
71 132
71 133
71 134
71 135
71 136
71 139
71 140
71 141
71 142
71 143
71 109
71 110
71 111
71 112
72 73
72 73
72 74
72 74
72 75
72 175
72 177
73 77
73 78
73 79
73 85
73 88
73 89
73 90
73 91
73 92
73 80
73 81
73 93
73 94
73 95
73 96
73 97
73 98
73 99
73 100
73 101
73 102
73 103
73 82
73 104
73 105
73 106
73 107
73 83
73 136
73 139
73 86
73 148
73 149
73 113
73 114
73 150
73 115
73 151
73 152
73 153
73 119
73 147
73 87
73 84
73 155
73 120
73 157
73 137
73 138
73 121
73 122
73 123
73 124
73 125
73 126
73 127
73 158
73 159
73 160
73 161
73 162
73 163
73 165
73 166
73 128
73 167
73 168
73 169
73 129
73 170
73 130
73 171
73 172
73 173
73 174
73 175
73 176
73 177
73 145
73 178
74 77
74 78
74 79
74 85
74 88
74 89
74 90
74 91
74 92
74 80
74 81
74 93
74 94
74 95
74 96
74 97
74 98
74 99
74 100
74 101
74 102
74 103
74 82
74 104
74 105
74 106
74 107
74 83
74 148
74 149
74 113
74 114
74 152
74 153
74 119
74 147
74 87
74 84
74 155
74 120
74 157
74 137
74 138
74 121
74 122
74 123
74 124
74 125
74 126
74 127
74 158
74 159
74 160
74 161
74 162
74 163
74 165
74 166
74 128
74 167
74 168
74 169
74 129
74 170
74 130
74 171
74 172
74 173
74 174
74 175
74 176
74 177
74 178
75 77
75 78
75 79
75 85
75 88
75 89
75 90
75 91
75 92
75 80
75 81
75 93
75 94
75 95
75 96
75 97
75 98
75 99
75 100
75 101
75 102
75 103
75 82
75 104
75 105
75 106
75 107
75 83
75 108
75 131
75 132
75 133
75 134
75 135
75 136
75 139
75 140
75 141
75 142
75 143
75 109
75 110
75 111
75 112
75 144
75 146
75 152
75 153
75 119
75 154
75 122
75 123
75 124
75 125
75 126
75 127
75 158
75 159
75 160
75 161
75 162
75 163
75 164
75 165
75 166
75 128
75 167
75 168
75 169
75 129
75 170
75 130
75 171
75 172
75 173
75 174
75 177
76 77
76 78
76 79
76 85
76 88
76 89
76 90
76 91
76 92
76 80
76 81
76 93
76 94
76 95
76 96
76 97
76 98
76 99
76 100
76 101
76 102
76 103
76 82
76 104
76 105
76 106
76 107
76 83
76 108
76 131
76 132
76 133
76 134
76 135
76 136
76 139
76 140
76 141
76 142
76 143
76 109
76 110
76 111
76 112
76 144
76 146
77 78
77 79
77 80
77 81
77 82
77 83
77 84
78 79
78 80
78 81
78 83
78 83
78 84
78 85
78 88
78 89
78 90
78 91
78 92
78 101
78 102
78 103
78 82
78 104
78 105
78 106
78 107
78 108
78 131
78 132
78 133
78 134
78 135
78 136
78 139
78 140
78 141
78 142
78 143
78 109
78 110
78 111
78 112
79 80
79 80
79 81
79 81
79 84
79 85
79 88
79 89
79 90
79 91
79 101
79 102
79 103
79 82
79 104
79 105
79 106
79 107
79 83
79 108
79 131
79 132
79 133
79 134
79 135
79 136
79 139
79 140
79 141
79 142
79 143
79 109
79 110
79 111
79 112
80 85
80 88
80 89
80 90
80 91
80 86
80 87
80 101
80 102
80 103
80 82
80 104
80 105
80 106
80 107
80 83
80 108
80 131
80 132
80 133
80 134
80 135
80 136
80 139
80 140
80 141
80 142
80 143
80 109
80 110
80 111
80 112
81 85
81 88
81 89
81 90
81 91
81 86
81 87
81 101
81 102
81 103
81 82
81 104
81 105
81 106
81 107
81 83
81 108
81 131
81 132
81 133
81 134
81 135
81 136
81 139
81 140
81 141
81 142
81 143
81 109
81 110
81 111
81 112
82 85
82 88
82 97
82 98
82 99
82 100
82 103
82 83
82 104
82 105
82 106
83 85
83 88
83 89
83 90
83 91
83 101
83 102
83 103
83 104
83 105
83 106
83 107
83 108
83 131
83 132
83 133
83 134
83 135
83 136
83 139
83 140
83 141
83 142
83 143
83 109
83 110
83 111
83 112
84 89
84 90
84 91
84 147
85 86
85 87
86 88
86 89
86 90
86 91
86 92
87 88
87 89
87 90
87 91
87 92
87 147
108 109
108 110
108 111
108 112
108 113
108 114
108 115
108 116
108 117
108 118
108 119
108 120
108 121
108 122
108 123
108 124
108 125
108 126
108 127
108 128
108 129
108 130
109 131
109 132
109 133
109 134
109 135
109 136
109 139
109 116
109 117
109 118
109 119
109 128
109 129
109 130
110 131
110 132
110 133
110 134
110 135
110 136
110 139
110 116
110 117
110 118
110 119
110 137
110 138
110 128
110 129
110 130
111 131
111 132
111 133
111 134
111 135
111 136
111 139
111 116
111 117
111 118
111 119
111 137
111 138
111 128
111 129
111 130
112 131
112 132
112 133
112 134
112 135
112 136
112 139
112 116
112 117
112 118
112 119
112 128
112 129
112 130
113 131
113 132
113 133
113 134
113 135
113 136
113 147
114 131
114 132
114 133
114 134
114 135
114 136
114 139
114 140
114 141
114 142
114 143
114 147
115 131
115 132
115 133
115 134
115 135
115 136
115 139
115 140
115 141
115 142
115 143
115 147
115 177
116 131
116 132
116 133
116 134
116 135
116 136
116 139
116 140
116 141
116 142
116 143
116 144
116 149
116 147
116 120
116 137
116 138
116 121
116 122
116 123
116 124
116 125
116 126
116 127
116 158
116 159
116 160
116 161
116 162
116 163
116 164
116 166
116 128
116 167
116 168
116 169
116 129
116 170
116 130
116 171
116 172
116 174
116 177
116 178
117 131
117 132
117 133
117 134
117 135
117 136
117 139
117 140
117 141
117 142
117 143
117 144
117 149
117 147
117 120
117 137
117 138
117 121
117 122
117 123
117 124
117 125
117 126
117 127
117 158
117 159
117 160
117 161
117 162
117 163
117 164
117 166
117 128
117 167
117 168
117 169
117 129
117 170
117 130
117 171
117 172
117 174
117 177
117 178
118 131
118 132
118 133
118 134
118 135
118 136
118 139
118 140
118 141
118 142
118 143
118 144
118 149
118 147
118 120
118 137
118 138
118 121
118 122
118 123
118 124
118 125
118 126
118 127
118 158
118 159
118 160
118 161
118 162
118 163
118 164
118 166
118 128
118 167
118 168
118 169
118 129
118 170
118 130
118 171
118 172
118 174
118 177
118 178
119 131
119 132
119 133
119 134
119 135
119 136
119 139
119 140
119 141
119 142
119 143
119 144
119 147
119 137
119 138
119 121
119 122
119 123
119 124
119 125
119 126
119 127
119 158
119 159
119 160
119 161
119 162
119 163
119 164
119 166
119 128
119 167
119 168
119 169
119 129
119 170
119 130
119 171
119 172
119 174
119 177
119 178
120 131
120 132
120 133
120 134
120 135
120 136
120 139
120 151
120 152
120 147
120 155
120 121
120 122
120 123
120 124
120 125
120 126
120 127
120 128
120 129
120 130
120 164
120 177
121 131
121 132
121 133
121 134
121 135
121 136
121 139
121 151
121 152
121 147
121 155
121 122
121 122
121 123
121 123
121 124
121 124
121 125
121 125
121 126
121 126
121 127
121 127
121 156
121 158
121 159
121 160
121 161
121 162
121 163
121 164
121 165
121 166
121 128
121 167
121 168
121 169
121 129
121 170
121 130
121 171
121 172
121 173
121 174
121 177
122 131
122 132
122 133
122 134
122 135
122 136
122 139
122 157
122 151
122 152
122 147
122 155
122 123
122 123
122 124
122 124
122 125
122 125
122 126
122 126
122 127
122 127
122 156
122 158
122 159
122 160
122 161
122 162
122 163
122 164
122 165
122 166
122 128
122 167
122 168
122 169
122 129
122 170
122 130
122 171
122 172
122 173
122 174
122 177
123 131
123 132
123 133
123 134
123 135
123 136
123 139
123 151
123 152
123 147
123 155
123 124
123 124
123 125
123 125
123 126
123 126
123 127
123 127
123 156
123 158
123 159
123 160
123 161
123 162
123 163
123 164
123 165
123 166
123 128
123 167
123 168
123 169
123 129
123 170
123 130
123 171
123 172
123 173
123 174
123 177
124 131
124 132
124 133
124 134
124 135
124 136
124 139
124 151
124 152
124 147
124 155
124 125
124 125
124 126
124 126
124 127
124 127
124 156
124 158
124 159
124 160
124 161
124 162
124 163
124 164
124 165
124 166
124 128
124 167
124 168
124 169
124 129
124 170
124 130
124 171
124 172
124 173
124 174
124 177
125 131
125 132
125 133
125 134
125 135
125 136
125 139
125 151
125 152
125 147
125 155
125 126
125 126
125 127
125 127
125 156
125 158
125 159
125 160
125 161
125 162
125 163
125 164
125 165
125 166
125 128
125 167
125 168
125 169
125 129
125 170
125 130
125 171
125 172
125 173
125 174
125 177
126 131
126 132
126 133
126 134
126 135
126 136
126 139
126 157
126 151
126 152
126 147
126 155
126 127
126 127
126 156
126 158
126 159
126 160
126 161
126 162
126 163
126 164
126 165
126 166
126 128
126 167
126 168
126 169
126 129
126 170
126 130
126 171
126 172
126 173
126 174
126 177
127 131
127 132
127 133
127 134
127 135
127 136
127 139
127 157
127 151
127 152
127 147
127 155
127 156
127 158
127 159
127 160
127 161
127 162
127 163
127 164
127 165
127 166
127 128
127 167
127 168
127 169
127 129
127 170
127 130
127 171
127 172
127 173
127 174
127 177
128 131
128 132
128 133
128 134
128 135
128 136
128 139
128 140
128 141
128 142
128 143
128 144
128 157
128 164
128 151
128 152
128 147
128 155
128 156
128 177
129 131
129 132
129 133
129 134
129 135
129 136
129 139
129 140
129 141
129 142
129 143
129 144
129 164
129 151
129 152
129 147
129 155
129 156
130 131
130 132
130 133
130 134
130 135
130 136
130 139
130 140
130 141
130 142
130 143
130 144
130 164
130 151
130 152
130 147
130 155
130 156
136 137
136 138
137 142
137 143
137 151
137 152
137 147
137 155
137 156
137 164
138 142
138 143
138 151
138 152
138 147
138 155
138 156
138 164
144 145
145 146
147 148
147 149
147 150
147 151
147 152
147 153
147 154
147 155
147 157
147 158
147 159
147 160
147 161
147 162
147 163
147 164
147 165
147 166
147 167
147 168
147 169
147 170
147 171
147 172
147 173
147 174
151 158
151 159
151 160
151 161
151 162
151 163
151 164
151 166
151 167
151 168
151 169
151 170
151 171
151 172
151 174
151 177
152 158
152 159
152 160
152 161
152 162
152 163
152 164
152 166
152 167
152 168
152 169
152 170
152 171
152 172
152 174
152 177
154 179
154 180
154 181
155 158
155 159
155 160
155 161
155 162
155 163
155 164
155 166
155 167
155 168
155 169
155 170
155 171
155 172
155 174
155 177
156 157
156 158
156 159
156 160
156 161
156 162
156 163
156 164
156 166
156 167
156 168
156 169
156 170
156 171
156 172
156 174
157 177
174 179
174 180
174 181
