0 1
0 1
0 2
0 2
0 3
0 3
0 4
0 4
0 5
0 5
0 6
0 6
0 7
0 7
0 8
0 8
0 9
0 9
0 10
0 10
0 11
0 11
0 12
0 12
0 13
0 13
0 14
0 15
0 15
0 16
0 16
0 17
0 17
0 18
0 18
0 19
0 19
0 20
0 20
0 21
0 21
0 22
0 22
0 23
0 23
0 24
0 24
0 25
0 25
0 26
0 26
0 27
0 27
0 28
0 28
0 29
0 29
0 30
0 31
0 31
0 32
0 32
0 33
0 33
0 34
0 34
0 35
0 35
0 36
0 36
0 37
0 37
0 38
0 38
0 39
0 40
0 40
0 41
0 41
0 42
0 42
0 43
0 43
0 44
0 44
0 45
0 45
0 46
0 46
0 86
0 69
0 80
0 82
0 128
0 111
0 191
0 72
1 2
1 2
1 3
1 3
1 4
1 4
1 5
1 5
1 6
1 6
1 7
1 7
1 8
1 8
1 10
1 10
1 11
1 11
1 12
1 12
1 13
1 13
1 47
1 47
1 48
1 49
1 49
1 50
1 50
1 37
1 37
1 39
1 51
1 51
1 52
1 41
1 41
1 53
1 54
1 54
1 55
1 55
1 56
1 57
1 58
1 43
1 43
1 59
1 59
1 60
1 61
1 61
1 9
1 14
1 15
1 86
1 68
1 17
1 69
1 18
1 20
1 21
1 67
1 24
1 25
1 26
1 125
1 28
1 98
1 100
1 38
1 40
1 149
1 63
1 111
1 188
1 42
1 75
1 158
1 116
1 89
1 44
1 118
1 120
1 191
1 162
1 197
1 46
1 72
1 123
1 137
1 150
1 151
1 152
1 153
2 3
2 3
2 4
2 6
2 6
2 7
2 7
2 8
2 8
2 10
2 10
2 11
2 11
2 12
2 12
2 47
2 47
2 52
2 52
2 62
2 62
2 53
2 63
2 63
2 64
2 64
2 55
2 55
2 56
2 65
2 43
2 43
2 59
2 66
2 66
2 61
2 61
2 5
2 9
2 15
2 86
2 17
2 69
2 18
2 67
2 48
2 49
2 24
2 50
2 26
2 125
2 98
2 37
2 38
2 39
2 51
2 40
2 165
2 149
2 79
2 54
2 174
2 111
2 177
2 188
2 42
2 158
2 116
2 89
2 44
2 45
2 191
2 197
2 46
2 95
2 72
2 123
2 137
2 150
2 151
2 152
2 213
2 214
2 153
2 180
3 4
3 4
3 5
3 5
3 6
3 7
3 7
3 8
3 8
3 10
3 10
3 12
3 13
3 13
3 15
3 15
3 16
3 16
3 17
3 17
3 19
3 19
3 20
3 20
3 21
3 21
3 67
3 67
3 50
3 28
3 28
3 31
3 31
3 32
3 32
3 37
3 37
3 39
3 41
3 41
3 44
3 44
3 45
3 45
3 9
3 14
3 86
3 69
3 18
3 27
3 38
3 40
3 63
3 111
3 43
3 46
3 72
4 5
4 5
4 7
4 8
4 8
4 9
4 9
4 10
4 11
4 11
4 12
4 12
4 13
4 13
4 15
4 15
4 17
4 17
4 20
4 20
4 67
4 67
4 37
4 37
4 38
4 38
4 41
4 41
4 42
4 42
4 44
4 44
4 45
4 45
4 6
4 86
4 18
4 80
4 22
4 23
4 24
4 25
4 29
4 31
4 32
4 33
4 35
4 72
5 7
5 8
5 8
5 10
5 10
5 11
5 12
5 12
5 15
5 15
5 16
5 22
5 22
5 23
5 23
5 26
5 31
5 31
5 32
5 32
5 33
5 34
5 34
5 37
5 37
5 44
5 44
5 45
5 45
5 9
5 86
5 17
5 80
5 24
5 25
5 27
5 29
5 99
5 35
5 102
5 164
5 38
5 41
5 168
5 112
5 42
6 7
6 7
6 8
6 8
6 10
6 10
6 11
6 11
6 12
6 12
6 13
6 13
6 39
6 9
6 14
6 15
6 86
6 68
6 17
6 69
6 18
6 67
6 98
6 40
6 42
6 75
6 89
6 43
6 44
6 45
6 120
6 191
6 197
6 210
6 46
6 219
6 211
6 72
6 122
7 8
7 8
7 10
7 10
7 11
7 11
7 12
7 12
7 13
7 13
7 68
7 68
7 37
7 37
7 9
7 14
7 86
7 17
7 69
7 18
7 26
7 38
7 40
7 41
7 42
7 44
7 118
7 191
7 197
7 210
7 46
7 72
8 12
8 12
8 37
8 37
8 39
8 44
8 44
8 45
8 9
8 10
8 13
8 14
8 15
8 86
8 17
8 18
8 20
8 21
8 67
8 33
8 38
8 42
8 43
8 46
8 72
9 10
9 11
9 12
9 13
9 14
9 15
9 16
9 68
9 17
9 69
9 18
9 19
9 20
9 21
9 26
9 28
9 29
9 32
9 37
9 39
9 40
9 41
9 44
9 70
9 71
9 72
10 11
10 11
10 12
10 12
10 13
10 13
10 39
10 14
10 15
10 68
10 17
10 18
10 20
10 21
10 28
10 37
10 41
10 43
10 44
11 12
11 12
11 39
11 14
11 86
11 17
11 69
11 18
11 98
11 38
11 40
11 42
11 158
11 43
11 44
11 191
11 197
11 46
11 72
12 13
12 14
12 15
12 17
12 69
12 18
12 28
12 37
12 41
12 42
12 44
12 46
12 72
13 50
13 14
13 15
13 16
13 68
13 18
13 19
13 20
13 21
13 27
13 28
13 31
13 32
13 40
13 41
13 44
13 197
13 210
14 49
14 49
14 25
14 50
14 26
14 73
14 74
14 75
14 43
14 59
14 76
14 76
14 70
14 70
14 77
14 77
14 78
14 78
15 50
15 37
15 39
15 86
15 27
15 51
15 88
15 215
16 80
16 81
16 82
16 33
16 33
16 83
16 84
16 85
16 24
16 50
16 28
16 163
16 148
17 37
17 39
18 68
18 50
18 39
19 24
19 24
19 73
19 73
19 30
19 85
19 95
19 50
19 26
19 28
19 84
20 50
20 27
20 128
20 88
20 215
21 50
24 49
24 49
24 25
24 25
24 26
24 26
24 27
24 27
24 125
24 125
24 73
24 28
24 126
24 126
24 29
24 29
24 30
24 81
24 81
24 82
24 82
24 31
24 31
24 99
24 32
24 32
24 127
24 127
24 128
24 128
24 34
24 34
24 35
24 35
24 36
24 37
24 40
24 41
24 87
24 129
24 53
24 130
24 130
24 131
24 131
24 42
24 42
24 58
24 115
24 115
24 116
24 116
24 66
24 117
24 132
24 121
24 121
24 95
24 95
24 133
24 133
24 134
24 134
24 122
24 122
24 135
24 136
24 136
24 137
24 138
24 139
24 139
24 140
24 140
24 141
24 142
24 142
24 143
24 83
24 84
24 38
24 145
24 54
24 168
24 154
24 150
24 151
24 152
24 172
24 236
25 49
25 49
25 26
25 27
25 27
25 125
25 125
25 73
25 73
25 126
25 126
25 74
25 29
25 29
25 30
25 30
25 82
25 82
25 144
25 31
25 31
25 99
25 127
25 127
25 35
25 35
25 37
25 38
25 38
25 40
25 40
25 41
25 87
25 129
25 145
25 53
25 130
25 130
25 110
25 56
25 131
25 131
25 112
25 42
25 42
25 58
25 116
25 116
25 43
25 66
25 44
25 117
25 45
25 95
25 95
25 134
25 134
25 122
25 122
25 135
25 136
25 141
25 143
25 50
25 28
25 100
25 32
25 33
25 128
25 34
25 84
25 101
25 163
25 39
25 51
25 108
25 54
25 111
25 168
25 118
25 120
26 49
26 49
26 50
26 50
26 27
26 125
26 125
26 29
26 82
26 82
26 31
26 99
26 32
26 33
26 128
26 35
26 40
26 40
26 52
26 52
26 41
26 41
26 145
26 145
26 112
26 58
26 116
26 116
26 44
26 117
26 118
26 118
26 45
26 95
26 95
26 136
26 124
26 28
26 126
26 98
26 100
26 101
26 102
26 163
26 164
26 37
26 39
26 108
26 130
26 111
26 131
26 42
26 89
26 119
26 154
26 120
26 72
26 184
26 150
26 151
26 142
26 172
27 80
27 80
27 49
27 49
27 50
27 86
27 125
27 125
27 73
27 73
27 28
27 28
27 30
27 30
27 81
27 81
27 82
27 82
27 33
27 33
27 127
27 127
27 83
27 84
27 84
27 85
27 85
27 37
27 37
27 51
27 51
27 40
27 52
27 52
27 41
27 41
27 87
27 54
27 88
27 126
27 98
27 100
27 34
27 102
27 163
27 148
27 164
27 38
27 39
27 108
27 165
27 111
27 168
27 42
27 116
27 118
27 119
28 49
28 49
28 50
28 50
28 125
28 125
28 73
28 126
28 126
28 74
28 29
28 30
28 82
28 144
28 31
28 31
28 32
28 35
28 85
28 96
28 37
28 51
28 40
28 52
28 41
28 129
28 53
28 118
28 118
28 95
28 34
28 84
28 163
28 148
28 109
28 154
29 49
29 50
29 73
29 73
29 80
29 74
29 30
29 30
29 81
29 82
29 144
29 33
29 83
29 84
29 84
29 85
29 95
29 100
29 102
29 163
29 148
29 164
29 40
29 52
29 41
29 108
29 165
29 111
29 168
29 42
29 116
30 50
30 125
30 125
30 73
30 73
30 126
30 74
30 144
30 31
30 31
30 32
30 32
30 128
30 128
30 35
30 35
30 82
30 100
30 84
30 101
30 163
30 148
30 40
30 54
30 111
30 118
30 120
30 95
31 73
31 73
31 81
31 81
31 80
31 74
31 82
31 144
31 33
31 83
31 84
31 84
31 85
31 87
31 95
31 163
31 148
32 50
32 73
32 73
32 74
32 144
32 85
32 95
32 84
32 163
32 148
33 82
33 49
33 50
33 144
33 128
33 36
33 96
33 37
33 39
33 52
33 41
33 108
33 84
34 49
34 49
34 125
34 74
34 74
34 127
34 50
34 144
34 96
34 37
34 39
34 52
34 41
34 157
35 50
35 73
35 74
35 144
35 85
35 95
35 84
35 163
35 148
36 50
36 84
36 163
36 148
36 96
37 86
37 67
37 48
37 48
37 49
37 49
37 50
37 50
37 81
37 82
37 99
37 100
37 102
37 73
37 74
37 101
37 38
37 38
37 39
37 39
37 51
37 51
37 52
37 52
37 41
37 41
37 165
37 165
37 109
37 109
37 149
37 149
37 62
37 62
37 53
37 53
37 79
37 79
37 54
37 54
37 64
37 64
37 110
37 56
37 56
37 57
37 57
37 166
37 166
37 42
37 42
37 58
37 116
37 116
37 43
37 43
37 66
37 66
37 167
37 167
37 124
37 40
37 108
37 87
37 63
37 174
37 111
37 175
37 176
37 112
37 177
37 88
37 188
37 114
37 44
37 118
37 45
37 120
37 61
37 133
37 123
37 150
37 138
38 49
38 49
38 50
38 81
38 81
38 99
38 99
38 101
38 101
38 102
38 102
38 73
38 74
38 144
38 164
38 39
38 39
38 51
38 51
38 52
38 52
38 41
38 109
38 109
38 79
38 55
38 55
38 110
38 110
38 168
38 168
38 112
38 112
38 42
38 42
38 58
38 115
38 115
38 158
38 158
38 116
38 116
38 43
38 43
38 93
38 93
38 59
38 59
38 66
38 66
38 44
38 44
38 117
38 159
38 45
38 45
38 169
38 169
38 121
38 97
38 124
38 124
38 40
38 87
38 165
38 149
38 62
38 145
38 64
38 175
38 176
38 113
38 154
38 183
39 47
39 47
39 67
39 48
39 49
39 49
39 50
39 125
39 81
39 82
39 99
39 102
39 164
39 73
39 74
39 144
39 101
39 51
39 51
39 52
39 52
39 41
39 41
39 87
39 87
39 109
39 109
39 53
39 55
39 55
39 110
39 42
39 42
39 75
39 75
39 58
39 116
39 116
39 43
39 93
39 93
39 117
39 147
39 121
39 121
39 124
39 40
39 108
39 149
39 79
39 54
39 64
39 112
39 188
39 89
39 66
39 44
39 118
39 45
39 120
39 197
39 61
39 72
39 123
39 137
39 150
39 151
39 152
40 49
40 49
40 81
40 98
40 50
40 73
40 74
40 82
40 144
40 51
40 52
40 41
40 108
40 108
40 87
40 87
40 149
40 149
40 62
40 62
40 145
40 145
40 42
40 42
40 121
40 121
40 133
40 133
40 134
40 151
40 151
40 139
40 170
40 170
40 141
40 171
40 142
40 142
40 172
40 172
40 173
40 173
40 165
40 129
40 63
40 130
40 54
40 64
40 174
40 111
40 131
40 177
40 184
40 136
40 150
41 50
41 81
41 82
41 99
41 83
41 102
41 52
41 52
41 73
41 74
41 51
41 87
41 87
41 149
41 62
41 62
41 53
41 64
41 64
41 56
41 88
41 88
41 58
41 93
41 93
41 165
41 109
41 63
41 175
41 176
41 43
41 44
42 47
42 47
42 49
42 49
42 126
42 126
42 81
42 99
42 99
42 100
42 127
42 127
42 83
42 101
42 101
42 102
42 102
42 51
42 51
42 52
42 52
42 165
42 109
42 109
42 149
42 62
42 129
42 145
42 130
42 130
42 64
42 55
42 55
42 175
42 131
42 131
42 176
42 168
42 112
42 112
42 113
42 48
42 50
42 73
42 74
42 144
42 87
42 53
42 56
42 166
42 75
42 75
42 58
42 58
42 115
42 115
42 158
42 158
42 116
42 116
42 89
42 89
42 43
42 43
42 59
42 59
42 66
42 66
42 76
42 44
42 44
42 60
42 60
42 117
42 117
42 189
42 159
42 154
42 154
42 45
42 45
42 190
42 190
42 191
42 192
42 192
42 178
42 178
42 90
42 169
42 169
42 160
42 193
42 193
42 186
42 186
42 194
42 167
42 181
42 121
42 121
42 97
42 97
42 95
42 95
42 72
42 72
42 134
42 134
42 122
42 122
42 135
42 123
42 123
42 155
42 155
42 151
42 171
42 171
42 179
42 179
42 124
42 124
42 152
42 195
42 172
42 153
42 118
42 120
42 196
42 207
42 162
42 197
42 187
42 184
42 142
42 173
43 69
43 50
43 83
43 51
43 52
43 108
43 108
43 87
43 75
43 75
43 58
43 58
43 115
43 158
43 158
43 99
43 112
43 59
43 59
43 76
43 76
43 44
43 70
43 70
43 60
43 60
43 117
43 189
43 189
43 77
43 159
43 45
43 178
43 209
43 203
43 71
43 160
43 146
43 204
43 161
43 161
43 205
43 206
43 66
43 154
43 183
43 207
43 46
43 97
43 72
43 236
44 108
44 108
44 87
44 58
44 58
44 115
44 76
44 99
44 75
44 158
44 59
44 70
44 189
44 77
44 77
44 159
44 154
44 183
44 183
44 178
44 209
44 71
44 161
44 161
44 205
44 206
44 97
44 97
44 135
44 60
44 207
44 204
45 108
45 108
45 87
45 75
45 75
45 58
45 58
45 115
45 76
45 76
45 60
45 99
45 158
45 116
45 66
45 117
45 189
45 154
45 183
45 178
45 161
45 161
45 147
45 97
45 97
45 135
46 93
46 93
46 94
46 94
46 75
46 59
46 70
46 154
46 183
46 61
47 51
47 51
47 63
47 79
47 79
47 55
47 65
47 66
47 66
47 61
47 61
47 72
47 72
48 97
49 50
49 50
49 73
49 74
49 81
49 82
49 82
49 98
49 99
49 99
49 100
49 100
49 101
49 102
49 103
49 104
49 104
49 105
49 105
49 106
49 106
49 107
49 107
49 51
49 51
49 52
49 52
49 108
49 108
49 87
49 87
49 109
49 109
49 53
49 54
49 54
49 110
49 111
49 56
49 112
49 112
49 113
49 113
49 114
49 114
49 58
49 58
49 115
49 115
49 116
49 116
49 89
49 89
49 93
49 93
49 59
49 59
49 66
49 66
49 117
49 77
49 77
49 118
49 119
49 119
49 120
49 120
49 94
49 94
49 121
49 121
49 97
49 97
49 61
49 61
49 72
49 72
49 122
49 123
49 124
49 157
49 165
49 149
49 175
49 176
49 75
49 158
49 60
49 189
49 154
49 183
49 207
50 86
50 68
50 69
50 73
50 74
50 144
50 99
50 51
50 52
50 87
50 87
50 62
50 53
50 63
50 54
50 64
50 110
50 56
50 57
50 58
50 66
50 117
50 90
50 146
50 91
50 147
50 92
50 137
50 137
50 124
50 81
50 82
50 100
50 84
50 102
50 109
50 118
50 197
50 61
51 68
51 125
51 98
51 101
51 101
51 73
51 74
51 144
51 52
51 52
51 87
51 87
51 109
51 109
51 62
51 62
51 53
51 63
51 79
51 79
51 64
51 64
51 55
51 55
51 110
51 56
51 57
51 58
51 116
51 116
51 93
51 93
51 66
51 66
51 60
51 117
51 167
51 97
51 124
51 108
51 165
51 175
51 176
51 113
51 88
51 188
51 118
51 183
51 120
51 71
51 61
51 133
51 137
51 152
52 81
52 82
52 98
52 100
52 102
52 73
52 74
52 144
52 99
52 101
52 87
52 87
52 109
52 109
52 62
52 62
52 53
52 53
52 63
52 63
52 64
52 64
52 110
52 56
52 56
52 58
52 116
52 66
52 108
52 165
52 79
52 111
52 88
52 114
52 118
52 61
53 98
53 108
53 165
53 62
53 62
53 149
53 56
53 56
53 66
53 66
53 72
53 72
53 79
53 64
53 111
53 177
53 113
53 88
53 188
53 116
53 59
53 60
53 117
53 118
53 191
53 207
53 193
53 61
54 81
54 84
54 102
54 165
54 165
54 109
54 109
54 62
54 62
54 63
54 125
54 73
54 74
54 144
54 64
54 64
54 174
54 175
54 123
54 137
54 111
54 114
55 63
55 63
55 79
55 79
55 165
55 65
55 65
55 177
55 177
55 66
55 66
55 97
55 97
55 61
55 61
55 72
55 72
55 182
56 98
56 108
56 165
56 62
56 63
56 79
56 64
56 88
56 66
56 191
56 193
56 61
58 99
58 99
58 108
58 149
58 129
58 65
58 168
58 112
58 113
58 75
58 75
58 115
58 115
58 158
58 158
58 59
58 59
58 70
58 70
58 60
58 117
58 117
58 189
58 189
58 77
58 159
58 159
58 202
58 202
58 178
58 178
58 203
58 203
58 160
58 160
58 146
58 204
58 161
58 161
58 205
58 206
58 97
58 97
58 89
58 66
58 76
58 118
58 190
58 120
58 196
58 218
58 207
58 169
58 71
58 210
58 194
58 220
58 123
58 225
58 139
58 179
58 195
59 69
59 108
59 108
59 129
59 75
59 75
59 115
59 115
59 158
59 158
59 116
59 89
59 66
59 66
59 70
59 70
59 60
59 60
59 117
59 189
59 189
59 77
59 77
59 159
59 154
59 132
59 132
59 90
59 203
59 160
59 146
59 146
59 193
59 193
59 204
59 204
59 161
59 161
59 121
59 121
59 97
59 97
59 135
59 76
59 118
59 190
59 183
59 120
59 207
59 78
59 186
59 224
59 72
60 98
60 108
60 108
60 75
60 75
60 158
60 158
60 89
60 89
60 70
60 70
60 189
60 77
60 77
60 190
60 190
60 196
60 196
60 207
60 207
60 162
60 162
60 209
60 209
60 90
60 90
60 71
60 71
60 146
60 221
60 221
60 121
60 121
60 61
60 61
60 72
60 191
60 178
60 132
60 186
60 187
60 219
60 194
60 97
60 122
61 69
61 108
61 149
61 129
61 79
61 79
61 158
61 116
61 89
61 93
61 93
61 66
61 76
61 76
61 94
61 94
61 191
61 191
61 78
61 78
61 197
61 186
61 186
61 154
61 183
61 178
61 90
61 167
61 97
61 72
61 72
61 135
61 184
61 123
61 137
61 150
61 151
61 152
61 213
61 214
61 153
61 180
62 165
62 165
62 149
62 87
62 109
62 145
62 145
62 63
62 63
62 130
62 130
62 64
62 64
62 174
62 174
62 110
62 175
62 175
62 176
62 176
62 79
62 111
62 131
62 182
62 97
62 150
62 151
63 149
63 145
63 145
63 87
63 165
63 109
63 129
63 79
63 79
63 64
63 64
63 174
63 174
63 175
63 175
63 176
63 65
63 65
63 177
63 177
63 182
63 182
63 97
63 97
63 150
64 149
64 145
64 145
64 130
64 130
64 125
64 165
64 109
64 175
64 175
64 131
64 176
64 150
65 149
65 129
65 145
65 79
65 79
65 174
65 174
65 176
65 165
65 117
65 159
65 169
65 97
65 97
65 177
65 186
66 165
66 149
66 129
66 79
66 79
66 110
66 110
66 175
66 168
66 115
66 115
66 158
66 158
66 116
66 116
66 93
66 93
66 117
66 117
66 189
66 159
66 191
66 191
66 178
66 169
66 167
66 167
66 121
66 121
66 97
66 72
66 72
66 122
66 76
66 123
66 179
66 142
66 124
66 173
68 89
68 90
68 91
68 91
68 92
68 92
68 76
68 162
69 75
69 93
69 93
69 94
69 94
70 163
70 75
70 158
70 158
70 89
70 89
70 76
70 76
70 117
70 189
70 189
70 159
70 119
70 119
70 154
70 190
70 190
70 183
70 94
70 94
70 196
70 196
70 162
70 162
70 78
70 78
70 132
70 132
70 209
70 197
70 203
70 71
70 71
70 160
70 210
70 210
70 91
70 92
70 205
70 206
70 224
70 224
70 218
70 207
70 192
70 186
71 89
71 89
71 76
71 190
71 190
71 196
71 196
71 77
71 159
71 183
71 132
71 160
71 210
71 210
71 146
71 198
71 97
72 75
72 75
72 115
72 115
72 93
72 93
72 191
72 191
72 186
72 186
72 121
72 121
72 95
72 95
72 73
72 74
72 144
72 158
72 154
72 97
72 134
72 122
72 137
72 137
73 125
73 125
73 126
73 126
73 74
73 144
73 128
73 128
73 98
73 100
73 84
73 101
73 102
73 163
73 164
73 108
73 111
73 116
73 89
73 118
73 119
73 120
73 95
74 126
74 82
74 82
74 98
74 100
74 128
74 101
74 102
74 163
74 164
74 108
74 111
74 168
74 116
74 89
74 118
74 119
74 120
74 95
74 134
75 126
75 100
75 100
75 163
75 163
75 108
75 108
75 87
75 149
75 130
75 131
75 82
75 158
75 89
75 89
75 76
75 189
75 118
75 118
75 159
75 159
75 119
75 119
75 190
75 190
75 120
75 120
75 196
75 196
75 191
75 191
75 78
75 132
75 132
75 90
75 90
75 197
75 197
75 146
75 91
75 187
75 187
75 198
75 198
75 199
75 200
75 200
75 121
75 121
75 122
75 122
75 195
75 195
75 201
75 201
75 115
75 116
75 186
75 194
75 181
75 225
75 151
75 152
75 213
75 214
76 83
76 89
76 89
76 100
76 149
76 158
76 189
76 77
76 77
76 118
76 190
76 120
76 196
76 218
76 218
76 202
76 162
76 162
76 192
76 192
76 78
76 78
76 178
76 209
76 209
76 90
76 210
76 146
76 146
76 193
76 198
76 219
76 219
76 194
76 220
76 221
76 221
76 222
76 223
76 121
76 121
76 97
76 123
76 170
76 124
76 132
76 197
76 186
76 122
76 228
76 214
77 89
77 89
77 189
77 189
77 119
77 119
77 190
77 190
77 196
77 196
77 218
77 218
77 207
77 207
77 162
77 162
77 78
77 78
77 209
77 209
77 197
77 197
77 203
77 203
77 204
77 205
77 221
77 221
77 206
77 206
77 183
77 191
77 132
77 210
77 193
77 121
78 89
78 89
78 218
78 162
78 162
78 189
78 178
78 209
78 146
78 146
78 193
78 219
78 219
78 224
78 224
78 132
78 197
78 186
78 225
78 213
79 165
79 129
79 93
79 93
79 94
79 94
79 178
79 186
79 186
79 97
79 97
79 175
79 191
80 96
81 125
81 125
81 126
81 126
81 98
81 127
81 127
81 157
81 96
81 108
81 115
81 115
81 121
81 121
81 95
81 95
81 110
81 116
81 154
82 125
82 125
82 144
82 144
82 127
82 127
82 157
82 157
82 96
82 122
83 125
83 125
83 126
83 126
83 127
83 127
83 98
83 157
83 87
83 95
83 95
83 84
84 128
85 128
86 87
86 87
86 88
86 88
86 111
86 116
87 125
87 125
87 126
87 100
87 128
87 96
87 108
87 108
87 98
87 95
87 165
87 149
87 145
87 130
87 111
87 131
87 188
87 114
87 118
87 150
87 153
88 128
88 111
89 188
89 188
89 144
89 189
89 118
89 118
89 159
89 119
89 119
89 154
89 190
89 190
89 120
89 120
89 196
89 196
89 162
89 162
89 132
89 209
89 90
89 90
89 197
89 203
89 160
89 210
89 210
89 146
89 146
89 91
89 91
89 187
89 187
89 198
89 198
89 204
89 204
89 94
89 218
89 193
89 194
89 222
89 121
90 100
90 108
90 116
90 118
90 119
90 190
90 120
90 196
90 203
90 203
90 91
90 91
90 147
90 92
90 92
90 193
90 222
90 223
91 100
91 108
91 118
91 119
91 119
91 190
91 190
91 196
91 196
91 203
91 203
91 162
91 225
92 100
92 108
92 118
92 119
92 119
92 203
92 203
93 108
93 108
93 165
93 165
93 149
93 149
93 129
93 129
93 145
93 145
93 174
93 174
93 168
93 168
93 113
93 113
93 115
93 115
93 158
93 158
93 116
93 116
93 117
93 117
93 118
93 118
93 94
93 94
93 211
93 211
93 212
93 212
93 97
93 97
93 123
93 123
93 150
93 150
93 142
93 142
93 213
93 214
93 215
93 215
93 216
93 216
93 217
93 217
94 115
94 115
94 158
94 158
94 116
94 116
94 117
94 117
94 189
94 189
94 159
94 159
94 218
94 218
94 202
94 202
94 211
94 211
94 212
94 212
94 97
94 97
94 179
94 179
94 226
94 226
95 125
95 125
95 126
95 126
95 128
95 103
95 103
95 108
95 109
95 109
95 144
95 97
95 133
95 133
95 134
95 134
95 184
95 184
95 135
95 135
95 136
95 136
95 225
95 225
95 155
95 155
95 151
95 151
95 227
95 227
95 140
95 140
95 170
95 170
95 141
95 171
95 171
95 232
95 232
95 213
95 213
95 214
95 214
95 230
95 230
95 233
95 233
95 122
95 150
95 152
95 195
95 172
95 173
95 234
95 231
95 241
96 128
97 125
97 99
97 99
97 108
97 149
97 149
97 129
97 145
97 145
97 112
97 112
97 182
97 182
97 158
97 158
97 116
97 196
97 191
97 191
97 132
97 186
97 186
97 187
97 121
97 193
97 122
97 133
97 134
97 184
97 123
97 136
97 225
97 150
97 138
97 151
97 227
97 140
97 179
97 124
97 152
97 232
97 195
97 213
97 214
97 173
97 180
97 201
97 230
98 126
98 144
98 99
98 101
98 101
98 109
98 109
98 158
98 158
98 135
98 102
98 175
98 176
98 154
98 183
98 207
98 133
99 117
99 159
99 160
99 161
99 161
99 157
99 149
99 112
99 179
99 142
100 144
100 115
100 115
100 118
100 118
100 162
101 144
101 108
101 108
101 119
102 108
102 110
103 125
103 125
103 126
103 126
103 127
103 127
108 126
108 144
108 109
108 109
108 158
108 158
108 146
108 121
108 121
108 122
108 137
108 137
108 165
108 175
108 176
109 165
109 125
109 158
109 119
109 178
109 121
109 121
109 134
109 122
109 122
109 123
109 137
109 179
109 142
109 152
109 153
109 180
109 129
109 174
109 111
109 177
110 149
110 164
110 168
110 168
110 116
110 116
110 117
110 169
110 169
110 113
110 115
110 158
110 123
110 170
110 142
110 124
111 144
111 165
111 145
111 174
111 175
111 175
111 176
111 176
112 117
112 161
112 161
113 129
113 145
113 130
113 117
113 154
115 163
115 163
115 130
115 131
115 129
115 158
115 158
115 116
115 116
115 117
115 189
115 118
115 118
115 159
115 159
115 119
115 154
115 154
115 120
115 120
115 191
115 191
115 207
115 207
115 202
115 202
115 192
115 192
115 160
115 121
115 121
115 133
115 133
115 122
115 122
115 155
115 155
115 138
115 138
115 170
115 195
115 195
115 201
115 201
115 208
115 208
115 183
115 228
116 165
116 149
116 129
116 174
116 145
116 130
116 158
116 117
116 117
116 154
116 154
116 183
116 183
116 178
116 209
116 169
116 169
116 121
116 121
116 123
116 123
116 150
116 170
116 118
116 207
116 133
116 139
116 179
116 142
117 149
117 129
117 129
117 168
117 158
117 159
117 159
117 169
117 169
117 160
117 160
117 189
117 190
117 196
117 218
117 202
117 178
117 203
117 194
117 123
117 139
117 179
117 195
118 144
118 159
118 190
118 183
118 120
118 120
118 162
118 162
118 178
118 132
118 209
118 203
118 121
118 121
119 163
119 129
119 175
119 144
119 190
119 190
119 146
119 198
119 198
119 204
119 147
119 121
119 121
119 122
119 122
119 124
119 154
119 183
119 218
119 207
119 202
119 162
119 132
119 225
119 137
119 138
120 190
120 144
120 159
120 183
120 196
120 196
120 162
120 178
120 132
120 209
120 197
120 203
120 187
120 187
120 121
120 121
120 210
121 157
121 157
121 149
121 149
121 158
121 158
121 218
121 218
121 191
121 191
121 162
121 192
121 192
121 219
121 219
121 200
121 200
121 190
121 169
121 147
121 133
121 133
121 134
121 134
121 122
121 122
121 184
121 184
121 135
121 135
121 136
121 136
121 225
121 225
121 155
121 155
121 138
121 138
121 151
121 151
121 227
121 227
121 139
121 139
121 140
121 140
121 170
121 170
121 141
121 171
121 171
121 142
121 142
121 143
121 185
121 229
121 229
121 173
121 173
121 201
121 201
121 230
121 230
121 231
121 231
121 208
121 208
121 150
121 228
121 232
121 195
121 172
121 234
122 126
122 126
122 218
122 191
122 191
122 192
122 192
122 158
122 189
122 190
122 202
122 135
122 135
122 155
122 155
122 138
122 138
122 170
122 170
122 171
122 171
122 136
122 225
122 228
122 173
122 231
123 149
123 149
123 130
123 131
123 207
123 202
123 133
123 134
123 134
123 184
123 159
123 178
123 160
123 150
123 150
123 136
123 138
123 151
123 139
123 171
123 142
123 152
123 195
123 172
123 153
123 234
123 208
124 125
124 147
124 147
124 222
124 137
124 170
124 169
124 152
124 173
125 126
125 126
125 127
125 127
125 128
125 128
125 148
125 148
125 149
125 134
125 134
125 136
125 137
125 137
125 150
125 151
125 152
125 152
125 143
125 143
125 153
125 156
125 180
126 144
126 148
126 149
126 149
126 145
126 145
126 154
126 155
126 155
126 137
126 137
126 150
126 151
126 151
126 143
126 156
126 156
126 131
126 180
127 128
127 128
127 155
127 155
127 130
128 144
129 149
129 165
129 145
129 145
129 130
129 130
129 174
129 175
129 175
129 176
129 176
129 159
129 169
129 160
129 179
129 131
129 168
129 177
129 154
129 183
129 207
129 186
129 150
130 165
130 165
130 145
130 174
130 174
130 131
130 131
130 154
130 183
130 184
130 135
130 135
130 136
130 136
130 155
130 155
130 179
130 179
130 185
130 185
130 168
131 145
131 165
131 174
131 154
131 183
131 135
131 179
131 179
132 190
132 190
132 196
132 196
132 162
132 158
132 189
132 183
132 197
132 197
132 198
132 198
132 210
132 187
132 204
133 134
133 134
133 184
133 184
133 135
133 135
133 136
133 225
133 155
133 138
133 227
133 227
133 139
133 139
133 140
133 140
133 170
133 141
133 141
133 228
133 228
133 142
133 142
133 232
133 143
133 195
133 185
133 185
133 213
133 156
133 229
133 234
133 201
133 230
133 235
133 235
133 236
133 237
133 238
133 239
133 240
133 153
134 144
134 184
134 184
134 136
134 136
134 155
134 155
134 137
134 137
134 227
134 227
134 139
134 139
134 140
134 140
134 170
134 141
134 141
134 171
134 171
134 143
134 143
134 156
134 156
134 229
134 229
134 180
134 180
134 225
134 138
134 172
134 230
134 235
135 145
135 218
135 181
135 184
135 184
135 183
135 136
135 136
135 225
135 225
135 155
135 155
135 138
135 138
135 227
135 227
135 139
135 139
135 140
135 140
135 171
135 171
135 232
135 232
135 151
135 213
135 229
135 214
135 234
135 231
136 145
136 184
136 184
136 154
136 225
136 225
136 155
136 155
136 137
136 137
136 227
136 227
136 139
136 139
136 170
136 228
136 152
136 232
136 232
136 143
136 185
136 185
136 156
136 140
136 171
136 179
136 180
137 184
137 143
137 143
137 213
137 213
137 214
137 214
137 151
137 152
137 156
137 172
137 153
138 218
138 184
138 184
138 225
138 155
138 158
138 189
138 191
138 170
138 141
138 141
138 171
138 171
138 185
138 185
138 227
138 139
138 140
138 232
138 229
139 192
139 184
139 184
139 225
139 225
139 155
139 170
139 141
139 141
139 232
139 232
139 229
139 229
139 228
140 184
140 184
140 227
140 227
140 225
140 155
140 171
140 143
140 213
140 213
140 156
140 229
140 229
140 235
140 235
140 241
140 241
141 184
141 184
141 150
141 151
141 227
141 227
141 228
141 228
141 185
141 229
141 229
141 172
141 234
141 234
141 232
141 153
142 154
142 149
142 158
142 169
142 150
142 213
142 214
143 150
143 151
143 232
143 180
143 234
143 235
143 241
144 163
145 165
145 165
145 174
145 174
145 154
145 154
145 169
145 181
145 151
145 168
145 177
145 183
145 207
145 179
146 190
146 196
146 162
146 162
146 209
146 209
146 193
147 162
147 169
147 220
147 222
147 173
149 165
149 174
149 159
149 169
149 160
149 152
149 154
149 183
149 207
150 154
150 154
150 183
150 207
150 165
150 174
150 225
150 170
150 179
150 152
151 154
151 183
151 184
151 170
151 152
151 156
151 179
151 172
152 170
152 180
152 172
153 170
154 157
154 168
154 159
154 225
154 225
154 218
154 191
154 193
154 172
154 231
154 241
155 198
155 198
155 184
155 225
155 225
155 158
155 171
155 185
155 185
155 227
155 228
155 232
156 184
156 227
156 232
156 170
156 214
156 234
156 235
156 241
158 189
158 189
158 159
158 159
158 202
158 202
158 192
158 192
158 178
158 178
158 209
158 209
158 169
158 160
158 193
158 193
158 218
158 207
158 197
158 186
158 220
158 225
158 228
158 173
159 189
159 189
159 202
159 202
159 192
159 192
159 203
159 203
159 160
159 160
159 190
159 183
159 196
159 218
159 207
159 169
159 210
159 194
159 220
159 222
159 195
160 189
160 207
160 202
160 169
160 210
160 187
160 195
161 191
161 178
162 190
162 190
162 196
162 197
162 197
162 220
162 221
165 174
165 174
165 175
165 175
165 176
165 176
165 177
165 177
165 169
165 187
169 174
169 218
169 194
169 170
169 179
170 184
170 225
170 227
170 232
170 195
170 213
170 214
171 192
171 227
171 227
171 228
171 184
171 185
171 229
171 229
172 225
174 176
174 176
174 177
174 177
174 182
174 182
174 187
175 187
175 187
176 177
176 177
178 189
178 189
178 192
178 192
178 202
178 209
178 209
178 193
178 193
178 220
179 181
179 184
179 232
179 195
181 183
183 190
183 218
183 218
183 207
183 202
183 198
183 225
183 225
183 196
183 191
183 193
183 186
183 187
183 184
184 218
184 192
184 225
184 225
184 227
184 227
184 228
184 228
184 232
184 232
184 185
184 185
184 229
184 229
184 195
184 213
184 234
185 225
185 225
185 227
185 227
185 232
186 191
186 191
186 189
187 190
187 190
187 196
187 196
187 210
187 197
189 202
189 202
189 192
189 192
189 209
189 209
189 193
189 193
189 218
189 207
189 204
189 219
189 225
189 195
189 213
189 214
189 233
190 196
190 196
190 203
190 203
190 210
190 210
190 219
190 218
190 207
191 218
191 202
191 225
192 218
192 218
192 207
192 202
192 202
192 209
192 219
192 225
192 225
192 228
192 228
193 209
193 204
194 218
194 207
194 202
194 203
195 202
195 228
196 203
196 210
196 210
196 198
196 198
196 199
196 219
197 204
198 210
198 210
198 199
198 199
199 210
202 218
202 218
202 207
202 207
202 203
202 209
202 219
202 220
202 225
202 228
203 207
203 223
204 209
204 209
204 205
204 205
207 218
207 209
209 218
209 224
209 228
218 219
218 227
218 227
218 228
225 227
225 227
225 228
227 228
228 237
228 238
228 239
228 240
