0 1
0 2
0 3
0 4
0 5
1 6
1 7
1 8
1 8
1 8
1 8
1 9
1 9
1 9
1 9
1 9
1 10
1 10
1 10
1 3
1 3
1 11
1 11
1 11
1 12
1 12
1 13
1 14
1 14
1 15
1 15
1 15
1 16
1 16
1 16
1 16
1 16
1 17
1 17
1 18
1 18
1 18
1 18
1 2
1 20
1 20
1 20
1 20
2 8
2 8
2 9
2 9
2 9
2 9
2 9
2 9
2 9
2 9
2 9
2 9
2 9
2 10
2 10
2 10
2 10
2 10
2 10
2 10
2 3
2 3
2 3
2 19
2 19
2 19
2 19
2 19
2 19
2 19
2 13
2 13
2 13
2 13
2 13
2 14
2 14
2 14
2 14
2 14
2 14
2 14
2 14
2 20
2 20
2 21
2 21
2 21
2 15
2 15
2 22
2 22
2 22
2 4
2 23
2 23
2 23
2 23
2 23
2 16
2 16
2 16
2 16
2 24
2 24
2 24
2 24
2 24
2 24
2 18
2 5
2 5
2 5
2 5
2 5
2 6
2 6
2 6
2 6
2 25
2 12
2 12
2 12
2 12
2 12
2 7
2 7
2 7
2 7
2 7
2 7
2 7
2 7
2 7
2 7
2 7
2 7
3 25
3 11
3 13
3 13
3 14
3 20
3 21
3 21
3 21
3 15
3 15
3 15
3 22
3 22
3 4
3 23
3 23
3 16
3 16
3 24
3 17
3 18
3 5
3 6
3 6
3 9
3 9
3 9
3 10
3 10
3 10
3 19
3 19
3 7
4 20
4 18
4 25
4 11
5 9
5 10
5 10
5 10
5 10
5 12
5 12
5 12
5 19
5 13
5 20
5 27
5 21
5 21
5 21
5 21
5 21
5 21
5 23
5 23
5 23
5 23
5 23
5 18
5 18
5 18
5 18
5 18
5 18
5 18
5 18
5 18
5 18
5 7
5 7
5 7
5 14
5 14
5 15
5 15
5 15
5 15
5 15
5 15
5 15
5 15
5 15
5 15
5 15
5 22
5 22
5 16
5 16
5 8
5 8
6 9
6 9
6 9
6 9
6 9
6 10
6 10
6 26
6 25
6 11
6 12
6 12
6 12
6 12
6 19
6 19
6 13
6 13
6 13
6 20
6 20
6 20
6 20
6 27
6 21
6 23
6 23
6 23
6 23
6 23
6 23
6 23
6 24
6 18
6 18
6 18
6 18
7 26
7 9
7 9
7 9
7 9
7 9
7 9
7 9
7 10
7 10
7 10
7 10
7 12
7 12
7 19
7 19
7 13
7 13
7 14
7 14
7 14
7 14
7 14
7 14
7 14
7 14
7 14
7 14
7 14
7 14
7 21
7 21
7 15
7 15
7 15
7 15
7 22
7 22
7 23
7 23
7 23
7 23
7 23
7 23
7 16
7 17
7 18
7 18
7 18
7 18
7 8
7 8
7 8
7 8
7 8
7 8
7 8
7 8
8 10
8 10
8 10
8 10
8 10
8 10
8 10
8 25
8 11
8 19
8 19
8 19
8 14
8 14
8 20
8 27
8 22
8 22
8 23
8 23
8 16
8 16
8 16
8 24
8 17
8 18
8 18
8 18
9 10
9 12
9 12
9 12
9 12
9 12
9 13
9 13
9 13
9 13
9 14
9 14
9 14
9 14
9 14
9 14
9 14
9 20
9 27
9 21
9 15
9 15
9 15
9 15
9 15
9 23
9 23
9 23
9 23
9 23
9 23
9 23
9 23
9 16
9 16
9 16
9 16
9 16
9 16
9 18
9 18
9 18
10 25
10 25
10 12
10 12
10 19
10 19
10 19
10 19
10 13
10 14
10 14
10 14
10 20
10 20
10 27
10 27
10 21
10 21
10 21
10 22
10 22
10 22
10 23
10 23
10 23
10 23
10 16
10 16
10 16
10 16
10 16
10 16
10 16
10 16
10 16
10 24
10 24
10 18
10 11
11 20
11 20
11 20
11 20
11 20
11 16
11 24
11 24
11 18
12 25
12 25
12 19
12 19
12 19
12 19
12 19
12 13
12 13
12 14
12 14
12 27
12 27
12 21
12 15
12 15
12 15
12 22
12 22
12 23
12 23
12 23
12 16
12 24
12 24
12 17
13 19
13 19
13 14
13 14
13 14
13 14
13 14
13 14
13 27
13 21
13 21
13 15
13 23
13 23
13 23
13 16
13 16
13 16
13 24
13 24
13 17
13 18
13 18
13 20
13 20
14 25
14 25
14 21
14 21
14 21
14 21
14 21
14 21
14 21
14 21
14 21
14 21
14 19
14 27
14 22
14 23
14 16
14 16
14 24
14 24
14 24
14 17
14 17
14 18
14 18
14 18
14 18
14 15
15 19
15 19
15 19
15 21
15 21
15 21
15 21
15 23
15 23
15 23
15 23
15 23
15 16
15 16
15 16
15 24
15 24
15 24
15 18
15 18
15 18
15 18
15 22
15 22
15 22
15 22
15 22
15 22
15 22
15 22
16 25
16 25
16 19
16 19
16 19
16 20
16 21
16 21
16 21
16 21
16 23
16 23
16 24
16 24
16 24
16 24
16 24
16 24
16 18
16 17
17 26
17 27
17 27
17 21
17 21
17 21
17 23
18 25
18 19
18 20
18 27
18 21
18 21
18 21
18 21
18 24
18 24
18 24
18 22
18 22
19 25
19 25
19 25
19 27
19 27
19 27
19 27
19 27
19 27
19 27
19 27
19 22
19 22
19 22
19 22
19 22
19 23
19 23
19 23
19 23
19 24
19 24
19 24
20 26
20 25
20 27
20 21
20 21
20 23
20 23
20 24
20 24
21 25
21 22
21 22
21 22
21 22
21 23
21 23
21 23
21 23
21 24
21 24
22 25
22 27
22 23
22 24
22 24
22 24
22 24
22 24
22 24
22 24
22 24
23 24
24 27
25 27
25 27
