0 1
0 1
0 2
0 3
0 3
0 4
0 5
0 6
0 7
0 7
0 8
0 9
0 9
0 10
0 11
0 12
0 13
0 14
0 15
0 16
0 17
0 18
0 19
0 20
0 21
0 22
0 23
0 24
0 25
0 26
0 27
0 28
0 29
0 30
0 31
0 32
0 33
0 34
0 35
0 36
0 37
0 38
0 39
0 40
0 41
0 42
0 43
0 44
0 45
0 46
0 47
0 48
0 49
0 50
0 51
0 52
0 53
0 54
0 55
0 56
0 57
0 58
0 59
0 60
0 61
0 62
0 63
0 64
0 65
0 66
0 67
0 68
0 69
0 70
0 71
0 72
0 73
0 74
0 75
0 76
0 77
0 78
0 79
0 80
0 81
0 82
0 83
0 84
0 85
0 86
0 87
0 88
0 89
0 90
0 91
0 92
0 93
0 94
0 95
0 96
0 97
0 98
0 99
0 100
0 101
0 102
0 103
0 104
0 105
0 106
1 3
1 12
1 2
1 13
1 7
1 5
1 14
2 3
2 12
2 13
2 299
2 8
2 6
2 5
2 4
3 12
3 13
3 7
3 14
3 4
3 15
3 5
4 12
4 189
4 195
4 169
4 116
4 299
4 8
4 5
5 116
5 299
5 8
5 6
6 173
6 268
6 298
6 278
6 116
6 299
6 8
7 12
7 13
7 14
7 15
7 16
7 17
7 18
7 107
8 145
8 298
8 278
8 116
8 299
9 41
9 42
9 43
9 44
9 45
9 47
9 48
9 49
9 50
10 224
10 289
10 131
10 159
10 166
10 288
10 290
10 141
10 139
10 122
11 50
11 280
11 281
11 282
11 196
11 169
11 284
11 251
12 13
12 14
12 16
12 101
12 49
13 14
13 15
13 16
13 17
14 15
14 16
14 17
14 18
14 19
15 17
15 18
15 19
15 20
15 108
16 17
16 18
16 19
16 20
16 21
17 18
17 19
17 21
17 22
17 109
17 110
18 19
18 20
18 21
18 22
18 23
19 20
19 21
19 22
19 23
19 24
20 21
20 22
20 24
20 111
20 112
21 22
21 23
21 24
21 25
21 26
21 113
22 23
22 24
22 25
22 26
22 43
23 24
23 25
23 26
23 27
23 28
24 25
24 26
24 27
24 28
24 29
25 26
25 27
25 28
25 29
25 30
26 27
26 28
26 29
26 30
26 31
27 28
27 29
27 30
27 32
27 114
28 30
28 31
28 32
28 33
28 115
29 30
29 31
29 33
29 34
29 116
30 31
30 32
30 33
30 34
30 35
31 32
31 33
31 34
31 35
31 36
31 39
32 33
32 34
32 35
32 36
32 37
33 34
33 35
33 36
33 37
33 38
34 35
34 36
34 37
34 38
34 39
34 117
35 36
35 37
35 38
35 39
35 40
35 118
36 37
36 38
36 39
36 40
36 41
37 38
37 39
37 40
37 41
37 42
38 39
38 40
38 41
38 42
38 119
38 120
39 40
39 42
39 43
39 44
40 41
40 43
40 44
40 45
40 121
40 80
41 42
41 43
41 44
41 45
41 92
42 43
42 44
42 45
42 46
42 69
43 44
43 45
43 46
43 47
44 45
44 47
44 122
44 123
45 47
45 48
45 49
45 124
45 50
46 47
46 48
46 49
46 50
46 51
47 48
47 49
47 50
47 52
47 125
48 49
48 50
48 51
48 52
48 53
48 126
49 50
49 52
49 53
49 54
49 127
50 52
50 53
50 54
50 55
50 125
51 52
51 53
51 55
51 56
51 101
52 53
52 54
52 55
52 56
52 128
52 129
53 54
53 55
53 56
53 57
53 58
54 55
54 56
54 57
54 58
54 63
55 56
55 57
55 58
55 59
55 60
55 62
56 57
56 58
56 59
56 60
56 61
56 94
57 58
57 59
57 60
57 61
57 62
58 59
58 60
58 61
58 62
58 63
59 60
59 61
59 62
59 63
59 130
59 131
60 61
60 62
60 63
60 64
60 65
61 62
61 63
61 64
61 65
61 66
62 64
62 65
62 66
62 67
62 132
63 64
63 65
63 66
63 67
63 68
63 133
64 65
64 66
64 67
64 68
64 69
65 66
65 67
65 68
65 70
65 131
66 67
66 68
66 69
66 70
66 71
67 68
67 69
67 70
67 71
67 72
68 70
68 71
68 72
68 73
68 134
69 71
69 72
69 73
69 74
69 96
70 71
70 72
70 74
70 75
70 135
70 136
70 137
71 73
71 75
71 76
71 138
71 139
71 140
72 73
72 74
72 75
72 76
72 77
73 74
73 75
73 76
73 77
73 78
73 141
74 75
74 76
74 77
74 78
74 79
75 76
75 78
75 79
75 80
75 142
76 77
76 78
76 79
76 81
76 143
77 78
77 79
77 80
77 81
77 82
78 79
78 80
78 81
78 82
78 83
78 144
79 80
79 81
79 82
79 83
79 84
80 81
80 82
80 83
80 85
81 83
81 84
81 85
81 86
81 131
82 83
82 84
82 85
82 86
82 87
83 84
83 85
83 86
83 87
83 88
84 85
84 86
84 87
84 88
84 89
85 86
85 87
85 88
85 89
85 90
86 87
86 88
86 89
86 91
86 118
87 88
87 89
87 90
87 91
87 92
87 145
88 89
88 90
88 91
88 92
88 93
89 90
89 91
89 92
89 93
89 94
90 91
90 92
90 93
90 94
90 95
91 92
91 93
91 94
91 95
91 96
92 94
92 95
92 96
92 146
92 147
93 94
93 95
93 96
93 97
93 148
94 95
94 98
94 149
94 150
95 96
95 97
95 98
95 99
95 100
95 151
96 97
96 98
96 99
96 100
97 98
97 99
97 100
97 101
97 102
98 99
98 100
98 101
98 102
98 152
98 153
99 100
99 101
99 102
99 103
99 104
99 154
99 155
100 101
100 102
100 103
100 104
100 105
101 103
101 104
101 105
101 106
101 156
102 103
102 104
102 105
102 106
102 157
103 104
103 105
103 106
103 157
103 158
103 159
104 105
104 106
104 157
104 158
104 108
105 106
105 157
105 158
105 108
105 160
105 161
106 157
106 158
106 108
106 160
106 162
107 235
107 237
107 238
107 240
107 216
107 242
107 243
107 140
107 142
108 157
108 158
108 160
108 162
108 163
108 143
108 135
109 190
109 201
109 202
109 204
109 205
109 206
109 208
109 210
109 211
109 212
109 213
109 214
110 208
110 226
110 227
110 228
110 120
110 230
110 231
110 148
110 234
110 235
110 236
111 142
111 121
111 244
111 245
111 246
111 117
111 214
111 172
111 147
111 248
112 183
112 239
112 263
112 207
112 152
112 185
112 165
112 265
112 115
112 252
112 266
112 155
113 238
113 115
113 252
113 267
113 225
113 138
113 264
113 270
113 271
113 272
113 273
114 174
114 176
114 177
114 132
114 179
114 180
114 161
114 128
114 182
114 183
115 136
115 152
115 165
115 265
115 252
115 267
115 225
116 297
116 144
116 145
116 298
116 278
116 299
117 121
117 244
117 245
117 246
117 214
117 172
117 147
117 249
118 253
118 194
118 254
118 255
118 178
118 258
118 259
118 260
119 252
119 267
119 225
119 138
119 269
119 264
119 271
119 274
120 222
120 220
120 226
120 227
120 228
120 230
120 231
120 233
120 148
121 151
121 188
121 242
121 243
121 140
121 142
121 244
121 246
121 247
122 288
122 290
122 141
122 139
122 291
122 276
122 292
122 266
122 293
123 275
123 236
123 127
123 277
123 129
123 279
123 280
123 146
123 281
123 282
124 135
124 167
124 168
124 134
124 171
124 173
124 174
124 176
124 177
125 182
125 184
125 186
125 187
125 189
125 190
125 191
125 192
126 190
126 191
126 192
126 193
126 195
126 197
126 198
126 200
127 274
127 156
127 221
127 275
127 236
127 277
127 129
127 279
127 280
128 132
128 179
128 180
128 161
128 184
128 186
128 187
128 188
128 185
129 221
129 275
129 236
129 277
129 279
129 280
129 146
129 281
130 154
130 173
130 174
130 176
130 177
130 132
130 179
130 180
130 161
131 206
131 247
131 287
131 170
131 224
131 289
131 159
131 166
131 288
131 290
132 173
132 174
132 176
132 177
132 180
132 161
132 181
133 259
133 260
133 229
133 261
133 149
133 203
133 239
133 263
133 207
133 264
134 143
134 135
134 167
134 168
134 171
134 154
134 174
134 175
135 160
135 162
135 163
135 143
135 167
135 168
135 171
136 202
136 204
136 205
136 206
136 208
136 210
136 211
136 215
136 216
137 213
137 250
137 241
137 253
137 194
137 254
137 255
137 256
138 265
138 252
138 267
138 225
138 269
138 264
138 270
139 166
139 288
139 290
139 141
139 291
139 276
139 292
139 266
140 216
140 188
140 242
140 243
140 142
140 246
140 155
141 159
141 166
141 288
141 290
141 291
141 276
142 188
142 242
142 243
142 244
142 245
142 246
143 158
143 160
143 162
143 163
143 167
143 168
143 171
144 296
144 164
144 268
144 262
144 297
144 145
144 298
144 278
145 235
145 164
145 297
145 278
145 299
146 221
146 277
146 279
146 280
146 281
146 282
146 209
146 283
147 246
147 214
147 172
147 248
147 213
147 250
147 241
147 185
148 230
148 231
148 233
148 234
148 235
148 237
148 238
148 240
149 258
149 259
149 260
149 229
149 261
149 203
149 183
149 239
149 263
150 215
150 217
150 175
150 153
150 151
150 223
150 222
150 220
150 226
151 217
151 219
151 175
151 153
151 223
151 220
151 227
152 203
152 183
152 263
152 207
152 165
152 265
153 198
153 212
153 217
153 175
153 222
153 220
154 168
154 171
154 173
154 176
154 177
155 284
155 251
155 232
155 273
155 257
155 285
155 286
155 287
156 162
156 269
156 264
156 270
156 271
156 274
156 275
156 236
157 160
157 162
157 163
157 164
158 162
158 163
158 165
158 166
159 217
159 209
159 287
159 170
159 224
159 289
159 166
159 288
160 162
160 163
160 167
161 179
161 180
161 182
161 184
161 186
162 163
162 167
162 168
162 169
163 167
163 168
163 170
164 272
164 294
164 295
164 218
164 296
164 268
164 262
164 297
165 206
165 263
165 207
165 185
165 265
165 252
165 267
165 225
166 170
166 224
166 289
166 288
167 168
167 171
167 172
168 171
168 173
169 175
169 282
169 209
169 283
169 196
169 251
169 232
169 273
169 257
170 260
170 239
170 285
170 286
170 247
170 287
170 224
170 289
171 173
171 174
171 176
172 245
172 246
172 214
172 249
172 213
172 250
172 251
172 252
173 174
173 176
173 177
174 177
174 178
175 211
175 212
175 215
175 217
175 219
175 222
176 177
176 179
177 179
177 180
178 217
178 194
178 254
178 255
178 256
178 259
178 260
178 229
178 261
179 180
179 182
179 184
179 185
180 182
180 184
180 186
181 187
181 191
181 192
181 193
181 195
181 197
181 198
182 184
182 186
182 187
182 189
183 229
183 261
183 203
183 263
183 207
184 186
184 187
184 189
184 190
185 263
185 207
185 265
185 267
186 187
186 189
186 190
186 191
187 189
187 190
187 191
187 192
188 238
188 240
188 216
188 243
189 190
189 191
189 192
189 193
189 194
190 191
190 192
190 193
191 192
191 193
191 195
192 193
192 195
192 196
193 195
193 197
193 198
193 199
194 213
194 250
194 241
194 253
194 255
194 256
195 197
195 198
195 200
195 201
196 281
196 282
196 283
196 284
196 251
196 232
196 273
197 198
197 200
197 201
197 202
197 203
198 199
198 200
198 201
198 202
198 204
199 200
199 201
199 202
199 204
199 205
200 201
200 202
200 204
200 205
200 206
201 202
201 204
201 205
201 206
202 204
202 206
202 207
203 229
203 261
203 239
203 263
203 207
204 205
204 206
204 208
204 209
205 206
205 208
205 210
206 211
207 239
207 263
207 265
208 210
208 211
208 212
208 217
208 218
209 279
209 280
209 281
209 282
209 283
209 284
210 211
210 212
210 215
210 217
210 219
211 212
211 215
211 217
211 219
212 215
212 217
212 219
213 248
213 249
213 250
213 241
214 244
214 245
214 246
214 248
214 249
215 217
215 219
215 220
215 221
216 234
216 235
216 237
216 238
216 240
216 243
217 222
218 266
218 293
218 294
218 295
218 296
218 268
218 262
218 297
219 223
219 224
219 225
220 222
220 226
220 227
220 228
220 230
221 264
221 270
221 271
221 274
221 275
221 236
222 223
222 226
222 227
223 226
223 227
223 228
223 229
224 285
224 286
224 247
224 287
224 289
225 265
225 252
225 267
225 269
225 264
226 227
226 228
226 230
227 228
227 231
227 232
228 230
228 231
228 233
229 256
229 258
229 259
229 260
229 261
230 231
230 233
230 234
231 233
231 234
231 235
231 237
232 283
232 284
232 273
232 257
232 285
232 286
233 234
233 235
233 237
233 238
233 239
234 235
234 237
234 238
234 240
235 238
235 240
236 271
236 274
236 275
236 279
237 238
237 240
237 241
238 240
238 242
239 261
239 263
240 242
240 243
241 248
241 249
241 250
241 253
241 254
241 255
242 243
242 244
243 244
243 245
244 245
244 246
245 246
247 257
247 285
247 286
247 287
247 289
248 249
248 250
248 253
249 250
249 253
249 252
250 253
250 254
251 283
251 284
251 273
251 257
251 285
252 265
252 267
252 268
253 254
253 255
254 255
254 256
254 257
255 256
255 258
255 259
256 258
256 259
256 260
257 284
257 273
257 285
257 287
257 288
258 259
258 260
258 261
258 262
259 260
259 261
260 261
262 295
262 296
262 268
262 297
262 298
262 278
264 269
264 270
264 271
265 267
266 291
266 276
266 292
266 272
266 294
266 295
267 269
268 294
268 295
268 296
268 297
268 298
269 270
269 271
269 274
270 271
270 274
270 275
271 275
271 276
272 291
272 276
272 292
272 293
272 294
272 295
272 296
273 284
273 285
273 286
274 275
275 277
275 278
276 290
276 291
276 292
276 293
276 294
277 279
277 280
278 297
278 298
278 299
279 280
279 281
279 282
280 281
280 282
281 282
281 283
282 283
283 284
285 286
285 287
286 287
286 289
287 289
288 289
288 290
288 291
290 291
291 292
291 293
292 293
292 294
292 295
293 294
293 295
293 296
294 295
294 296
295 296
296 297
297 298
298 299
