0 1
0 2
0 3
0 4
0 5
0 6
0 7
0 8
0 9
0 10
1 11
1 12
1 13
1 14
1 15
1 16
1 17
1 18
1 19
2 194
2 3
2 34
2 153
2 35
2 141
2 73
2 13
2 71
2 31
2 32
3 136
3 7
3 240
3 134
3 188
3 265
3 277
3 211
4 42
4 147
4 32
4 50
4 62
4 186
4 295
4 70
4 92
4 30
4 31
5 76
5 148
5 215
5 264
5 203
5 100
5 291
5 280
5 134
6 140
6 164
6 254
6 22
6 91
6 173
6 55
6 24
6 85
7 74
7 190
7 167
7 257
7 119
7 99
7 204
7 276
8 160
8 278
8 103
8 270
8 286
8 86
8 38
8 13
8 105
9 131
9 32
9 32
9 132
9 133
9 134
9 135
9 136
9 137
9 138
9 31
10 159
10 249
10 32
10 289
10 224
10 123
10 71
10 277
10 81
10 290
10 31
11 45
11 174
11 32
11 139
11 61
11 157
11 275
11 246
11 205
12 59
12 140
12 267
12 32
12 154
12 49
12 263
12 259
12 192
12 281
12 31
13 236
13 245
13 14
13 141
13 93
13 182
13 227
14 140
14 266
14 92
14 261
14 126
14 145
14 144
14 189
15 266
15 32
15 282
15 226
15 170
15 102
15 264
15 272
15 250
15 130
15 31
16 75
16 163
16 175
16 106
16 17
16 210
16 99
16 107
16 150
17 53
17 197
17 223
17 245
17 96
17 298
17 145
17 237
18 78
18 32
18 84
18 31
18 299
18 256
18 26
18 199
18 227
18 36
18 166
19 80
19 156
19 248
19 266
19 32
19 285
19 226
19 31
19 243
19 149
19 269
20 21
20 22
20 23
20 24
20 25
20 26
20 27
20 28
20 29
20 30
20 31
20 32
21 32
21 33
21 34
21 35
21 36
21 37
21 38
21 39
21 40
22 75
22 209
22 216
22 85
22 256
22 28
22 295
22 227
23 195
23 132
23 190
23 285
23 199
23 70
23 47
23 161
23 111
24 214
24 78
24 162
24 71
24 138
24 273
24 244
24 158
25 90
25 32
25 31
25 288
25 224
25 35
25 212
25 258
25 251
25 47
25 187
26 285
26 289
26 299
26 240
26 241
26 125
26 128
26 55
27 74
27 129
27 34
27 168
27 28
27 261
27 141
27 298
27 157
28 129
28 54
28 43
28 256
28 126
28 33
28 142
29 89
29 32
29 108
29 50
29 235
29 79
29 179
29 217
29 218
29 287
29 31
30 197
30 32
30 31
30 254
30 133
30 287
30 123
30 149
30 278
30 82
31 41
31 42
31 59
31 88
31 115
31 116
31 146
31 109
31 165
31 53
31 194
31 195
31 80
31 213
31 174
31 180
31 201
31 267
31 229
31 32
31 262
31 139
31 172
31 154
31 50
31 225
31 124
31 215
31 135
31 84
31 60
31 164
31 73
31 235
31 39
31 136
31 210
31 102
31 217
31 155
31 125
31 125
31 265
31 265
31 35
31 187
31 123
31 269
31 269
31 169
31 189
31 230
31 71
31 256
31 241
31 163
31 245
31 272
31 251
31 253
31 205
31 79
31 62
31 170
31 134
31 168
31 258
31 273
31 110
31 237
31 173
31 144
31 274
31 275
31 98
31 151
31 206
31 276
31 239
31 244
31 126
31 167
31 260
31 66
31 55
31 119
31 117
31 277
31 278
31 279
31 122
31 113
31 68
31 83
31 182
31 127
31 198
32 41
32 42
32 59
32 88
32 45
32 115
32 116
32 146
32 109
32 165
32 53
32 194
32 80
32 174
32 181
32 180
32 201
32 266
32 267
32 229
32 230
32 230
32 83
32 83
32 244
32 244
32 232
32 189
32 71
32 32
32 256
32 241
32 154
32 39
32 172
32 163
32 245
32 262
32 272
32 251
32 253
32 205
32 79
32 62
32 170
32 134
32 215
32 168
32 258
32 273
32 110
32 237
32 173
32 144
32 274
32 275
32 84
32 98
32 265
32 151
32 225
32 125
32 102
32 136
32 206
32 276
32 239
32 235
32 126
32 60
32 167
32 50
32 164
32 269
32 260
32 66
32 55
32 119
32 117
32 210
32 277
32 278
32 217
32 279
32 122
32 135
32 113
32 68
32 182
32 139
32 127
32 198
32 73
32 124
33 135
33 243
33 138
33 294
33 253
33 218
33 117
33 83
34 290
34 187
34 296
34 105
34 279
34 243
34 224
35 89
35 213
35 267
35 226
35 255
35 112
36 267
36 190
36 232
36 118
36 260
36 240
36 295
36 185
37 53
37 195
37 172
37 73
37 256
37 277
37 271
37 44
37 38
38 116
38 195
38 225
38 92
38 260
38 134
38 273
39 177
39 132
39 156
39 90
39 226
39 127
39 221
39 150
39 297
40 59
40 67
40 68
40 69
40 70
40 51
40 71
40 72
40 73
41 42
41 43
41 44
41 45
41 46
41 47
41 48
41 49
41 50
41 51
42 52
42 53
42 54
42 48
42 55
42 56
42 57
42 58
43 64
43 183
43 262
43 184
43 280
43 211
43 287
43 242
44 238
44 76
44 54
44 285
44 63
44 280
44 173
44 157
45 59
45 46
45 110
45 111
45 112
45 113
45 114
46 96
46 104
46 105
46 106
46 107
46 108
46 70
46 109
47 72
47 294
47 198
47 258
47 257
47 119
47 157
48 121
48 98
48 158
48 164
48 226
48 95
48 227
48 204
49 75
49 146
49 194
49 238
49 267
49 160
49 206
49 237
50 214
50 160
50 228
50 257
50 97
50 66
50 294
51 159
51 118
51 160
51 161
51 162
51 130
51 106
51 132
52 159
52 103
52 281
52 261
52 189
52 273
52 276
52 262
52 224
53 57
53 176
53 177
53 101
53 90
53 154
53 143
54 116
54 140
54 266
54 229
54 138
54 66
54 261
55 238
55 60
55 98
55 258
55 189
55 143
55 179
56 249
56 192
56 103
56 187
56 205
56 245
56 250
56 119
56 193
57 178
57 179
57 137
57 140
57 152
57 180
57 181
57 182
58 249
58 202
58 95
58 65
58 208
58 293
58 62
58 279
58 93
59 60
59 61
59 62
59 63
59 64
59 65
59 66
60 266
60 67
60 153
60 227
60 151
60 113
60 291
60 62
61 183
61 202
61 234
61 63
61 95
61 261
61 271
61 170
62 75
62 180
62 155
62 290
62 221
62 185
63 129
63 108
63 101
63 247
63 94
63 244
63 166
64 165
64 172
64 173
64 174
64 76
64 154
64 67
64 175
65 174
65 289
65 210
65 186
65 223
65 230
65 221
65 279
66 72
66 84
66 155
66 167
66 198
66 281
66 93
67 229
67 284
67 95
67 204
67 203
67 200
67 271
68 118
68 72
68 84
68 290
68 251
68 271
68 269
68 287
68 166
69 232
69 288
69 265
69 255
69 225
69 259
69 136
69 254
69 231
70 109
70 219
70 73
70 155
70 283
70 230
71 89
71 159
71 190
71 92
71 216
71 206
72 194
72 77
72 209
72 79
72 148
72 274
73 268
73 250
73 288
73 96
73 254
73 253
74 75
74 76
74 77
74 78
74 79
74 80
74 81
74 82
75 83
75 84
75 85
75 86
75 87
76 159
76 194
76 213
76 204
76 134
76 243
77 195
77 80
77 249
77 202
77 79
77 106
77 280
77 95
78 175
78 200
78 220
78 236
78 237
78 171
78 123
79 89
79 202
79 287
79 279
79 221
79 99
80 132
80 172
80 202
80 201
80 134
80 203
80 204
81 238
81 289
81 161
81 105
81 168
81 122
81 107
81 217
82 146
82 262
82 236
82 196
82 163
82 143
82 101
82 182
83 194
83 284
83 136
83 294
83 254
83 271
83 94
84 147
84 172
84 171
84 191
84 297
84 179
85 194
85 268
85 226
85 170
85 208
85 206
85 288
86 284
86 124
86 235
86 255
86 269
86 264
86 110
86 274
87 131
87 162
87 154
87 205
87 242
87 271
87 275
87 150
87 170
88 89
88 90
88 91
88 92
88 93
88 94
88 95
88 96
88 97
88 98
89 99
89 100
89 101
89 102
89 103
90 159
90 102
90 215
90 160
90 125
90 170
91 194
91 289
91 162
91 294
91 291
91 128
91 98
91 222
92 116
92 129
92 124
92 188
92 230
93 139
93 209
93 265
93 296
93 161
93 247
94 109
94 165
94 196
94 223
94 283
94 117
94 161
95 284
95 216
95 152
95 217
96 153
96 264
96 161
96 292
96 119
96 227
97 285
97 135
97 164
97 260
97 255
97 221
97 272
97 296
98 219
98 108
98 158
98 103
98 227
98 228
99 252
99 248
99 232
99 184
99 168
99 279
100 241
100 293
100 112
100 142
100 271
100 272
100 283
100 128
101 267
101 135
101 264
101 199
101 204
101 237
102 238
102 217
102 291
102 244
102 297
102 283
102 281
103 197
103 235
103 136
103 256
103 272
104 121
104 207
104 171
104 235
104 216
104 288
104 117
104 169
104 287
105 268
105 216
105 210
105 137
105 152
105 224
106 115
106 159
106 165
106 201
106 222
106 203
107 109
107 148
107 286
107 145
107 263
107 259
107 163
108 250
108 290
108 185
108 233
108 259
108 222
109 146
109 154
109 155
109 156
109 157
109 158
110 229
110 139
110 284
110 118
110 223
110 243
110 273
110 179
111 249
111 290
111 293
111 151
111 212
111 191
111 278
111 113
112 250
112 212
112 277
112 228
112 298
112 276
112 231
113 147
113 160
113 155
113 299
113 283
113 133
113 247
114 193
114 248
114 262
114 241
114 272
114 130
114 263
114 275
114 120
115 116
115 117
115 118
115 119
115 120
115 121
115 122
115 123
115 124
116 125
116 126
116 127
116 128
116 129
116 130
117 280
117 200
117 281
117 182
117 270
117 275
118 191
118 211
118 278
118 277
118 269
119 132
119 197
119 180
119 217
119 185
120 181
120 268
120 284
120 207
120 226
120 261
120 203
120 163
121 213
121 205
121 151
121 149
121 188
121 152
121 225
122 174
122 197
122 202
122 220
122 168
122 299
122 173
122 246
123 129
123 229
123 137
123 149
123 274
124 201
124 234
124 230
124 178
124 216
124 211
124 235
125 131
125 193
125 267
125 138
125 298
125 233
126 219
126 232
126 162
126 139
126 275
126 254
126 274
127 280
127 137
127 173
127 279
127 242
127 149
127 239
127 151
128 176
128 225
128 280
128 272
128 292
128 150
129 177
129 193
129 205
129 178
130 285
130 236
130 241
130 218
130 204
130 251
131 139
131 140
131 141
131 142
131 143
131 144
131 145
132 205
132 206
132 185
132 207
133 168
133 256
133 205
133 134
133 253
133 259
133 292
134 265
134 222
134 203
135 196
135 164
135 278
135 178
135 263
135 144
136 238
136 164
136 295
136 182
136 275
137 172
137 148
137 184
137 199
137 279
138 285
138 298
138 145
138 239
138 182
139 267
139 284
139 191
139 226
139 230
140 156
140 247
140 186
140 248
141 165
141 282
141 176
141 202
141 152
141 218
142 225
142 196
142 265
142 239
142 296
142 270
142 228
143 175
143 229
143 260
143 185
143 296
143 144
144 268
144 190
144 176
144 148
144 215
144 208
145 153
145 241
145 224
145 239
145 270
146 147
146 148
146 149
146 150
146 151
146 152
146 153
147 208
147 209
147 210
147 211
147 166
147 212
148 172
148 225
148 164
148 192
149 180
149 201
149 171
149 241
150 154
150 236
150 233
150 206
150 276
151 249
151 190
151 262
151 188
151 157
152 234
152 167
152 242
152 158
153 204
153 224
153 270
153 291
153 231
154 183
154 252
154 234
154 259
155 217
155 189
155 170
155 220
156 178
156 244
156 187
156 245
156 198
156 246
157 268
157 218
157 246
157 276
158 159
158 229
158 261
158 245
158 263
159 163
159 164
160 266
160 255
160 269
160 287
161 196
161 265
161 247
161 166
162 197
162 233
162 163
162 245
162 263
163 196
163 235
163 240
163 185
164 175
164 282
164 228
165 166
165 167
165 168
165 169
165 170
165 171
166 268
166 207
166 294
166 228
167 252
167 284
167 176
167 270
167 222
167 187
168 181
168 184
168 299
168 245
169 252
169 232
169 235
169 200
169 241
169 275
169 273
170 183
170 178
170 259
171 204
171 212
171 189
171 240
171 275
172 183
172 184
172 256
172 198
173 232
173 207
173 264
173 220
173 243
174 197
174 228
174 229
174 211
174 230
174 231
175 233
175 234
175 200
175 179
175 235
176 251
176 292
176 274
176 293
176 260
177 183
177 184
177 185
177 186
177 187
177 188
177 189
178 219
178 290
178 265
178 251
179 180
179 217
179 203
179 257
180 252
180 253
180 244
180 184
180 243
181 238
181 240
181 192
181 241
181 230
181 242
182 220
182 288
182 242
182 186
183 190
183 191
183 192
183 193
184 185
184 250
184 253
185 212
186 221
186 206
186 189
186 246
186 269
187 229
187 232
187 208
188 266
188 290
188 208
188 221
188 246
189 282
189 280
189 199
190 282
190 258
190 284
191 280
191 299
191 256
191 239
191 286
192 250
192 230
192 254
192 259
192 298
193 218
193 207
193 259
193 260
193 261
194 195
194 196
194 197
195 198
195 199
195 200
195 201
196 202
196 258
196 296
197 232
197 230
198 213
198 226
198 199
198 297
198 211
199 223
199 240
199 293
200 219
200 282
200 260
200 299
201 248
201 262
201 263
201 253
201 259
202 260
202 263
203 238
203 221
203 237
204 275
205 236
205 264
205 274
206 234
206 207
206 295
206 298
207 262
207 225
207 283
208 282
208 237
208 239
208 293
209 214
209 242
209 269
209 215
209 256
209 278
210 215
210 250
210 235
210 281
210 247
210 299
211 244
211 297
211 292
212 238
212 255
212 283
212 222
213 214
213 215
213 216
213 217
213 218
214 219
214 220
214 221
214 222
214 223
214 224
215 236
215 265
215 288
215 274
216 292
216 273
216 222
217 286
217 273
218 249
218 248
218 224
219 248
219 245
219 225
219 231
220 277
220 295
220 263
220 294
221 287
222 231
222 286
223 289
223 278
223 258
223 281
224 249
225 277
225 237
226 291
227 267
227 279
227 287
228 282
228 257
228 297
229 271
229 246
231 289
231 233
231 270
231 274
232 274
233 299
233 258
233 273
233 297
234 253
234 288
234 293
234 275
235 298
236 267
236 292
236 287
237 249
237 278
237 297
238 239
239 266
239 260
239 288
240 262
240 272
240 251
241 286
241 281
242 280
242 299
242 291
243 297
243 269
243 277
244 290
244 283
244 251
245 276
245 247
246 285
246 295
246 278
247 255
247 257
247 291
248 264
248 253
248 265
249 251
250 289
250 286
251 262
251 260
252 254
252 255
252 256
252 257
252 258
253 263
253 281
254 261
254 279
255 266
255 296
257 264
257 271
257 281
258 293
258 295
261 294
262 285
264 276
267 268
268 269
268 270
270 293
270 273
271 292
272 274
272 273
272 276
276 282
276 296
277 285
277 279
278 297
282 283
283 295
284 286
286 289
286 296
288 298
289 291
290 295
291 292
292 294
293 296
294 298
