0 1
0 1
0 2
0 2
0 3
0 3
0 4
0 4
0 5
0 5
0 6
0 6
0 7
0 7
0 8
0 8
0 9
0 10
0 11
0 12
0 13
0 14
0 15
0 16
0 17
0 18
0 19
0 20
0 21
0 22
0 23
0 24
0 25
0 26
0 27
0 28
0 29
0 30
0 31
0 32
0 33
0 34
0 35
0 36
0 37
0 38
0 39
0 40
0 41
0 42
0 43
0 44
0 45
0 46
0 47
0 48
0 49
0 50
0 51
0 52
0 53
0 54
0 55
0 56
0 57
0 58
1 48
1 48
1 49
1 49
1 50
1 50
1 51
1 51
1 52
1 52
1 52
1 53
1 53
1 54
1 54
1 55
1 55
1 56
1 56
1 2
1 2
1 3
1 3
1 4
1 4
1 5
1 5
1 6
1 6
1 57
1 57
1 7
1 7
1 8
1 8
1 58
1 58
1 76
1 76
1 9
1 9
1 158
1 158
1 107
1 107
1 77
1 77
1 12
1 12
1 13
1 13
1 135
1 135
1 14
1 14
1 16
1 16
1 79
1 79
1 17
1 17
1 80
1 80
1 19
1 19
1 20
1 20
1 59
1 59
1 21
1 21
1 139
1 139
1 160
1 160
1 221
1 221
1 109
1 109
1 110
1 110
1 222
1 222
1 111
1 111
1 26
1 26
1 223
1 223
1 113
1 113
1 163
1 163
1 61
1 61
1 166
1 166
1 224
1 224
1 117
1 117
1 63
1 63
1 225
1 225
1 168
1 168
1 67
1 67
1 169
1 169
1 145
1 145
1 119
1 119
1 29
1 29
1 124
1 124
1 72
1 72
1 226
1 226
1 126
1 126
1 92
1 92
1 188
1 188
1 36
1 36
1 207
1 207
1 227
1 227
1 171
1 171
1 152
1 228
1 216
1 210
1 73
1 177
1 229
1 230
1 231
1 232
1 233
1 234
1 235
1 100
1 236
1 102
1 45
1 155
1 237
1 238
1 134
1 1
1 10
1 11
1 78
1 15
1 18
1 136
1 81
1 137
1 82
1 83
1 22
1 138
1 23
1 140
1 84
1 141
1 159
1 108
1 60
1 24
1 239
1 161
1 85
1 25
1 192
1 240
1 193
1 241
1 162
1 211
1 185
1 86
1 112
1 142
1 199
1 164
1 143
1 114
1 144
1 200
1 186
1 165
1 62
1 115
1 167
1 27
1 116
1 242
1 243
1 64
1 65
1 66
1 87
1 68
1 244
1 201
1 69
1 212
1 118
1 28
1 88
1 245
1 202
1 246
1 30
1 120
1 146
1 147
1 213
1 31
1 247
1 89
1 248
1 90
1 91
1 194
1 203
1 249
1 170
1 32
1 121
1 204
1 122
1 123
1 250
1 33
1 70
1 251
1 214
1 148
1 252
1 253
1 71
1 254
1 187
1 255
1 205
1 125
1 149
1 256
1 257
1 258
1 259
1 260
1 127
1 261
1 34
1 206
1 35
1 262
1 263
1 264
1 265
1 266
1 195
1 37
1 267
1 150
1 172
1 268
1 173
1 208
1 174
1 151
1 269
1 38
1 189
1 270
1 175
1 209
2 48
2 49
2 50
2 51
2 52
2 52
2 54
2 55
2 56
2 3
2 4
2 5
2 6
2 57
2 7
2 76
2 9
2 107
2 10
2 13
2 135
2 78
2 15
2 17
2 18
2 136
2 20
2 21
2 138
2 23
2 159
2 108
2 85
2 193
2 222
2 86
2 112
2 223
2 113
2 61
2 144
2 167
2 242
2 64
2 244
2 246
2 194
2 203
2 123
2 251
2 252
2 226
2 260
2 261
2 262
2 227
2 268
2 269
2 231
2 232
2 179
2 191
2 180
2 271
2 272
2 273
2 274
2 238
2 275
3 48
3 51
3 52
3 52
3 53
3 54
3 55
3 56
3 4
3 5
3 6
3 57
3 7
3 8
3 58
3 76
3 158
3 10
3 11
3 12
3 13
3 14
3 15
3 136
3 20
3 81
3 21
3 83
3 139
3 23
3 141
3 159
3 60
3 160
3 221
3 85
3 193
3 241
3 222
3 111
3 162
3 142
3 144
3 186
3 165
3 167
3 242
3 64
3 66
3 87
3 244
3 69
3 145
3 120
3 31
3 89
3 91
3 32
3 250
3 214
3 254
3 72
3 256
3 260
3 261
3 206
3 268
3 189
3 93
3 176
3 276
3 96
3 277
3 74
3 233
3 278
3 218
3 271
3 279
3 280
3 182
3 281
3 282
3 283
3 284
3 46
3 219
3 238
3 157
4 49
4 50
4 51
4 52
4 52
4 55
4 56
4 5
4 6
4 57
4 7
4 58
4 76
4 158
4 107
4 77
4 11
4 13
4 135
4 14
4 78
4 16
4 18
4 136
4 59
4 83
4 22
4 138
4 23
4 84
4 159
4 108
4 60
4 221
4 109
4 192
4 110
4 26
4 185
4 112
4 113
4 61
4 114
4 186
4 165
4 62
4 115
4 166
4 243
4 67
4 68
4 69
4 169
4 145
4 29
4 245
4 146
4 90
4 249
4 121
4 204
4 124
4 250
4 33
4 70
4 254
4 72
4 258
4 261
4 267
4 269
4 38
4 270
4 209
4 285
4 95
4 40
4 210
4 73
4 286
4 129
4 229
4 153
4 97
4 231
4 232
4 179
4 235
4 44
4 280
4 45
4 182
4 104
4 287
4 105
4 198
4 274
4 47
4 238
5 49
5 52
5 52
5 53
5 54
5 55
5 57
5 8
5 76
5 9
5 10
5 11
5 12
5 16
5 79
5 80
5 18
5 59
5 81
5 141
5 159
5 108
5 85
5 109
5 110
5 162
5 223
5 163
5 61
5 200
5 115
5 64
5 65
5 169
5 88
5 245
5 202
5 147
5 121
5 204
5 126
5 256
5 263
5 227
5 173
5 189
5 270
5 288
5 228
5 129
5 278
5 289
5 75
5 271
5 279
5 198
5 106
5 47
6 50
6 51
6 52
6 52
6 53
6 55
6 57
6 7
6 8
6 58
6 76
6 9
6 158
6 77
6 11
6 12
6 17
6 18
6 20
6 83
6 24
6 25
6 240
6 162
6 211
6 86
6 142
6 164
6 186
6 243
6 225
6 30
6 120
6 90
6 194
6 32
6 121
6 123
6 124
6 33
6 125
6 188
6 206
6 264
6 189
6 190
6 74
6 230
6 232
6 234
6 235
6 290
6 197
6 272
6 102
6 130
6 155
7 49
7 50
7 52
7 52
7 55
7 8
7 9
7 158
7 107
7 77
7 135
7 14
7 15
7 79
7 17
7 136
7 19
7 59
7 137
7 21
7 138
7 139
7 140
7 141
7 159
7 24
7 221
7 85
7 241
7 110
7 222
7 162
7 112
7 143
7 144
7 200
7 64
7 118
7 119
7 245
7 146
7 90
7 194
7 170
7 123
7 252
7 149
7 126
7 259
7 263
7 265
7 266
7 208
7 210
7 96
7 153
7 43
7 178
7 292
7 181
7 236
7 198
7 291
7 283
7 46
7 131
7 219
8 49
8 52
8 52
8 55
8 56
8 158
8 107
8 10
8 11
8 13
8 14
8 15
8 16
8 136
8 19
8 137
8 82
8 83
8 139
8 25
8 192
8 111
8 86
8 144
8 165
8 242
8 243
8 64
8 225
8 244
8 145
8 245
8 30
8 213
8 214
8 252
8 71
8 255
8 127
8 36
8 262
8 266
8 174
8 196
8 128
8 216
8 43
8 293
8 277
8 180
8 99
8 292
8 289
8 44
8 183
8 132
8 220
9 50
9 52
9 52
9 55
9 158
9 77
9 10
9 135
9 136
9 81
9 82
9 139
9 84
9 239
9 160
9 192
9 241
9 222
9 111
9 26
9 223
9 163
9 165
9 166
9 116
9 242
9 63
9 65
9 168
9 244
9 201
9 28
9 146
9 122
9 124
9 70
9 126
9 188
9 35
9 207
9 171
9 174
9 151
9 294
9 177
9 229
9 43
9 277
9 98
9 296
9 292
9 181
9 289
9 273
9 45
9 198
10 51
10 52
10 57
10 58
10 107
10 135
10 14
10 78
10 80
10 19
10 20
10 81
10 137
10 82
10 22
10 138
10 221
10 85
10 192
10 240
10 193
10 110
10 111
10 185
10 86
10 164
10 114
10 200
10 186
10 165
10 166
10 224
10 87
10 68
10 246
10 30
10 31
10 89
10 122
10 124
10 214
10 148
10 72
10 255
10 125
10 188
10 127
10 261
10 262
10 263
10 265
10 266
10 267
10 171
10 208
10 151
10 294
10 94
10 128
10 97
10 233
10 234
10 292
10 297
10 44
10 132
10 219
10 157
10 298
11 49
11 52
11 58
11 76
11 12
11 135
11 78
11 16
11 17
11 59
11 81
11 137
11 82
11 22
11 141
11 25
11 241
11 112
11 142
11 114
11 144
11 165
11 224
11 27
11 225
11 66
11 168
11 68
11 169
11 118
11 119
11 245
11 30
11 120
11 31
11 248
11 170
11 121
11 122
11 250
11 148
11 255
11 205
11 256
11 36
11 263
11 171
11 93
11 153
11 43
11 178
11 234
11 278
11 297
11 197
11 44
11 274
11 133
12 49
12 50
12 52
12 52
12 77
12 16
12 79
12 83
12 24
12 25
12 86
12 115
12 66
12 68
12 201
12 212
12 28
12 249
12 33
12 257
12 264
12 295
12 73
12 234
13 48
13 52
13 52
13 55
13 107
13 14
13 16
13 20
13 137
13 82
13 83
13 108
13 239
13 185
13 112
13 199
13 62
13 87
13 244
13 212
13 247
13 248
13 188
13 195
13 172
13 38
13 196
13 293
13 299
13 280
13 237
13 47
13 133
13 220
14 51
14 57
14 78
14 16
14 60
14 24
14 160
14 223
14 143
14 243
14 66
14 246
14 147
14 205
14 285
14 73
14 74
14 231
14 182
14 237
15 50
15 55
15 58
15 158
15 77
15 18
15 137
15 140
15 221
15 199
15 61
15 166
15 169
15 118
15 147
15 187
15 126
15 195
15 285
15 152
15 177
15 292
15 273
15 104
15 274
15 157
16 52
16 17
16 137
16 21
16 138
16 239
16 222
16 86
16 199
16 166
16 169
16 245
16 203
16 204
16 71
16 260
16 36
16 227
16 150
16 268
16 270
16 209
16 288
16 276
16 228
16 129
16 277
16 232
16 273
16 283
16 298
17 55
17 158
17 135
17 82
17 138
17 24
17 221
17 193
17 223
17 199
17 119
17 246
17 226
17 257
17 206
17 230
17 274
18 50
18 55
18 56
18 76
18 20
18 82
18 140
18 84
18 239
18 161
18 109
18 240
18 185
18 164
18 143
18 224
18 27
18 243
18 64
18 202
18 90
18 249
18 32
18 252
18 205
18 149
18 195
18 175
18 228
18 177
18 234
18 284
18 134
18 298
19 48
19 49
19 51
19 55
19 58
19 83
19 23
19 84
19 159
19 60
19 239
19 161
19 109
19 192
19 241
19 163
19 164
19 69
19 202
19 251
19 253
19 187
19 188
19 206
19 35
19 264
19 227
19 175
19 152
19 228
19 96
19 43
19 178
19 98
19 231
19 232
19 180
19 281
19 184
19 131
20 107
20 60
20 223
20 142
20 115
20 224
20 67
20 28
20 245
20 246
20 253
20 265
20 189
20 286
20 296
20 271
20 283
20 275
21 52
21 53
21 55
21 80
21 141
21 159
21 108
21 161
21 221
21 162
21 26
21 86
21 186
21 88
21 254
21 206
21 36
21 151
21 38
21 270
21 210
21 286
21 230
21 235
21 292
21 102
22 51
22 55
22 76
22 135
22 80
22 59
22 60
22 211
22 61
22 143
22 62
22 66
22 248
22 194
22 125
22 35
22 263
22 171
22 172
22 268
22 173
22 177
22 97
22 299
22 98
22 101
22 279
22 105
22 281
22 283
22 184
22 284
23 52
23 57
23 158
23 79
23 82
23 140
23 241
23 111
23 112
23 199
23 163
23 200
23 212
23 90
23 204
23 226
23 256
23 228
23 278
23 102
24 54
24 158
24 136
24 82
24 142
24 89
24 91
24 251
24 71
24 206
24 176
24 98
24 278
24 279
24 157
25 51
25 53
25 78
25 139
25 159
25 168
25 71
25 157
26 51
26 53
26 76
26 109
26 222
26 185
26 223
26 164
26 186
26 167
26 116
26 117
26 65
26 68
26 203
26 33
26 253
26 71
26 258
26 150
26 174
26 295
26 285
26 40
26 73
26 179
26 217
26 278
26 100
26 279
26 47
26 134
27 48
27 50
27 53
27 107
27 79
27 140
27 164
27 242
27 225
27 29
27 88
27 250
27 92
27 282
27 275
28 50
28 58
28 240
28 113
28 199
28 62
28 91
28 297
28 282
28 132
29 136
29 137
29 83
29 111
29 62
29 212
29 88
29 287
30 52
30 83
30 192
30 241
30 88
30 121
30 214
30 127
30 265
30 215
31 49
31 79
31 241
31 86
31 223
31 113
31 41
31 73
31 178
32 51
32 53
32 81
32 108
32 109
32 67
32 92
32 262
32 175
32 233
32 280
33 57
33 76
33 109
33 192
33 145
33 251
33 257
33 265
33 190
33 128
33 178
33 232
33 182
34 107
34 79
34 111
34 113
34 163
34 143
34 65
34 194
34 259
35 49
35 76
35 59
35 241
35 143
35 256
35 269
35 235
35 271
35 156
35 219
36 135
36 83
36 240
36 259
36 151
36 99
36 272
36 237
37 56
37 57
37 138
37 139
37 161
37 111
37 86
37 66
37 249
37 268
37 151
37 282
38 49
38 51
38 107
38 88
38 149
38 173
38 288
38 102
39 55
39 135
39 211
39 114
39 200
39 64
39 127
39 195
39 174
39 178
39 181
40 52
40 112
40 167
40 63
40 90
40 148
40 207
41 57
41 82
41 109
41 163
41 242
41 65
41 212
41 206
41 191
41 290
41 283
42 107
42 135
42 239
42 211
42 142
42 63
42 244
42 213
42 252
42 233
43 135
43 211
43 66
43 173
43 273
43 131
44 60
44 69
44 194
44 264
44 232
45 53
45 222
45 245
45 251
45 252
45 229
45 106
46 55
46 107
46 111
46 63
46 153
46 290
46 283
47 53
47 243
47 253
47 271
47 106
48 57
48 58
48 59
48 60
48 61
48 62
48 63
48 64
48 65
48 66
48 67
48 68
48 69
48 70
48 71
48 72
48 73
48 74
48 75
48 52
49 58
49 76
49 77
49 78
49 79
49 80
49 81
49 82
49 83
49 84
49 85
49 86
49 62
49 87
49 88
49 89
49 90
49 91
49 92
49 93
49 94
49 95
49 96
49 97
49 98
49 99
49 100
49 101
49 102
49 103
49 104
49 105
49 106
49 52
50 58
50 107
50 79
50 80
50 108
50 60
50 109
50 110
50 111
50 112
50 113
50 114
50 115
50 116
50 117
50 63
50 69
50 118
50 119
50 120
50 121
50 122
50 123
50 124
50 72
50 125
50 126
50 127
50 128
50 129
50 130
50 105
50 131
50 132
50 133
50 134
50 52
51 57
51 107
51 135
51 80
51 136
51 137
51 138
51 139
51 140
51 141
51 108
51 85
51 142
51 143
51 144
51 116
51 117
51 65
51 66
51 67
51 145
51 146
51 147
51 70
51 148
51 149
51 150
51 151
51 152
51 128
51 153
51 98
51 154
51 103
51 155
51 156
51 106
51 157
51 52
52 57
52 57
52 58
52 58
52 158
52 158
52 77
52 77
52 135
52 135
52 78
52 79
52 80
52 82
52 139
52 159
52 108
52 160
52 161
52 111
52 162
52 163
52 164
52 143
52 165
52 115
52 166
52 167
52 168
52 87
52 169
52 90
52 170
52 121
52 92
52 171
52 172
52 173
52 174
52 175
52 95
52 176
52 177
52 178
52 179
52 180
52 181
52 182
52 156
52 183
52 184
52 52
52 53
52 54
52 55
52 56
52 76
52 107
53 158
53 59
53 185
53 186
53 67
53 145
53 187
53 188
53 189
53 94
53 176
53 152
53 190
53 129
53 191
53 100
53 106
54 159
54 60
54 192
54 193
54 163
54 114
54 62
54 116
54 194
54 195
54 196
54 197
54 198
55 57
55 76
55 77
55 78
55 79
55 136
55 59
55 137
55 140
55 185
55 199
55 143
55 200
55 115
55 63
55 201
55 88
55 202
55 203
55 204
55 205
55 206
55 207
55 150
55 172
55 208
55 209
55 93
55 190
55 210
55 97
55 104
55 198
55 183
55 132
56 58
56 107
56 80
56 136
56 137
56 138
56 160
56 192
56 193
56 211
56 212
56 169
56 202
56 213
56 214
56 205
56 172
56 209
56 215
56 216
56 74
56 217
56 218
56 219
56 220
57 76
57 107
57 77
57 135
57 79
57 80
57 59
57 82
57 84
57 240
57 222
57 113
57 242
57 65
57 168
57 212
57 202
57 246
57 90
57 122
57 148
57 71
57 260
57 195
57 227
57 151
57 209
57 288
57 231
57 217
57 235
57 100
57 279
57 291
57 132
57 134
58 76
58 107
58 77
58 108
58 239
58 162
58 112
58 61
58 167
58 116
58 87
58 244
58 69
58 146
58 254
58 187
58 127
58 263
58 267
58 294
58 152
58 197
58 154
58 104
58 105
58 274
59 76
59 81
59 141
59 161
59 165
59 224
59 117
59 212
59 148
59 205
59 126
59 188
59 268
59 295
59 95
59 153
59 156
60 77
60 85
60 109
60 192
60 110
60 242
60 248
60 267
60 276
60 286
60 293
60 277
60 156
61 109
61 185
61 144
61 115
61 249
61 256
61 286
61 235
62 77
62 78
62 83
62 185
62 117
62 118
62 249
62 187
62 261
62 266
62 195
62 150
62 173
62 276
62 229
62 293
62 234
62 101
62 287
62 282
62 157
63 77
63 135
63 83
63 141
63 241
63 172
63 268
63 189
63 73
63 280
64 113
64 200
64 165
64 124
64 258
64 188
64 263
64 176
64 75
65 86
65 164
65 115
65 225
65 69
65 212
65 249
65 256
65 259
65 215
65 278
66 137
66 160
66 242
66 145
66 91
66 194
66 249
66 170
66 204
66 123
66 255
66 226
66 126
66 256
66 259
66 264
66 174
66 175
66 294
66 93
66 128
66 182
67 78
67 80
67 162
67 164
67 69
67 145
67 204
67 250
67 226
67 207
67 130
67 182
67 281
67 282
68 107
68 77
68 80
68 199
68 207
68 285
68 290
68 274
69 83
69 140
69 263
69 231
69 179
69 296
69 292
69 282
69 274
70 77
70 78
70 221
70 86
70 223
70 164
70 71
70 257
70 106
71 109
71 242
71 260
71 276
71 297
71 133
72 239
72 167
72 121
72 123
72 259
72 102
73 107
73 128
73 74
74 80
74 167
74 90
74 194
75 160
75 161
75 240
75 112
75 202
75 147
75 175
75 273
76 158
76 78
76 81
76 140
76 200
76 167
76 213
76 248
76 170
76 122
76 123
76 253
76 257
76 227
76 269
76 295
76 95
76 215
76 191
76 290
76 272
76 284
76 219
76 157
77 83
77 109
77 240
77 111
77 223
77 163
77 114
77 116
77 225
77 118
77 119
77 146
77 213
77 91
77 122
77 253
77 255
77 125
77 266
77 267
77 173
77 151
77 276
77 216
77 96
77 179
77 272
78 107
78 80
78 81
78 140
78 160
78 161
78 111
78 123
78 251
78 171
78 285
78 296
78 101
79 107
79 140
79 109
79 240
79 193
79 162
79 185
79 112
79 163
79 115
79 119
79 246
79 203
79 250
79 259
79 266
79 172
79 196
79 152
79 99
80 83
80 84
80 239
80 85
80 211
80 143
80 114
80 144
80 169
80 147
80 90
80 121
80 266
80 151
80 285
80 232
80 272
80 155
80 281
80 156
80 131
80 275
81 158
81 160
81 192
81 185
81 86
81 115
81 118
81 202
81 214
81 195
81 189
81 100
82 239
82 160
82 221
82 193
82 110
82 143
82 186
82 243
82 225
82 201
82 120
82 248
82 252
82 92
82 259
82 127
82 262
82 288
82 128
82 230
82 154
82 237
82 134
83 140
83 84
83 141
83 221
83 240
83 112
83 199
83 200
83 88
83 148
83 252
83 188
83 208
83 269
83 175
83 93
83 152
83 276
83 286
83 181
83 131
84 107
84 135
84 161
84 109
84 240
84 168
84 202
84 265
84 152
84 233
84 198
85 108
85 162
85 142
85 163
85 242
85 267
85 299
85 105
85 131
86 192
86 117
86 268
87 158
87 138
87 108
87 240
87 147
87 122
87 208
87 93
87 196
87 103
87 280
88 139
88 162
88 117
88 247
88 92
89 159
89 109
89 211
89 164
89 186
89 165
89 226
89 172
89 129
89 289
89 287
89 155
89 298
90 168
90 286
90 197
91 139
91 109
91 193
91 201
91 189
91 179
91 217
91 197
92 164
92 166
92 146
92 176
92 277
92 220
93 139
93 123
93 262
94 140
94 160
94 241
94 211
94 112
94 186
94 294
94 153
95 135
95 139
95 239
95 160
95 250
95 101
96 141
96 160
96 241
96 120
96 204
97 159
97 200
97 201
97 118
97 196
97 180
97 106
97 219
98 140
98 194
98 126
98 288
98 290
98 155
98 298
99 160
99 241
99 142
99 242
99 251
99 208
99 289
99 197
100 136
100 223
100 253
100 299
100 220
101 222
101 126
101 189
101 286
101 191
101 182
102 158
102 107
102 246
102 280
103 137
103 247
103 249
103 170
103 189
103 294
103 232
103 238
104 143
104 145
104 151
104 215
104 231
104 132
105 159
105 214
105 264
105 277
106 169
106 253
106 279
107 113
107 199
107 200
107 224
107 243
107 146
107 203
107 253
107 256
107 206
107 264
107 266
107 196
107 276
107 233
107 282
107 183
107 184
107 131
108 137
108 239
108 211
108 201
108 212
108 247
108 121
108 254
108 270
108 295
108 190
108 293
108 279
109 110
109 114
109 116
109 213
109 247
109 203
109 250
109 148
109 125
109 207
109 229
110 113
110 142
110 167
110 224
110 117
110 245
110 251
110 126
110 195
110 190
110 217
110 290
111 118
111 145
111 194
111 170
111 122
111 250
111 187
111 255
111 262
111 150
111 128
111 272
111 291
112 124
112 214
112 252
112 254
112 149
112 257
112 262
112 195
112 153
112 197
112 130
112 132
113 159
113 211
113 223
113 202
113 259
113 265
113 268
113 288
113 218
113 272
114 240
114 223
114 247
114 255
114 258
114 174
114 288
114 153
114 293
114 292
114 278
114 198
114 131
115 242
115 267
115 295
115 196
115 286
115 296
115 130
115 280
116 136
116 240
116 147
116 128
116 177
116 229
116 198
116 284
117 137
117 166
117 225
117 119
117 246
117 247
117 227
117 272
118 139
118 243
118 120
118 247
118 248
118 257
118 258
118 190
118 233
118 181
118 154
118 236
118 130
118 183
119 158
119 240
119 213
119 251
119 226
119 262
119 293
120 139
120 164
120 224
120 169
120 187
120 264
120 235
120 218
121 199
121 204
121 265
121 228
121 231
122 163
122 254
122 177
122 296
122 130
122 156
123 135
123 137
123 244
123 149
123 127
124 135
124 242
124 254
124 125
124 257
124 260
124 267
124 231
124 271
124 279
125 222
125 199
125 194
125 173
125 288
126 164
126 206
126 172
126 210
126 180
126 282
127 187
127 188
127 259
127 227
127 171
127 182
128 176
128 183
129 137
129 186
129 258
129 151
129 232
130 242
130 258
130 285
131 205
132 194
132 170
132 133
132 134
133 241
133 224
133 214
133 172
133 233
134 142
134 215
134 181
135 136
135 139
135 240
135 222
135 142
135 144
135 242
135 250
135 264
135 295
135 228
135 191
135 237
135 238
136 138
136 139
136 239
136 241
136 164
136 186
136 167
136 262
136 174
136 230
136 155
136 237
137 138
137 159
137 211
137 225
137 201
137 258
137 209
137 294
137 176
137 276
137 230
137 292
138 139
138 167
138 243
138 147
138 255
138 293
139 141
139 161
139 240
139 241
139 164
139 143
139 166
139 170
139 227
139 297
139 219
140 141
140 192
140 185
140 164
140 225
140 249
140 174
140 292
140 218
140 281
141 161
141 165
141 203
141 170
141 205
141 226
141 268
141 269
141 216
141 229
141 217
141 237
142 159
142 224
142 194
142 206
142 295
142 152
142 272
142 298
143 245
143 147
143 264
143 176
143 278
144 193
144 201
144 149
144 284
145 225
145 213
145 154
145 274
145 184
146 161
146 193
146 167
146 218
147 162
147 258
147 261
147 190
147 217
148 163
148 249
148 170
148 257
149 159
149 193
149 249
149 187
149 236
150 161
150 185
150 204
150 207
150 209
151 163
151 189
151 178
151 230
151 237
151 284
152 154
152 237
153 240
153 223
153 299
153 198
154 160
154 247
154 277
154 217
154 273
154 287
154 281
154 220
155 229
155 236
155 272
156 223
156 225
156 210
157 227
157 215
158 160
158 161
158 211
158 166
158 168
158 201
158 203
158 255
158 226
158 256
158 260
158 263
158 290
159 241
159 244
159 214
159 187
159 205
159 270
159 196
159 190
159 286
159 233
160 186
160 257
160 266
160 229
160 191
161 211
161 199
161 253
161 178
161 299
161 217
161 218
162 239
162 260
162 261
162 275
163 165
163 166
163 169
163 213
163 196
163 179
164 222
164 212
164 247
164 249
164 204
164 253
164 265
164 289
164 271
165 167
165 285
165 216
166 201
166 181
166 289
167 168
167 247
167 205
167 208
167 294
168 200
168 229
168 217
168 235
169 284
170 222
170 249
170 259
170 210
170 299
170 290
170 283
171 246
171 249
171 297
172 251
172 180
173 221
173 244
173 187
173 258
173 191
173 236
174 200
174 245
174 278
175 243
175 203
175 207
175 189
175 209
176 204
176 196
177 192
177 222
177 277
177 179
177 291
177 220
178 281
178 291
179 204
180 270
180 299
180 230
180 280
181 215
181 210
181 299
182 209
183 259
183 264
183 292
183 289
183 284
184 221
184 242
184 299
184 233
184 217
185 202
185 294
185 293
185 219
186 213
186 247
186 258
186 261
186 270
186 294
186 291
186 298
187 242
187 247
187 208
187 279
189 204
189 288
190 242
191 200
191 266
191 285
191 217
191 291
192 193
192 211
192 200
192 245
192 207
192 216
192 289
192 275
193 243
193 244
193 269
193 215
193 230
193 271
194 240
194 244
194 251
194 254
194 259
194 260
194 261
195 200
196 242
197 252
197 231
199 211
199 244
199 261
199 232
199 220
200 240
200 231
201 224
201 259
201 287
202 258
202 262
202 208
202 220
203 244
203 252
204 241
204 252
204 269
204 294
204 273
205 225
205 266
205 208
205 295
207 225
207 249
207 258
207 209
207 215
208 258
208 297
208 275
209 239
209 285
210 240
210 223
210 243
211 221
211 263
211 295
212 222
212 264
212 267
212 282
213 244
213 248
213 288
214 239
214 222
215 245
215 255
215 285
215 288
215 218
216 222
216 242
216 276
216 298
217 271
218 240
218 241
219 247
220 241
221 241
221 222
221 297
221 287
221 275
222 239
222 224
222 244
222 233
222 236
223 239
223 246
223 255
223 260
223 270
223 293
223 230
223 234
223 296
223 290
225 249
225 252
225 238
227 287
227 275
228 247
228 257
229 245
229 298
230 297
230 236
231 289
233 290
233 279
233 283
234 245
234 294
234 287
235 270
236 240
236 244
236 246
238 239
238 250
238 254
239 246
240 297
240 273
241 250
241 258
241 289
241 291
241 275
242 243
242 251
242 254
242 276
243 299
243 291
244 248
244 253
244 267
245 248
245 265
245 296
246 270
247 273
247 283
249 251
249 253
249 264
249 294
251 277
253 256
253 285
254 296
255 274
256 277
257 299
258 299
259 280
262 277
262 281
264 299
264 281
265 291
267 269
268 270
271 296
271 287
276 296
278 298
283 290
284 299
286 288
