0 1
0 1
0 2
0 2
0 3
0 3
0 4
0 5
0 6
0 7
0 8
0 9
0 10
0 11
0 12
0 13
0 14
0 15
0 16
0 17
0 18
0 19
0 20
0 21
0 22
0 23
0 24
0 25
0 26
0 27
0 28
0 29
0 30
0 31
0 32
0 33
0 34
0 35
0 36
0 37
0 38
0 39
0 40
0 41
0 42
0 43
0 44
0 45
0 46
0 47
0 48
0 49
0 50
0 51
0 52
0 53
0 54
0 55
0 56
0 57
0 58
0 59
0 60
0 61
0 62
0 63
0 64
0 65
0 66
0 67
0 68
0 69
0 70
0 71
0 72
0 73
0 74
0 75
0 76
0 77
0 78
0 79
0 80
0 81
0 82
0 83
0 84
0 85
0 86
0 87
0 88
0 89
0 90
0 91
0 92
0 93
0 94
0 95
0 96
0 97
0 98
0 99
1 2
1 3
2 3
4 5
4 6
4 7
5 6
5 7
6 7
8 9
8 10
8 11
9 10
9 11
10 11
12 13
12 14
12 15
13 14
13 15
14 15
16 17
16 18
16 19
17 18
17 19
18 19
20 21
20 22
20 23
21 22
21 23
22 23
24 25
24 26
24 27
25 26
25 27
26 27
28 29
28 30
28 31
29 30
29 31
30 31
32 33
32 34
32 35
33 34
33 35
33 100
34 35
36 37
36 38
36 39
37 38
37 39
38 39
40 41
40 42
40 43
41 42
41 43
42 43
44 45
44 46
44 47
45 46
45 47
46 47
48 49
48 50
48 51
48 101
49 50
49 51
50 51
52 53
52 54
52 55
53 54
53 55
54 55
56 57
56 58
56 59
57 58
57 59
58 59
60 61
60 62
60 63
61 62
61 63
62 63
64 65
64 66
64 67
65 66
65 67
66 67
68 69
68 70
68 71
69 70
69 71
70 71
72 73
72 74
72 75
73 74
73 75
74 75
76 77
76 78
76 79
77 78
77 79
78 79
80 81
80 82
80 83
81 82
81 83
82 83
84 85
84 86
84 87
85 86
85 87
86 87
88 89
88 90
88 91
89 90
89 91
90 91
92 93
92 94
92 95
93 94
93 95
94 95
96 97
96 98
96 99
97 98
97 99
98 99
100 134
100 136
101 201
101 202
102 103
102 104
102 105
103 104
103 105
104 105
106 107
106 108
106 109
107 108
107 109
108 109
110 111
110 112
110 113
111 112
111 113
112 113
114 115
114 116
114 117
115 116
115 117
116 117
118 119
118 120
118 121
119 120
119 121
120 121
122 123
122 124
122 125
123 124
123 125
124 125
126 127
126 128
126 129
127 128
127 129
128 129
130 131
130 132
130 133
131 132
131 133
132 133
134 135
134 136
135 136
137 138
137 139
137 140
138 139
138 140
139 140
141 142
141 143
141 144
142 143
142 144
143 144
145 146
145 147
145 148
146 147
146 148
147 148
149 150
149 151
149 152
150 151
150 152
151 152
152 153
153 194
153 195
154 155
154 156
154 157
155 156
155 157
156 157
158 159
158 160
158 161
159 160
159 161
160 161
162 163
162 164
162 165
163 164
163 165
164 165
166 167
166 168
166 169
167 168
167 169
168 169
170 171
170 172
170 173
171 172
171 173
172 173
174 175
174 176
174 177
175 176
175 177
176 177
178 179
178 180
178 181
179 180
179 181
180 181
182 183
182 184
182 185
183 184
183 185
184 185
186 187
186 188
186 189
187 188
187 189
188 189
190 191
190 192
190 193
191 192
191 193
192 193
194 196
194 195
195 196
197 198
197 199
197 200
198 199
198 200
199 200
201 202
201 203
202 203
204 205
204 206
204 207
205 206
205 207
206 207
208 209
208 210
208 211
209 210
209 211
210 211
212 213
212 214
212 215
213 214
213 215
214 215
216 217
216 218
216 219
217 218
217 219
218 219
220 221
220 222
220 223
221 222
221 223
222 223
224 225
224 226
224 227
225 226
225 227
226 227
228 229
228 230
228 231
229 230
229 231
230 231
232 233
232 234
232 235
233 234
233 235
234 235
236 237
236 238
236 239
237 238
237 239
238 239
240 241
240 242
240 243
241 242
241 243
242 243
244 245
244 246
244 247
245 246
245 247
246 247
248 249
248 250
248 251
249 250
249 251
250 251
252 253
252 254
252 255
253 254
253 255
254 255
256 257
256 258
256 259
257 258
257 259
258 259
260 261
260 262
260 263
261 262
261 263
262 263
264 265
264 266
264 267
265 266
265 267
266 267
268 269
268 270
268 271
269 270
269 271
270 271
272 273
272 274
272 275
273 274
273 275
274 275
276 277
276 278
276 279
277 278
277 279
278 279
280 281
280 282
280 283
281 282
281 283
282 283
284 285
284 286
284 287
285 286
285 287
286 287
288 289
288 290
288 291
289 290
289 291
290 291
292 293
292 294
292 295
293 294
293 295
294 295
296 297
296 298
296 299
297 298
297 299
298 299
300 301
300 302
300 303
301 302
301 303
302 303
304 305
304 306
304 307
305 306
305 307
306 307
308 309
308 310
308 311
309 310
309 311
310 311
312 313
312 314
312 315
313 314
313 315
314 315
316 317
316 318
316 319
317 318
317 319
318 319
320 321
320 322
320 323
321 322
321 323
322 323
324 325
324 326
324 327
325 326
325 327
326 327
328 329
328 330
328 331
329 330
329 331
330 331
332 333
332 334
332 335
333 334
333 335
334 335
336 337
336 338
336 339
337 338
337 339
338 339
340 341
340 342
340 343
341 342
341 343
342 343
344 345
344 346
344 347
345 346
345 347
346 347
348 349
348 350
348 351
349 350
349 351
350 351
352 353
352 354
352 355
353 354
353 355
354 355
356 357
356 358
356 359
357 358
357 359
358 359
360 361
360 362
360 363
361 362
361 363
362 363
364 365
364 366
364 367
365 366
365 367
366 367
368 369
368 370
368 371
369 370
369 371
370 371
372 373
372 374
372 375
373 374
373 375
374 375
376 377
376 378
376 379
377 378
377 379
378 379
380 381
380 382
380 383
381 382
381 383
382 383
384 385
384 386
384 387
385 386
385 387
386 387
388 389
388 390
388 391
389 390
389 391
390 391
392 393
392 394
392 395
393 394
393 395
394 395
396 397
396 398
396 399
397 398
397 399
398 399
