0 1
0 2
0 3
0 4
0 5
0 6
0 7
0 8
0 9
0 10
1 11
1 12
1 13
1 14
1 15
1 16
1 17
1 18
1 19
2 20
2 21
2 22
2 23
2 24
2 25
2 26
2 27
2 28
3 29
3 30
3 31
3 32
3 33
3 34
3 35
3 36
3 37
4 38
4 39
4 40
4 41
4 42
4 43
4 44
4 45
4 46
5 47
5 48
5 49
5 50
5 51
5 52
5 53
5 54
5 55
6 56
6 57
6 58
6 59
6 60
6 61
6 62
6 63
6 64
7 65
7 66
7 67
7 68
7 69
7 70
7 71
7 72
7 73
8 74
8 75
8 76
8 77
8 78
8 79
8 80
8 81
8 82
9 83
9 84
9 79
9 85
9 86
9 87
9 88
9 89
9 90
10 91
10 92
10 93
10 94
10 95
10 96
10 97
10 98
10 99
11 100
11 101
11 102
11 103
11 104
11 105
11 106
11 107
11 108
12 109
12 110
12 111
12 112
12 113
12 114
12 115
12 116
12 117
13 118
13 105
13 119
13 120
13 121
13 39
13 122
13 123
13 124
14 125
14 126
14 127
14 66
14 128
14 129
14 120
14 130
14 131
15 132
15 133
15 134
15 135
15 136
15 137
15 138
15 139
15 140
16 141
16 142
16 143
16 144
16 145
16 146
16 147
16 148
16 149
17 150
17 151
17 131
17 152
17 111
17 153
17 154
17 155
17 156
18 157
18 158
18 159
18 160
18 161
18 162
18 163
18 111
18 164
19 165
19 161
19 166
19 167
19 168
19 169
19 170
19 171
19 63
20 668
20 622
20 972
20 486
20 615
20 814
20 223
20 976
20 948
21 313
21 412
21 554
21 918
21 906
21 870
21 78
21 336
21 123
22 446
22 92
22 332
22 211
22 735
22 650
22 778
22 779
22 825
23 314
23 220
23 838
23 624
23 994
23 573
23 976
23 901
23 572
24 455
24 574
24 158
24 822
24 373
24 823
24 595
24 772
24 650
25 112
25 134
25 984
25 958
25 141
25 527
25 50
25 219
25 710
26 576
26 504
26 517
26 904
26 489
26 661
26 36
26 146
26 387
27 309
27 417
27 169
27 418
27 419
27 420
27 421
27 210
27 422
28 275
28 110
28 278
28 604
28 347
28 87
28 625
28 775
28 776
29 698
29 243
29 82
29 494
29 702
29 525
29 542
29 421
29 603
30 449
30 763
30 457
30 880
30 52
30 53
30 662
30 514
30 832
31 218
31 912
31 101
31 716
31 862
31 730
31 511
31 920
31 521
32 580
32 756
32 642
32 696
32 915
32 381
32 142
32 789
32 760
33 125
33 486
33 487
33 363
33 468
33 77
33 488
33 489
33 490
34 697
34 377
34 491
34 91
34 705
34 196
34 949
34 956
34 843
35 651
35 841
35 756
35 687
35 530
35 787
35 523
35 121
35 757
36 455
36 145
36 467
36 866
36 374
36 262
36 208
36 831
37 181
37 451
37 551
37 65
37 619
37 368
37 816
37 230
37 485
38 173
38 377
38 379
38 780
38 926
38 462
38 363
38 234
38 967
38 833
38 197
39 770
39 580
39 792
39 924
39 202
39 473
39 478
39 922
40 119
40 796
40 827
40 872
40 996
40 534
40 767
40 253
40 225
41 186
41 575
41 808
41 841
41 871
41 872
41 354
41 43
41 233
42 445
42 627
42 745
42 854
42 911
42 972
42 885
42 345
42 776
43 176
43 166
43 347
43 788
43 86
43 371
43 188
43 959
44 522
44 580
44 568
44 882
44 959
44 692
44 148
44 527
44 765
45 320
45 791
45 612
45 689
45 240
45 642
45 648
45 417
45 511
46 853
46 757
46 112
46 540
46 351
46 657
46 156
46 81
46 917
47 836
47 503
47 279
47 674
47 229
47 639
47 96
47 131
47 902
48 456
48 222
48 599
48 265
48 516
48 329
48 50
48 690
48 203
49 157
49 275
49 276
49 277
49 278
49 279
49 206
49 280
49 281
50 891
50 426
50 160
50 582
50 935
50 51
50 593
51 323
51 790
51 878
51 974
51 248
51 829
51 242
51 901
52 445
52 633
52 924
52 263
52 248
52 905
52 901
52 304
53 548
53 207
53 750
53 805
53 567
53 967
53 761
53 893
54 132
54 211
54 596
54 994
54 955
54 899
54 561
54 738
54 191
55 808
55 914
55 283
55 99
55 171
55 898
55 906
55 602
55 899
56 628
56 908
56 126
56 927
56 284
56 393
56 160
56 459
56 501
57 315
57 542
57 608
57 879
57 145
57 930
57 360
57 591
57 229
58 319
58 495
58 616
58 682
58 762
58 615
58 535
58 529
58 713
59 172
59 236
59 237
59 238
59 239
59 240
59 62
59 64
59 241
60 447
60 441
60 913
60 677
60 583
60 877
60 818
60 158
60 992
61 622
61 248
61 982
61 897
61 424
61 206
61 146
61 843
61 590
62 228
62 612
62 980
62 291
62 77
62 715
62 256
62 961
63 412
63 679
63 906
63 282
63 246
63 201
63 715
63 937
64 542
64 299
64 880
64 283
64 667
64 384
64 106
64 850
65 746
65 471
65 773
65 683
65 855
65 856
65 342
65 857
66 92
66 378
66 127
66 89
66 68
66 290
66 401
66 996
67 457
67 397
67 897
67 521
67 537
67 71
67 898
67 304
67 740
68 132
68 109
68 851
68 74
68 160
68 947
68 140
68 137
69 554
69 928
69 105
69 119
69 990
69 108
69 142
69 215
69 401
70 635
70 351
70 599
70 432
70 726
70 766
70 466
70 492
70 587
71 549
71 434
71 357
71 952
71 678
71 811
71 303
71 167
72 299
72 425
72 583
72 149
72 129
72 87
72 472
72 604
72 660
73 323
73 422
73 372
73 803
73 81
73 523
73 872
73 370
73 212
74 178
74 179
74 913
74 674
74 993
74 89
74 968
74 427
75 375
75 579
75 195
75 566
75 680
75 198
75 754
75 661
75 949
76 719
76 303
76 328
76 979
76 391
76 529
76 590
76 116
76 80
77 580
77 708
77 78
77 278
77 884
77 949
77 951
78 745
78 441
78 289
78 865
78 615
78 140
78 231
79 556
79 288
79 411
79 263
79 948
79 391
79 335
79 999
80 522
80 748
80 577
80 858
80 270
80 892
80 705
80 120
81 179
81 647
81 585
81 955
81 663
81 330
81 591
82 323
82 138
82 352
82 104
82 384
82 219
82 732
82 190
83 908
83 675
83 583
83 909
83 955
83 704
83 652
83 149
83 842
84 182
84 522
84 378
84 642
84 894
84 855
84 526
84 989
84 793
85 451
85 422
85 972
85 954
85 565
85 883
85 170
85 931
85 834
86 176
86 930
86 567
86 674
86 886
86 934
86 905
86 609
87 634
87 357
87 204
87 794
87 439
87 344
87 752
88 275
88 437
88 777
88 778
88 779
88 292
88 497
88 164
88 780
89 581
89 839
89 990
89 861
89 680
89 229
89 810
90 634
90 600
90 475
90 197
90 874
90 388
90 306
90 370
90 766
91 614
91 980
91 404
91 154
91 817
91 915
91 487
91 117
92 296
92 528
92 561
92 582
92 583
92 584
92 575
93 178
93 632
93 980
93 404
93 674
93 276
93 985
93 970
93 761
94 493
94 764
94 519
94 99
94 587
94 598
94 230
94 265
94 923
95 548
95 341
95 128
95 646
95 654
95 946
95 572
95 401
95 604
96 322
96 249
96 735
96 420
96 584
96 460
96 505
96 497
97 616
97 402
97 364
97 754
97 463
97 483
97 696
97 121
97 755
98 500
98 622
98 546
98 694
98 268
98 785
98 403
98 995
98 492
99 918
99 487
99 861
99 690
99 429
99 432
99 113
100 807
100 461
100 297
100 463
100 426
100 913
100 357
100 771
100 103
101 784
101 645
101 794
101 438
101 710
101 511
101 712
101 515
102 495
102 675
102 679
102 356
102 852
102 478
102 956
102 802
102 714
103 281
103 927
103 762
103 529
103 725
103 741
103 926
103 254
104 183
104 347
104 924
104 565
104 796
104 892
104 996
104 943
105 891
105 563
105 783
105 727
105 946
105 933
105 196
106 699
106 343
106 528
106 526
106 982
106 752
106 562
106 775
107 525
107 791
107 132
107 878
107 596
107 750
107 956
107 902
107 273
108 600
108 396
108 216
108 284
108 766
108 999
108 755
108 507
109 218
109 442
109 952
109 559
109 206
109 460
109 595
109 432
110 700
110 918
110 410
110 906
110 438
110 860
110 800
110 239
111 258
111 506
111 809
111 696
111 328
111 392
111 752
112 928
112 350
112 733
112 410
112 382
112 809
112 965
113 576
113 415
113 232
113 922
113 208
113 304
113 511
113 789
114 375
114 744
114 606
114 888
114 298
114 198
114 407
114 779
114 736
115 541
115 952
115 783
115 905
115 881
115 923
115 292
115 268
115 919
116 647
116 867
116 679
116 130
116 287
116 242
116 294
116 706
117 542
117 379
117 488
117 588
117 815
117 862
117 590
117 920
118 608
118 150
118 740
118 756
118 127
118 475
118 340
118 924
118 919
119 744
119 524
119 395
119 774
119 794
119 142
119 420
120 183
120 261
120 929
120 984
120 128
120 599
120 188
121 745
121 589
121 373
121 935
121 999
121 492
121 806
122 682
122 503
122 337
122 236
122 664
122 754
122 502
122 894
122 810
123 347
123 832
123 510
123 687
123 957
123 859
123 392
123 497
124 322
124 258
124 987
124 989
124 472
124 610
124 996
124 480
124 285
125 443
125 444
125 445
125 446
125 412
125 447
125 138
125 448
126 241
126 581
126 697
126 463
126 340
126 796
126 981
126 969
127 633
127 614
127 272
127 864
127 821
127 975
127 824
128 322
128 837
128 358
128 708
128 210
128 277
128 985
129 655
129 426
129 846
129 809
129 718
129 331
129 988
129 672
130 228
130 289
130 656
130 199
130 874
130 439
130 137
130 948
131 448
131 795
131 287
131 133
131 221
131 732
131 294
132 181
132 269
132 411
132 840
132 399
132 155
133 853
133 608
133 852
133 986
133 975
133 738
133 776
133 609
134 241
134 673
134 733
134 356
134 385
134 193
134 802
134 789
135 176
135 702
135 539
135 614
135 784
135 693
135 665
135 801
135 508
136 548
136 698
136 707
136 708
136 513
136 709
136 710
136 711
136 712
137 634
137 790
137 719
137 717
137 282
137 873
137 936
138 384
138 491
138 190
138 394
138 492
138 400
138 493
139 701
139 911
139 358
139 207
139 598
139 214
139 820
139 821
139 843
140 453
140 469
140 355
140 964
140 233
140 920
140 863
141 184
141 266
141 919
141 158
141 561
141 691
141 292
141 405
142 600
142 879
142 735
142 782
142 504
142 406
143 317
143 532
143 724
143 546
143 615
143 585
143 817
143 583
143 948
144 549
144 889
144 765
144 860
144 995
144 681
144 900
144 741
144 876
145 457
145 877
145 327
145 215
145 787
145 901
145 475
146 220
146 823
146 696
146 793
146 432
146 754
146 925
147 311
147 854
147 204
147 611
147 404
147 645
147 242
147 985
147 752
148 324
148 636
148 659
148 675
148 152
148 267
148 429
148 821
149 495
149 468
149 987
149 159
149 260
149 775
149 304
150 494
150 288
150 538
150 689
150 694
150 910
150 907
150 496
151 447
151 600
151 954
151 351
151 199
151 301
151 723
151 938
151 267
152 213
152 912
152 918
152 216
152 705
152 391
152 760
152 153
153 701
153 749
153 891
153 346
153 811
153 569
153 976
153 829
154 422
154 939
154 303
154 620
154 547
154 364
154 961
154 695
155 444
155 627
155 266
155 476
155 927
155 848
155 936
155 873
156 635
156 289
156 740
156 887
156 708
156 754
156 899
156 306
157 172
157 181
157 182
157 183
157 184
157 185
157 186
157 187
158 451
158 468
158 594
158 214
158 477
158 518
159 636
159 608
159 192
159 847
159 998
159 328
159 827
159 995
160 421
160 587
160 840
160 674
160 875
160 613
161 323
161 880
161 291
161 909
161 765
161 922
161 665
161 933
162 608
162 890
162 709
162 621
162 852
162 227
162 886
162 751
162 191
163 454
163 421
163 912
163 508
163 588
163 949
163 934
163 300
163 212
164 553
164 941
164 847
164 955
164 824
164 811
164 750
164 207
165 448
165 658
165 891
165 282
165 270
165 975
165 327
165 982
165 360
166 177
166 455
166 747
166 640
166 794
166 690
166 624
166 795
167 184
167 187
167 494
167 703
167 625
167 521
167 344
167 474
168 628
168 581
168 268
168 252
168 326
168 901
168 253
168 371
168 676
169 631
169 764
169 470
169 298
169 932
169 287
169 695
169 386
170 470
170 896
170 305
170 946
170 872
170 755
170 671
170 439
171 176
171 552
171 622
171 675
171 346
171 488
171 678
171 364
172 173
172 174
172 175
172 176
172 177
172 178
172 179
172 180
173 188
173 189
173 190
173 191
173 192
173 193
173 194
173 195
173 196
173 197
173 198
174 199
174 200
174 201
174 202
174 203
174 204
174 205
174 206
174 207
175 208
175 209
175 210
175 186
175 211
175 212
175 213
175 214
175 215
176 216
176 217
176 218
176 219
176 220
177 221
177 222
177 223
177 224
177 225
177 226
177 227
177 228
178 229
178 230
178 231
178 232
178 233
178 234
178 235
179 242
179 243
179 244
179 245
179 246
179 247
179 231
180 248
180 249
180 250
180 251
180 252
180 224
180 253
180 254
180 255
181 256
181 257
181 258
181 259
181 260
181 261
181 262
182 263
182 264
182 265
182 213
182 266
182 202
182 267
182 268
183 269
183 270
183 185
183 271
183 272
183 273
183 274
184 282
184 283
184 284
184 285
184 286
184 287
184 288
185 289
185 290
185 291
185 194
185 292
185 293
185 294
185 295
186 296
186 297
186 298
186 281
186 299
186 300
186 268
187 301
187 278
187 302
187 303
187 304
187 305
187 306
187 307
188 465
188 867
188 266
188 980
188 965
188 815
188 892
189 549
189 697
189 211
189 882
189 479
189 573
189 462
189 418
189 255
190 319
190 659
190 702
190 353
190 948
190 464
190 692
191 455
191 757
191 425
191 398
191 649
191 767
191 738
192 880
192 931
192 675
192 212
192 775
192 820
192 881
192 287
193 631
193 819
193 979
193 382
193 865
193 989
193 857
193 985
194 309
194 402
194 403
194 404
194 405
194 406
194 407
194 408
195 729
195 707
195 686
195 433
195 431
195 937
195 570
195 247
196 548
196 503
196 302
196 233
196 501
196 278
196 516
197 258
197 628
197 346
197 881
197 534
197 896
197 244
197 520
197 813
198 550
198 903
198 393
198 515
198 775
198 510
198 875
198 916
198 407
199 918
199 906
199 718
199 482
199 942
199 584
199 404
200 629
200 619
200 602
200 875
200 957
200 660
200 344
200 393
200 328
201 449
201 506
201 359
201 954
201 601
201 761
201 388
201 570
202 348
202 509
202 786
202 844
202 833
202 868
202 235
203 213
203 347
203 652
203 753
203 779
203 786
203 280
203 331
204 218
204 213
204 914
204 475
204 509
204 432
204 215
205 400
205 568
205 783
205 477
205 514
205 303
205 942
205 834
205 780
206 782
206 805
206 759
206 278
206 827
206 572
207 701
207 494
207 228
207 733
207 327
207 361
208 500
208 352
208 716
208 589
208 998
208 900
208 950
209 322
209 443
209 513
209 514
209 515
209 516
209 517
209 518
209 519
210 288
210 408
210 478
210 663
210 598
210 294
210 925
211 297
211 544
211 751
211 403
211 565
211 767
212 851
212 856
212 280
212 392
212 874
212 727
213 538
213 232
213 761
213 845
213 394
214 318
214 791
214 823
214 508
214 662
214 432
214 710
215 603
215 930
215 685
215 994
215 743
215 970
216 542
216 914
216 567
216 644
216 795
216 674
216 547
217 853
217 867
217 644
217 922
217 969
217 537
217 582
217 886
217 944
218 296
218 555
218 380
218 573
218 472
218 355
219 281
219 408
219 240
219 826
219 869
219 960
219 978
220 747
220 664
220 638
220 482
220 786
220 787
220 753
221 717
221 722
221 235
221 959
221 267
221 660
221 786
221 692
222 319
222 631
222 428
222 543
222 713
222 292
222 254
222 858
223 259
223 343
223 972
223 431
223 307
223 708
223 234
223 344
224 890
224 563
224 240
224 406
224 886
224 856
224 678
224 825
225 769
225 566
225 991
225 464
225 398
225 844
225 992
225 797
226 846
226 524
226 333
226 870
226 938
226 753
226 405
226 593
226 806
227 819
227 678
227 364
227 330
227 372
227 711
227 393
227 893
228 616
228 751
228 468
228 752
228 570
228 753
229 700
229 745
229 232
229 565
229 693
229 676
230 558
230 425
230 919
230 991
230 601
230 996
230 331
231 478
231 637
231 304
231 245
231 978
231 983
231 810
232 441
232 576
232 299
232 941
232 857
232 374
233 911
233 357
233 972
233 625
233 718
233 529
234 315
234 450
234 659
234 995
234 902
234 999
234 245
235 647
235 717
235 986
235 641
235 982
235 256
235 800
236 552
236 838
236 890
236 484
236 560
236 664
236 994
236 716
237 549
237 627
237 325
237 684
237 346
237 888
237 799
237 618
237 858
238 482
238 967
238 998
238 385
238 530
238 510
238 936
238 822
238 294
239 512
239 737
239 354
239 866
239 360
239 728
239 884
239 950
240 808
240 819
240 722
240 874
240 797
240 982
241 553
241 698
241 727
241 720
241 491
241 367
241 728
242 357
242 709
242 644
242 793
242 530
242 997
243 317
243 729
243 730
243 683
243 459
243 398
243 264
243 731
244 812
244 411
244 337
244 680
244 256
244 393
244 280
244 277
245 685
245 804
245 815
245 831
245 960
245 849
245 497
246 603
246 666
246 597
246 466
246 487
246 545
246 873
246 999
247 317
247 506
247 462
247 341
247 380
247 949
247 942
247 817
248 490
248 788
248 597
248 826
248 718
248 889
249 697
249 763
249 270
249 881
249 363
249 882
249 685
249 613
250 631
250 288
250 428
250 293
250 442
250 788
250 587
250 529
250 499
251 258
251 719
251 376
251 514
251 724
251 916
251 723
251 639
251 694
252 566
252 796
252 520
252 515
252 720
252 505
252 419
252 860
253 375
253 353
253 684
253 794
253 848
253 957
253 800
254 584
254 948
254 669
254 944
254 601
254 923
254 983
255 577
255 835
255 971
255 990
255 975
255 439
255 849
255 304
256 558
256 383
256 840
256 793
256 487
256 610
257 746
257 580
257 919
257 714
257 834
257 960
257 290
257 777
257 732
258 498
258 639
258 400
258 401
258 640
259 309
259 436
259 437
259 438
259 439
259 440
259 441
259 442
260 550
260 853
260 927
260 417
260 305
260 695
260 590
260 481
261 781
261 670
261 397
261 687
261 668
261 440
261 787
261 472
262 744
262 940
262 540
262 793
262 848
262 743
262 561
262 777
263 444
263 468
263 484
263 514
263 645
263 437
263 389
264 749
264 544
264 804
264 754
264 970
264 535
264 590
264 582
265 430
265 804
265 637
265 592
265 874
265 639
265 885
266 397
266 297
266 915
266 613
266 916
266 917
267 790
267 624
267 507
267 917
267 472
267 365
268 313
268 485
268 670
268 904
268 497
269 632
269 781
269 414
269 697
269 512
269 835
269 289
269 790
270 324
270 853
270 921
270 962
270 944
270 884
271 770
271 684
271 474
271 886
271 381
271 363
271 389
271 605
271 286
272 567
272 933
272 758
272 604
272 899
272 970
272 767
272 605
273 575
273 512
273 358
273 307
273 589
273 736
273 833
273 741
274 552
274 636
274 699
274 495
274 503
274 974
274 605
274 547
274 741
275 447
275 616
275 747
275 434
275 748
275 423
275 640
276 367
276 382
276 893
276 862
276 339
276 730
276 529
276 690
277 288
277 485
277 771
277 358
277 340
277 724
277 286
278 451
278 838
278 371
278 671
279 447
279 651
279 538
279 907
279 908
279 909
279 339
279 653
280 314
280 483
280 343
280 507
280 786
280 712
281 640
281 839
281 773
281 864
281 865
281 866
282 378
282 340
282 488
282 886
282 381
282 609
283 414
283 907
283 944
283 897
283 573
283 814
283 895
284 423
284 867
284 926
284 691
284 713
284 798
284 966
285 790
285 583
285 958
285 977
285 365
285 706
285 800
285 418
286 974
286 876
286 920
286 950
286 418
286 925
286 571
287 607
287 581
287 957
287 464
287 843
288 841
288 620
288 785
288 740
289 791
289 362
289 533
289 515
289 780
290 652
290 993
290 502
290 594
290 693
290 437
290 973
291 324
291 453
291 630
291 395
291 407
291 777
291 484
292 293
292 402
292 656
292 584
292 829
293 316
293 603
293 325
293 883
293 513
293 676
293 531
294 633
294 794
294 993
294 643
294 995
295 452
295 841
295 362
295 831
295 638
295 649
295 873
295 846
295 566
296 349
296 548
296 549
296 550
296 551
296 552
296 332
297 911
297 912
297 469
297 764
297 483
297 496
298 928
298 396
298 546
298 987
298 588
298 564
298 991
299 495
299 702
299 457
299 617
299 811
299 895
300 458
300 667
300 685
300 799
300 917
300 440
300 559
300 342
301 493
301 778
301 994
301 585
301 619
301 537
301 963
301 895
302 682
302 952
302 477
302 945
302 958
302 845
302 470
302 649
303 310
303 555
303 596
303 351
303 492
304 451
304 804
304 371
305 348
305 508
305 958
305 669
305 903
305 966
305 660
306 703
306 991
306 482
306 969
306 997
306 613
306 775
307 682
307 830
307 356
307 429
307 767
307 570
307 776
308 309
308 310
308 311
308 312
308 313
308 314
308 315
308 316
308 317
308 318
309 319
309 320
309 321
309 322
309 323
309 324
310 325
310 326
310 327
310 328
310 329
310 330
310 331
310 332
311 333
311 334
311 335
311 336
311 337
311 338
311 339
311 340
312 341
312 342
312 343
312 344
312 314
312 345
312 346
312 347
312 348
313 349
313 350
313 351
313 352
313 353
313 354
313 355
314 356
314 357
314 358
314 359
314 360
314 361
315 362
315 363
315 364
315 365
315 358
315 366
315 367
316 368
316 369
316 370
316 371
316 372
316 373
316 374
316 375
317 376
317 377
317 378
317 379
317 380
317 355
318 381
318 382
318 383
318 384
318 385
318 386
318 387
318 388
319 389
319 390
319 391
319 392
319 393
319 394
320 395
320 396
320 397
320 324
320 398
320 399
320 400
320 401
321 409
321 410
321 411
321 398
321 412
321 413
321 414
321 415
321 416
322 423
322 424
322 425
322 426
322 427
323 428
323 429
323 430
323 431
323 432
324 411
324 433
324 434
324 435
324 389
325 450
325 575
325 436
325 763
325 428
325 458
325 612
326 414
326 837
326 953
326 986
326 641
326 960
326 787
326 599
327 423
327 366
327 861
327 417
327 959
327 438
328 524
328 621
328 875
328 923
328 860
329 603
329 910
329 842
329 944
329 892
329 997
329 692
329 821
330 771
330 940
330 648
330 652
330 937
330 885
330 943
331 647
331 953
331 683
331 968
331 963
331 787
332 398
332 589
332 345
332 590
332 421
332 361
332 591
333 640
333 882
333 623
333 341
333 663
333 962
333 743
333 893
334 490
334 792
334 588
334 986
334 724
334 844
334 925
334 873
334 766
335 630
335 836
335 728
335 772
335 779
335 672
335 833
335 798
336 552
336 632
336 362
336 661
336 516
336 460
336 966
336 594
337 688
337 395
337 353
337 902
337 923
337 840
337 497
338 422
338 828
338 852
338 725
338 896
338 872
338 923
338 949
338 518
339 633
339 744
339 792
339 716
339 530
339 801
339 957
340 928
340 482
340 983
340 691
340 595
341 659
341 835
341 543
341 704
341 516
341 507
342 447
342 506
342 919
342 942
342 715
342 938
342 390
343 748
343 941
343 511
343 536
343 373
343 957
344 352
344 888
344 669
344 992
344 505
345 449
345 770
345 824
345 858
345 966
345 505
345 695
346 444
346 733
346 509
346 387
346 888
347 880
347 889
347 593
347 585
348 747
348 383
348 788
348 523
348 789
348 790
348 791
349 456
349 553
349 554
349 555
349 556
349 465
349 557
349 558
350 448
350 673
350 823
350 737
350 411
350 828
350 396
350 788
351 913
351 887
351 372
351 685
351 642
352 702
352 665
352 990
352 942
352 532
352 372
353 421
353 377
353 778
353 620
353 641
353 975
354 865
354 896
354 705
354 991
354 822
354 582
354 948
355 445
355 426
355 828
355 950
355 859
355 951
356 402
356 784
356 519
356 852
356 366
356 416
357 886
357 926
357 876
357 862
358 449
358 402
358 707
358 932
359 441
359 434
359 839
359 841
359 849
359 842
359 721
359 826
360 563
360 675
360 731
360 678
360 419
360 850
361 553
361 791
361 887
361 981
361 507
361 886
361 530
362 773
362 782
362 671
362 407
362 582
362 860
363 632
363 940
363 597
363 681
363 973
364 581
364 624
364 367
364 758
364 678
365 548
365 650
365 919
365 722
365 984
365 904
365 813
366 428
366 823
366 657
366 501
366 584
366 826
366 385
367 631
367 783
367 621
367 564
367 605
367 900
368 503
368 841
368 410
368 539
368 435
368 392
368 870
368 560
369 525
369 576
369 513
369 913
369 380
369 921
369 733
369 405
369 806
369 761
369 956
370 625
370 965
370 435
370 962
370 759
370 501
370 730
371 452
371 428
371 679
371 883
371 711
372 658
372 458
372 442
372 621
372 983
373 465
373 867
373 544
373 582
373 946
373 772
374 640
374 742
374 958
374 877
374 537
374 562
374 695
375 498
375 617
375 641
375 642
375 643
375 644
376 414
376 838
376 740
376 563
376 939
376 757
376 940
376 623
377 700
377 612
377 543
377 751
377 562
377 946
378 891
378 870
378 947
378 582
378 946
378 734
379 682
379 668
379 617
379 622
379 464
379 491
379 582
380 448
380 838
380 719
380 930
380 893
380 943
381 836
381 811
381 881
381 817
381 477
381 934
382 539
382 914
382 847
382 759
382 947
382 691
383 557
383 808
383 910
383 824
383 440
383 681
383 467
384 839
384 889
384 996
384 572
384 825
384 672
385 465
385 434
385 496
385 933
385 641
385 960
386 630
386 739
386 504
386 722
386 514
386 758
386 897
386 753
387 689
387 473
387 606
387 759
387 989
387 968
387 946
388 556
388 837
388 540
388 517
388 393
388 710
388 831
389 400
389 471
389 854
389 728
389 609
389 895
390 423
390 624
390 852
390 870
390 818
390 872
390 902
390 973
391 770
391 879
391 842
391 777
391 767
391 936
392 842
392 855
392 833
392 693
392 966
393 699
393 836
393 594
394 525
394 795
394 489
394 535
394 932
394 595
394 752
395 550
395 577
395 907
395 984
395 954
395 865
396 640
396 764
396 819
396 965
396 420
396 725
397 457
397 586
397 892
397 560
397 433
397 893
398 658
398 586
398 676
398 916
399 458
399 911
399 733
399 819
399 762
399 405
399 873
399 813
400 747
400 801
400 714
400 723
400 802
401 770
401 665
401 459
401 934
401 766
402 880
402 673
402 784
402 931
402 934
403 542
403 853
403 493
403 891
403 771
403 531
403 591
404 954
404 410
404 609
404 460
404 840
405 541
405 808
405 637
405 997
405 721
406 630
406 493
406 615
406 680
406 945
406 417
406 515
407 824
407 438
407 996
407 973
407 923
408 575
408 486
408 864
408 516
408 920
408 606
408 741
409 632
409 568
409 918
409 824
409 528
409 803
409 987
409 517
409 805
410 628
410 596
410 684
410 845
410 964
411 444
411 939
411 889
411 586
412 476
412 477
412 478
412 479
412 480
412 481
413 457
413 880
413 648
413 599
413 899
413 810
413 752
413 738
413 900
414 553
414 831
414 662
414 567
414 536
415 550
415 773
415 543
415 867
415 798
415 505
415 868
415 869
416 852
416 602
416 980
416 440
416 535
416 981
416 982
416 704
417 629
417 756
417 967
417 975
417 653
418 812
418 420
418 660
418 801
418 899
418 943
419 452
419 853
419 703
419 887
419 547
419 798
419 900
420 791
420 921
420 734
420 499
420 736
421 739
421 655
421 740
421 741
422 747
422 792
422 793
422 724
422 779
423 781
423 782
423 690
423 580
423 563
424 463
424 563
424 866
424 862
424 868
424 885
424 721
424 951
425 627
425 579
425 500
425 513
425 733
425 883
426 627
426 577
426 924
426 709
426 925
427 830
427 440
427 935
427 916
427 900
427 772
427 818
427 856
428 784
428 437
428 812
428 490
429 603
429 811
429 715
429 963
429 999
429 527
430 739
430 907
430 663
430 762
430 857
430 917
430 822
430 894
431 494
431 436
431 878
431 944
431 910
431 502
431 660
432 651
432 474
432 518
433 879
433 958
433 845
433 964
433 718
433 437
433 996
434 657
434 482
434 771
434 473
434 772
435 555
435 496
435 656
435 802
435 618
435 927
435 855
436 682
436 781
436 774
436 728
436 785
436 852
436 501
437 746
437 579
437 706
437 687
438 699
438 539
438 569
438 715
438 776
439 735
439 972
439 565
439 866
439 691
440 942
440 466
440 526
440 857
441 700
441 616
441 573
441 767
441 768
442 655
442 912
442 729
442 545
442 735
442 502
443 449
443 450
443 451
443 452
443 453
443 454
443 455
443 456
444 457
444 458
444 459
444 460
444 461
445 462
445 463
445 464
445 465
445 466
445 467
446 468
446 469
446 470
446 471
446 472
446 473
446 474
446 475
447 482
447 483
447 484
447 485
448 494
448 495
448 496
448 456
448 497
449 498
449 499
449 500
449 501
449 502
450 503
450 504
450 474
450 505
450 506
450 507
450 508
451 509
451 510
451 511
451 512
452 520
452 521
452 522
452 523
452 524
452 525
453 509
453 526
453 527
453 528
453 529
453 530
453 531
454 499
454 532
454 533
454 534
454 535
454 479
454 536
454 537
455 538
455 539
455 540
455 541
455 542
456 543
456 544
456 545
456 488
456 546
456 547
457 538
457 717
457 890
458 654
458 886
458 765
458 728
458 887
459 525
459 835
459 722
459 684
459 833
459 943
460 465
460 734
460 742
460 831
460 595
461 512
461 838
461 538
461 903
461 785
461 904
461 905
461 846
462 506
462 771
462 910
462 508
462 731
462 762
463 618
463 922
463 842
463 923
463 711
464 612
464 926
464 859
464 692
464 963
465 612
465 613
465 614
465 615
466 577
466 837
466 483
466 618
466 758
466 945
467 994
467 615
467 967
467 801
467 713
467 489
467 900
468 574
468 579
468 804
468 834
469 485
469 918
469 639
469 905
469 842
469 919
469 716
470 673
470 510
470 534
470 569
470 761
470 968
471 574
471 781
471 722
471 827
471 828
471 716
471 829
472 580
472 928
472 504
472 689
473 552
473 882
473 617
473 478
473 523
473 951
474 539
474 814
474 663
474 817
474 712
475 908
475 645
475 619
475 680
475 609
476 512
476 539
476 911
476 677
476 714
476 898
476 569
476 933
477 556
477 909
477 981
477 759
477 818
478 990
478 906
478 692
478 834
479 941
479 783
479 739
479 865
479 528
479 789
479 571
480 578
480 780
480 945
480 755
480 949
480 916
480 572
480 732
481 512
481 760
481 489
481 599
481 997
481 511
481 849
481 951
482 532
482 862
482 810
483 751
483 920
483 856
483 798
483 571
484 558
484 939
484 662
484 727
484 995
484 591
485 555
485 763
485 884
485 820
485 726
486 783
486 656
486 625
486 679
486 667
486 974
486 504
487 556
487 677
487 826
487 669
487 520
488 503
488 907
488 896
488 683
488 605
489 533
489 780
489 641
489 864
489 765
490 659
490 769
490 651
490 880
490 783
490 794
491 701
491 581
491 953
491 619
491 906
491 492
492 644
492 876
492 920
492 787
493 836
493 773
493 532
493 624
493 815
494 733
494 614
494 677
494 734
495 698
495 722
495 527
495 723
496 525
496 717
496 639
496 565
496 921
497 930
497 619
497 762
498 557
498 626
498 627
498 628
498 629
498 630
498 522
499 658
499 984
499 986
499 893
499 710
499 559
500 640
500 574
500 756
500 688
500 671
500 605
501 769
501 954
501 970
501 723
502 820
502 840
502 654
502 905
502 969
503 781
503 545
503 656
504 932
504 532
504 849
504 734
505 689
505 528
505 995
505 721
506 698
506 724
506 725
506 726
507 655
507 805
507 618
507 657
508 579
508 782
508 583
508 918
509 838
509 819
509 750
509 780
509 980
510 630
510 600
510 948
510 691
510 874
511 807
511 826
511 738
512 707
512 843
512 716
513 576
513 538
513 902
513 809
513 888
514 911
514 716
514 559
514 969
515 621
515 803
515 684
515 949
516 830
516 736
516 966
516 800
517 910
517 872
517 950
517 710
517 958
517 993
518 734
518 993
518 857
518 959
518 979
518 765
519 700
519 580
519 883
519 774
519 559
519 590
519 755
520 971
520 751
520 687
520 711
520 961
520 901
521 719
521 878
521 757
521 993
521 944
521 801
522 657
522 658
522 659
522 660
522 577
523 748
523 654
523 793
523 973
523 720
524 634
524 699
524 790
524 673
524 874
524 966
525 738
525 676
525 726
526 824
526 648
526 971
526 705
526 947
526 813
527 903
527 761
527 738
527 821
527 721
528 744
528 598
528 687
528 922
529 835
529 828
529 993
530 890
530 560
530 589
530 777
531 764
531 597
531 958
531 797
531 844
531 561
531 888
532 744
532 898
532 847
532 894
533 828
533 871
533 620
533 743
533 688
533 732
533 653
534 554
534 771
534 689
534 664
534 638
534 610
535 835
535 982
535 977
535 825
535 765
536 792
536 814
536 755
536 973
536 850
536 868
536 721
537 576
537 714
537 898
537 751
537 671
538 867
538 891
538 812
539 763
539 592
539 562
540 784
540 851
540 978
540 876
540 694
540 610
541 626
541 682
541 678
541 649
541 683
541 684
541 685
542 698
542 705
542 706
543 635
543 871
543 921
543 675
543 914
544 836
544 930
544 625
544 796
544 820
544 840
545 659
545 560
545 637
545 605
545 949
545 761
546 699
546 673
546 922
546 965
546 894
546 969
547 882
547 827
547 801
547 988
547 706
548 559
548 560
548 561
548 562
549 563
549 564
549 565
549 566
549 567
550 568
550 569
550 570
550 571
550 572
551 574
551 575
551 576
551 577
551 578
551 579
551 580
551 581
552 585
552 586
552 587
552 588
553 592
553 593
553 594
553 595
553 564
554 596
554 597
554 598
554 599
554 600
554 601
555 602
555 603
555 604
555 605
555 606
556 607
556 608
556 609
556 610
556 611
557 616
557 617
557 618
557 573
557 589
557 619
557 620
558 621
558 622
558 623
558 624
558 605
558 625
559 755
559 998
559 949
559 999
560 749
560 789
560 587
560 850
561 709
561 924
561 862
561 676
562 630
562 575
562 734
562 959
562 789
563 669
563 657
563 850
564 690
564 945
564 981
564 766
564 951
564 736
565 666
565 724
565 851
566 575
566 685
566 992
566 567
566 917
567 944
567 638
567 825
568 574
568 707
568 830
568 831
568 832
568 833
569 741
569 997
569 988
569 947
569 843
570 790
570 891
570 588
570 917
570 639
571 879
571 976
571 870
571 977
571 730
571 786
572 647
572 851
572 728
572 885
573 832
573 708
573 970
573 876
574 807
574 749
574 791
574 808
575 809
575 810
576 629
576 762
576 662
577 749
577 811
577 585
578 702
578 729
578 641
578 688
578 812
578 813
578 814
578 815
579 748
579 817
579 597
579 818
580 819
581 656
581 820
581 821
582 901
583 749
583 656
583 784
584 586
584 785
584 886
584 649
585 623
585 667
585 832
585 724
586 788
586 694
586 996
586 813
586 587
587 936
587 951
587 692
588 658
588 792
588 877
588 989
589 651
589 793
589 728
589 711
590 627
590 792
590 743
591 791
591 771
591 734
591 962
591 959
592 839
592 679
592 976
592 758
592 977
592 753
592 705
593 668
593 684
593 866
593 834
593 873
593 732
594 769
594 915
594 931
594 613
594 767
595 697
595 914
595 750
595 936
596 744
596 707
596 644
596 795
596 971
597 907
597 980
597 693
597 885
598 628
598 972
598 680
598 602
598 944
599 881
599 776
599 727
600 626
600 690
600 691
600 692
601 635
601 887
601 990
601 849
601 936
601 925
602 994
602 611
602 971
602 883
602 998
603 742
603 743
603 725
604 735
604 714
604 962
604 662
604 800
605 794
606 837
606 617
606 992
606 864
606 884
606 736
607 626
607 663
607 664
607 665
607 666
607 667
607 668
607 669
608 763
608 883
608 804
608 681
609 628
609 677
609 720
610 650
610 689
610 965
610 872
610 947
611 631
611 651
611 764
611 846
611 727
611 738
611 695
612 745
612 889
612 730
612 715
613 748
613 646
613 815
613 813
614 658
614 638
614 680
614 820
614 888
615 762
615 897
615 723
616 682
616 744
616 745
616 746
617 890
617 940
617 785
617 958
618 994
618 796
618 945
618 643
619 632
619 929
619 796
620 627
620 664
620 670
620 937
620 905
621 812
621 783
621 694
621 652
622 952
622 830
622 902
622 963
623 871
623 816
623 704
623 895
623 814
623 938
624 673
624 796
624 834
625 768
625 687
625 820
626 631
626 632
626 633
626 634
626 635
626 636
627 637
627 638
628 645
628 646
628 647
629 648
629 649
629 650
629 651
629 652
629 653
630 654
630 655
630 656
631 639
631 661
631 662
632 670
632 671
632 672
633 673
633 674
633 675
633 676
633 677
634 678
634 664
634 679
634 680
634 681
635 686
635 674
635 687
635 688
635 689
636 693
636 666
636 694
636 695
636 696
636 697
637 958
637 643
637 774
637 968
637 859
638 768
638 919
638 680
638 963
639 981
639 903
640 688
640 709
641 878
641 796
641 915
642 807
642 877
642 811
642 870
642 856
643 994
643 964
643 797
643 957
643 681
643 925
644 986
644 705
644 777
644 859
645 719
645 847
645 991
645 861
645 986
646 808
646 854
646 984
646 758
646 663
646 956
646 661
647 773
647 816
647 858
647 859
648 746
648 749
648 839
648 868
648 901
649 981
649 710
649 966
649 797
650 702
650 717
650 673
650 860
650 677
651 747
651 803
651 779
652 782
652 691
652 863
652 800
653 782
653 855
653 760
653 951
653 713
653 813
654 965
654 927
654 680
654 962
654 759
655 747
655 783
655 784
655 785
655 661
656 977
656 978
657 658
657 742
657 983
657 999
658 763
658 822
659 698
659 713
659 676
660 684
660 922
660 678
661 803
661 975
661 963
661 978
662 782
662 861
662 945
663 746
663 807
663 688
664 697
664 973
664 843
665 835
665 867
665 979
665 849
665 873
666 836
666 819
666 718
666 962
666 713
666 821
667 739
667 823
667 883
667 864
667 672
668 773
668 707
668 861
668 862
668 863
669 836
669 890
669 725
669 989
670 701
670 694
670 906
670 804
670 683
670 774
671 889
671 979
671 895
671 863
672 792
672 984
672 904
672 957
672 850
673 908
674 846
674 718
675 711
675 937
676 699
676 822
677 808
677 930
677 927
678 759
679 703
679 705
679 777
681 897
681 884
681 985
681 943
682 749
682 750
683 835
683 932
683 766
683 800
684 881
685 929
685 828
685 946
686 839
686 847
686 708
686 811
686 758
686 794
686 981
686 851
687 882
687 903
688 784
688 967
688 696
689 823
689 806
690 713
690 916
690 899
691 990
691 965
692 799
692 858
693 879
693 703
693 932
693 950
694 727
694 845
695 954
695 824
695 726
696 918
696 873
696 964
696 988
697 841
697 842
698 699
698 700
698 701
699 703
699 704
700 714
700 715
700 716
700 717
701 718
701 719
701 720
701 721
702 735
702 736
702 737
703 771
703 729
703 733
703 905
704 812
704 780
704 965
704 889
704 772
705 737
706 912
706 888
706 982
706 753
706 741
707 748
707 729
707 887
708 791
708 737
708 909
709 871
709 907
709 875
709 863
710 924
710 985
711 974
711 932
711 864
712 924
712 977
712 946
712 959
712 727
712 961
713 826
713 932
714 760
714 961
714 898
715 803
715 991
715 915
716 987
717 839
717 894
717 817
718 908
718 887
719 841
719 877
719 818
720 929
720 938
720 973
720 961
720 863
721 854
721 953
721 857
722 819
722 858
722 988
723 971
723 889
723 726
723 810
724 981
724 825
725 750
725 845
725 915
725 777
726 854
726 737
726 799
726 825
727 877
727 995
728 962
728 818
729 880
729 929
729 882
729 930
730 982
730 905
730 968
730 849
731 928
731 964
731 942
731 923
731 850
731 869
731 963
732 887
732 988
732 963
732 925
733 930
734 829
734 951
735 912
735 941
735 778
736 898
736 933
736 900
737 911
737 960
737 964
737 937
738 928
738 830
739 952
739 956
739 959
739 876
739 885
740 831
740 797
740 855
740 766
741 816
741 968
742 974
742 918
742 848
742 817
742 815
742 917
743 866
743 848
743 827
743 767
744 756
744 757
745 758
745 759
745 760
745 761
746 763
746 764
746 765
746 766
747 769
747 770
748 773
748 774
748 772
749 764
749 826
750 953
750 964
750 898
751 989
751 876
751 957
752 892
752 775
752 787
753 768
753 923
753 779
754 865
754 970
754 843
754 979
755 989
755 883
755 775
756 939
756 940
756 870
756 851
757 944
757 945
757 789
757 943
758 938
758 829
759 799
759 894
760 778
760 981
760 804
760 848
761 789
762 998
762 825
763 878
763 879
764 807
764 799
765 878
765 861
766 864
767 775
768 952
768 871
768 793
768 910
768 960
768 961
769 796
769 797
769 798
769 799
769 800
770 804
770 795
770 805
770 806
771 816
772 890
772 869
772 822
773 841
773 853
774 903
774 881
774 857
774 818
775 991
775 986
776 832
776 858
776 915
776 995
777 974
778 953
778 907
778 847
778 960
779 972
779 832
780 985
780 969
781 836
781 837
781 838
781 839
782 941
782 873
783 808
784 832
785 911
785 955
785 997
786 953
786 935
786 997
786 992
787 795
787 821
788 931
788 934
788 964
788 925
789 957
790 838
790 846
792 952
792 962
793 888
794 946
795 919
795 920
795 948
797 828
797 870
797 992
798 807
798 913
798 959
798 956
799 853
799 920
799 938
800 991
801 823
801 932
801 822
802 940
802 921
802 819
802 934
802 904
802 850
803 808
803 879
803 961
803 933
804 869
805 913
805 872
805 978
805 894
805 820
806 807
806 860
806 983
806 810
806 978
807 824
807 825
809 871
809 973
809 901
809 818
809 893
810 891
810 953
811 878
812 839
812 864
812 856
813 878
813 904
814 858
814 956
814 863
814 943
815 954
815 865
815 996
816 836
816 941
816 956
816 872
816 910
817 990
817 900
818 942
820 875
821 991
821 868
822 926
822 979
823 955
823 914
824 979
825 966
826 889
826 903
827 878
827 971
827 892
827 931
828 915
828 948
829 851
829 937
829 869
829 896
830 871
830 894
830 935
830 861
831 933
831 992
832 867
832 856
833 926
833 892
833 844
834 998
834 935
834 896
835 844
835 845
837 847
837 848
837 849
837 850
838 851
840 990
840 905
840 983
841 854
842 845
842 899
843 973
843 859
844 976
844 956
844 875
844 934
845 849
845 895
846 929
846 941
846 954
847 990
847 904
848 898
848 869
848 897
850 988
851 977
852 940
852 979
853 856
854 874
854 875
854 876
855 912
855 882
855 939
855 960
856 988
857 974
857 876
858 954
859 924
859 922
859 917
860 989
860 998
860 916
861 929
861 937
862 971
862 998
863 879
863 933
863 902
864 884
865 913
865 909
866 927
866 936
866 975
867 897
868 967
868 947
868 936
868 966
869 934
869 997
869 947
870 985
871 912
871 972
874 877
874 892
875 921
875 987
877 883
877 893
879 885
880 928
881 908
881 922
882 928
884 913
884 931
884 895
885 935
885 988
887 970
888 964
890 896
890 893
891 906
892 982
894 933
895 912
895 985
896 984
896 977
897 913
897 901
898 976
899 917
899 938
900 965
902 998
902 969
903 940
903 908
904 909
904 950
906 910
907 984
908 913
908 967
909 927
909 963
909 961
910 955
911 914
914 939
914 975
915 935
916 929
916 978
920 953
921 934
921 974
921 926
924 984
925 940
926 955
926 943
927 993
928 932
929 935
929 936
930 938
931 980
931 975
931 969
935 968
937 951
937 969
938 972
939 941
939 942
939 943
941 952
942 989
945 987
945 994
947 960
947 978
950 967
950 999
950 983
952 953
955 974
955 971
956 968
961 978
962 971
967 987
968 983
970 993
970 992
976 986
976 977
976 985
977 997
979 995
980 986
980 987
983 988
987 992
993 999
