0 1
0 1
0 6
0 6
0 7
0 7
0 8
0 8
0 4
0 4
1 2
1 2
1 3
1 3
1 4
1 4
1 5
1 5
2 7
2 7
2 28
2 28
2 29
2 29
2 5
2 5
3 8
3 8
3 29
3 29
3 136
3 136
3 137
3 137
3 138
3 138
4 6
4 6
4 9
4 9
4 365
4 365
4 588
4 588
4 18
4 18
4 137
4 137
5 28
5 28
5 44
5 44
5 588
5 588
5 597
5 597
5 78
5 78
5 138
5 138
6 9
6 9
6 10
6 10
6 11
6 11
7 10
7 10
7 30
7 30
7 31
7 31
8 11
8 11
8 31
8 31
8 139
8 139
8 137
8 137
9 12
9 12
9 13
9 13
9 14
9 14
10 13
10 13
10 32
10 32
10 33
10 33
11 14
11 14
11 33
11 33
11 140
11 140
11 137
11 137
12 15
12 15
12 16
12 16
12 17
12 17
12 18
12 18
13 16
13 16
13 34
13 34
13 35
13 35
14 17
14 17
14 35
14 35
14 141
14 141
14 137
14 137
15 19
15 19
15 20
15 20
15 21
15 21
15 18
15 18
16 20
16 20
16 36
16 36
16 37
16 37
17 21
17 21
17 37
17 37
17 142
17 142
17 143
17 143
18 19
18 19
18 22
18 22
18 383
18 383
18 385
18 385
18 387
18 387
18 389
18 389
18 590
18 590
18 143
18 143
19 22
19 22
19 23
19 23
19 24
19 24
20 23
20 23
20 38
20 38
20 39
20 39
21 24
21 24
21 39
21 39
21 144
21 144
21 143
21 143
22 25
22 25
22 26
22 26
22 27
22 27
23 25
23 25
23 40
23 40
23 41
23 41
24 26
24 26
24 41
24 41
24 145
24 145
24 143
24 143
25 42
25 42
25 43
25 43
25 27
25 27
26 43
26 43
26 146
26 146
26 143
26 143
26 147
26 147
27 42
27 42
27 58
27 58
27 590
27 590
27 459
27 459
27 93
27 93
27 147
27 147
28 30
28 30
28 44
28 44
28 45
28 45
29 31
29 31
29 45
29 45
29 148
29 148
29 138
29 138
30 32
30 32
30 46
30 46
30 47
30 47
31 33
31 33
31 47
31 47
31 149
31 149
32 34
32 34
32 48
32 48
32 49
32 49
33 35
33 35
33 49
33 49
33 150
33 150
34 36
34 36
34 50
34 50
34 51
34 51
35 37
35 37
35 51
35 51
35 151
35 151
36 38
36 38
36 52
36 52
36 53
36 53
37 39
37 39
37 53
37 53
37 152
37 152
38 40
38 40
38 54
38 54
38 55
38 55
39 41
39 41
39 55
39 55
39 153
39 153
40 42
40 42
40 56
40 56
40 57
40 57
41 43
41 43
41 57
41 57
41 154
41 154
42 58
42 58
42 59
42 59
43 59
43 59
43 155
43 155
43 147
43 147
44 46
44 46
44 60
44 60
44 61
44 61
45 47
45 47
45 61
45 61
45 156
45 156
45 138
45 138
46 48
46 48
46 62
46 62
46 63
46 63
47 49
47 49
47 63
47 63
47 157
47 157
48 50
48 50
48 64
48 64
48 65
48 65
49 51
49 51
49 65
49 65
49 158
49 158
50 52
50 52
50 66
50 66
50 67
50 67
51 53
51 53
51 67
51 67
51 159
51 159
52 54
52 54
52 68
52 68
52 69
52 69
53 55
53 55
53 69
53 69
53 160
53 160
54 56
54 56
54 70
54 70
54 71
54 71
55 57
55 57
55 71
55 71
55 161
55 161
56 58
56 58
56 72
56 72
56 73
56 73
57 59
57 59
57 73
57 73
57 162
57 162
58 74
58 74
58 75
58 75
59 75
59 75
59 163
59 163
59 147
59 147
60 62
60 62
60 76
60 76
60 77
60 77
60 78
60 78
61 63
61 63
61 77
61 77
61 164
61 164
61 138
61 138
62 64
62 64
62 79
62 79
62 80
62 80
63 65
63 65
63 80
63 80
63 165
63 165
64 66
64 66
64 81
64 81
64 82
64 82
65 67
65 67
65 82
65 82
65 166
65 166
66 68
66 68
66 83
66 83
66 84
66 84
67 69
67 69
67 84
67 84
67 167
67 167
68 70
68 70
68 85
68 85
68 86
68 86
69 71
69 71
69 86
69 86
69 168
69 168
70 72
70 72
70 87
70 87
70 88
70 88
71 73
71 73
71 88
71 88
71 169
71 169
72 74
72 74
72 89
72 89
72 90
72 90
73 75
73 75
73 90
73 90
73 170
73 170
74 91
74 91
74 92
74 92
74 93
74 93
75 92
75 92
75 171
75 171
75 147
75 147
76 79
76 79
76 94
76 94
76 95
76 95
76 78
76 78
77 80
77 80
77 95
77 95
77 172
77 172
77 173
77 173
78 94
78 94
78 110
78 110
78 607
78 607
78 615
78 615
78 173
78 173
79 81
79 81
79 96
79 96
79 97
79 97
80 82
80 82
80 97
80 97
80 174
80 174
81 83
81 83
81 98
81 98
81 99
81 99
82 84
82 84
82 99
82 99
82 175
82 175
83 85
83 85
83 100
83 100
83 101
83 101
84 86
84 86
84 101
84 101
84 176
84 176
85 87
85 87
85 102
85 102
85 103
85 103
86 88
86 88
86 103
86 103
86 177
86 177
87 89
87 89
87 104
87 104
87 105
87 105
88 90
88 90
88 105
88 105
88 178
88 178
89 91
89 91
89 106
89 106
89 107
89 107
90 92
90 92
90 107
90 107
90 179
90 179
91 108
91 108
91 109
91 109
91 93
91 93
92 109
92 109
92 180
92 180
92 181
92 181
93 108
93 108
93 124
93 124
93 456
93 456
93 457
93 457
93 468
93 468
93 476
93 476
93 616
93 616
93 181
93 181
94 96
94 96
94 110
94 110
94 111
94 111
95 97
95 97
95 111
95 111
95 182
95 182
95 173
95 173
96 98
96 98
96 112
96 112
96 113
96 113
97 99
97 99
97 113
97 113
97 183
97 183
98 100
98 100
98 114
98 114
98 115
98 115
99 101
99 101
99 115
99 115
99 184
99 184
100 102
100 102
100 116
100 116
100 117
100 117
101 103
101 103
101 117
101 117
101 185
101 185
102 104
102 104
102 118
102 118
102 119
102 119
103 105
103 105
103 119
103 119
103 186
103 186
104 106
104 106
104 120
104 120
104 121
104 121
105 107
105 107
105 121
105 121
105 187
105 187
106 108
106 108
106 122
106 122
106 123
106 123
107 109
107 109
107 123
107 123
107 188
107 188
108 124
108 124
108 125
108 125
109 125
109 125
109 189
109 189
109 181
109 181
110 112
110 112
110 126
110 126
110 127
110 127
111 113
111 113
111 126
111 126
111 190
111 190
111 173
111 173
112 114
112 114
112 128
112 128
112 127
112 127
113 115
113 115
113 128
113 128
113 191
113 191
114 116
114 116
114 129
114 129
114 127
114 127
115 117
115 117
115 129
115 129
115 192
115 192
116 118
116 118
116 130
116 130
116 127
116 127
117 119
117 119
117 130
117 130
117 193
117 193
118 120
118 120
118 131
118 131
118 132
118 132
119 121
119 121
119 131
119 131
119 194
119 194
120 122
120 122
120 133
120 133
120 132
120 132
121 123
121 123
121 133
121 133
121 195
121 195
122 124
122 124
122 134
122 134
122 132
122 132
123 125
123 125
123 134
123 134
123 196
123 196
124 135
124 135
124 132
124 132
125 135
125 135
125 197
125 197
125 181
125 181
126 128
126 128
126 198
126 198
126 173
126 173
126 199
126 199
127 615
127 615
127 132
127 132
127 626
127 626
127 199
127 199
128 129
128 129
128 200
128 200
128 199
128 199
129 130
129 130
129 201
129 201
129 199
129 199
130 131
130 131
130 202
130 202
130 199
130 199
131 133
131 133
131 203
131 203
131 204
131 204
132 616
132 616
132 627
132 627
132 204
132 204
133 134
133 134
133 205
133 205
133 204
133 204
134 135
134 135
134 206
134 206
134 204
134 204
135 207
135 207
135 181
135 181
135 204
135 204
136 139
136 139
136 148
136 148
136 208
136 208
136 209
136 209
136 210
136 210
137 397
137 397
137 599
137 599
137 143
137 143
137 209
137 209
138 599
138 599
138 608
138 608
138 173
138 173
138 210
138 210
139 140
139 140
139 149
139 149
139 211
139 211
139 209
139 209
140 141
140 141
140 150
140 150
140 212
140 212
140 209
140 209
141 142
141 142
141 151
141 151
141 213
141 213
141 209
141 209
142 144
142 144
142 152
142 152
142 214
142 214
142 215
142 215
143 391
143 391
143 392
143 392
143 393
143 393
143 394
143 394
143 600
143 600
143 215
143 215
144 145
144 145
144 153
144 153
144 216
144 216
144 215
144 215
145 146
145 146
145 154
145 154
145 217
145 217
145 215
145 215
146 155
146 155
146 218
146 218
146 215
146 215
146 219
146 219
147 600
147 600
147 490
147 490
147 181
147 181
147 219
147 219
148 149
148 149
148 156
148 156
148 220
148 220
148 210
148 210
149 150
149 150
149 157
149 157
149 221
149 221
150 151
150 151
150 158
150 158
150 222
150 222
151 152
151 152
151 159
151 159
151 223
151 223
152 153
152 153
152 160
152 160
152 224
152 224
153 154
153 154
153 161
153 161
153 225
153 225
154 155
154 155
154 162
154 162
154 226
154 226
155 163
155 163
155 227
155 227
155 219
155 219
156 157
156 157
156 164
156 164
156 228
156 228
156 210
156 210
157 158
157 158
157 165
157 165
157 229
157 229
158 159
158 159
158 166
158 166
158 230
158 230
159 160
159 160
159 167
159 167
159 231
159 231
160 161
160 161
160 168
160 168
160 232
160 232
161 162
161 162
161 169
161 169
161 233
161 233
162 163
162 163
162 170
162 170
162 234
162 234
163 171
163 171
163 235
163 235
163 219
163 219
164 165
164 165
164 172
164 172
164 236
164 236
164 210
164 210
165 166
165 166
165 174
165 174
165 237
165 237
166 167
166 167
166 175
166 175
166 238
166 238
167 168
167 168
167 176
167 176
167 239
167 239
168 169
168 169
168 177
168 177
168 240
168 240
169 170
169 170
169 178
169 178
169 241
169 241
170 171
170 171
170 179
170 179
170 242
170 242
171 180
171 180
171 243
171 243
171 219
171 219
172 174
172 174
172 182
172 182
172 244
172 244
172 245
172 245
173 614
173 614
173 625
173 625
173 245
173 245
174 175
174 175
174 183
174 183
174 246
174 246
175 176
175 176
175 184
175 184
175 247
175 247
176 177
176 177
176 185
176 185
176 248
176 248
177 178
177 178
177 186
177 186
177 249
177 249
178 179
178 179
178 187
178 187
178 250
178 250
179 180
179 180
179 188
179 188
179 251
179 251
180 189
180 189
180 252
180 252
180 253
180 253
181 458
181 458
181 469
181 469
181 477
181 477
181 484
181 484
181 629
181 629
181 253
181 253
182 183
182 183
182 190
182 190
182 254
182 254
182 245
182 245
183 184
183 184
183 191
183 191
183 255
183 255
184 185
184 185
184 192
184 192
184 256
184 256
185 186
185 186
185 193
185 193
185 257
185 257
186 187
186 187
186 194
186 194
186 258
186 258
187 188
187 188
187 195
187 195
187 259
187 259
188 189
188 189
188 196
188 196
188 260
188 260
189 197
189 197
189 261
189 261
189 253
189 253
190 191
190 191
190 198
190 198
190 262
190 262
190 245
190 245
191 192
191 192
191 200
191 200
191 263
191 263
192 193
192 193
192 201
192 201
192 264
192 264
193 194
193 194
193 202
193 202
193 265
193 265
194 195
194 195
194 203
194 203
194 266
194 266
195 196
195 196
195 205
195 205
195 267
195 267
196 197
196 197
196 206
196 206
196 268
196 268
197 207
197 207
197 269
197 269
197 253
197 253
198 200
198 200
198 270
198 270
198 245
198 245
198 271
198 271
199 625
199 625
199 204
199 204
199 640
199 640
199 271
199 271
200 201
200 201
200 272
200 272
200 271
200 271
201 202
201 202
201 273
201 273
201 271
201 271
202 203
202 203
202 274
202 274
202 271
202 271
203 205
203 205
203 275
203 275
203 276
203 276
204 629
204 629
204 642
204 642
204 276
204 276
205 206
205 206
205 277
205 277
205 276
205 276
206 207
206 207
206 278
206 278
206 276
206 276
207 279
207 279
207 253
207 253
207 276
207 276
208 211
208 211
208 220
208 220
208 280
208 280
208 281
208 281
208 282
208 282
209 416
209 416
209 699
209 699
209 215
209 215
209 281
209 281
210 699
210 699
210 704
210 704
210 245
210 245
210 282
210 282
211 212
211 212
211 221
211 221
211 283
211 283
211 281
211 281
212 213
212 213
212 222
212 222
212 284
212 284
212 281
212 281
213 214
213 214
213 223
213 223
213 285
213 285
213 281
213 281
214 216
214 216
214 224
214 224
214 286
214 286
214 287
214 287
215 410
215 410
215 411
215 411
215 412
215 412
215 413
215 413
215 700
215 700
215 287
215 287
216 217
216 217
216 225
216 225
216 288
216 288
216 287
216 287
217 218
217 218
217 226
217 226
217 289
217 289
217 287
217 287
218 227
218 227
218 290
218 290
218 287
218 287
218 291
218 291
219 700
219 700
219 508
219 508
219 253
219 253
219 291
219 291
220 221
220 221
220 228
220 228
220 292
220 292
220 282
220 282
221 222
221 222
221 229
221 229
221 293
221 293
222 223
222 223
222 230
222 230
222 294
222 294
223 224
223 224
223 231
223 231
223 295
223 295
224 225
224 225
224 232
224 232
224 296
224 296
225 226
225 226
225 233
225 233
225 297
225 297
226 227
226 227
226 234
226 234
226 298
226 298
227 235
227 235
227 299
227 299
227 291
227 291
228 229
228 229
228 236
228 236
228 300
228 300
228 282
228 282
229 230
229 230
229 237
229 237
229 301
229 301
230 231
230 231
230 238
230 238
230 302
230 302
231 232
231 232
231 239
231 239
231 303
231 303
232 233
232 233
232 240
232 240
232 304
232 304
233 234
233 234
233 241
233 241
233 305
233 305
234 235
234 235
234 242
234 242
234 306
234 306
235 243
235 243
235 307
235 307
235 291
235 291
236 237
236 237
236 244
236 244
236 308
236 308
236 282
236 282
237 238
237 238
237 246
237 246
237 309
237 309
238 239
238 239
238 247
238 247
238 310
238 310
239 240
239 240
239 248
239 248
239 311
239 311
240 241
240 241
240 249
240 249
240 312
240 312
241 242
241 242
241 250
241 250
241 313
241 313
242 243
242 243
242 251
242 251
242 314
242 314
243 252
243 252
243 315
243 315
243 291
243 291
244 246
244 246
244 254
244 254
244 316
244 316
244 317
244 317
245 707
245 707
245 711
245 711
245 317
245 317
246 247
246 247
246 255
246 255
246 318
246 318
247 248
247 248
247 256
247 256
247 319
247 319
248 249
248 249
248 257
248 257
248 320
248 320
249 250
249 250
249 258
249 258
249 321
249 321
250 251
250 251
250 259
250 259
250 322
250 322
251 252
251 252
251 260
251 260
251 323
251 323
252 261
252 261
252 324
252 324
252 325
252 325
253 489
253 489
253 494
253 494
253 498
253 498
253 502
253 502
253 712
253 712
253 325
253 325
254 255
254 255
254 262
254 262
254 326
254 326
254 317
254 317
255 256
255 256
255 263
255 263
255 327
255 327
256 257
256 257
256 264
256 264
256 328
256 328
257 258
257 258
257 265
257 265
257 329
257 329
258 259
258 259
258 266
258 266
258 330
258 330
259 260
259 260
259 267
259 267
259 331
259 331
260 261
260 261
260 268
260 268
260 332
260 332
261 269
261 269
261 333
261 333
261 325
261 325
262 263
262 263
262 270
262 270
262 334
262 334
262 317
262 317
263 264
263 264
263 272
263 272
263 335
263 335
264 265
264 265
264 273
264 273
264 336
264 336
265 266
265 266
265 274
265 274
265 337
265 337
266 267
266 267
266 275
266 275
266 338
266 338
267 268
267 268
267 277
267 277
267 339
267 339
268 269
268 269
268 278
268 278
268 340
268 340
269 279
269 279
269 341
269 341
269 325
269 325
270 272
270 272
270 342
270 342
270 317
270 317
270 343
270 343
271 711
271 711
271 276
271 276
271 717
271 717
271 343
271 343
272 273
272 273
272 344
272 344
272 343
272 343
273 274
273 274
273 345
273 345
273 343
273 343
274 275
274 275
274 346
274 346
274 343
274 343
275 277
275 277
275 347
275 347
275 348
275 348
276 712
276 712
276 718
276 718
276 348
276 348
277 278
277 278
277 349
277 349
277 348
277 348
278 279
278 279
278 350
278 350
278 348
278 348
279 351
279 351
279 325
279 325
279 348
279 348
280 283
280 283
280 292
280 292
280 352
280 352
280 353
280 353
281 435
281 435
281 760
281 760
281 287
281 287
281 352
281 352
282 760
282 760
282 765
282 765
282 317
282 317
282 353
282 353
283 284
283 284
283 293
283 293
283 352
283 352
284 285
284 285
284 294
284 294
284 352
284 352
285 286
285 286
285 295
285 295
285 352
285 352
286 288
286 288
286 296
286 296
286 354
286 354
287 429
287 429
287 430
287 430
287 431
287 431
287 432
287 432
287 761
287 761
287 354
287 354
288 289
288 289
288 297
288 297
288 354
288 354
289 290
289 290
289 298
289 298
289 354
289 354
290 299
290 299
290 354
290 354
290 355
290 355
291 761
291 761
291 526
291 526
291 325
291 325
291 355
291 355
292 293
292 293
292 300
292 300
292 353
292 353
293 294
293 294
293 301
293 301
294 295
294 295
294 302
294 302
295 296
295 296
295 303
295 303
296 297
296 297
296 304
296 304
297 298
297 298
297 305
297 305
298 299
298 299
298 306
298 306
299 307
299 307
299 355
299 355
300 301
300 301
300 308
300 308
300 353
300 353
301 302
301 302
301 309
301 309
302 303
302 303
302 310
302 310
303 304
303 304
303 311
303 311
304 305
304 305
304 312
304 312
305 306
305 306
305 313
305 313
306 307
306 307
306 314
306 314
307 315
307 315
307 355
307 355
308 309
308 309
308 316
308 316
308 353
308 353
309 310
309 310
309 318
309 318
310 311
310 311
310 319
310 319
311 312
311 312
311 320
311 320
312 313
312 313
312 321
312 321
313 314
313 314
313 322
313 322
314 315
314 315
314 323
314 323
315 324
315 324
315 355
315 355
316 318
316 318
316 326
316 326
316 356
316 356
317 768
317 768
317 772
317 772
317 356
317 356
318 319
318 319
318 327
318 327
319 320
319 320
319 328
319 328
320 321
320 321
320 329
320 329
321 322
321 322
321 330
321 330
322 323
322 323
322 331
322 331
323 324
323 324
323 332
323 332
324 333
324 333
324 357
324 357
325 507
325 507
325 512
325 512
325 516
325 516
325 520
325 520
325 773
325 773
325 357
325 357
326 327
326 327
326 334
326 334
326 356
326 356
327 328
327 328
327 335
327 335
328 329
328 329
328 336
328 336
329 330
329 330
329 337
329 337
330 331
330 331
330 338
330 338
331 332
331 332
331 339
331 339
332 333
332 333
332 340
332 340
333 341
333 341
333 357
333 357
334 335
334 335
334 342
334 342
334 356
334 356
335 336
335 336
335 344
335 344
336 337
336 337
336 345
336 345
337 338
337 338
337 346
337 346
338 339
338 339
338 347
338 347
339 340
339 340
339 349
339 349
340 341
340 341
340 350
340 350
341 351
341 351
341 357
341 357
342 344
342 344
342 356
342 356
342 358
342 358
343 772
343 772
343 348
343 348
343 778
343 778
343 358
343 358
344 345
344 345
344 358
344 358
345 346
345 346
345 358
345 358
346 347
346 347
346 358
346 358
347 349
347 349
347 359
347 359
348 773
348 773
348 779
348 779
348 359
348 359
349 350
349 350
349 359
349 359
350 351
350 351
350 359
350 359
351 357
351 357
351 359
351 359
352 453
352 453
352 821
352 821
352 354
352 354
353 821
353 821
353 826
353 826
353 356
353 356
354 448
354 448
354 449
354 449
354 450
354 450
354 451
354 451
354 822
354 822
355 822
355 822
355 543
355 543
355 357
355 357
356 829
356 829
356 833
356 833
357 525
357 525
357 530
357 530
357 534
357 534
357 538
357 538
357 834
357 834
358 833
358 833
358 359
358 359
358 839
358 839
359 834
359 834
359 840
359 840
360 361
360 361
360 366
360 366
360 367
360 367
360 368
360 368
360 364
360 364
361 362
361 362
361 363
361 363
361 364
361 364
361 365
361 365
362 367
362 367
362 375
362 375
362 376
362 376
362 365
362 365
363 368
363 368
363 376
363 376
363 395
363 395
363 396
363 396
363 397
363 397
364 366
364 366
364 369
364 369
364 559
364 559
364 560
364 560
364 565
364 565
364 396
364 396
365 375
365 375
365 383
365 383
365 560
365 560
365 575
365 575
365 397
365 397
366 369
366 369
366 370
366 370
366 371
366 371
367 370
367 370
367 377
367 377
367 378
367 378
368 371
368 371
368 378
368 378
368 398
368 398
368 396
368 396
369 372
369 372
369 373
369 373
369 374
369 374
370 372
370 372
370 379
370 379
370 380
370 380
371 373
371 373
371 380
371 380
371 399
371 399
371 396
371 396
372 381
372 381
372 382
372 382
372 374
372 374
373 382
373 382
373 400
373 400
373 396
373 396
373 401
373 401
374 381
374 381
374 389
374 389
374 565
374 565
374 579
374 579
374 590
374 590
374 401
374 401
375 377
375 377
375 383
375 383
375 384
375 384
376 378
376 378
376 384
376 384
376 402
376 402
376 397
376 397
377 379
377 379
377 385
377 385
377 386
377 386
378 380
378 380
378 386
378 386
378 403
378 403
379 381
379 381
379 387
379 387
379 388
379 388
380 382
380 382
380 388
380 388
380 404
380 404
381 389
381 389
381 390
381 390
382 390
382 390
382 405
382 405
382 401
382 401
383 385
383 385
383 391
383 391
384 386
384 386
384 391
384 391
384 406
384 406
384 397
384 397
385 387
385 387
385 392
385 392
386 388
386 388
386 392
386 392
386 407
386 407
387 389
387 389
387 393
387 393
388 390
388 390
388 393
388 393
388 408
388 408
389 394
389 394
390 394
390 394
390 409
390 409
390 401
390 401
391 392
391 392
391 410
391 410
391 397
391 397
392 393
392 393
392 411
392 411
393 394
393 394
393 412
393 412
394 413
394 413
394 401
394 401
395 398
395 398
395 402
395 402
395 414
395 414
395 415
395 415
395 416
395 416
396 563
396 563
396 577
396 577
396 578
396 578
396 415
396 415
397 577
397 577
397 589
397 589
397 416
397 416
398 399
398 399
398 403
398 403
398 417
398 417
398 415
398 415
399 400
399 400
399 404
399 404
399 418
399 418
399 415
399 415
400 405
400 405
400 419
400 419
400 415
400 415
400 420
400 420
401 578
401 578
401 592
401 592
401 600
401 600
401 420
401 420
402 403
402 403
402 406
402 406
402 421
402 421
402 416
402 416
403 404
403 404
403 407
403 407
403 422
403 422
404 405
404 405
404 408
404 408
404 423
404 423
405 409
405 409
405 424
405 424
405 420
405 420
406 407
406 407
406 410
406 410
406 425
406 425
406 416
406 416
407 408
407 408
407 411
407 411
407 426
407 426
408 409
408 409
408 412
408 412
408 427
408 427
409 413
409 413
409 428
409 428
409 420
409 420
410 411
410 411
410 429
410 429
410 416
410 416
411 412
411 412
411 430
411 430
412 413
412 413
412 431
412 431
413 432
413 432
413 420
413 420
414 417
414 417
414 421
414 421
414 433
414 433
414 434
414 434
414 435
414 435
415 681
415 681
415 688
415 688
415 689
415 689
415 434
415 434
416 688
416 688
416 694
416 694
416 435
416 435
417 418
417 418
417 422
417 422
417 436
417 436
417 434
417 434
418 419
418 419
418 423
418 423
418 437
418 437
418 434
418 434
419 424
419 424
419 438
419 438
419 434
419 434
419 439
419 439
420 689
420 689
420 695
420 695
420 700
420 700
420 439
420 439
421 422
421 422
421 425
421 425
421 440
421 440
421 435
421 435
422 423
422 423
422 426
422 426
422 441
422 441
423 424
423 424
423 427
423 427
423 442
423 442
424 428
424 428
424 443
424 443
424 439
424 439
425 426
425 426
425 429
425 429
425 444
425 444
425 435
425 435
426 427
426 427
426 430
426 430
426 445
426 445
427 428
427 428
427 431
427 431
427 446
427 446
428 432
428 432
428 447
428 447
428 439
428 439
429 430
429 430
429 448
429 448
429 435
429 435
430 431
430 431
430 449
430 449
431 432
431 432
431 450
431 450
432 451
432 451
432 439
432 439
433 436
433 436
433 440
433 440
433 452
433 452
433 453
433 453
434 742
434 742
434 749
434 749
434 750
434 750
434 452
434 452
435 749
435 749
435 755
435 755
435 453
435 453
436 437
436 437
436 441
436 441
436 452
436 452
437 438
437 438
437 442
437 442
437 452
437 452
438 443
438 443
438 452
438 452
438 454
438 454
439 750
439 750
439 756
439 756
439 761
439 761
439 454
439 454
440 441
440 441
440 444
440 444
440 453
440 453
441 442
441 442
441 445
441 445
442 443
442 443
442 446
442 446
443 447
443 447
443 454
443 454
444 445
444 445
444 448
444 448
444 453
444 453
445 446
445 446
445 449
445 449
446 447
446 447
446 450
446 450
447 451
447 451
447 454
447 454
448 449
448 449
448 453
448 453
449 450
449 450
450 451
450 451
451 454
451 454
452 803
452 803
452 810
452 810
452 811
452 811
453 810
453 810
453 816
453 816
454 811
454 811
454 817
454 817
454 822
454 822
455 456
455 456
455 460
455 460
455 461
455 461
455 462
455 462
455 459
455 459
456 457
456 457
456 458
456 458
456 459
456 459
457 461
457 461
457 468
457 468
457 469
457 469
458 462
458 462
458 469
458 469
458 489
458 489
458 490
458 490
459 460
459 460
459 463
459 463
459 591
459 591
459 490
459 490
460 463
460 463
460 464
460 464
460 465
460 465
461 464
461 464
461 470
461 470
461 471
461 471
462 465
462 465
462 471
462 471
462 491
462 491
462 490
462 490
463 466
463 466
463 467
463 467
464 466
464 466
464 472
464 472
464 473
464 473
465 467
465 467
465 473
465 473
465 492
465 492
465 490
465 490
466 474
466 474
466 475
466 475
467 475
467 475
467 493
467 493
467 490
467 490
468 470
468 470
468 476
468 476
468 477
468 477
469 471
469 471
469 477
469 477
469 494
469 494
470 472
470 472
470 478
470 478
470 479
470 479
471 473
471 473
471 479
471 479
471 495
471 495
472 474
472 474
472 480
472 480
472 481
472 481
473 475
473 475
473 481
473 481
473 496
473 496
474 482
474 482
474 483
474 483
475 483
475 483
475 497
475 497
476 478
476 478
476 484
476 484
476 485
476 485
477 479
477 479
477 484
477 484
477 498
477 498
478 480
478 480
478 486
478 486
478 485
478 485
479 481
479 481
479 486
479 486
479 499
479 499
480 482
480 482
480 487
480 487
480 485
480 485
481 483
481 483
481 487
481 487
481 500
481 500
482 488
482 488
482 485
482 485
483 488
483 488
483 501
483 501
484 486
484 486
484 502
484 502
484 503
484 503
485 616
485 616
485 630
485 630
485 503
485 503
486 487
486 487
486 504
486 504
486 503
486 503
487 488
487 488
487 505
487 505
487 503
487 503
488 506
488 506
488 503
488 503
489 491
489 491
489 494
489 494
489 507
489 507
489 508
489 508
490 601
490 601
490 508
490 508
491 492
491 492
491 495
491 495
491 509
491 509
491 508
491 508
492 493
492 493
492 496
492 496
492 510
492 510
492 508
492 508
493 497
493 497
493 511
493 511
493 508
493 508
494 495
494 495
494 498
494 498
494 512
494 512
495 496
495 496
495 499
495 499
495 513
495 513
496 497
496 497
496 500
496 500
496 514
496 514
497 501
497 501
497 515
497 515
498 499
498 499
498 502
498 502
498 516
498 516
499 500
499 500
499 504
499 504
499 517
499 517
500 501
500 501
500 505
500 505
500 518
500 518
501 506
501 506
501 519
501 519
502 504
502 504
502 520
502 520
502 521
502 521
503 629
503 629
503 646
503 646
503 521
503 521
504 505
504 505
504 522
504 522
504 521
504 521
505 506
505 506
505 523
505 523
505 521
505 521
506 524
506 524
506 521
506 521
507 509
507 509
507 512
507 512
507 525
507 525
507 526
507 526
508 701
508 701
508 526
508 526
509 510
509 510
509 513
509 513
509 527
509 527
509 526
509 526
510 511
510 511
510 514
510 514
510 528
510 528
510 526
510 526
511 515
511 515
511 529
511 529
511 526
511 526
512 513
512 513
512 516
512 516
512 530
512 530
513 514
513 514
513 517
513 517
513 531
513 531
514 515
514 515
514 518
514 518
514 532
514 532
515 519
515 519
515 533
515 533
516 517
516 517
516 520
516 520
516 534
516 534
517 518
517 518
517 522
517 522
517 535
517 535
518 519
518 519
518 523
518 523
518 536
518 536
519 524
519 524
519 537
519 537
520 522
520 522
520 538
520 538
520 539
520 539
521 712
521 712
521 720
521 720
521 539
521 539
522 523
522 523
522 540
522 540
522 539
522 539
523 524
523 524
523 541
523 541
523 539
523 539
524 542
524 542
524 539
524 539
525 527
525 527
525 530
525 530
525 543
525 543
526 762
526 762
526 543
526 543
527 528
527 528
527 531
527 531
527 543
527 543
528 529
528 529
528 532
528 532
528 543
528 543
529 533
529 533
529 543
529 543
530 531
530 531
530 534
530 534
531 532
531 532
531 535
531 535
532 533
532 533
532 536
532 536
533 537
533 537
534 535
534 535
534 538
534 538
535 536
535 536
535 540
535 540
536 537
536 537
536 541
536 541
537 542
537 542
538 540
538 540
538 544
538 544
539 773
539 773
539 781
539 781
539 544
539 544
540 541
540 541
540 544
540 544
541 542
541 542
541 544
541 544
542 544
542 544
543 823
543 823
544 834
544 834
544 842
544 842
545 546
545 546
545 550
545 550
545 551
545 551
545 552
545 552
546 547
546 547
546 548
546 548
546 549
546 549
547 551
547 551
547 569
547 569
547 570
547 570
547 549
547 549
548 552
548 552
548 570
548 570
548 676
548 676
548 549
548 549
549 570
549 570
549 676
549 676
549 684
549 684
549 737
549 737
549 745
549 745
549 798
549 798
549 806
549 806
549 862
549 862
549 583
549 583
550 553
550 553
550 554
550 554
550 555
550 555
551 554
551 554
551 571
551 571
551 572
551 572
552 555
552 555
552 572
552 572
552 677
552 677
553 556
553 556
553 557
553 557
553 558
553 558
554 557
554 557
554 573
554 573
554 574
554 574
555 558
555 558
555 574
555 574
555 678
555 678
556 559
556 559
556 560
556 560
556 561
556 561
557 560
557 560
557 575
557 575
557 576
557 576
558 561
558 561
558 576
558 576
558 679
558 679
559 562
559 562
559 563
559 563
560 577
560 577
561 563
561 563
561 577
561 577
561 680
561 680
562 564
562 564
562 565
562 565
562 566
562 566
563 566
563 566
563 681
563 681
564 567
564 567
564 568
564 568
565 567
565 567
565 578
565 578
566 568
566 568
566 578
566 578
566 682
566 682
567 579
567 579
567 580
567 580
568 580
568 580
568 683
568 683
569 571
569 571
569 581
569 581
569 582
569 582
569 583
569 583
570 572
570 572
570 582
570 582
570 684
570 684
571 573
571 573
571 584
571 584
571 585
571 585
572 574
572 574
572 585
572 585
572 685
572 685
573 575
573 575
573 586
573 586
573 587
573 587
574 576
574 576
574 587
574 587
574 686
574 686
575 588
575 588
575 589
575 589
576 577
576 577
576 589
576 589
576 687
576 687
577 688
577 688
578 580
578 580
578 689
578 689
579 591
579 591
579 592
579 592
580 592
580 592
580 690
580 690
581 584
581 584
581 593
581 593
581 594
581 594
581 583
581 583
582 585
582 585
582 594
582 594
582 691
582 691
582 583
582 583
583 594
583 594
583 691
583 691
583 696
583 696
583 752
583 752
583 757
583 757
583 813
583 813
583 818
583 818
583 864
583 864
583 604
583 604
584 586
584 586
584 595
584 595
584 596
584 596
585 587
585 587
585 596
585 596
585 692
585 692
586 588
586 588
586 597
586 597
586 598
586 598
587 589
587 589
587 598
587 598
587 693
587 693
588 599
588 599
589 599
589 599
589 694
589 694
590 591
590 591
590 600
590 600
591 601
591 601
592 601
592 601
592 695
592 695
593 595
593 595
593 602
593 602
593 603
593 603
593 604
593 604
594 596
594 596
594 603
594 603
594 696
594 696
595 597
595 597
595 605
595 605
595 606
595 606
596 598
596 598
596 606
596 606
596 697
596 697
597 607
597 607
597 608
597 608
598 599
598 599
598 608
598 608
598 698
598 698
599 699
599 699
600 601
600 601
600 700
600 700
601 701
601 701
602 605
602 605
602 609
602 609
602 610
602 610
602 604
602 604
603 606
603 606
603 610
603 610
603 702
603 702
603 604
603 604
604 610
604 610
604 702
604 702
604 705
604 705
604 763
604 763
604 766
604 766
604 824
604 824
604 827
604 827
604 867
604 867
604 619
604 619
605 607
605 607
605 611
605 611
605 612
605 612
606 608
606 608
606 612
606 612
606 703
606 703
607 613
607 613
607 614
607 614
608 614
608 614
608 704
608 704
609 611
609 611
609 617
609 617
609 618
609 618
609 619
609 619
610 612
610 612
610 618
610 618
610 705
610 705
611 613
611 613
611 620
611 620
611 621
611 621
612 614
612 614
612 621
612 621
612 706
612 706
613 615
613 615
613 622
613 622
613 623
613 623
614 623
614 623
614 707
614 707
615 624
615 624
615 625
615 625
616 628
616 628
616 629
616 629
617 620
617 620
617 631
617 631
617 632
617 632
617 619
617 619
618 621
618 621
618 632
618 632
618 708
618 708
618 619
618 619
619 632
619 632
619 708
619 708
619 713
619 713
619 769
619 769
619 774
619 774
619 830
619 830
619 835
619 835
619 870
619 870
619 649
619 649
620 622
620 622
620 633
620 633
620 634
620 634
621 623
621 623
621 634
621 634
621 709
621 709
622 624
622 624
622 635
622 635
622 636
622 636
623 625
623 625
623 636
623 636
623 710
623 710
624 626
624 626
624 637
624 637
624 638
624 638
625 638
625 638
625 711
625 711
626 627
626 627
626 639
626 639
626 640
626 640
627 628
627 628
627 641
627 641
627 642
627 642
628 630
628 630
628 643
628 643
628 644
628 644
629 644
629 644
629 712
629 712
630 645
630 645
630 646
630 646
631 633
631 633
631 647
631 647
631 648
631 648
631 649
631 649
632 634
632 634
632 648
632 648
632 713
632 713
633 635
633 635
633 650
633 650
633 651
633 651
634 636
634 636
634 651
634 651
634 714
634 714
635 637
635 637
635 652
635 652
635 653
635 653
636 638
636 638
636 653
636 653
636 715
636 715
637 639
637 639
637 654
637 654
637 655
637 655
638 640
638 640
638 655
638 655
638 716
638 716
639 641
639 641
639 656
639 656
639 657
639 657
640 642
640 642
640 657
640 657
640 717
640 717
641 643
641 643
641 658
641 658
641 659
641 659
642 644
642 644
642 659
642 659
642 718
642 718
643 645
643 645
643 660
643 660
643 661
643 661
644 646
644 646
644 661
644 661
644 719
644 719
645 662
645 662
645 663
645 663
646 663
646 663
646 720
646 720
647 650
647 650
647 664
647 664
647 649
647 649
647 665
647 665
648 651
648 651
648 664
648 664
648 721
648 721
648 649
648 649
649 664
649 664
649 721
649 721
649 729
649 729
649 782
649 782
649 790
649 790
649 843
649 843
649 851
649 851
649 873
649 873
649 877
649 877
650 652
650 652
650 666
650 666
650 665
650 665
651 653
651 653
651 666
651 666
651 722
651 722
652 654
652 654
652 667
652 667
652 668
652 668
653 655
653 655
653 667
653 667
653 723
653 723
654 656
654 656
654 669
654 669
654 668
654 668
655 657
655 657
655 669
655 669
655 724
655 724
656 658
656 658
656 670
656 670
656 671
656 671
657 659
657 659
657 670
657 670
657 725
657 725
658 660
658 660
658 672
658 672
658 671
658 671
659 661
659 661
659 672
659 672
659 726
659 726
660 662
660 662
660 673
660 673
660 674
660 674
661 663
661 663
661 673
661 673
661 727
661 727
662 675
662 675
662 674
662 674
663 675
663 675
663 728
663 728
664 666
664 666
664 729
664 729
664 665
664 665
665 666
665 666
665 729
665 729
665 730
665 730
665 790
665 790
665 791
665 791
665 851
665 851
665 852
665 852
665 877
665 877
665 668
665 668
665 882
665 882
666 667
666 667
666 730
666 730
667 669
667 669
667 731
667 731
667 668
667 668
668 669
668 669
668 731
668 731
668 732
668 732
668 792
668 792
668 793
668 793
668 853
668 853
668 854
668 854
668 671
668 671
668 883
668 883
669 670
669 670
669 732
669 732
670 672
670 672
670 733
670 733
670 671
670 671
671 672
671 672
671 733
671 733
671 734
671 734
671 794
671 794
671 795
671 795
671 855
671 855
671 856
671 856
671 674
671 674
671 884
671 884
672 673
672 673
672 734
672 734
673 675
673 675
673 735
673 735
673 674
673 674
674 675
674 675
674 735
674 735
674 736
674 736
674 796
674 796
674 797
674 797
674 857
674 857
674 858
674 858
674 885
674 885
675 736
675 736
676 677
676 677
676 684
676 684
676 737
676 737
677 678
677 678
677 685
677 685
677 738
677 738
678 679
678 679
678 686
678 686
678 739
678 739
679 680
679 680
679 687
679 687
679 740
679 740
680 681
680 681
680 688
680 688
680 741
680 741
681 682
681 682
681 742
681 742
682 683
682 683
682 689
682 689
682 743
682 743
683 690
683 690
683 744
683 744
684 685
684 685
684 691
684 691
684 745
684 745
685 686
685 686
685 692
685 692
685 746
685 746
686 687
686 687
686 693
686 693
686 747
686 747
687 688
687 688
687 694
687 694
687 748
687 748
688 749
688 749
689 690
689 690
689 750
689 750
690 695
690 695
690 751
690 751
691 692
691 692
691 696
691 696
691 752
691 752
692 693
692 693
692 697
692 697
692 753
692 753
693 694
693 694
693 698
693 698
693 754
693 754
694 699
694 699
694 755
694 755
695 701
695 701
695 756
695 756
696 697
696 697
696 702
696 702
696 757
696 757
697 698
697 698
697 703
697 703
697 758
697 758
698 699
698 699
698 704
698 704
698 759
698 759
699 760
699 760
700 701
700 701
700 761
700 761
701 762
701 762
702 703
702 703
702 705
702 705
702 763
702 763
703 704
703 704
703 706
703 706
703 764
703 764
704 707
704 707
704 765
704 765
705 706
705 706
705 708
705 708
705 766
705 766
706 707
706 707
706 709
706 709
706 767
706 767
707 710
707 710
707 768
707 768
708 709
708 709
708 713
708 713
708 769
708 769
709 710
709 710
709 714
709 714
709 770
709 770
710 711
710 711
710 715
710 715
710 771
710 771
711 716
711 716
711 772
711 772
712 719
712 719
712 773
712 773
713 714
713 714
713 721
713 721
713 774
713 774
714 715
714 715
714 722
714 722
714 775
714 775
715 716
715 716
715 723
715 723
715 776
715 776
716 717
716 717
716 724
716 724
716 777
716 777
717 718
717 718
717 725
717 725
717 778
717 778
718 719
718 719
718 726
718 726
718 779
718 779
719 720
719 720
719 727
719 727
719 780
719 780
720 728
720 728
720 781
720 781
721 722
721 722
721 729
721 729
721 782
721 782
722 723
722 723
722 730
722 730
722 783
722 783
723 724
723 724
723 731
723 731
723 784
723 784
724 725
724 725
724 732
724 732
724 785
724 785
725 726
725 726
725 733
725 733
725 786
725 786
726 727
726 727
726 734
726 734
726 787
726 787
727 728
727 728
727 735
727 735
727 788
727 788
728 736
728 736
728 789
728 789
729 730
729 730
729 790
729 790
730 731
730 731
730 791
730 791
731 732
731 732
731 792
731 792
732 733
732 733
732 793
732 793
733 734
733 734
733 794
733 794
734 735
734 735
734 795
734 795
735 736
735 736
735 796
735 796
736 797
736 797
737 738
737 738
737 745
737 745
737 798
737 798
738 739
738 739
738 746
738 746
738 799
738 799
739 740
739 740
739 747
739 747
739 800
739 800
740 741
740 741
740 748
740 748
740 801
740 801
741 742
741 742
741 749
741 749
741 802
741 802
742 743
742 743
742 803
742 803
743 744
743 744
743 750
743 750
743 804
743 804
744 751
744 751
744 805
744 805
745 746
745 746
745 752
745 752
745 806
745 806
746 747
746 747
746 753
746 753
746 807
746 807
747 748
747 748
747 754
747 754
747 808
747 808
748 749
748 749
748 755
748 755
748 809
748 809
749 810
749 810
750 751
750 751
750 811
750 811
751 756
751 756
751 812
751 812
752 753
752 753
752 757
752 757
752 813
752 813
753 754
753 754
753 758
753 758
753 814
753 814
754 755
754 755
754 759
754 759
754 815
754 815
755 760
755 760
755 816
755 816
756 762
756 762
756 817
756 817
757 758
757 758
757 763
757 763
757 818
757 818
758 759
758 759
758 764
758 764
758 819
758 819
759 760
759 760
759 765
759 765
759 820
759 820
760 821
760 821
761 762
761 762
761 822
761 822
762 823
762 823
763 764
763 764
763 766
763 766
763 824
763 824
764 765
764 765
764 767
764 767
764 825
764 825
765 768
765 768
765 826
765 826
766 767
766 767
766 769
766 769
766 827
766 827
767 768
767 768
767 770
767 770
767 828
767 828
768 771
768 771
768 829
768 829
769 770
769 770
769 774
769 774
769 830
769 830
770 771
770 771
770 775
770 775
770 831
770 831
771 772
771 772
771 776
771 776
771 832
771 832
772 777
772 777
772 833
772 833
773 780
773 780
773 834
773 834
774 775
774 775
774 782
774 782
774 835
774 835
775 776
775 776
775 783
775 783
775 836
775 836
776 777
776 777
776 784
776 784
776 837
776 837
777 778
777 778
777 785
777 785
777 838
777 838
778 779
778 779
778 786
778 786
778 839
778 839
779 780
779 780
779 787
779 787
779 840
779 840
780 781
780 781
780 788
780 788
780 841
780 841
781 789
781 789
781 842
781 842
782 783
782 783
782 790
782 790
782 843
782 843
783 784
783 784
783 791
783 791
783 844
783 844
784 785
784 785
784 792
784 792
784 845
784 845
785 786
785 786
785 793
785 793
785 846
785 846
786 787
786 787
786 794
786 794
786 847
786 847
787 788
787 788
787 795
787 795
787 848
787 848
788 789
788 789
788 796
788 796
788 849
788 849
789 797
789 797
789 850
789 850
790 791
790 791
790 851
790 851
791 792
791 792
791 852
791 852
792 793
792 793
792 853
792 853
793 794
793 794
793 854
793 854
794 795
794 795
794 855
794 855
795 796
795 796
795 856
795 856
796 797
796 797
796 857
796 857
797 858
797 858
798 799
798 799
798 806
798 806
799 800
799 800
799 807
799 807
800 801
800 801
800 808
800 808
801 802
801 802
801 809
801 809
802 803
802 803
802 810
802 810
803 804
803 804
804 805
804 805
804 811
804 811
805 812
805 812
806 807
806 807
806 813
806 813
807 808
807 808
807 814
807 814
808 809
808 809
808 815
808 815
809 810
809 810
809 816
809 816
811 812
811 812
812 817
812 817
813 814
813 814
813 818
813 818
814 815
814 815
814 819
814 819
815 816
815 816
815 820
815 820
816 821
816 821
817 823
817 823
818 819
818 819
818 824
818 824
819 820
819 820
819 825
819 825
820 821
820 821
820 826
820 826
822 823
822 823
824 825
824 825
824 827
824 827
825 826
825 826
825 828
825 828
826 829
826 829
827 828
827 828
827 830
827 830
828 829
828 829
828 831
828 831
829 832
829 832
830 831
830 831
830 835
830 835
831 832
831 832
831 836
831 836
832 833
832 833
832 837
832 837
833 838
833 838
834 841
834 841
835 836
835 836
835 843
835 843
836 837
836 837
836 844
836 844
837 838
837 838
837 845
837 845
838 839
838 839
838 846
838 846
839 840
839 840
839 847
839 847
840 841
840 841
840 848
840 848
841 842
841 842
841 849
841 849
842 850
842 850
843 844
843 844
843 851
843 851
844 845
844 845
844 852
844 852
845 846
845 846
845 853
845 853
846 847
846 847
846 854
846 854
847 848
847 848
847 855
847 855
848 849
848 849
848 856
848 856
849 850
849 850
849 857
849 857
850 858
850 858
851 852
851 852
852 853
852 853
853 854
853 854
854 855
854 855
855 856
855 856
856 857
856 857
857 858
857 858
859 860
859 860
859 862
859 862
859 863
859 863
860 861
860 861
861 863
861 863
861 865
861 865
862 864
862 864
863 864
863 864
863 866
863 866
864 867
864 867
865 866
865 866
865 868
865 868
866 867
866 867
866 869
866 869
867 870
867 870
868 869
868 869
868 871
868 871
869 870
869 870
869 872
869 872
870 873
870 873
871 872
871 872
871 874
871 874
872 873
872 873
872 875
872 875
873 876
873 876
874 875
874 875
874 878
874 878
875 876
875 876
875 879
875 879
876 877
876 877
876 880
876 880
877 881
877 881
878 879
878 879
879 880
879 880
880 881
880 881
881 882
881 882
882 883
882 883
883 884
883 884
884 885
884 885
