0 1
0 2
0 3
0 4
0 5
0 6
0 71
1 38
1 39
1 9
1 40
1 40
1 10
1 41
1 109
2 8
2 8
2 100
2 100
2 66
2 40
2 10
2 41
2 111
2 90
3 58
3 21
3 31
3 31
3 108
3 103
3 115
3 45
3 73
3 5
3 4
3 54
4 7
4 88
4 38
4 84
4 84
4 8
4 65
4 44
4 68
4 90
4 5
4 37
5 30
5 31
5 108
6 101
7 8
7 9
7 10
7 11
8 39
8 39
8 52
8 9
8 9
8 65
8 81
8 88
8 84
8 40
8 68
8 10
8 69
9 44
9 82
9 53
9 53
9 66
9 93
9 88
9 90
9 107
9 76
9 37
9 69
9 101
10 42
10 64
10 88
10 38
10 92
10 27
10 93
10 78
10 14
10 39
10 11
10 11
10 86
11 65
11 14
11 38
11 39
11 96
11 18
11 66
11 46
11 27
11 27
11 107
11 99
11 99
11 68
11 74
11 74
11 72
12 13
12 14
12 14
12 15
12 16
12 16
12 17
12 18
12 18
12 42
12 58
12 64
12 21
12 73
12 46
12 29
12 85
12 91
13 55
13 14
13 16
13 17
13 17
13 73
13 73
13 74
13 100
13 56
13 50
14 33
14 42
14 58
14 61
14 64
14 79
14 80
14 15
14 15
14 17
14 17
14 53
14 53
14 73
14 22
14 82
14 21
14 39
14 95
14 28
14 59
14 114
14 48
14 36
14 32
15 33
15 26
15 16
15 16
15 18
15 18
15 62
15 62
15 21
15 95
15 46
15 28
15 59
15 91
15 48
16 21
16 18
16 18
16 83
16 73
16 63
16 46
17 55
17 55
17 64
17 73
17 73
17 34
17 27
17 85
18 96
18 96
18 35
18 62
18 62
18 74
19 20
19 21
19 21
19 22
19 23
19 24
19 24
19 94
19 111
19 116
20 35
20 36
20 37
20 22
20 24
20 94
20 116
21 91
21 22
22 33
22 79
22 39
22 39
22 53
22 28
22 110
22 110
22 114
22 36
22 62
22 50
22 101
22 32
22 24
23 80
23 80
23 38
23 38
23 92
23 91
23 34
23 31
23 74
23 89
24 26
24 92
24 94
24 111
24 36
24 97
24 110
24 40
24 116
25 26
25 26
25 27
25 28
25 29
25 30
25 31
25 32
25 47
25 61
25 108
26 53
26 45
26 54
26 29
27 70
27 43
27 30
27 99
27 31
27 32
28 47
28 52
28 62
28 33
28 103
28 103
28 104
28 56
28 56
28 105
28 112
29 83
29 99
29 98
29 54
29 103
30 47
30 47
30 59
30 108
30 108
30 48
30 48
30 40
30 40
30 99
31 92
31 46
31 91
31 54
32 34
32 34
32 59
32 108
32 33
33 34
34 73
34 73
34 91
34 91
34 97
34 108
34 104
34 99
35 42
35 43
35 44
35 44
35 77
35 62
35 75
35 75
35 78
35 78
35 46
35 105
36 39
36 53
37 77
37 77
37 85
37 100
37 76
37 68
37 57
38 77
39 65
39 70
39 88
39 93
39 93
39 72
39 72
39 53
39 84
39 68
39 74
39 101
40 67
40 67
40 102
40 93
40 108
40 68
40 69
41 82
41 73
41 66
41 102
41 109
41 71
41 57
42 43
42 44
42 45
42 46
43 47
43 45
43 75
43 63
44 46
44 62
44 76
44 75
44 75
44 79
44 92
44 71
45 81
45 83
45 83
45 59
45 86
45 54
45 54
46 96
46 63
46 78
47 48
47 48
47 49
47 50
47 51
47 115
48 67
48 102
48 99
49 88
50 62
50 103
50 113
50 72
51 62
51 115
52 67
52 77
52 88
52 83
52 62
53 70
53 95
53 73
53 104
53 114
53 72
54 93
54 85
54 98
54 98
54 83
54 91
54 86
55 56
55 57
56 67
56 100
56 100
56 73
57 109
57 109
57 103
57 98
57 90
57 87
58 59
58 59
58 60
59 73
59 112
59 113
60 86
61 62
61 63
62 80
62 74
62 74
62 85
65 66
65 66
66 88
66 102
66 97
66 71
67 68
67 69
67 69
68 92
68 108
68 78
68 100
68 110
68 97
68 72
68 86
70 71
70 72
70 72
71 77
71 102
71 72
72 83
72 98
73 96
73 99
73 99
73 100
73 107
73 115
73 105
73 86
74 79
74 79
74 88
74 88
74 102
74 76
75 77
75 77
76 80
76 80
76 88
77 85
77 85
77 86
77 87
77 84
78 96
80 81
81 82
81 83
81 84
82 90
82 90
83 98
83 98
83 86
83 86
83 106
85 105
86 100
86 100
86 106
86 104
88 89
90 97
90 93
91 106
91 106
91 107
91 107
92 111
92 112
93 101
93 101
93 97
94 116
96 99
96 105
96 97
97 102
97 110
100 101
101 111
106 107
106 107
117 118
117 119
117 119
117 120
117 121
117 136
117 130
118 126
118 126
118 124
118 124
118 127
118 128
118 125
118 159
118 157
119 122
119 135
119 135
119 126
119 120
119 120
119 131
119 160
120 126
120 126
120 124
120 134
120 135
120 135
120 139
120 147
120 141
120 130
120 158
120 128
120 128
120 125
120 159
120 137
120 127
120 160
120 157
120 150
120 131
120 162
120 161
121 136
122 123
122 123
122 124
122 125
122 159
123 124
123 125
123 159
124 126
124 126
124 133
124 131
124 141
124 160
125 135
125 136
125 159
125 160
125 161
126 129
126 130
126 130
126 128
126 128
126 131
126 131
126 132
126 135
126 136
126 144
126 147
126 141
126 148
126 149
126 156
126 158
126 133
126 143
126 140
126 127
126 160
126 157
126 150
126 154
126 155
126 161
127 144
127 148
127 156
127 133
127 137
127 140
127 128
127 128
127 131
127 132
127 145
127 145
127 151
127 163
127 162
127 164
127 155
128 140
128 140
128 137
128 130
128 131
128 154
128 157
129 139
129 139
129 140
129 140
129 137
129 137
129 143
129 150
130 132
130 158
130 150
130 163
131 144
131 141
131 133
131 143
131 162
131 162
131 155
132 141
132 152
132 152
132 156
132 140
132 151
132 153
132 155
133 143
133 143
133 142
133 138
134 135
134 136
135 137
135 138
135 156
135 159
136 141
136 141
136 142
137 139
137 139
137 140
137 140
137 143
137 157
138 150
138 150
138 151
138 161
139 143
139 143
140 144
140 143
142 144
142 143
142 160
142 150
143 155
144 145
144 145
144 146
144 147
145 162
146 152
146 150
146 154
147 148
147 149
147 149
147 150
147 152
148 151
148 151
148 156
148 157
148 162
149 151
149 150
149 154
149 154
149 155
150 154
151 152
151 153
151 163
152 153
154 161
156 157
156 157
158 164
160 161
161 164
165 166
165 167
165 168
165 168
165 169
165 169
165 170
165 170
165 171
165 171
165 172
165 172
166 173
166 177
166 177
166 191
166 167
166 167
166 170
166 170
166 193
166 189
166 203
167 195
167 178
167 178
167 184
167 196
167 196
167 193
167 193
167 197
167 197
167 199
167 199
167 202
168 169
168 169
168 171
168 171
168 196
168 172
168 172
169 191
169 192
169 201
169 184
169 186
169 187
169 188
169 203
169 172
170 173
170 174
170 195
170 193
170 193
170 198
170 198
170 171
170 196
171 197
171 199
172 196
172 187
173 174
173 174
173 175
173 176
174 189
174 182
174 175
174 190
175 189
175 189
175 176
175 185
175 197
176 195
176 196
176 205
177 178
177 179
177 180
178 202
178 196
178 193
178 199
178 187
179 180
181 182
181 183
181 184
181 184
181 185
181 186
181 187
181 188
182 191
182 191
182 201
182 183
182 183
182 185
182 203
182 203
182 194
182 190
183 201
183 192
183 185
183 185
183 187
183 194
183 203
184 192
184 192
184 201
184 185
184 186
184 194
184 190
184 203
185 192
185 192
185 197
185 197
185 186
185 194
186 200
186 196
186 193
186 199
186 198
187 192
188 191
188 201
189 196
189 193
190 191
190 192
190 201
191 192
191 193
191 194
191 200
191 197
191 205
192 194
192 201
193 195
193 200
193 202
193 196
193 197
193 197
193 199
193 204
193 198
194 201
194 196
195 196
195 197
195 197
195 198
196 202
196 204
197 201
197 201
197 202
197 204
198 199
199 200
199 200
206 207
206 208
206 209
206 210
206 211
206 212
207 222
207 208
207 208
207 224
207 224
207 209
207 209
207 215
207 215
207 225
207 226
207 227
207 230
207 219
207 220
207 210
207 228
208 213
208 216
208 216
208 225
208 225
208 220
208 210
208 210
208 212
208 212
208 217
208 227
208 224
208 209
208 219
208 228
209 213
209 222
209 226
209 226
209 232
209 227
209 224
209 218
209 219
209 219
209 220
209 210
209 210
209 215
210 222
210 222
210 227
210 216
210 239
210 215
210 233
210 231
212 213
212 222
212 229
212 232
212 214
212 217
212 239
212 239
212 233
212 233
212 228
212 234
213 214
213 215
214 225
214 235
214 235
214 230
214 230
214 236
214 217
214 237
215 226
215 229
215 232
215 232
215 227
215 224
215 224
215 219
215 222
215 234
216 217
216 217
216 218
216 219
216 219
216 220
216 221
216 225
216 227
216 224
217 220
217 221
218 225
218 225
218 227
218 227
218 219
218 220
218 220
218 223
218 223
218 239
218 233
218 234
219 222
219 225
219 225
219 232
219 227
219 224
219 220
219 220
219 223
219 228
219 231
220 222
220 225
220 227
220 224
220 223
222 223
222 223
223 225
223 225
223 226
224 227
225 234
226 227
226 228
226 228
228 232
228 230
228 240
229 230
229 231
230 235
230 237
230 237
230 232
230 231
230 231
230 234
230 236
231 235
231 235
231 237
231 238
231 236
232 233
232 234
233 239
233 239
234 239
234 239
234 240
235 236
236 237
236 238
