0 1
1 12
1 12
1 48
1 48
1 48
1 48
1 48
1 48
1 48
1 48
1 48
1 48
1 48
1 66
1 66
1 66
1 66
1 66
1 66
1 66
1 66
1 66
1 103
1 108
1 108
1 108
1 128
1 128
1 128
1 142
1 142
1 142
1 142
1 142
1 142
1 142
1 142
1 142
1 142
1 142
1 142
1 142
1 149
1 149
1 149
1 167
1 238
1 243
1 285
1 285
1 318
1 334
1 334
1 335
1 335
1 383
1 383
1 383
1 384
1 390
1 398
1 408
1 438
1 442
1 444
1 455
1 455
1 455
1 455
1 458
1 469
1 469
1 469
1 469
1 472
1 472
1 472
1 472
1 472
1 472
1 472
1 472
1 472
1 472
1 472
1 472
1 472
1 474
1 474
1 476
1 476
1 481
1 481
1 481
1 481
1 481
1 481
1 497
1 497
1 497
1 497
1 497
1 497
1 497
1 497
1 497
1 522
1 530
1 533
1 533
1 545
1 586
1 586
1 586
1 586
1 586
1 586
1 586
1 586
1 586
1 598
1 607
1 632
1 634
1 639
1 657
1 669
1 677
1 709
1 758
1 759
1 760
1 762
2 3
3 16
3 29
3 38
3 52
3 52
3 52
3 52
3 52
3 52
3 52
3 52
3 53
3 54
3 55
3 61
3 76
3 76
3 76
3 76
3 85
3 85
3 85
3 85
3 85
3 85
3 86
3 86
3 88
3 89
3 198
3 209
3 210
3 223
3 223
3 257
3 269
3 273
3 285
3 285
3 285
3 285
3 285
3 285
3 285
3 285
3 285
3 285
3 285
3 285
3 285
3 285
3 285
3 285
3 285
3 285
3 285
3 285
3 285
3 285
3 285
3 285
3 285
3 285
3 285
3 285
3 285
3 285
3 285
3 285
3 285
3 285
3 285
3 285
3 285
3 285
3 285
3 285
3 285
3 285
3 285
3 301
3 351
3 383
3 383
3 387
3 390
3 395
3 416
3 424
3 451
3 453
3 463
3 463
3 463
3 463
3 463
3 463
3 463
3 463
3 472
3 474
3 474
3 474
3 474
3 474
3 474
3 474
3 474
3 474
3 474
3 491
3 492
3 511
3 511
3 511
3 511
3 513
3 514
3 519
3 519
3 519
3 519
3 519
3 521
3 521
3 524
3 545
3 546
3 554
3 571
3 572
3 599
3 600
3 601
3 601
3 601
3 615
3 634
3 643
3 643
3 655
3 660
3 669
3 672
3 673
3 676
3 676
3 676
3 694
3 700
3 705
3 724
3 741
3 757
4 5
4 6
5 15
5 52
5 54
5 55
5 61
5 70
5 70
5 75
5 82
5 82
5 82
5 82
5 82
5 82
5 82
5 82
5 82
5 82
5 82
5 82
5 83
5 84
5 85
5 87
5 88
5 88
5 88
5 88
5 88
5 88
5 88
5 88
5 88
5 88
5 88
5 88
5 88
5 88
5 88
5 88
5 88
5 88
5 88
5 88
5 88
5 88
5 88
5 88
5 88
5 88
5 88
5 88
5 88
5 88
5 88
5 88
5 88
5 88
5 88
5 88
5 88
5 88
5 88
5 88
5 88
5 88
5 88
5 88
5 88
5 88
5 88
5 88
5 88
5 88
5 88
5 88
5 88
5 88
5 88
5 88
5 88
5 88
5 88
5 88
5 88
5 88
5 88
5 88
5 88
5 88
5 88
5 88
5 88
5 88
5 88
5 88
5 88
5 88
5 88
5 88
5 88
5 88
5 88
5 88
5 88
5 88
5 88
5 88
5 88
5 88
5 88
5 88
5 88
5 88
5 88
5 88
5 88
5 88
5 88
5 88
5 88
5 88
5 88
5 88
5 88
5 88
5 88
5 88
5 88
5 88
5 89
5 89
5 91
5 92
5 95
5 99
5 99
5 100
5 101
5 110
5 111
5 112
5 113
5 114
5 115
5 117
5 118
5 119
5 127
5 137
5 138
5 187
5 196
5 200
5 203
5 203
5 205
5 208
5 217
5 217
5 218
5 235
5 242
5 242
5 248
5 250
5 250
5 250
5 264
5 264
5 265
5 266
5 267
5 268
5 283
5 283
5 285
5 285
5 285
5 285
5 285
5 285
5 286
5 286
5 286
5 286
5 286
5 286
5 286
5 286
5 287
5 304
5 309
5 311
5 311
5 311
5 311
5 311
5 311
5 311
5 311
5 311
5 311
5 311
5 311
5 311
5 311
5 311
5 311
5 311
5 311
5 311
5 311
5 311
5 311
5 311
5 311
5 311
5 311
5 311
5 311
5 311
5 311
5 311
5 311
5 311
5 311
5 311
5 311
5 312
5 314
5 317
5 320
5 321
5 332
5 336
5 338
5 338
5 338
5 339
5 339
5 339
5 340
5 341
5 341
5 341
5 341
5 342
5 342
5 343
5 345
5 346
5 347
5 349
5 350
5 351
5 351
5 351
5 352
5 352
5 352
5 352
5 352
5 352
5 352
5 352
5 353
5 353
5 354
5 355
5 356
5 356
5 359
5 359
5 359
5 359
5 359
5 359
5 359
5 362
5 363
5 363
5 366
5 366
5 367
5 368
5 368
5 369
5 369
5 369
5 370
5 371
5 373
5 377
5 378
5 383
5 387
5 392
5 400
5 406
5 408
5 411
5 420
5 422
5 423
5 426
5 439
5 440
5 447
5 450
5 452
5 462
5 462
5 472
5 474
5 474
5 480
5 480
5 484
5 484
5 485
5 486
5 487
5 488
5 489
5 494
5 494
5 494
5 494
5 498
5 504
5 505
5 505
5 505
5 505
5 505
5 505
5 505
5 505
5 505
5 505
5 505
5 505
5 505
5 505
5 506
5 509
5 509
5 511
5 511
5 511
5 513
5 514
5 514
5 514
5 514
5 514
5 519
5 519
5 519
5 519
5 519
5 519
5 519
5 519
5 519
5 519
5 519
5 519
5 519
5 519
5 519
5 519
5 519
5 519
5 519
5 527
5 532
5 537
5 538
5 539
5 545
5 545
5 545
5 545
5 547
5 548
5 549
5 551
5 552
5 553
5 555
5 556
5 557
5 572
5 573
5 582
5 604
5 604
5 609
5 609
5 611
5 611
5 611
5 611
5 611
5 611
5 611
5 611
5 611
5 611
5 611
5 611
5 611
5 615
5 615
5 629
5 630
5 635
5 638
5 640
5 647
5 647
5 648
5 648
5 649
5 651
5 653
5 659
5 660
5 663
5 669
5 676
5 681
5 683
5 692
5 696
5 698
5 699
5 701
5 703
5 704
5 705
5 706
5 721
5 726
5 727
5 728
5 729
5 730
5 731
5 732
5 733
5 735
5 767
5 768
6 15
6 17
6 31
6 32
6 52
6 52
6 52
6 61
6 74
6 76
6 82
6 82
6 85
6 88
6 88
6 88
6 88
6 88
6 93
6 116
6 197
6 258
6 261
6 268
6 285
6 311
6 325
6 331
6 333
6 337
6 337
6 352
6 383
6 387
6 406
6 432
6 463
6 463
6 463
6 472
6 472
6 472
6 474
6 474
6 474
6 474
6 474
6 474
6 474
6 474
6 474
6 474
6 474
6 474
6 474
6 494
6 500
6 501
6 505
6 519
6 519
6 528
6 545
6 550
6 565
6 619
6 658
6 664
6 712
6 747
6 747
7 8
7 9
8 69
8 84
8 149
8 216
8 230
8 230
8 246
8 250
8 290
8 348
8 381
8 383
8 387
8 387
8 387
8 387
8 387
8 387
8 387
8 387
8 387
8 387
8 387
8 387
8 387
8 414
8 414
8 425
8 518
8 518
8 524
8 568
8 596
8 596
8 596
8 596
8 642
9 42
9 103
9 103
9 103
9 103
9 103
9 103
9 103
9 103
9 103
9 103
9 103
9 103
9 103
9 103
9 103
9 103
9 103
9 103
9 103
9 103
9 103
9 103
9 103
9 103
9 103
9 103
9 103
9 103
9 103
9 103
9 103
9 103
9 103
9 103
9 108
9 108
9 167
9 167
9 167
9 167
9 167
9 167
9 167
9 167
9 167
9 167
9 167
9 167
9 167
9 167
9 167
9 167
9 167
9 178
9 184
9 211
9 224
9 224
9 225
9 225
9 225
9 228
9 228
9 230
9 230
9 230
9 230
9 290
9 331
9 381
9 419
9 419
9 419
9 430
9 433
9 434
9 463
9 479
9 479
9 481
9 543
9 585
9 668
9 711
9 711
9 722
9 749
9 749
9 749
9 751
10 11
11 20
11 32
11 32
11 67
11 120
11 136
11 136
11 230
11 246
11 344
11 360
11 365
11 385
11 385
11 385
11 385
11 385
11 385
11 387
11 387
11 387
11 387
11 396
11 396
11 477
11 532
11 545
11 558
11 558
11 558
11 715
11 715
11 762
12 13
12 13
12 13
12 13
12 13
12 13
12 14
13 18
13 18
13 20
13 123
13 141
13 167
13 207
13 236
13 236
13 236
13 236
13 249
13 249
13 256
13 276
13 276
13 326
13 326
13 327
13 328
13 328
13 329
13 387
13 387
13 401
13 401
13 405
13 405
13 405
13 405
13 412
13 417
13 427
13 429
13 446
13 461
13 474
13 478
13 479
13 574
13 586
13 587
13 589
13 607
13 612
13 616
13 616
13 626
13 627
13 634
13 634
13 634
13 660
13 662
13 662
13 763
14 164
14 167
14 296
14 383
14 428
14 456
14 472
14 472
14 472
14 472
14 481
14 497
14 634
14 739
18 19
19 72
19 76
19 94
19 103
19 103
19 103
19 103
19 129
19 142
19 142
19 142
19 193
19 228
19 228
19 228
19 230
19 230
19 230
19 239
19 253
19 253
19 253
19 253
19 253
19 253
19 255
19 255
19 319
19 462
19 462
19 494
19 536
19 615
19 650
20 21
21 98
21 103
21 103
21 103
21 103
21 103
21 103
21 108
21 142
21 142
21 142
21 142
21 142
21 240
21 293
21 322
21 387
21 387
21 387
21 389
21 394
21 394
21 394
21 394
21 394
21 394
21 417
21 417
21 417
21 417
21 417
21 417
21 417
21 484
21 516
21 516
21 634
21 636
21 641
21 684
21 685
21 691
21 749
22 23
22 24
23 134
23 140
23 292
23 300
23 402
23 461
23 478
23 479
23 479
23 493
23 493
23 590
23 612
23 618
23 652
23 660
23 660
23 660
23 665
23 720
24 31
24 121
24 195
24 215
24 246
24 246
24 249
24 254
24 264
24 282
24 352
24 359
24 421
24 445
24 490
24 494
24 610
24 611
24 611
24 611
24 611
24 611
24 611
24 611
24 624
24 644
24 713
24 713
24 725
24 745
25 26
25 27
26 38
26 48
26 48
26 48
26 48
26 48
26 48
26 48
26 48
26 48
26 49
26 49
26 66
26 68
26 82
26 97
26 97
26 97
26 97
26 97
26 103
26 103
26 103
26 103
26 103
26 103
26 103
26 103
26 103
26 122
26 124
26 135
26 141
26 142
26 142
26 142
26 142
26 142
26 142
26 149
26 167
26 204
26 212
26 214
26 237
26 239
26 259
26 271
26 277
26 285
26 294
26 299
26 303
26 310
26 330
26 374
26 387
26 387
26 387
26 387
26 389
26 390
26 391
26 394
26 394
26 397
26 401
26 401
26 405
26 405
26 405
26 405
26 405
26 405
26 405
26 408
26 409
26 413
26 457
26 459
26 474
26 474
26 474
26 474
26 474
26 474
26 474
26 474
26 474
26 474
26 479
26 479
26 479
26 484
26 484
26 484
26 484
26 503
26 507
26 545
26 545
26 560
26 563
26 563
26 563
26 563
26 563
26 563
26 577
26 586
26 586
26 586
26 588
26 588
26 588
26 588
26 588
26 590
26 590
26 592
26 594
26 606
26 607
26 607
26 608
26 613
26 613
26 620
26 623
26 645
26 645
26 660
26 661
26 666
26 672
26 707
26 718
26 746
26 753
26 754
26 754
26 755
26 755
26 755
26 755
26 755
26 755
26 755
26 755
26 756
26 756
26 766
27 28
27 52
27 85
27 85
27 101
27 101
27 101
27 102
27 183
27 189
27 206
27 222
27 283
27 283
27 285
27 285
27 285
27 285
27 298
27 308
27 313
27 351
27 387
27 387
27 387
27 387
27 387
27 387
27 390
27 406
27 417
27 417
27 417
27 417
27 417
27 417
27 449
27 460
27 463
27 472
27 472
27 474
27 474
27 496
27 517
27 524
27 539
27 545
27 545
27 545
27 545
27 545
27 545
27 545
27 545
27 545
27 572
27 572
27 572
27 597
27 611
27 611
27 611
27 611
27 619
27 634
27 667
27 676
27 690
27 738
27 740
27 743
27 743
27 749
27 749
29 30
30 32
30 52
30 52
30 59
30 59
30 61
30 101
30 101
30 406
30 463
30 474
30 474
30 474
30 474
30 474
30 474
30 474
30 474
30 511
30 511
30 512
30 539
30 545
30 545
30 545
30 545
30 545
30 545
30 545
30 565
30 595
30 597
30 599
30 601
30 602
30 609
30 611
30 611
30 631
30 643
30 656
30 661
30 670
30 710
30 737
30 743
32 33
32 34
32 34
33 186
33 394
33 394
33 417
33 417
33 471
33 510
33 535
33 575
33 617
33 717
33 749
34 148
34 182
34 272
34 387
34 394
34 417
34 417
34 457
34 474
34 575
34 575
34 628
34 686
34 749
35 36
35 36
35 36
35 37
36 49
36 124
36 125
36 142
36 179
36 181
36 188
36 207
36 230
36 241
36 241
36 241
36 263
36 316
36 329
36 331
36 331
36 375
36 390
36 408
36 417
36 417
36 417
36 417
36 417
36 417
36 417
36 417
36 417
36 417
36 417
36 417
36 417
36 417
36 417
36 417
36 417
36 417
36 417
36 417
36 418
36 437
36 441
36 443
36 448
36 467
36 467
36 518
36 519
36 564
36 574
36 605
36 607
36 622
36 625
36 634
36 634
36 634
36 634
36 679
36 688
36 697
36 708
36 742
36 749
37 55
37 230
37 230
37 576
39 40
39 40
39 40
39 40
39 40
39 41
40 52
40 52
40 61
40 61
40 61
40 126
40 142
40 142
40 142
40 142
40 149
40 149
40 228
40 228
40 279
40 385
40 385
40 387
40 387
40 416
40 463
40 466
40 469
40 472
40 472
40 472
40 472
40 472
40 472
40 472
40 472
40 472
40 474
40 474
40 474
40 474
40 474
40 474
40 474
40 474
40 474
40 477
40 478
40 483
40 534
40 536
40 540
40 545
40 545
40 545
40 568
40 570
40 572
40 586
40 586
40 660
40 660
40 742
40 765
40 765
40 765
41 42
41 76
41 77
41 85
41 85
41 85
41 164
41 190
41 262
41 284
41 285
41 285
41 285
41 389
41 389
41 389
41 464
41 479
41 479
41 479
41 519
41 521
41 571
41 578
41 603
41 660
41 660
41 660
41 666
43 44
43 45
44 127
44 176
44 176
44 228
44 228
44 230
44 230
44 230
44 252
44 359
44 462
44 514
44 567
45 54
45 54
45 72
45 81
45 230
45 230
45 230
45 230
45 230
45 230
45 230
45 230
45 230
45 230
45 230
45 230
45 244
45 270
45 415
45 454
45 580
45 580
46 47
46 47
46 47
47 97
47 194
47 241
47 241
47 275
47 295
47 390
47 394
47 410
47 431
47 516
47 564
47 660
47 675
47 680
50 51
51 85
51 90
51 91
51 96
51 109
51 219
51 219
51 219
51 219
51 219
51 233
51 233
51 233
51 247
51 280
51 305
51 319
51 364
51 364
51 385
51 385
51 385
51 385
51 385
51 385
51 385
51 385
51 385
51 385
51 385
51 385
51 396
51 396
51 396
51 396
51 396
51 396
51 396
51 396
51 396
51 396
51 396
51 396
51 396
51 396
51 396
51 544
51 544
51 544
51 558
55 56
56 230
57 58
58 85
58 149
58 164
58 176
58 176
58 176
58 176
58 221
58 228
58 230
58 230
58 230
58 230
58 230
58 230
58 230
58 230
58 230
58 230
58 230
58 230
58 230
58 244
58 244
58 285
58 472
58 499
58 499
58 565
58 566
58 579
58 579
58 585
58 708
59 60
60 101
60 101
60 101
60 101
60 101
60 208
60 230
60 230
60 285
60 285
60 288
60 298
60 313
60 313
60 387
60 387
60 402
60 411
60 465
60 472
60 474
60 474
60 474
60 474
60 474
60 477
60 479
60 480
60 480
60 508
60 523
60 539
60 545
60 545
60 559
60 572
60 572
60 573
60 593
60 611
60 646
60 654
60 676
60 695
60 702
60 736
60 752
60 752
60 761
61 62
61 62
62 389
62 474
63 64
63 64
63 64
63 64
63 64
63 64
63 64
63 64
63 64
63 64
63 64
64 65
64 70
64 101
64 101
64 101
64 103
64 108
64 139
64 142
64 142
64 142
64 142
64 142
64 142
64 149
64 149
64 149
64 149
64 149
64 149
64 164
64 164
64 164
64 167
64 222
64 223
64 228
64 228
64 230
64 283
64 285
64 308
64 344
64 344
64 344
64 387
64 387
64 399
64 407
64 459
64 477
64 479
64 480
64 480
64 481
64 495
64 498
64 498
64 498
64 524
64 525
64 526
64 529
64 542
64 591
64 595
64 595
64 595
64 595
64 595
64 595
64 595
64 595
64 595
64 595
64 595
64 595
64 595
64 595
64 601
64 601
64 601
64 611
64 615
64 621
64 637
64 671
64 714
64 714
64 723
64 730
70 71
70 71
70 71
71 73
71 73
71 79
71 79
71 84
71 84
71 84
71 323
71 324
71 381
71 614
71 679
71 689
77 78
78 79
78 103
78 103
78 108
78 108
78 108
78 108
78 108
78 108
78 108
78 108
78 108
78 108
78 108
78 142
78 256
78 260
78 260
78 315
78 330
78 330
78 330
78 330
78 330
78 330
78 363
78 363
78 379
78 380
78 387
78 387
78 401
78 401
78 464
78 466
78 519
78 545
78 561
78 581
78 612
78 612
78 659
78 659
78 659
78 660
78 675
78 682
79 80
79 80
80 141
80 141
80 141
80 141
80 227
80 227
80 227
80 230
80 237
80 389
80 393
80 479
80 570
103 104
103 105
103 105
103 105
103 106
103 107
103 107
104 149
104 149
104 149
104 149
104 149
104 149
104 149
104 149
104 149
104 149
104 149
104 149
104 149
104 149
104 149
104 149
104 149
104 149
104 149
104 149
104 149
104 149
104 149
104 149
104 149
104 149
104 149
104 149
104 149
104 167
104 167
104 167
104 167
104 167
104 167
104 167
104 167
104 167
104 167
104 167
104 167
104 167
104 167
104 167
104 167
104 167
104 167
104 167
104 230
104 230
104 307
104 387
104 387
104 481
104 633
104 734
104 748
105 134
105 149
105 149
105 164
105 164
105 531
105 750
106 142
106 149
106 204
106 387
106 387
106 387
106 389
106 693
130 131
130 132
130 133
131 519
133 149
133 164
133 164
142 143
142 144
142 145
142 146
142 147
142 147
143 167
144 401
145 167
145 180
145 289
145 387
145 435
145 436
146 149
146 167
146 167
146 515
146 515
146 515
146 722
147 176
147 226
147 226
147 228
147 230
147 230
147 230
147 230
147 230
147 230
147 230
147 230
147 230
147 274
147 356
147 484
147 484
147 567
147 580
147 719
147 762
149 150
149 151
149 152
149 152
149 152
149 152
149 152
149 152
149 152
149 153
149 153
149 153
149 153
149 153
149 153
149 154
149 155
149 156
149 156
149 156
149 156
149 156
149 156
149 156
149 156
149 157
149 157
149 158
149 159
149 159
149 160
149 161
149 162
149 163
150 462
156 167
156 633
157 167
157 167
157 167
157 167
157 291
157 414
157 472
157 474
159 167
160 167
163 167
164 165
164 166
165 167
165 176
165 176
165 185
165 230
165 234
165 278
165 281
165 281
165 306
165 361
165 385
165 396
165 396
165 396
165 396
165 396
165 396
165 396
165 396
165 396
165 396
165 396
165 396
165 396
165 396
165 396
165 396
165 396
165 396
165 396
165 494
165 562
165 568
165 674
165 674
165 674
165 674
165 674
165 674
165 674
165 674
165 674
165 687
165 744
165 744
165 744
166 167
167 168
167 169
167 170
167 171
167 172
167 173
167 174
167 175
170 199
170 230
170 230
170 230
170 230
170 387
170 414
170 462
170 470
170 474
170 516
170 605
170 716
171 474
173 230
173 356
173 414
174 328
174 404
174 417
174 470
174 481
174 530
174 634
176 177
191 192
192 220
192 230
192 230
192 230
192 230
192 230
192 251
192 251
192 252
192 252
192 320
192 359
192 372
192 376
192 558
192 764
201 202
202 230
202 297
202 302
202 351
202 597
202 655
202 749
212 213
213 230
213 230
213 387
213 387
213 389
213 414
213 414
213 518
213 524
213 769
228 229
229 417
229 455
229 455
229 455
229 455
229 455
229 455
229 533
229 586
229 586
230 231
230 232
231 250
231 387
231 481
244 245
356 357
356 357
356 357
356 357
356 357
356 358
357 502
358 359
358 481
358 641
381 382
385 386
385 386
385 386
385 386
387 388
388 678
402 403
467 468
472 473
473 539
473 539
473 539
473 539
473 539
473 539
473 539
473 539
473 539
473 539
473 539
473 539
473 539
473 539
473 539
473 539
473 539
473 539
473 539
473 539
473 541
474 475
481 482
519 520
568 569
568 569
568 569
583 584
