0 1
0 2
0 3
0 84
0 190
0 737
0 2682
1 85
1 785
1 2472
2 4
2 5
2 85
2 86
2 786
2 2473
3 6
3 7
3 190
3 191
3 743
3 2683
4 8
4 9
4 87
4 785
4 787
4 2474
5 10
5 11
5 196
5 737
5 740
5 2684
6 12
6 13
6 88
6 788
6 2475
7 14
7 15
7 192
7 749
7 2685
8 16
8 17
8 89
8 789
8 2476
9 18
9 19
9 201
9 746
9 2686
10 20
10 21
10 90
10 790
10 2477
11 22
11 23
11 197
11 752
11 2687
12 24
12 25
12 91
12 791
12 2472
12 2478
13 26
13 27
13 193
13 758
13 2682
13 2688
14 28
14 29
14 85
14 86
14 92
14 205
14 792
14 755
14 1170
14 2479
15 30
15 31
15 190
15 191
15 778
15 946
15 1380
16 32
16 33
16 87
16 93
16 205
16 786
16 793
16 2480
17 34
17 35
17 196
17 778
17 743
18 36
18 37
18 88
18 94
18 794
18 755
18 2481
19 38
19 39
19 192
19 946
20 40
20 41
20 89
20 95
20 795
20 1170
20 2482
21 42
21 43
21 201
21 1380
22 44
22 45
22 90
22 96
22 796
22 2483
23 46
23 47
23 197
24 48
24 49
24 91
24 97
24 797
24 2473
24 2484
25 50
25 51
25 193
25 2683
26 52
26 53
26 98
26 205
26 785
26 787
26 798
26 952
26 2485
27 54
27 55
27 778
27 737
27 740
27 1163
28 56
28 57
28 99
28 788
28 799
28 952
28 2486
29 58
29 59
29 749
29 1163
30 60
30 61
30 100
30 789
30 800
30 2487
31 62
31 63
31 746
32 64
32 65
32 101
32 790
32 801
32 2488
33 66
33 67
33 752
34 68
34 69
34 102
34 791
34 802
34 2474
34 2489
35 70
35 71
35 758
35 2684
36 72
36 73
36 103
36 803
36 755
36 952
36 1387
36 1821
36 2490
37 74
37 75
37 946
37 1163
37 1597
37 2031
38 76
38 77
38 104
38 804
38 1387
38 2491
39 78
39 79
39 1597
40 80
40 81
40 105
40 805
40 1821
40 2492
41 82
41 83
41 2031
42 84
42 85
42 106
42 806
42 2475
42 2493
43 86
43 87
43 2685
44 88
44 89
44 107
44 807
44 1170
44 1387
44 1604
44 2038
44 2494
45 90
45 91
45 1380
45 1597
45 1814
45 2248
46 92
46 93
46 108
46 808
46 1604
46 2495
47 94
47 95
47 1814
48 96
48 97
48 109
48 809
48 2038
48 2476
48 2496
49 98
49 99
49 2248
49 2686
50 100
50 101
50 110
50 810
50 1604
50 1821
50 2255
50 2497
51 102
51 103
51 1814
51 2031
51 2465
52 104
52 105
52 111
52 811
52 2255
52 2477
52 2498
53 106
53 107
53 2465
53 2687
54 108
54 109
54 112
54 812
54 2038
54 2255
54 2472
54 2478
54 2499
55 110
55 111
55 2248
55 2465
55 2682
55 2688
56 112
56 113
56 113
56 86
56 92
56 202
56 281
56 761
56 1171
56 2500
57 114
57 115
57 191
57 779
57 948
57 1381
58 116
58 117
58 87
58 93
58 114
58 202
58 206
58 792
58 282
58 764
58 1172
58 2501
59 118
59 119
59 196
59 779
59 780
59 947
59 1382
60 120
60 121
60 88
60 94
60 115
60 208
60 287
60 761
60 770
60 1173
60 2502
61 122
61 123
61 192
61 781
61 948
61 950
61 1383
62 124
62 125
62 89
62 95
62 116
62 203
62 283
62 767
62 1171
62 1174
62 2503
63 126
63 127
63 201
63 782
63 949
63 1381
63 1384
64 128
64 129
64 90
64 96
64 117
64 207
64 292
64 773
64 1175
64 2504
65 130
65 131
65 197
65 783
65 951
65 1385
66 132
66 133
66 91
66 97
66 118
66 210
66 288
66 776
66 1176
66 2479
66 2505
67 134
67 135
67 193
67 784
67 953
67 1386
68 136
68 137
68 98
68 119
68 202
68 206
68 786
68 793
68 284
68 954
68 2506
69 138
69 139
69 779
69 780
69 743
69 1164
70 140
70 141
70 99
70 120
70 208
70 794
70 296
70 764
70 954
70 2507
71 142
71 143
71 781
71 947
71 1164
72 144
72 145
72 100
72 121
72 203
72 795
72 293
72 1172
72 2508
73 146
73 147
73 782
73 1382
74 148
74 149
74 101
74 122
74 207
74 796
74 297
74 2509
75 150
75 151
75 783
76 152
76 153
76 102
76 123
76 210
76 797
76 299
76 2480
76 2510
77 154
77 155
77 784
78 156
78 157
78 103
78 124
78 294
78 761
78 770
78 954
78 1388
78 1822
78 2511
79 158
79 159
79 948
79 950
79 1164
79 1598
79 2032
80 160
80 161
80 104
80 125
80 298
80 767
80 1173
80 1388
80 2512
81 162
81 163
81 949
81 1383
81 1598
82 164
82 165
82 105
82 126
82 301
82 773
82 1822
82 2513
83 166
83 167
83 951
83 2032
84 168
84 106
84 127
84 300
84 776
84 2481
84 2514
85 953
86 107
86 128
86 302
86 1171
86 1174
86 1388
86 1605
86 2039
86 2515
87 1381
87 1384
87 1598
87 1815
87 2249
88 108
88 129
88 307
88 1175
88 1605
88 2516
89 1385
89 1815
90 109
90 130
90 303
90 1176
90 2039
90 2482
90 2517
91 1386
91 2249
92 169
92 110
92 131
92 289
92 1605
92 1822
92 2256
92 2518
93 170
93 1815
93 2032
93 2466
94 171
94 111
94 132
94 311
94 2256
94 2483
94 2519
95 172
95 2466
96 173
96 112
96 133
96 308
96 2039
96 2256
96 2473
96 2484
96 2520
97 174
97 2249
97 2466
97 2683
98 175
98 134
98 206
98 787
98 798
98 312
98 955
98 2521
99 176
99 780
99 740
99 1165
100 177
100 135
100 208
100 788
100 799
100 314
100 955
100 957
100 2522
101 178
101 781
101 749
101 1165
101 1166
102 179
102 136
102 203
102 789
102 800
102 309
102 956
102 2523
103 180
103 782
103 746
103 1167
104 181
104 137
104 207
104 790
104 801
104 313
104 958
104 2524
105 182
105 783
105 752
105 1168
106 183
106 138
106 210
106 791
106 802
106 316
106 959
106 2485
106 2525
107 184
107 784
107 758
107 1169
108 185
108 139
108 803
108 315
108 764
108 955
108 957
108 1389
108 1823
108 2526
109 186
109 947
109 1165
109 1166
109 1599
109 2033
110 187
110 140
110 804
110 317
110 956
110 1389
110 2527
111 188
111 1167
111 1599
112 189
112 141
112 805
112 321
112 958
112 1823
112 2528
113 169
113 190
113 1168
113 2033
114 170
114 191
114 142
114 806
114 318
114 959
114 2486
114 2529
115 171
115 192
115 1169
116 172
116 193
116 143
116 807
116 322
116 1172
116 1389
116 1606
116 2040
116 2530
117 173
117 194
117 1382
117 1599
117 1816
117 2250
118 174
118 195
118 144
118 808
118 324
118 1606
118 2531
119 175
119 196
119 1816
120 176
120 197
120 145
120 809
120 319
120 2040
120 2487
120 2532
121 177
121 198
121 2250
122 178
122 199
122 146
122 810
122 323
122 1606
122 1823
122 2257
122 2533
123 179
123 200
123 1816
123 2033
123 2467
124 180
124 201
124 147
124 811
124 326
124 2257
124 2488
124 2534
125 181
125 202
125 2467
126 182
126 203
126 148
126 812
126 325
126 2040
126 2257
126 2474
126 2489
126 2535
127 183
127 204
127 2250
127 2467
127 2684
128 184
128 205
128 149
128 304
128 770
128 957
128 1390
128 1824
128 2536
129 185
129 206
129 950
129 1166
129 1600
129 2034
130 186
130 207
130 150
130 327
130 767
130 956
130 1390
130 1391
130 1825
130 2537
131 187
131 208
131 949
131 1167
131 1600
131 1601
131 2035
132 188
132 209
132 151
132 328
132 773
132 958
132 1392
132 1824
132 1826
132 2538
133 189
133 210
133 951
133 1168
133 1602
133 2034
133 2036
134 211
134 212
134 152
134 330
134 776
134 959
134 1393
134 1827
134 2490
134 2539
135 213
135 214
135 953
135 1169
135 1603
135 2037
136 215
136 216
136 153
136 329
136 1173
136 1390
136 1391
136 1607
136 2041
136 2540
137 217
137 218
137 1383
137 1600
137 1601
137 1817
137 2251
138 219
138 220
138 154
138 332
138 1392
138 1607
138 1825
138 2541
139 221
139 222
139 1602
139 1817
139 2035
140 223
140 224
140 155
140 331
140 1393
140 2041
140 2491
140 2542
141 225
141 226
141 1603
141 2251
142 227
142 228
142 156
142 285
142 1607
142 1824
142 1826
142 2258
142 2543
143 229
143 230
143 1817
143 2034
143 2036
143 2468
144 231
144 232
144 157
144 290
144 1827
144 2258
144 2492
144 2544
145 233
145 234
145 2037
145 2468
146 235
146 236
146 158
146 305
146 2041
146 2258
146 2475
146 2493
146 2545
147 237
147 238
147 2251
147 2468
147 2685
148 239
148 240
148 159
148 333
148 1174
148 1391
148 1608
148 2042
148 2546
149 241
149 242
149 1384
149 1601
149 1818
149 2252
150 243
150 244
150 160
150 335
150 1175
150 1392
150 1608
150 1609
150 2043
150 2547
151 245
151 246
151 1385
151 1602
151 1818
151 1819
151 2253
152 247
152 248
152 161
152 334
152 1176
152 1393
152 1610
152 2042
152 2044
152 2494
152 2548
153 249
153 250
153 1386
153 1603
153 1820
153 2252
153 2254
154 251
154 252
154 162
154 286
154 1608
154 1609
154 1825
154 2259
154 2549
155 253
155 254
155 1818
155 1819
155 2035
155 2469
156 255
156 256
156 163
156 291
156 1610
156 2043
156 2259
156 2495
156 2550
157 257
157 258
157 1820
157 2253
157 2469
158 259
158 260
158 164
158 306
158 2042
158 2044
158 2259
158 2476
158 2496
158 2551
159 261
159 262
159 2252
159 2254
159 2469
159 2686
160 263
160 264
160 165
160 295
160 1609
160 1826
160 2260
160 2552
161 265
161 266
161 1819
161 2036
161 2470
162 267
162 268
162 166
162 320
162 1610
162 1827
162 2260
162 2261
162 2497
162 2553
163 269
163 270
163 1820
163 2037
163 2470
163 2471
164 271
164 272
164 167
164 310
164 2043
164 2260
164 2261
164 2477
164 2498
164 2554
165 273
165 274
165 2253
165 2470
165 2471
165 2687
166 275
166 276
166 168
166 336
166 2044
166 2261
166 2478
166 2499
166 2555
167 277
167 278
167 2254
167 2471
167 2688
168 279
168 280
169 190
169 281
169 209
169 339
169 813
169 1177
169 2556
170 191
170 282
170 209
170 212
170 281
170 357
170 814
170 1178
170 2557
171 175
171 172
171 193
171 284
171 222
171 343
171 813
171 815
171 1179
171 2558
172 175
172 196
172 287
172 214
172 370
172 816
172 1177
172 1180
172 2559
173 180
173 255
173 256
173 324
173 198
173 360
173 817
173 1181
173 2560
174 176
174 267
174 268
174 330
174 230
174 373
174 818
174 1182
174 2500
174 2561
175 192
175 283
175 209
175 212
175 224
175 792
175 282
175 379
175 819
175 960
175 1183
175 2562
176 195
176 286
176 184
176 222
176 232
176 287
176 363
176 814
176 820
176 960
176 1184
176 2563
177 181
177 187
177 208
177 299
177 214
177 236
177 283
177 376
177 821
177 1178
177 1185
177 2564
178 185
178 257
178 258
178 325
178 198
178 226
178 292
178 385
178 822
178 1186
178 2565
179 187
179 269
179 270
179 331
179 230
179 234
179 288
179 382
179 823
179 1187
179 2501
179 2566
180 194
180 285
180 182
180 240
180 388
180 813
180 815
180 824
180 960
180 1188
180 1394
180 1828
180 2567
181 198
181 289
181 186
181 238
181 401
181 816
181 825
181 1179
181 1189
181 1394
181 2568
182 201
182 292
182 189
182 242
182 391
182 817
182 826
182 1190
182 1828
182 2569
183 188
183 273
183 274
183 333
183 250
183 403
183 818
183 827
183 1191
183 2502
183 2570
184 197
184 288
184 211
184 244
184 409
184 828
184 1177
184 1180
184 1192
184 1394
184 1611
184 2045
184 2571
185 199
185 290
185 221
185 252
185 394
185 829
185 1181
185 1193
185 1611
185 2572
186 202
186 293
186 213
186 256
186 406
186 830
186 1182
186 1194
186 2045
186 2503
186 2573
187 200
187 291
187 246
187 415
187 831
187 1195
187 1611
187 1828
187 2262
187 2574
188 204
188 295
188 229
188 254
188 412
188 832
188 1196
188 2262
188 2504
188 2575
189 203
189 294
189 223
189 260
189 346
189 833
189 1197
189 2045
189 2262
189 2479
189 2505
189 2576
190 258
190 834
190 1198
191 258
191 216
191 339
191 835
191 1199
192 262
192 834
192 836
192 1200
193 264
193 837
193 1198
193 1201
194 268
194 198
194 216
194 345
194 838
194 1202
195 266
195 204
195 228
195 366
195 839
195 1203
195 2556
196 258
196 216
196 272
196 281
196 357
196 840
196 981
196 1204
197 262
197 270
197 343
197 835
197 841
197 981
197 1205
198 217
198 264
198 370
198 842
198 1199
198 1206
199 268
199 218
199 349
199 360
199 843
199 1207
200 266
200 218
200 205
200 230
200 369
200 373
200 844
200 1208
200 2557
201 274
201 834
201 836
201 845
201 981
201 1209
201 1415
201 1849
202 278
202 837
202 846
202 1200
202 1210
202 1415
203 276
203 838
203 847
203 1211
203 1849
204 207
204 234
204 375
204 839
204 848
204 1212
204 2558
205 211
205 849
205 1198
205 1201
205 1213
205 1415
205 1632
205 2066
206 221
206 220
206 850
206 1202
206 1214
206 1632
207 213
207 851
207 1203
207 1215
207 2066
207 2559
208 248
208 852
208 1216
208 1632
208 1849
208 2283
209 229
209 228
209 853
209 1217
209 2283
209 2560
210 223
210 280
210 854
210 1218
210 2066
210 2283
210 2500
210 2561
211 296
211 231
211 212
211 224
211 793
211 284
211 418
211 961
211 2577
212 231
212 216
212 272
212 337
212 282
212 379
212 855
212 982
212 1219
213 298
213 235
213 222
213 232
213 794
213 296
213 421
213 819
213 961
213 962
213 2578
214 235
214 215
214 262
214 270
214 356
214 287
214 363
214 840
214 856
214 982
214 983
214 1220
215 225
215 241
215 242
215 317
215 236
215 795
215 293
215 426
215 963
215 1183
215 2579
216 225
216 264
216 342
216 283
216 376
216 857
216 984
216 1204
216 1221
217 233
217 259
217 260
217 326
217 226
217 796
217 297
217 423
217 964
217 2580
218 233
218 268
218 220
218 353
218 369
218 292
218 385
218 858
218 985
218 1222
219 239
219 271
219 272
219 332
219 230
219 234
219 797
219 299
219 432
219 965
219 2506
219 2581
220 239
220 266
220 232
220 372
220 359
220 288
220 382
220 859
220 986
220 1223
220 2562
221 297
221 237
221 240
221 294
221 429
221 814
221 820
221 961
221 962
221 1395
221 1829
221 2582
222 237
222 274
222 372
222 388
222 835
222 841
222 860
222 982
222 983
222 1224
222 1416
222 1850
223 301
223 241
223 238
223 298
223 350
223 821
223 963
223 1184
223 1395
223 2583
224 241
224 338
224 278
224 378
224 401
224 842
224 861
224 984
224 1205
224 1225
224 1416
225 304
225 249
225 242
225 301
225 434
225 822
225 964
225 1829
225 2584
226 249
226 347
226 276
226 361
226 391
226 843
226 862
226 985
226 1226
226 1850
227 243
227 277
227 278
227 335
227 250
227 300
227 438
227 823
227 965
227 2507
227 2585
228 243
228 238
228 381
228 375
228 403
228 844
228 863
228 986
228 1227
228 2563
229 300
229 251
229 244
229 302
229 436
229 1178
229 1185
229 1395
229 1612
229 2046
229 2586
230 251
230 384
230 409
230 864
230 1199
230 1206
230 1228
230 1416
230 1633
230 2067
231 302
231 255
231 252
231 307
231 354
231 1186
231 1612
231 2587
232 255
232 340
232 381
232 394
232 865
232 1207
232 1229
232 1633
233 305
233 245
233 256
233 303
233 398
233 1187
233 2046
233 2508
233 2588
234 245
234 351
234 387
234 406
234 866
234 1208
234 1230
234 2067
234 2564
235 303
235 253
235 246
235 289
235 367
235 1612
235 1829
235 2263
235 2589
236 253
236 344
236 248
236 400
236 415
236 867
236 1231
236 1633
236 1850
236 2284
237 307
237 259
237 254
237 311
237 441
237 2263
237 2509
237 2590
238 259
238 352
238 390
238 412
238 868
238 1232
238 2284
238 2565
239 306
239 257
239 260
239 308
239 444
239 2046
239 2263
239 2480
239 2510
239 2591
240 257
240 341
240 280
240 402
240 346
240 617
240 1233
240 2067
240 2284
240 2501
240 2566
241 308
241 458
241 815
241 824
241 962
241 1396
241 1830
241 2592
242 362
242 408
242 836
242 845
242 622
242 983
242 1234
242 1417
242 1851
243 310
243 261
243 448
243 816
243 825
243 963
243 1188
243 1396
243 1397
243 1831
243 2593
244 261
244 348
244 393
244 837
244 846
244 618
244 984
244 1209
244 1235
244 1417
244 1418
244 1852
245 313
245 263
245 460
245 817
245 826
245 964
245 1398
245 1830
245 1832
245 2594
246 263
246 358
246 405
246 838
246 847
246 626
246 985
246 1236
246 1419
246 1851
246 1853
247 267
247 275
247 276
247 334
247 466
247 818
247 827
247 965
247 1399
247 1833
247 2511
247 2595
248 267
248 378
248 414
248 839
248 848
248 623
248 986
248 1237
248 1420
248 1854
248 2567
249 309
249 265
249 451
249 828
249 1179
249 1189
249 1396
249 1397
249 1613
249 2047
249 2596
250 265
250 364
250 411
250 849
250 627
250 1200
250 1210
250 1238
250 1417
250 1418
250 1634
250 2068
251 311
251 271
251 463
251 829
251 1190
251 1398
251 1613
251 1831
251 2597
252 271
252 355
252 345
252 850
252 629
252 1211
252 1239
252 1419
252 1634
252 1852
253 314
253 269
253 472
253 830
253 1191
253 1399
253 2047
253 2512
253 2598
254 269
254 371
254 417
254 851
254 624
254 1212
254 1240
254 1420
254 2068
254 2568
255 312
255 469
255 831
255 1613
255 1830
255 1832
255 2264
255 2599
256 365
256 420
256 852
256 628
256 1241
256 1634
256 1851
256 1853
256 2285
257 316
257 475
257 832
257 1833
257 2264
257 2513
257 2600
258 425
258 853
258 632
258 1242
258 1854
258 2285
258 2569
259 315
259 478
259 833
259 2047
259 2264
259 2481
259 2514
259 2601
260 368
260 422
260 854
260 630
260 1243
260 2068
260 2285
260 2502
260 2570
261 318
261 273
261 484
261 1180
261 1192
261 1397
261 1614
261 2048
261 2602
262 273
262 431
262 634
262 1201
262 1213
262 1244
262 1418
262 1635
262 2069
263 319
263 277
263 481
263 1181
263 1193
263 1398
263 1614
263 1615
263 2049
263 2603
264 277
264 428
264 642
264 1202
264 1214
264 1245
264 1419
264 1635
264 1636
264 2070
265 321
265 275
265 490
265 1182
265 1194
265 1399
265 1616
265 2048
265 2050
265 2515
265 2604
266 275
266 349
266 636
266 1203
266 1215
266 1246
266 1420
266 1637
266 2069
266 2071
266 2571
267 320
267 487
267 1195
267 1614
267 1615
267 1831
267 2265
267 2605
268 433
268 644
268 1216
268 1247
268 1635
268 1636
268 1852
268 2286
269 323
269 493
269 1196
269 1616
269 2049
269 2265
269 2516
269 2606
270 342
270 437
270 648
270 1217
270 1248
270 1637
270 2070
270 2286
270 2572
271 322
271 498
271 1197
271 2048
271 2050
271 2265
271 2482
271 2517
271 2607
272 337
272 435
272 638
272 1218
272 1249
272 2069
272 2071
272 2286
272 2503
272 2573
273 327
273 496
273 1615
273 1832
273 2266
273 2608
274 356
274 353
274 646
274 1250
274 1636
274 1853
274 2287
275 329
275 455
275 1616
275 1833
275 2266
275 2267
275 2518
275 2609
276 361
276 397
276 652
276 1251
276 1637
276 1854
276 2287
276 2288
276 2574
277 328
277 501
277 2049
277 2266
277 2267
277 2483
277 2519
277 2610
278 359
278 366
278 650
278 1252
278 2070
278 2287
278 2288
278 2504
278 2575
279 280
279 336
279 504
279 2050
279 2267
279 2484
279 2520
279 2611
280 384
280 439
280 619
280 1253
280 2071
280 2288
280 2505
280 2576
281 442
281 654
281 1254
282 442
282 457
282 656
282 1255
283 447
283 654
283 660
283 1256
284 459
284 337
284 658
284 1254
284 1257
285 465
285 386
285 569
285 664
285 1258
286 450
286 410
286 575
286 662
286 1259
287 442
287 457
287 461
287 339
287 620
287 1037
287 1260
288 447
288 471
288 656
288 666
288 1037
288 1261
289 459
289 467
289 378
289 670
289 1255
289 1262
290 465
290 474
290 399
290 570
290 668
290 1263
291 450
291 477
291 419
291 576
291 621
291 1264
292 483
292 654
292 660
292 640
292 1037
292 1265
292 1471
292 1905
293 479
293 345
293 658
293 625
293 1256
293 1266
293 1471
294 489
294 356
294 664
294 672
294 1267
294 1905
295 485
295 424
295 578
295 662
295 675
295 1268
296 492
296 342
296 687
296 1254
296 1257
296 1269
296 1471
296 1688
296 2122
297 497
297 349
297 678
297 1258
297 1270
297 1688
298 494
298 359
298 690
298 1259
298 1271
298 2122
299 454
299 353
299 696
299 1272
299 1688
299 1905
299 2339
300 499
300 366
300 681
300 1273
300 2339
301 502
301 361
301 693
301 1274
301 2122
301 2339
301 2556
302 457
302 461
302 505
302 369
302 357
302 702
302 1038
302 1275
303 447
303 471
303 512
303 375
303 343
303 620
303 699
303 1038
303 1039
303 1276
304 459
304 467
304 510
304 374
304 562
304 370
304 705
304 1040
304 1260
304 1277
305 465
305 474
305 518
305 396
305 571
305 360
305 708
305 1041
305 1278
306 450
306 477
306 516
306 416
306 577
306 373
306 714
306 1042
306 1279
307 483
307 520
307 372
307 656
307 666
307 711
307 1038
307 1039
307 1280
307 1472
307 1906
308 479
308 527
308 384
308 670
308 720
308 1040
308 1261
308 1281
308 1472
309 489
309 525
309 344
309 549
309 668
309 717
309 1041
309 1282
309 1906
310 485
310 529
310 427
310 580
310 621
310 723
310 1042
310 1283
311 492
311 532
311 381
311 729
311 1255
311 1262
311 1284
311 1472
311 1689
311 2123
312 497
312 539
312 338
312 547
312 726
312 1263
312 1285
312 1689
313 494
313 537
313 347
313 550
313 684
313 1264
313 1286
313 2123
314 454
314 541
314 340
314 548
314 732
314 1287
314 1689
314 1906
314 2340
315 499
315 544
315 341
315 552
315 735
315 1288
315 2340
316 502
316 547
316 351
316 551
316 738
316 1289
316 2123
316 2340
316 2557
317 552
317 352
317 553
317 660
317 640
317 744
317 1039
317 1290
317 1473
317 1907
318 548
318 364
318 555
318 658
318 625
318 741
318 1040
318 1265
318 1291
318 1473
318 1474
318 1908
319 556
319 365
319 558
319 664
319 672
319 750
319 1041
319 1292
319 1475
319 1907
319 1909
320 553
320 430
320 579
320 662
320 675
320 747
320 1042
320 1293
320 1476
320 1910
321 557
321 362
321 554
321 687
321 753
321 1256
321 1266
321 1294
321 1473
321 1474
321 1690
321 2124
322 559
322 348
322 556
322 678
322 759
322 1267
322 1295
322 1475
322 1690
322 1908
323 554
323 358
323 559
323 690
323 756
323 1268
323 1296
323 1476
323 2124
324 558
324 355
324 557
324 696
324 762
324 1297
324 1690
324 1907
324 1909
324 2341
325 561
325 561
325 368
325 681
325 765
325 1298
325 1910
325 2341
326 560
326 560
326 371
326 693
326 771
326 1299
326 2124
326 2341
326 2558
327 562
327 380
327 563
327 768
327 1257
327 1269
327 1300
327 1474
327 1691
327 2125
328 566
328 389
328 564
328 774
328 1258
328 1270
328 1301
328 1475
328 1691
328 1692
328 2126
329 563
329 377
329 566
329 777
329 1259
329 1271
329 1302
329 1476
329 1693
329 2125
329 2127
330 567
330 395
330 565
330 869
330 1272
330 1303
330 1691
330 1692
330 1908
330 2342
331 569
331 392
331 568
331 870
331 1273
331 1304
331 1693
331 2126
331 2342
332 564
332 383
332 567
332 871
332 1274
332 1305
332 2125
332 2127
332 2342
332 2559
333 568
333 404
333 572
333 872
333 1306
333 1692
333 1909
333 2343
334 571
334 413
334 574
334 873
334 1307
334 1693
334 1910
334 2343
334 2344
335 570
335 407
335 573
335 874
335 1308
335 2126
335 2343
335 2344
335 2560
336 549
336 440
336 581
336 875
336 1309
336 2127
336 2344
336 2561
337 338
337 547
337 418
337 987
338 339
338 798
338 507
338 966
338 2612
339 461
339 505
339 572
339 379
339 876
339 1043
339 1310
340 341
340 344
340 345
340 346
340 799
340 513
340 966
340 967
340 2613
341 342
341 343
341 355
341 803
341 522
341 819
341 966
341 967
341 971
341 1400
341 1834
341 2617
342 356
342 345
342 549
342 421
342 855
342 987
342 988
343 471
343 512
343 573
343 363
343 702
343 877
343 1043
343 1044
343 1311
344 383
344 402
344 403
344 800
344 511
344 968
344 2614
345 402
345 567
345 426
345 989
345 1219
346 467
346 510
346 575
346 376
346 385
346 878
346 1045
346 1275
346 1312
347 348
347 413
347 422
347 423
347 801
347 519
347 969
347 2615
348 349
348 350
348 368
348 807
348 534
348 975
348 1183
348 1400
348 1617
348 2051
348 2621
349 369
349 422
349 574
349 423
349 990
350 474
350 518
350 574
350 385
350 359
350 588
350 879
350 1046
350 1313
351 352
351 424
351 433
351 434
351 802
351 517
351 970
351 2521
351 2616
352 353
352 354
352 358
352 804
352 528
352 968
352 972
352 1400
352 2618
353 359
353 433
353 578
353 432
353 991
353 2577
354 477
354 516
354 577
354 382
354 372
354 592
354 880
354 1047
354 1314
355 356
355 357
355 371
355 808
355 540
355 976
355 1617
355 2622
356 548
356 372
356 429
356 840
356 856
356 987
356 988
356 992
356 1421
356 1855
357 483
357 520
357 576
357 388
357 620
357 699
357 881
357 1043
357 1044
357 1048
357 1315
357 1477
357 1911
358 359
358 360
358 377
358 810
358 543
358 978
358 1617
358 1834
358 2268
358 2624
359 551
359 378
359 857
359 989
359 993
359 1220
359 1421
360 479
360 527
360 550
360 401
360 705
360 882
360 1045
360 1049
360 1276
360 1316
360 1477
361 362
361 554
361 434
361 858
361 990
361 994
361 1855
362 363
362 805
362 526
362 969
362 973
362 1834
362 2619
363 489
363 525
363 578
363 391
363 708
363 883
363 1046
363 1050
363 1317
363 1911
364 365
364 427
364 437
364 438
364 806
364 531
364 970
364 974
364 2522
364 2620
365 366
365 367
365 374
365 809
365 538
365 977
365 2051
365 2523
365 2623
366 375
366 437
366 580
366 438
366 859
366 991
366 995
366 2578
367 485
367 529
367 580
367 403
367 378
367 594
367 714
367 884
367 1047
367 1051
367 1318
368 369
368 370
368 383
368 812
368 582
368 980
368 2051
368 2268
368 2485
368 2525
368 2626
369 550
369 384
369 436
369 996
369 1204
369 1221
369 1421
369 1638
369 2072
370 492
370 532
370 579
370 409
370 885
370 1052
370 1260
370 1277
370 1319
370 1477
370 1694
370 2128
371 372
371 373
371 380
371 811
371 546
371 979
371 2268
371 2524
371 2625
372 552
372 381
372 997
372 1222
372 1638
373 497
373 539
373 551
373 394
373 886
373 1053
373 1278
373 1320
373 1694
374 375
374 376
374 386
374 587
374 820
374 967
374 971
374 1401
374 1835
374 2627
375 555
375 387
375 398
375 998
375 1223
375 2072
375 2579
376 494
376 537
376 565
376 406
376 887
376 1054
376 1279
376 1321
376 2128
377 378
377 379
377 399
377 592
377 975
377 1184
377 1401
377 1402
377 1618
377 2052
377 2631
378 553
378 400
378 999
378 1638
378 1855
378 2289
379 454
379 541
379 555
379 415
379 888
379 1055
379 1322
379 1694
379 1911
379 2345
380 381
380 382
380 389
380 583
380 821
380 968
380 972
380 1401
380 1402
380 1836
380 2628
381 557
381 390
381 441
381 1000
381 2289
381 2580
382 499
382 544
382 581
382 412
382 889
382 1056
382 1323
382 2345
383 384
383 385
383 594
383 976
383 1403
383 1618
383 1836
383 2632
384 556
384 402
384 444
384 1001
384 2072
384 2289
384 2506
384 2581
385 502
385 547
385 631
385 890
385 1057
385 1324
385 2128
385 2345
385 2562
386 387
386 388
386 407
386 593
386 978
386 1618
386 1835
386 1837
386 2269
386 2634
387 558
387 408
387 458
387 841
387 860
387 988
387 992
387 1422
387 1856
388 552
388 633
388 666
388 711
388 891
388 1044
388 1048
388 1325
388 1478
388 1912
389 390
389 391
389 392
389 591
389 822
389 969
389 973
389 1403
389 1835
389 1837
389 2629
390 560
390 393
390 448
390 842
390 861
390 989
390 993
390 1224
390 1422
390 1423
390 1857
391 548
391 635
391 670
391 720
391 892
391 1045
391 1049
391 1280
391 1326
391 1478
391 1479
391 1913
392 393
392 394
392 404
392 589
392 977
392 1404
392 2052
392 2527
392 2633
393 563
393 405
393 460
393 843
393 862
393 990
393 994
393 1424
393 1856
393 1858
394 556
394 637
394 668
394 717
394 893
394 1046
394 1050
394 1327
394 1480
394 1912
394 1914
395 396
395 430
395 435
395 436
395 588
395 823
395 970
395 974
395 1404
395 1838
395 2526
395 2630
396 397
396 398
396 413
396 595
396 980
396 2052
396 2269
396 2486
396 2529
396 2636
397 414
397 435
397 579
397 466
397 844
397 863
397 991
397 995
397 1425
397 1859
397 2582
398 553
398 639
398 593
398 621
398 723
398 894
398 1047
398 1051
398 1328
398 1481
398 1915
399 400
399 401
399 410
399 596
399 979
399 1838
399 2269
399 2528
399 2635
400 559
400 411
400 451
400 864
400 996
400 1205
400 1225
400 1422
400 1423
400 1639
400 2073
401 557
401 641
401 729
401 895
401 1052
401 1261
401 1281
401 1329
401 1478
401 1479
401 1695
401 2129
402 561
402 463
402 865
402 997
402 1226
402 1424
402 1639
402 1857
403 559
403 643
403 726
403 896
403 1053
403 1282
403 1330
403 1480
403 1695
403 1913
404 405
404 406
404 416
404 597
404 1185
404 1402
404 1619
404 2053
404 2637
405 564
405 417
405 472
405 866
405 998
405 1227
405 1425
405 2073
405 2583
406 554
406 645
406 684
406 897
406 1054
406 1283
406 1331
406 1481
406 2129
407 408
407 409
407 419
407 601
407 1186
407 1403
407 1619
407 1620
407 2054
407 2638
408 562
408 420
408 469
408 867
408 999
408 1639
408 1856
408 1858
408 2290
409 558
409 647
409 732
409 898
409 1055
409 1332
409 1695
409 1912
409 1914
409 2346
410 411
410 412
410 424
410 602
410 1619
410 1620
410 1836
410 2270
410 2640
411 566
411 425
411 475
411 868
411 1000
411 1859
411 2290
411 2584
412 561
412 649
412 735
412 899
412 1056
412 1333
412 1915
412 2346
413 414
413 415
413 598
413 1187
413 1404
413 1621
413 2053
413 2055
413 2530
413 2639
414 565
414 422
414 478
414 617
414 1001
414 2073
414 2290
414 2507
414 2585
415 560
415 651
415 738
415 900
415 1057
415 1334
415 2129
415 2346
415 2563
416 417
416 418
416 430
416 599
416 2053
416 2055
416 2270
416 2487
416 2532
416 2642
417 568
417 431
417 484
417 1206
417 1228
417 1423
417 1640
417 2074
418 562
418 653
418 582
418 901
418 1262
418 1284
418 1335
418 1479
418 1696
418 2130
419 420
419 421
419 427
419 604
419 1621
419 2054
419 2270
419 2531
419 2641
420 569
420 428
420 481
420 1207
420 1229
420 1424
420 1640
420 1641
420 2075
421 566
421 655
421 583
421 902
421 1263
421 1285
421 1336
421 1480
421 1696
421 1697
421 2131
422 571
422 490
422 1208
422 1230
422 1425
422 1642
422 2074
422 2076
422 2586
423 563
423 657
423 585
423 903
423 1264
423 1286
423 1337
423 1481
423 1698
423 2130
423 2132
424 425
424 426
424 603
424 1620
424 1837
424 2271
424 2643
425 570
425 433
425 487
425 1231
425 1640
425 1641
425 1857
425 2291
426 567
426 659
426 584
426 904
426 1287
426 1338
426 1696
426 1697
426 1913
426 2347
427 428
427 429
427 605
427 2054
427 2271
427 2272
427 2488
427 2534
427 2645
428 573
428 437
428 493
428 1232
428 1642
428 2075
428 2291
428 2587
429 569
429 661
429 587
429 905
429 1288
429 1339
429 1698
429 2131
429 2347
430 431
430 432
430 606
430 1621
430 1838
430 2271
430 2272
430 2533
430 2644
431 572
431 435
431 498
431 1233
431 2074
431 2076
431 2291
431 2508
431 2588
432 564
432 663
432 586
432 906
432 1289
432 1340
432 2130
432 2132
432 2347
432 2564
433 575
433 496
433 1641
433 1858
433 2292
434 568
434 665
434 589
434 907
434 1341
434 1697
434 1914
434 2348
435 577
435 455
435 1642
435 1859
435 2292
435 2293
435 2589
436 571
436 667
436 591
436 908
436 1342
436 1698
436 1915
436 2348
436 2349
437 576
437 501
437 2075
437 2292
437 2293
437 2509
437 2590
438 570
438 669
438 590
438 909
438 1343
438 2131
438 2348
438 2349
438 2565
439 440
439 581
439 504
439 2076
439 2293
439 2510
439 2591
440 441
440 584
440 2055
440 2272
440 2489
440 2535
440 2646
441 549
441 671
441 595
441 910
441 1344
441 2132
441 2349
441 2566
442 443
442 845
442 622
442 992
442 1426
442 1860
443 444
443 607
443 824
443 971
443 1405
443 1839
443 2647
444 673
444 596
444 640
444 744
444 911
444 1048
444 1345
444 1482
444 1916
445 446
445 449
445 450
445 451
445 608
445 825
445 972
445 1405
445 1406
445 1840
445 2648
446 447
446 448
446 456
446 612
446 828
446 975
446 1188
446 1405
446 1406
446 1409
446 1622
446 1843
446 2056
446 2651
447 846
447 618
447 993
447 1234
447 1426
447 1427
447 1861
448 676
448 598
448 625
448 741
448 913
448 1049
448 1290
448 1346
448 1482
448 1483
448 1917
449 453
449 459
449 460
449 610
449 826
449 973
449 1407
449 1839
449 1841
449 2649
450 847
450 626
450 994
450 1428
450 1860
450 1862
451 679
451 601
451 672
451 750
451 915
451 1050
451 1347
451 1484
451 1916
451 1918
452 453
452 491
452 497
452 498
452 609
452 827
452 974
452 1408
452 1842
452 2536
452 2650
453 454
453 455
453 611
453 829
453 976
453 1407
453 1410
453 1622
453 1840
453 1844
453 2652
454 848
454 623
454 995
454 1429
454 1863
454 2592
455 682
455 614
455 675
455 747
455 917
455 1051
455 1348
455 1485
455 1919
456 457
456 458
456 464
456 613
456 831
456 978
456 1412
456 1622
456 1839
456 1841
456 1846
456 2273
456 2654
457 849
457 627
457 996
457 1209
457 1235
457 1426
457 1427
457 1430
457 1643
457 1864
457 2077
458 685
458 597
458 687
458 753
458 919
458 1052
458 1265
458 1291
458 1349
458 1482
458 1483
458 1486
458 1699
458 1920
458 2133
459 850
459 629
459 997
459 1236
459 1428
459 1431
459 1643
459 1861
459 1865
460 688
460 599
460 678
460 759
460 921
460 1053
460 1292
460 1350
460 1484
460 1487
460 1699
460 1917
460 1921
461 462
461 851
461 624
461 998
461 1237
461 1429
461 1432
461 1866
461 2077
461 2593
462 463
462 585
462 830
462 977
462 1408
462 1411
462 1845
462 2056
462 2537
462 2653
463 691
463 602
463 690
463 756
463 923
463 1054
463 1293
463 1351
463 1485
463 1488
463 1922
463 2133
464 465
464 466
464 470
464 614
464 833
464 980
464 1414
464 1848
464 2056
464 2273
464 2490
464 2539
464 2656
465 852
465 628
465 999
465 1433
465 1643
465 1860
465 1862
465 1867
465 2294
466 694
466 600
466 696
466 762
466 925
466 1055
466 1352
466 1489
466 1699
466 1916
466 1918
466 1923
466 2350
467 468
467 853
467 632
467 1000
467 1434
467 1863
467 1868
467 2294
467 2594
468 469
468 615
468 832
468 979
468 1413
468 1842
468 1847
468 2273
468 2538
468 2655
469 697
469 604
469 681
469 765
469 927
469 1056
469 1353
469 1490
469 1919
469 1924
469 2350
470 471
470 472
470 473
470 586
470 1189
470 1406
470 1409
470 1623
470 2057
470 2657
471 854
471 630
471 1001
471 1435
471 1869
471 2077
471 2294
471 2511
471 2595
472 700
472 603
472 693
472 771
472 929
472 1057
472 1354
472 1491
472 1925
472 2133
472 2350
472 2567
473 474
473 475
473 476
473 600
473 1190
473 1407
473 1410
473 1623
473 1624
473 1843
473 2058
473 2658
474 634
474 1210
474 1238
474 1427
474 1430
474 1644
474 2078
475 703
475 605
475 768
475 931
475 1266
475 1294
475 1355
475 1483
475 1486
475 1700
475 2134
476 477
476 478
476 482
476 616
476 1412
476 1623
476 1624
476 1840
476 1844
476 2274
476 2660
477 642
477 1211
477 1239
477 1428
477 1431
477 1644
477 1645
477 1864
477 2079
478 706
478 606
478 774
478 933
478 1267
478 1295
478 1356
478 1484
478 1487
478 1700
478 1701
478 1920
478 2135
479 480
479 636
479 1212
479 1240
479 1429
479 1432
479 1646
479 2078
479 2080
479 2596
480 481
480 590
480 1191
480 1408
480 1411
480 1625
480 2057
480 2059
480 2540
480 2659
481 709
481 608
481 777
481 935
481 1268
481 1296
481 1357
481 1485
481 1488
481 1702
481 2134
481 2136
482 483
482 484
482 488
482 686
482 1414
482 2057
482 2059
482 2274
482 2491
482 2542
482 2662
483 644
483 1241
483 1433
483 1644
483 1645
483 1861
483 1865
483 2295
484 712
484 607
484 869
484 937
484 1297
484 1358
484 1489
484 1700
484 1701
484 1917
484 1921
484 2351
485 486
485 648
485 1242
485 1434
485 1646
485 1866
485 2079
485 2295
485 2597
486 487
486 674
486 1413
486 1625
486 1845
486 2058
486 2274
486 2541
486 2661
487 715
487 610
487 870
487 912
487 1298
487 1359
487 1490
487 1702
487 1922
487 2135
487 2351
488 489
488 490
488 491
488 677
488 1624
488 1841
488 1846
488 2275
488 2663
489 638
489 1243
489 1435
489 2078
489 2080
489 2295
489 2512
489 2598
490 718
490 609
490 871
490 920
490 1299
490 1360
490 1491
490 2134
490 2136
490 2351
490 2568
491 492
491 493
491 695
491 1848
491 2058
491 2275
491 2276
491 2492
491 2544
491 2665
492 646
492 1645
492 1862
492 1867
492 2296
493 721
493 611
493 872
493 914
493 1361
493 1701
493 1918
493 1923
493 2352
494 495
494 652
494 1646
494 1863
494 1868
494 2296
494 2297
494 2599
495 496
495 689
495 1625
495 1842
495 1847
495 2275
495 2276
495 2543
495 2664
496 724
496 613
496 873
496 922
496 1362
496 1702
496 1919
496 1924
496 2352
496 2353
497 650
497 1869
497 2079
497 2296
497 2297
497 2513
497 2600
498 727
498 612
498 874
498 926
498 1363
498 1925
498 2135
498 2352
498 2353
498 2569
499 500
499 619
499 2080
499 2297
499 2514
499 2601
500 501
500 680
500 2059
500 2276
500 2493
500 2545
500 2666
501 730
501 615
501 875
501 916
501 1364
501 2136
501 2353
501 2570
502 503
502 1213
502 1244
502 1430
502 1647
502 2081
503 504
503 692
503 1192
503 1409
503 1626
503 2060
503 2667
504 733
504 616
504 924
504 1269
504 1300
504 1365
504 1486
504 1703
504 2137
505 506
505 582
505 1214
505 1245
505 1431
505 1647
505 1648
505 2082
506 507
506 701
506 1193
506 1410
506 1626
506 1627
506 2061
506 2668
507 736
507 547
507 617
507 930
507 1270
507 1301
507 1366
507 1487
507 1703
507 1704
507 2138
508 509
508 509
508 512
508 513
508 698
508 1194
508 1411
508 1628
508 2060
508 2062
508 2546
508 2669
509 510
509 511
509 704
509 1195
509 1412
509 1626
509 1627
509 1629
509 1843
509 2063
509 2277
509 2670
510 584
510 1215
510 1246
510 1432
510 1649
510 2081
510 2083
510 2602
511 739
511 549
511 619
511 928
511 1271
511 1302
511 1367
511 1488
511 1705
511 2137
511 2139
512 583
512 1216
512 1247
512 1433
512 1647
512 1648
512 1650
512 1864
512 2084
512 2298
513 742
513 548
513 618
513 932
513 1272
513 1303
513 1368
513 1489
513 1703
513 1704
513 1706
513 1920
513 2140
513 2354
514 515
514 515
514 518
514 519
514 707
514 1196
514 1413
514 1628
514 1630
514 2061
514 2064
514 2277
514 2547
514 2671
515 516
515 517
515 713
515 1197
515 1414
515 1631
515 2060
515 2062
515 2065
515 2277
515 2494
515 2548
515 2672
516 586
516 1217
516 1248
516 1434
516 1649
516 1651
516 2082
516 2085
516 2298
516 2603
517 745
517 551
517 621
517 934
517 1273
517 1304
517 1369
517 1490
517 1705
517 1707
517 2138
517 2141
517 2354
518 585
518 1218
518 1249
518 1435
518 1652
518 2081
518 2083
518 2086
518 2298
518 2515
518 2604
519 748
519 550
519 620
519 938
519 1274
519 1305
519 1370
519 1491
519 1708
519 2137
519 2139
519 2142
519 2354
519 2571
520 521
520 587
520 1250
520 1648
520 1650
520 1865
520 2299
521 522
521 710
521 1627
521 1629
521 1844
521 2278
521 2673
522 751
522 552
522 622
522 936
522 1306
522 1371
522 1704
522 1706
522 1921
522 2355
523 524
523 524
523 527
523 528
523 719
523 1628
523 1630
523 1845
523 2063
523 2278
523 2279
523 2549
523 2674
524 525
524 526
524 716
524 1631
524 2061
524 2064
524 2278
524 2279
524 2495
524 2550
524 2675
525 589
525 1251
525 1649
525 1651
525 1866
525 2084
525 2299
525 2300
525 2605
526 754
526 554
526 624
526 940
526 1307
526 1372
526 1705
526 1707
526 1922
526 2140
526 2355
526 2356
527 588
527 1252
527 1652
527 2082
527 2085
527 2299
527 2300
527 2516
527 2606
528 757
528 553
528 623
528 939
528 1308
528 1373
528 1708
528 2138
528 2141
528 2355
528 2356
528 2572
529 530
529 590
529 1253
529 2083
529 2086
529 2300
529 2517
529 2607
530 531
530 722
530 2062
530 2065
530 2279
530 2496
530 2551
530 2676
531 760
531 555
531 625
531 941
531 1309
531 1374
531 2139
531 2142
531 2356
531 2573
532 533
532 591
532 1650
532 1867
532 2301
533 534
533 728
533 1629
533 1846
533 2280
533 2677
534 763
534 556
534 626
534 943
534 1375
534 1706
534 1923
534 2357
535 536
535 536
535 539
535 540
535 725
535 1630
535 1847
535 2280
535 2281
535 2552
535 2678
536 537
536 538
536 683
536 1631
536 1848
536 2063
536 2280
536 2281
536 2282
536 2497
536 2553
536 2679
537 593
537 1651
537 1868
537 2301
537 2302
537 2608
538 766
538 558
538 628
538 942
538 1376
538 1707
538 1924
538 2357
538 2358
539 592
539 1652
539 1869
539 2084
539 2301
539 2302
539 2303
539 2518
539 2609
540 769
540 557
540 627
540 918
540 1377
540 1708
540 1925
540 2140
540 2357
540 2358
540 2359
540 2574
541 542
541 594
541 2085
541 2302
541 2303
541 2519
541 2610
542 543
542 731
542 2064
542 2281
542 2282
542 2498
542 2554
542 2680
543 772
543 559
543 629
543 944
543 1378
543 2141
543 2358
543 2359
543 2575
544 545
544 595
544 2086
544 2303
544 2520
544 2611
545 546
545 734
545 2065
545 2282
545 2499
545 2555
545 2681
546 775
546 560
546 630
546 945
546 1379
546 2142
546 2359
546 2576
547 596
547 1002
548 598
548 1002
548 1003
549 616
549 1004
550 588
550 623
550 1005
551 592
551 627
551 1006
551 2612
552 597
552 855
552 1002
552 1003
552 1007
552 1436
552 1870
553 600
553 1004
553 1008
553 1436
554 603
554 1005
554 1009
554 1870
555 594
555 629
555 1006
555 1010
555 2613
556 599
556 1011
556 1219
556 1436
556 1653
556 2087
557 601
557 1012
557 1653
558 604
558 1013
558 2087
558 2614
559 602
559 1014
559 1653
559 1870
559 2304
560 606
560 1015
560 2304
560 2615
561 605
561 582
561 1016
561 2087
561 2304
561 2521
561 2616
562 607
562 587
562 856
562 1003
562 1007
562 1017
562 1437
562 1871
563 609
563 583
563 857
563 1004
563 1008
563 1018
563 1437
563 1438
563 1872
564 612
564 591
564 858
564 1005
564 1009
564 1019
564 1439
564 1871
564 1873
565 593
565 628
565 588
565 859
565 1006
565 1010
565 1020
565 1440
565 1874
565 2617
566 608
566 592
566 1011
566 1021
566 1220
566 1437
566 1438
566 1654
566 2088
567 610
567 594
567 1012
567 1022
567 1439
567 1654
567 1872
568 613
568 589
568 1013
568 1023
568 1440
568 2088
568 2618
569 611
569 593
569 1014
569 1024
569 1654
569 1871
569 1873
569 2305
570 615
570 596
570 1015
570 1025
570 1874
570 2305
570 2619
571 614
571 595
571 1016
571 1026
571 2088
571 2305
571 2522
571 2620
572 582
572 617
572 597
572 1027
572 1221
572 1438
572 1655
572 2089
573 583
573 618
573 601
573 1028
573 1222
573 1439
573 1655
573 1656
573 2090
574 585
574 620
574 598
574 1029
574 1223
574 1440
574 1657
574 2089
574 2091
574 2621
575 584
575 619
575 602
575 1030
575 1655
575 1656
575 1872
575 2306
576 587
576 622
576 604
576 1031
576 1657
576 2090
576 2306
576 2622
577 586
577 621
577 599
577 1032
577 2089
577 2091
577 2306
577 2523
577 2623
578 589
578 624
578 603
578 1033
578 1656
578 1873
578 2307
579 591
579 626
579 606
579 1034
579 1657
579 1874
579 2307
579 2308
579 2624
580 590
580 625
580 605
580 1035
580 2090
580 2307
580 2308
580 2524
580 2625
581 595
581 630
581 584
581 1036
581 2091
581 2308
581 2525
581 2626
582 632
582 1058
583 636
583 876
583 1058
583 1059
584 672
584 1060
584 1310
585 643
585 693
585 1061
586 649
586 705
586 1062
587 634
587 702
587 877
587 1058
587 1059
587 1063
587 1492
587 1926
588 640
588 878
588 1060
588 1064
588 1311
588 1492
589 646
589 879
589 1061
589 1065
589 1926
590 655
590 711
590 880
590 1062
590 1066
591 638
591 1067
591 1275
591 1312
591 1492
591 1709
591 2143
592 642
592 1068
592 1313
592 1709
593 648
593 1069
593 1314
593 2143
594 644
594 1070
594 1709
594 1926
594 2360
595 652
595 1071
595 2360
596 631
596 650
596 1072
596 2143
596 2360
596 2577
597 633
597 654
597 699
597 881
597 1059
597 1063
597 1073
597 1493
597 1927
598 635
598 658
598 705
598 882
598 1060
598 1064
598 1074
598 1315
598 1493
598 1494
598 1928
599 637
599 664
599 708
599 883
599 1061
599 1065
599 1075
599 1495
599 1927
599 1929
600 639
600 651
600 708
600 714
600 884
600 1062
600 1066
600 1076
600 1496
600 1930
601 641
601 656
601 885
601 1067
601 1077
601 1276
601 1316
601 1493
601 1494
601 1710
601 2144
602 643
602 660
602 886
602 1068
602 1078
602 1317
602 1495
602 1710
602 1928
603 645
603 666
603 887
603 1069
603 1079
603 1318
603 1496
603 2144
604 647
604 662
604 888
604 1070
604 1080
604 1710
604 1927
604 1929
604 2361
605 649
605 670
605 889
605 1071
605 1081
605 1930
605 2361
606 651
606 668
606 890
606 1072
606 1082
606 2144
606 2361
606 2578
607 653
607 631
607 675
607 1083
607 1277
607 1319
607 1494
607 1711
607 2145
608 655
608 635
608 678
608 1084
608 1278
608 1320
608 1495
608 1711
608 1712
608 2146
609 657
609 667
609 684
609 1085
609 1279
609 1321
609 1496
609 1713
609 2145
609 2147
610 659
610 641
610 681
610 1086
610 1322
610 1711
610 1712
610 1928
610 2362
611 661
611 637
611 690
611 1087
611 1323
611 1713
611 2146
611 2362
612 663
612 633
612 687
612 1088
612 1324
612 2145
612 2147
612 2362
612 2579
613 665
613 639
613 696
613 1089
613 1712
613 1929
613 2363
614 667
614 645
614 702
614 1090
614 1713
614 1930
614 2363
614 2364
615 669
615 647
615 699
615 1091
615 2146
615 2363
615 2364
615 2580
616 671
616 653
616 714
616 1092
616 2147
616 2364
616 2581
617 645
617 1093
618 721
618 1093
618 1094
619 772
619 1095
620 1096
621 1097
622 715
622 876
622 1093
622 1094
622 1098
622 1527
622 1961
623 769
623 1095
623 1099
623 1527
624 733
624 1096
624 1100
624 1961
625 1097
625 1101
626 730
626 1102
626 1310
626 1527
626 1744
626 2178
627 718
627 1103
627 1744
628 727
628 1104
628 2178
629 724
629 1105
629 1744
629 1961
629 2395
630 736
630 1106
630 2395
631 632
631 860
631 1007
631 1017
631 1441
631 1875
632 739
632 1107
632 2178
632 2395
632 2612
633 634
633 864
633 1011
633 1021
633 1224
633 1441
633 1442
633 1445
633 1658
633 1879
633 2092
634 742
634 877
634 1094
634 1098
634 1108
634 1528
634 1962
635 636
635 861
635 1008
635 1018
635 1441
635 1442
635 1876
636 751
636 878
636 1095
636 1099
636 1109
636 1528
636 1529
636 1963
637 638
637 865
637 1012
637 1022
637 1443
637 1446
637 1658
637 1876
637 1880
638 754
638 879
638 1096
638 1100
638 1110
638 1530
638 1962
638 1964
639 640
639 867
639 1014
639 1024
639 1448
639 1658
639 1875
639 1877
639 1882
639 2309
640 880
640 1097
640 1101
640 1111
640 1531
640 1965
641 642
641 862
641 1009
641 1019
641 1443
641 1875
641 1877
642 745
642 1102
642 1112
642 1311
642 1528
642 1529
642 1745
642 2179
643 644
643 866
643 1013
643 1023
643 1444
643 1447
643 1881
643 2092
643 2628
644 748
644 1103
644 1113
644 1530
644 1745
644 1963
645 646
645 1016
645 1026
645 1450
645 1884
645 2092
645 2309
645 2526
645 2630
646 760
646 1104
646 1114
646 1531
646 2179
647 648
647 868
647 1015
647 1025
647 1449
647 1878
647 1883
647 2309
647 2629
648 757
648 1105
648 1115
648 1745
648 1962
648 1964
648 2396
649 650
649 1027
649 1225
649 1442
649 1445
649 1659
649 2093
650 763
650 1106
650 1116
650 1965
650 2396
651 652
651 1028
651 1226
651 1443
651 1446
651 1659
651 1660
651 1879
651 2094
652 766
652 1107
652 1117
652 2179
652 2396
652 2613
653 654
653 1030
653 1448
653 1659
653 1660
653 1876
653 1880
653 2310
654 1118
654 1312
654 1529
654 1746
654 2180
655 656
655 1029
655 1227
655 1444
655 1447
655 1661
655 2093
655 2095
655 2631
656 1119
656 1313
656 1530
656 1746
656 1747
656 2181
657 658
657 686
657 1032
657 1450
657 2093
657 2095
657 2310
657 2527
657 2633
658 1120
658 1314
658 1531
658 1748
658 2180
658 2182
659 660
659 674
659 1031
659 1449
659 1661
659 1881
659 2094
659 2310
659 2632
660 1121
660 1746
660 1747
660 1963
660 2397
661 662
661 677
661 1033
661 1660
661 1877
661 1882
661 2311
662 1122
662 1748
662 2181
662 2397
663 664
663 695
663 1035
663 1884
663 2094
663 2311
663 2312
663 2528
663 2635
664 1123
664 2180
664 2182
664 2397
664 2614
665 666
665 689
665 1034
665 1661
665 1878
665 1883
665 2311
665 2312
665 2634
666 1124
666 1747
666 1964
666 2398
667 668
667 863
667 1010
667 1020
667 1444
667 1878
667 2627
668 1125
668 1748
668 1965
668 2398
668 2399
669 670
669 680
669 1036
669 2095
669 2312
669 2529
669 2636
670 1126
670 2181
670 2398
670 2399
670 2615
671 672
671 692
671 1228
671 1445
671 1662
671 2096
672 1127
672 2182
672 2399
672 2616
673 674
673 675
673 701
673 1229
673 1446
673 1662
673 1663
673 2097
674 717
674 711
674 891
674 1063
674 1073
674 1497
674 1931
675 881
675 1098
675 1108
675 1128
675 1532
675 1966
676 677
676 678
676 704
676 1231
676 1448
676 1662
676 1663
676 1665
676 1879
676 2099
676 2313
677 723
677 720
677 892
677 1064
677 1074
677 1325
677 1497
677 1498
677 1932
678 882
678 1099
678 1109
678 1129
678 1532
678 1533
678 1967
679 680
679 681
679 698
679 1230
679 1447
679 1664
679 2096
679 2098
679 2637
680 732
680 717
680 893
680 1065
680 1075
680 1499
680 1931
680 1933
681 883
681 1100
681 1110
681 1130
681 1534
681 1966
681 1968
682 683
682 684
682 713
682 1233
682 1450
682 1667
682 2096
682 2098
682 2101
682 2313
682 2530
682 2639
683 703
683 771
683 723
683 894
683 1066
683 1076
683 1500
683 1934
684 692
684 884
684 1101
684 1111
684 1131
684 1535
684 1969
685 686
685 687
685 707
685 1232
685 1449
685 1664
685 1666
685 2097
685 2100
685 2313
685 2638
686 720
686 729
686 895
686 1067
686 1077
686 1280
686 1326
686 1497
686 1498
686 1501
686 1714
686 1935
686 2148
687 885
687 1102
687 1112
687 1132
687 1315
687 1532
687 1533
687 1536
687 1749
687 1970
687 2183
688 689
688 690
688 710
688 1663
688 1665
688 1880
688 2314
689 726
689 726
689 896
689 1068
689 1078
689 1327
689 1499
689 1502
689 1714
689 1932
689 1936
690 886
690 1103
690 1113
690 1133
690 1534
690 1537
690 1749
690 1967
690 1971
691 692
691 693
691 716
691 1667
691 2097
691 2100
691 2314
691 2315
691 2531
691 2641
692 735
692 897
692 1069
692 1079
692 1328
692 1500
692 1503
692 1937
692 2148
693 887
693 1104
693 1114
693 1134
693 1535
693 1538
693 1972
693 2183
694 695
694 696
694 719
694 1664
694 1666
694 1881
694 2099
694 2314
694 2315
694 2640
695 729
695 732
695 898
695 1070
695 1080
695 1504
695 1714
695 1931
695 1933
695 1938
695 2365
696 888
696 1105
696 1115
696 1135
696 1539
696 1749
696 1966
696 1968
696 1973
696 2400
697 698
697 699
697 722
697 2098
697 2101
697 2315
697 2532
697 2642
698 741
698 735
698 899
698 1071
698 1081
698 1505
698 1934
698 1939
698 2365
699 889
699 1106
699 1116
699 1136
699 1540
699 1969
699 1974
699 2400
700 701
700 702
700 728
700 1665
700 1882
700 2316
701 738
701 738
701 900
701 1072
701 1082
701 1506
701 1940
701 2148
701 2365
701 2582
702 890
702 1107
702 1117
702 1137
702 1541
702 1975
702 2183
702 2400
702 2617
703 704
703 705
703 1667
703 1884
703 2099
703 2316
703 2317
703 2318
703 2533
703 2644
704 744
704 901
704 1083
704 1281
704 1329
704 1498
704 1501
704 1715
704 2149
705 1118
705 1138
705 1316
705 1533
705 1536
705 1750
705 2184
706 707
706 708
706 725
706 1666
706 1883
706 2316
706 2317
706 2643
707 747
707 902
707 1084
707 1282
707 1330
707 1499
707 1502
707 1715
707 1716
707 1935
707 2150
708 1119
708 1139
708 1317
708 1534
708 1537
708 1750
708 1751
708 1970
708 2185
709 710
709 711
709 731
709 2100
709 2317
709 2318
709 2534
709 2645
710 753
710 903
710 1085
710 1283
710 1331
710 1500
710 1503
710 1717
710 2149
710 2151
711 1120
711 1140
711 1318
711 1535
711 1538
711 1752
711 2184
711 2186
712 713
712 714
712 734
712 2101
712 2318
712 2535
712 2646
713 750
713 904
713 1086
713 1332
713 1504
713 1715
713 1716
713 1932
713 1936
713 2366
714 1121
714 1141
714 1539
714 1750
714 1751
714 1967
714 1971
714 2401
715 716
715 717
715 1017
715 1451
715 1885
716 759
716 905
716 1087
716 1333
716 1505
716 1717
716 1937
716 2150
716 2366
717 1122
717 1142
717 1540
717 1752
717 1972
717 2185
717 2401
718 719
718 720
718 1021
718 1234
718 1451
718 1452
718 1455
718 1668
718 1889
718 2102
719 756
719 906
719 1088
719 1334
719 1506
719 2149
719 2151
719 2366
719 2583
720 1123
720 1143
720 1541
720 2184
720 2186
720 2401
720 2618
721 722
721 723
721 1018
721 1451
721 1452
721 1886
722 762
722 907
722 1089
722 1716
722 1933
722 1938
722 2367
723 1124
723 1144
723 1751
723 1968
723 1973
723 2402
724 725
724 726
724 1022
724 1453
724 1456
724 1668
724 1886
724 1890
725 768
725 908
725 1090
725 1717
725 1934
725 1939
725 2367
725 2368
726 1125
726 1145
726 1752
726 1969
726 1974
726 2402
726 2403
727 728
727 729
727 1024
727 1458
727 1668
727 1885
727 1887
727 1892
727 2319
728 765
728 909
728 1091
728 1940
728 2150
728 2367
728 2368
728 2584
729 1126
729 1146
729 1975
729 2185
729 2402
729 2403
729 2619
730 731
730 732
730 1019
730 1453
730 1885
730 1887
731 774
731 910
731 1092
731 2151
731 2368
731 2585
732 1127
732 1147
732 2186
732 2403
732 2620
733 734
733 735
733 1023
733 1454
733 1457
733 1891
733 2102
733 2648
734 777
734 1284
734 1335
734 1501
734 1718
734 2152
735 1148
735 1319
735 1536
735 1753
735 2187
736 737
736 738
736 1026
736 1460
736 1894
736 2102
736 2319
736 2536
736 2650
737 1285
737 1336
737 1502
737 1718
737 1719
737 2153
738 1149
738 1320
738 1537
738 1753
738 1754
738 2188
739 740
739 741
739 1025
739 1459
739 1888
739 1893
739 2319
739 2649
740 1286
740 1337
740 1503
740 1720
740 2152
740 2154
741 815
741 1150
741 1321
741 1538
741 1755
741 2187
741 2189
742 743
742 744
742 1027
742 1235
742 1452
742 1455
742 1461
742 1669
742 1895
742 2103
743 1287
743 1338
743 1504
743 1718
743 1719
743 1721
743 1935
743 2155
743 2369
744 813
744 1151
744 1322
744 1539
744 1753
744 1754
744 1756
744 1970
744 2190
744 2404
745 746
745 747
745 1028
745 1236
745 1453
745 1456
745 1462
745 1669
745 1670
745 1889
745 1896
745 2104
746 1288
746 1339
746 1505
746 1720
746 1722
746 2153
746 2156
746 2369
747 831
747 1152
747 1323
747 1540
747 1755
747 1757
747 2188
747 2191
747 2404
748 749
748 750
748 1030
748 1458
748 1464
748 1669
748 1670
748 1886
748 1890
748 1898
748 2320
749 1289
749 1340
749 1506
749 1723
749 2152
749 2154
749 2157
749 2369
749 2586
750 818
750 1153
750 1324
750 1541
750 1758
750 2187
750 2189
750 2192
750 2404
750 2621
751 752
751 753
751 1029
751 1237
751 1454
751 1457
751 1463
751 1671
751 1897
751 2103
751 2105
751 2651
752 1341
752 1719
752 1721
752 1936
752 2370
753 814
753 1154
753 1754
753 1756
753 1971
753 2405
754 755
754 756
754 1032
754 1460
754 1466
754 1900
754 2103
754 2105
754 2320
754 2537
754 2653
755 1342
755 1720
755 1722
755 1937
755 2155
755 2370
755 2371
756 819
756 1155
756 1755
756 1757
756 1972
756 2190
756 2405
756 2406
757 758
757 759
757 1031
757 1459
757 1465
757 1671
757 1891
757 1899
757 2104
757 2320
757 2652
758 1343
758 1723
758 2153
758 2156
758 2370
758 2371
758 2587
759 816
759 1156
759 1758
759 2188
759 2191
759 2405
759 2406
759 2622
760 761
760 762
760 1033
760 1467
760 1670
760 1887
760 1892
760 1901
760 2321
761 1344
761 2154
761 2157
761 2371
761 2588
762 817
762 1157
762 2189
762 2192
762 2406
762 2623
763 764
763 765
763 1035
763 1469
763 1894
763 1903
763 2104
763 2321
763 2322
763 2538
763 2655
764 1721
764 1938
764 2372
765 821
765 1158
765 1756
765 1973
765 2407
766 767
766 768
766 1034
766 1468
766 1671
766 1888
766 1893
766 1902
766 2321
766 2322
766 2654
767 1722
767 1939
767 2372
767 2373
768 822
768 1159
768 1757
768 1974
768 2407
768 2408
769 770
769 771
769 1020
769 1454
769 1888
769 2647
770 1723
770 1940
770 2155
770 2372
770 2373
770 2374
770 2589
771 820
771 1160
771 1758
771 1975
771 2190
771 2407
771 2408
771 2409
771 2624
772 773
772 774
772 1036
772 1470
772 1904
772 2105
772 2322
772 2539
772 2656
773 2156
773 2373
773 2374
773 2590
774 823
774 1161
774 2191
774 2408
774 2409
774 2625
775 776
775 777
775 1238
775 1455
775 1461
775 1672
775 2106
776 2157
776 2374
776 2591
777 825
777 1162
777 2192
777 2409
777 2626
778 1239
778 1456
778 1462
778 1672
778 1673
778 1895
778 2107
779 1241
779 1458
779 1464
779 1672
779 1673
779 1675
779 1889
779 1896
779 2109
779 2323
780 1240
780 1457
780 1463
780 1674
780 2106
780 2108
780 2657
781 1243
781 1460
781 1466
781 1677
781 2106
781 2108
781 2111
781 2323
781 2540
781 2659
782 1242
782 1459
782 1465
782 1674
782 1676
782 1897
782 2107
782 2110
782 2323
782 2658
783 1467
783 1673
783 1675
783 1890
783 1898
783 2324
784 1469
784 1677
784 1900
784 2107
784 2110
784 2324
784 2325
784 2541
784 2661
785 1468
785 1674
785 1676
785 1891
785 1899
785 2109
785 2324
785 2325
785 2660
786 1470
786 2108
786 2111
786 2325
786 2542
786 2662
787 1675
787 1892
787 1901
787 2326
788 1677
788 1894
788 1903
788 2109
788 2326
788 2327
788 2328
788 2543
788 2664
789 1676
789 1893
789 1902
789 2326
789 2327
789 2663
790 1904
790 2110
790 2327
790 2328
790 2544
790 2665
791 2111
791 2328
791 2545
791 2666
792 1244
792 1461
792 1678
792 2112
793 1245
793 1462
793 1678
793 1679
793 2113
794 1247
794 1464
794 1678
794 1679
794 1681
794 1895
794 2115
794 2329
795 1246
795 1463
795 1680
795 2112
795 2114
795 2667
796 1249
796 1466
796 1683
796 2112
796 2114
796 2117
796 2329
796 2546
796 2669
797 1248
797 1465
797 1680
797 1682
797 2113
797 2116
797 2329
797 2668
798 1250
798 1467
798 1679
798 1681
798 1684
798 1896
798 2118
798 2330
799 1252
799 1469
799 1683
799 1686
799 2113
799 2116
799 2120
799 2330
799 2331
799 2547
799 2671
800 1251
800 1468
800 1680
800 1682
800 1685
800 1897
800 2115
800 2119
800 2330
800 2331
800 2670
801 1253
801 1470
801 1687
801 2114
801 2117
801 2121
801 2331
801 2548
801 2672
802 1681
802 1684
802 1898
802 2332
803 1683
803 1686
803 1900
803 2115
803 2119
803 2332
803 2333
803 2334
803 2549
803 2674
804 1682
804 1685
804 1899
804 2118
804 2332
804 2333
804 2673
805 1687
805 2116
805 2120
805 2333
805 2334
805 2550
805 2675
806 2117
806 2121
806 2334
806 2551
806 2676
807 1684
807 1901
807 2335
808 1686
808 1903
808 2118
808 2335
808 2336
808 2337
808 2552
808 2678
809 1685
809 1902
809 2335
809 2336
809 2677
810 1687
810 1904
810 2119
810 2336
810 2337
810 2338
810 2553
810 2679
811 2120
811 2337
811 2338
811 2554
811 2680
812 2121
812 2338
812 2555
812 2681
813 911
813 1073
813 1507
813 1941
814 919
814 1077
814 1290
814 1346
814 1507
814 1508
814 1511
814 1724
814 1945
814 2158
815 913
815 1074
815 1345
815 1507
815 1508
815 1942
816 921
816 1078
816 1347
816 1509
816 1512
816 1724
816 1942
816 1946
817 925
817 1080
817 1514
817 1724
817 1941
817 1943
817 1948
817 2375
818 915
818 1075
818 1509
818 1941
818 1943
819 923
819 1079
819 1348
819 1510
819 1513
819 1947
819 2158
820 929
820 1082
820 1516
820 1950
820 2158
820 2375
820 2592
821 927
821 1081
821 1515
821 1944
821 1949
821 2375
822 931
822 1083
822 1291
822 1349
822 1508
822 1511
822 1517
822 1725
822 1951
822 2159
823 933
823 1084
823 1292
823 1350
823 1509
823 1512
823 1518
823 1725
823 1726
823 1945
823 1952
823 2160
824 869
824 937
824 1086
824 1352
824 1514
824 1520
824 1725
824 1726
824 1942
824 1946
824 1954
824 2376
825 935
825 1085
825 1293
825 1351
825 1510
825 1513
825 1519
825 1727
825 1953
825 2159
825 2161
826 871
826 920
826 1088
826 1354
826 1516
826 1522
826 1956
826 2159
826 2161
826 2376
826 2593
827 870
827 912
827 1087
827 1353
827 1515
827 1521
827 1727
827 1947
827 1955
827 2160
827 2376
828 872
828 914
828 1089
828 1523
828 1726
828 1943
828 1948
828 1957
828 2377
829 874
829 926
829 1091
829 1525
829 1950
829 1959
829 2160
829 2377
829 2378
829 2594
830 873
830 922
830 1090
830 1524
830 1727
830 1944
830 1949
830 1958
830 2377
830 2378
831 917
831 1076
831 1510
831 1944
832 875
832 916
832 1092
832 1526
832 1960
832 2161
832 2378
832 2595
833 924
833 1294
833 1355
833 1511
833 1517
833 1728
833 2162
834 930
834 1295
834 1356
834 1512
834 1518
834 1728
834 1729
834 1951
834 2163
835 932
835 1297
835 1358
835 1514
835 1520
835 1728
835 1729
835 1731
835 1945
835 1952
835 2165
835 2379
836 928
836 1296
836 1357
836 1513
836 1519
836 1730
836 2162
836 2164
837 938
837 1299
837 1360
837 1516
837 1522
837 1733
837 2162
837 2164
837 2167
837 2379
837 2596
838 934
838 1298
838 1359
838 1515
838 1521
838 1730
838 1732
838 1953
838 2163
838 2166
838 2379
839 936
839 1361
839 1523
839 1729
839 1731
839 1946
839 1954
839 2380
840 939
840 1363
840 1525
840 1733
840 1956
840 2163
840 2166
840 2380
840 2381
840 2597
841 940
841 1362
841 1524
841 1730
841 1732
841 1947
841 1955
841 2165
841 2380
841 2381
842 941
842 1364
842 1526
842 2164
842 2167
842 2381
842 2598
843 943
843 1731
843 1948
843 1957
843 2382
844 918
844 1733
844 1950
844 1959
844 2165
844 2382
844 2383
844 2384
844 2599
845 942
845 1732
845 1949
845 1958
845 2382
845 2383
846 944
846 1960
846 2166
846 2383
846 2384
846 2600
847 945
847 2167
847 2384
847 2601
848 1300
848 1365
848 1517
848 1734
848 2168
849 1301
849 1366
849 1518
849 1734
849 1735
849 2169
850 1303
850 1368
850 1520
850 1734
850 1735
850 1737
850 1951
850 2171
850 2385
851 1302
851 1367
851 1519
851 1736
851 2168
851 2170
852 1305
852 1370
852 1522
852 1739
852 2168
852 2170
852 2173
852 2385
852 2602
853 1304
853 1369
853 1521
853 1736
853 1738
853 2169
853 2172
853 2385
854 1306
854 1371
854 1523
854 1735
854 1737
854 1740
854 1952
854 2174
854 2386
855 1308
855 1373
855 1525
855 1739
855 1742
855 2169
855 2172
855 2176
855 2386
855 2387
855 2603
856 1307
856 1372
856 1524
856 1736
856 1738
856 1741
856 1953
856 2171
856 2175
856 2386
856 2387
857 1309
857 1374
857 1526
857 1743
857 2170
857 2173
857 2177
857 2387
857 2604
858 1375
858 1737
858 1740
858 1954
858 2388
859 1377
859 1739
859 1742
859 1956
859 2171
859 2175
859 2388
859 2389
859 2390
859 2605
860 1376
860 1738
860 1741
860 1955
860 2174
860 2388
860 2389
861 1378
861 1743
861 2172
861 2176
861 2389
861 2390
861 2606
862 1379
862 2173
862 2177
862 2390
862 2607
863 1740
863 1957
863 2391
864 1742
864 1959
864 2174
864 2391
864 2392
864 2393
864 2608
865 1741
865 1958
865 2391
865 2392
866 1743
866 1960
866 2175
866 2392
866 2393
866 2394
866 2609
867 2176
867 2393
867 2394
867 2610
868 2177
868 2394
868 2611
869 891
869 1108
869 1128
869 1542
869 1976
870 895
870 1112
870 1132
870 1325
870 1542
870 1543
870 1546
870 1759
870 1980
870 2193
871 892
871 1109
871 1129
871 1542
871 1543
871 1977
872 896
872 1113
872 1133
872 1544
872 1547
872 1759
872 1977
872 1981
873 898
873 1115
873 1135
873 1549
873 1759
873 1976
873 1978
873 1983
873 2410
874 893
874 1110
874 1130
874 1544
874 1976
874 1978
875 897
875 1114
875 1134
875 1545
875 1548
875 1982
875 2193
876 900
876 1117
876 1137
876 1551
876 1985
876 2193
876 2410
876 2627
877 899
877 1116
877 1136
877 1550
877 1979
877 1984
877 2410
878 901
878 1118
878 1138
878 1326
878 1543
878 1546
878 1552
878 1760
878 1986
878 2194
879 902
879 1119
879 1139
879 1327
879 1544
879 1547
879 1553
879 1760
879 1761
879 1980
879 1987
879 2195
880 904
880 1121
880 1141
880 1549
880 1555
880 1760
880 1761
880 1977
880 1981
880 1989
880 2411
881 903
881 1120
881 1140
881 1328
881 1545
881 1548
881 1554
881 1762
881 1988
881 2194
881 2196
882 906
882 1123
882 1143
882 1551
882 1557
882 1991
882 2194
882 2196
882 2411
882 2628
883 905
883 1122
883 1142
883 1550
883 1556
883 1762
883 1982
883 1990
883 2195
883 2411
884 907
884 1124
884 1144
884 1558
884 1761
884 1978
884 1983
884 1992
884 2412
885 909
885 1126
885 1146
885 1560
885 1985
885 1994
885 2195
885 2412
885 2413
885 2629
886 908
886 1125
886 1145
886 1559
886 1762
886 1979
886 1984
886 1993
886 2412
886 2413
887 894
887 1111
887 1131
887 1545
887 1979
888 910
888 1127
888 1147
888 1561
888 1995
888 2196
888 2413
888 2630
889 1148
889 1329
889 1546
889 1552
889 1763
889 2197
890 1149
890 1330
890 1547
890 1553
890 1763
890 1764
890 1986
890 2198
891 1151
891 1332
891 1549
891 1555
891 1763
891 1764
891 1766
891 1980
891 1987
891 2200
891 2414
892 1150
892 1331
892 1548
892 1554
892 1765
892 2197
892 2199
893 1153
893 1334
893 1551
893 1557
893 1768
893 2197
893 2199
893 2202
893 2414
893 2631
894 1152
894 1333
894 1550
894 1556
894 1765
894 1767
894 1988
894 2198
894 2201
894 2414
895 1154
895 1558
895 1764
895 1766
895 1981
895 1989
895 2415
896 1156
896 1560
896 1768
896 1991
896 2198
896 2201
896 2415
896 2416
896 2632
897 1155
897 1559
897 1765
897 1767
897 1982
897 1990
897 2200
897 2415
897 2416
898 1157
898 1561
898 2199
898 2202
898 2416
898 2633
899 1158
899 1766
899 1983
899 1992
899 2417
900 1160
900 1768
900 1985
900 1994
900 2200
900 2417
900 2418
900 2419
900 2634
901 1159
901 1767
901 1984
901 1993
901 2417
901 2418
902 1161
902 1995
902 2201
902 2418
902 2419
902 2635
903 1162
903 2202
903 2419
903 2636
904 1335
904 1552
904 1769
904 2203
905 1336
905 1553
905 1769
905 1770
905 2204
906 1338
906 1555
906 1769
906 1770
906 1772
906 1986
906 2206
906 2420
907 1337
907 1554
907 1771
907 2203
907 2205
908 1340
908 1557
908 1774
908 2203
908 2205
908 2208
908 2420
908 2637
909 1339
909 1556
909 1771
909 1773
909 2204
909 2207
909 2420
910 1341
910 1558
910 1770
910 1772
910 1775
910 1987
910 2209
910 2421
911 912
911 1343
911 1560
911 1774
911 1777
911 2204
911 2207
911 2211
911 2421
911 2422
911 2638
912 939
912 1128
912 1562
912 1996
913 914
913 1342
913 1559
913 1771
913 1773
913 1776
913 1988
913 2206
913 2210
913 2421
913 2422
914 941
914 1129
914 1562
914 1563
914 1997
915 916
915 1344
915 1561
915 1778
915 2205
915 2208
915 2212
915 2422
915 2639
916 944
916 1130
916 1564
916 1996
916 1998
917 918
917 1772
917 1775
917 1989
917 2423
918 957
918 1131
918 1565
918 1999
919 920
919 1774
919 1777
919 1991
919 2206
919 2210
919 2423
919 2424
919 2425
919 2640
920 940
920 1132
920 1345
920 1562
920 1563
920 1566
920 1779
920 2000
920 2213
921 922
921 1773
921 1776
921 1990
921 2209
921 2423
921 2424
922 942
922 1133
922 1564
922 1567
922 1779
922 1997
922 2001
923 924
923 1778
923 2207
923 2211
923 2424
923 2425
923 2641
924 945
924 1134
924 1565
924 1568
924 2002
924 2213
925 926
925 2208
925 2212
925 2425
925 2642
926 943
926 1135
926 1569
926 1779
926 1996
926 1998
926 2003
926 2430
927 928
927 1775
927 1992
927 2426
928 947
928 1136
928 1570
928 1999
928 2004
928 2430
929 930
929 1777
929 1994
929 2209
929 2426
929 2427
929 2428
929 2643
930 946
930 1137
930 1571
930 2005
930 2213
930 2430
930 2647
931 932
931 1776
931 1993
931 2426
931 2427
932 948
932 1138
932 1346
932 1563
932 1566
932 1572
932 1780
932 2006
932 2214
933 934
933 1778
933 1995
933 2210
933 2427
933 2428
933 2429
933 2644
934 949
934 1139
934 1347
934 1564
934 1567
934 1573
934 1780
934 1781
934 2000
934 2007
934 2215
935 936
935 2211
935 2428
935 2429
935 2645
936 951
936 1140
936 1348
936 1565
936 1568
936 1574
936 1782
936 2008
936 2214
936 2216
937 938
937 2212
937 2429
937 2646
938 950
938 1141
938 1569
938 1575
938 1780
938 1781
938 1997
938 2001
938 2009
938 2431
939 953
939 1142
939 1570
939 1576
939 1782
939 2002
939 2010
939 2215
939 2431
940 952
940 1143
940 1571
940 1577
940 2011
940 2214
940 2216
940 2431
940 2648
941 954
941 1144
941 1578
941 1781
941 1998
941 2003
941 2012
941 2432
942 956
942 1145
942 1579
942 1782
942 1999
942 2004
942 2013
942 2432
942 2433
943 955
943 1146
943 1580
943 2005
943 2014
943 2215
943 2432
943 2433
943 2649
944 958
944 1147
944 1581
944 2015
944 2216
944 2433
944 2650
945 959
945 1148
945 1349
945 1566
945 1572
945 1582
945 1783
945 2016
945 2217
946 1149
946 1350
946 1567
946 1573
946 1583
946 1783
946 1784
946 2006
946 2017
946 2218
947 1150
947 1351
947 1568
947 1574
947 1584
947 1785
947 2018
947 2217
947 2219
948 1151
948 1352
948 1569
948 1575
948 1585
948 1783
948 1784
948 1786
948 2000
948 2007
948 2019
948 2220
948 2434
949 1152
949 1353
949 1570
949 1576
949 1586
949 1785
949 1787
949 2008
949 2020
949 2218
949 2221
949 2434
950 1153
950 1354
950 1571
950 1577
950 1587
950 1788
950 2021
950 2217
950 2219
950 2222
950 2434
950 2651
951 1154
951 1578
951 1588
951 1784
951 1786
951 2001
951 2009
951 2022
951 2435
952 1155
952 1579
952 1589
952 1785
952 1787
952 2002
952 2010
952 2023
952 2220
952 2435
952 2436
953 1156
953 1580
953 1590
953 1788
953 2011
953 2024
953 2218
953 2221
953 2435
953 2436
953 2652
954 1157
954 1581
954 1591
954 2025
954 2219
954 2222
954 2436
954 2653
955 1158
955 1592
955 1786
955 2003
955 2012
955 2026
955 2437
956 1159
956 1593
956 1787
956 2004
956 2013
956 2027
956 2437
956 2438
957 1160
957 1594
957 1788
957 2005
957 2014
957 2028
957 2220
957 2437
957 2438
957 2439
957 2654
958 1161
958 1595
958 2015
958 2029
958 2221
958 2438
958 2439
958 2655
959 1162
959 1596
959 2030
959 2222
959 2439
959 2656
960 1355
960 1572
960 1582
960 1789
960 2223
961 1356
961 1573
961 1583
961 1789
961 1790
961 2016
961 2224
962 1358
962 1575
962 1585
962 1789
962 1790
962 1792
962 2006
962 2017
962 2226
962 2440
963 1357
963 1574
963 1584
963 1791
963 2223
963 2225
964 1360
964 1577
964 1587
964 1794
964 2223
964 2225
964 2228
964 2440
964 2657
965 1359
965 1576
965 1586
965 1791
965 1793
965 2018
965 2224
965 2227
965 2440
966 1361
966 1578
966 1588
966 1790
966 1792
966 1795
966 2007
966 2019
966 2229
966 2441
967 1363
967 1580
967 1590
967 1794
967 1797
967 2021
967 2224
967 2227
967 2231
967 2441
967 2442
967 2658
968 1362
968 1579
968 1589
968 1791
968 1793
968 1796
968 2008
968 2020
968 2226
968 2230
968 2441
968 2442
969 1364
969 1581
969 1591
969 1798
969 2225
969 2228
969 2232
969 2442
969 2659
970 1592
970 1792
970 1795
970 2009
970 2022
970 2443
971 1594
971 1794
971 1797
971 2011
971 2024
971 2226
971 2230
971 2443
971 2444
971 2445
971 2660
972 1593
972 1793
972 1796
972 2010
972 2023
972 2229
972 2443
972 2444
973 1595
973 1798
973 2025
973 2227
973 2231
973 2444
973 2445
973 2661
974 1596
974 2228
974 2232
974 2445
974 2662
975 1795
975 2012
975 2026
975 2446
976 1797
976 2014
976 2028
976 2229
976 2446
976 2447
976 2448
976 2663
977 1796
977 2013
977 2027
977 2446
977 2447
978 1798
978 2015
978 2029
978 2230
978 2447
978 2448
978 2449
978 2664
979 2030
979 2231
979 2448
979 2449
979 2665
980 2232
980 2449
980 2666
981 1365
981 1582
981 1799
981 2233
982 1366
982 1583
982 1799
982 1800
982 2234
983 1368
983 1585
983 1799
983 1800
983 1802
983 2016
983 2236
983 2450
984 1367
984 1584
984 1801
984 2233
984 2235
985 1370
985 1587
985 1804
985 2233
985 2235
985 2238
985 2450
985 2667
986 1369
986 1586
986 1801
986 1803
986 2234
986 2237
986 2450
987 1371
987 1588
987 1800
987 1802
987 1805
987 2017
987 2239
987 2451
988 1373
988 1590
988 1804
988 1807
988 2234
988 2237
988 2241
988 2451
988 2452
988 2668
989 1372
989 1589
989 1801
989 1803
989 1806
989 2018
989 2236
989 2240
989 2451
989 2452
990 1374
990 1591
990 1808
990 2235
990 2238
990 2242
990 2452
990 2669
991 1375
991 1592
991 1802
991 1805
991 1809
991 2019
991 2243
991 2453
992 1377
992 1594
992 1804
992 1807
992 1811
992 2021
992 2236
992 2240
992 2245
992 2453
992 2454
992 2455
992 2670
993 1376
993 1593
993 1803
993 1806
993 1810
993 2020
993 2239
993 2244
993 2453
993 2454
994 1378
994 1595
994 1808
994 1812
994 2237
994 2241
994 2246
994 2454
994 2455
994 2671
995 1379
995 1596
995 1813
995 2238
995 2242
995 2247
995 2455
995 2672
996 1805
996 1809
996 2022
996 2456
997 1807
997 1811
997 2024
997 2239
997 2244
997 2456
997 2457
997 2458
997 2673
998 1806
998 1810
998 2023
998 2243
998 2456
998 2457
999 1808
999 1812
999 2025
999 2240
999 2245
999 2457
999 2458
999 2459
999 2674
1000 1813
1000 2241
1000 2246
1000 2458
1000 2459
1000 2675
1001 2242
1001 2247
1001 2459
1001 2676
1002 1809
1002 2026
1002 2460
1003 1811
1003 2028
1003 2243
1003 2460
1003 2461
1003 2462
1003 2677
1004 1810
1004 2027
1004 2460
1004 2461
1005 1812
1005 2029
1005 2244
1005 2461
1005 2462
1005 2463
1005 2678
1006 1813
1006 2030
1006 2245
1006 2462
1006 2463
1006 2464
1006 2679
1007 2246
1007 2463
1007 2464
1007 2680
1008 2247
1008 2464
1008 2681
