0 1
0 523
0 400
0 261
0 228
0 216
0 837
0 838
0 839
0 840
0 841
0 842
0 843
0 844
0 845
0 846
1 2
1 3
1 4
1 5
1 836
1 1421
1 1817
1 2099
1 2276
1 2391
1 2455
1 2489
1 2504
1 2509
1 2510
2 564
2 566
2 567
2 569
2 571
2 573
2 574
2 576
2 577
2 578
2 396
2 327
2 325
3 190
3 193
3 195
3 198
3 200
3 203
3 205
3 207
3 209
3 210
3 347
3 536
3 364
3 361
3 358
4 44
4 47
4 51
4 54
4 58
4 60
4 62
4 64
4 68
4 71
4 336
4 548
5 7
5 12
5 16
5 21
5 25
5 27
5 29
5 31
5 36
5 40
5 334
5 364
6 7
6 526
6 397
6 258
6 225
6 216
6 837
6 847
6 848
6 849
6 850
6 851
6 852
6 853
6 854
6 855
7 8
7 9
7 10
7 835
7 1420
7 1816
7 2098
7 2275
7 2390
7 2454
7 2488
7 2503
7 2508
7 2510
8 564
8 579
8 581
8 582
8 583
8 584
8 585
8 586
8 587
8 588
8 333
8 323
9 190
9 212
9 215
9 218
9 221
9 224
9 227
9 230
9 233
9 236
9 349
9 358
10 44
10 74
10 78
10 82
10 85
10 87
10 89
10 91
10 94
10 98
10 337
10 364
11 12
11 566
11 579
11 589
11 591
11 592
11 593
11 594
11 595
11 596
11 597
11 399
11 469
11 331
11 323
12 13
12 14
12 834
12 1419
12 1815
12 2097
12 2274
12 2389
12 2453
12 2487
12 2502
12 2507
12 2510
13 193
13 212
13 239
13 242
13 244
13 245
13 246
13 247
13 248
13 249
13 354
13 352
14 47
14 74
14 101
14 104
14 108
14 110
14 112
14 114
14 117
14 121
14 339
14 361
15 16
15 529
15 394
15 255
15 222
15 216
15 839
15 848
15 856
15 861
15 862
15 863
15 864
15 865
15 866
15 867
16 17
16 18
16 19
16 833
16 1418
16 1814
16 2096
16 2273
16 2388
16 2452
16 2486
16 2501
16 2506
16 2510
17 567
17 581
17 589
17 598
17 599
17 600
17 601
17 602
17 603
17 604
17 402
17 361
17 329
17 323
18 195
18 215
18 239
18 251
18 254
18 257
18 260
18 263
18 266
18 269
18 351
18 354
18 350
19 51
19 78
19 101
19 124
19 128
19 130
19 132
19 134
19 137
19 140
19 340
19 361
20 21
20 569
20 582
20 591
20 598
20 605
20 606
20 607
20 608
20 609
20 610
20 405
20 466
20 327
20 323
21 22
21 23
21 832
21 1417
21 1813
21 2095
21 2272
21 2387
21 2451
21 2485
21 2500
21 2505
21 2510
22 198
22 218
22 242
22 251
22 271
22 273
22 274
22 275
22 276
22 277
22 352
22 350
23 54
23 82
23 104
23 124
23 144
23 146
23 148
23 150
23 153
23 156
23 341
23 539
24 25
24 200
24 221
24 244
24 254
24 271
24 279
24 281
24 283
24 286
24 287
24 353
24 527
24 354
24 348
25 831
25 1416
25 1812
25 2094
25 2271
25 2386
25 2450
25 2484
25 2499
25 2508
25 2509
26 27
26 203
26 224
26 245
26 257
26 273
26 279
26 288
26 290
26 292
26 294
26 352
26 348
27 830
27 1415
27 1811
27 2093
27 2270
27 2385
27 2449
27 2483
27 2498
27 2507
27 2509
28 29
28 205
28 227
28 246
28 260
28 274
28 281
28 288
28 295
28 296
28 297
28 350
28 348
29 829
29 1414
29 1810
29 2092
29 2269
29 2384
29 2448
29 2482
29 2497
29 2506
29 2509
30 31
30 531
30 391
30 252
30 219
30 216
30 844
30 853
30 858
30 865
30 868
30 872
30 875
30 878
30 881
30 882
31 32
31 33
31 34
31 828
31 1413
31 1809
31 2091
31 2268
31 2383
31 2447
31 2481
31 2496
31 2505
31 2509
32 576
32 586
32 595
32 602
32 608
32 614
32 616
32 617
32 619
32 621
32 408
32 358
32 325
32 323
33 207
33 230
33 247
33 263
33 275
33 283
33 290
33 295
33 299
33 301
33 355
33 524
33 354
33 346
34 64
34 91
34 114
34 134
34 150
34 160
34 166
34 172
34 178
34 182
34 342
34 361
35 36
35 237
35 213
35 845
35 854
35 859
35 866
35 869
35 873
35 876
35 879
35 881
35 883
36 37
36 38
36 827
36 1412
36 1808
36 2090
36 2267
36 2382
36 2446
36 2480
36 2495
36 2507
36 2508
37 209
37 233
37 248
37 266
37 276
37 286
37 292
37 296
37 299
37 303
37 352
37 346
38 68
38 94
38 117
38 137
38 153
38 162
38 168
38 174
38 178
38 186
38 343
38 358
39 40
39 533
39 387
39 234
39 213
39 846
39 855
39 860
39 867
39 870
39 874
39 877
39 880
39 882
39 883
40 41
40 42
40 826
40 1411
40 1807
40 2089
40 2266
40 2381
40 2445
40 2479
40 2494
40 2506
40 2508
41 210
41 236
41 249
41 269
41 277
41 287
41 294
41 297
41 301
41 303
41 357
41 364
41 350
41 346
42 71
42 98
42 121
42 140
42 156
42 164
42 170
42 176
42 182
42 186
42 345
42 358
43 44
43 564
43 625
43 626
43 628
43 629
43 630
43 631
43 632
43 633
43 634
43 410
43 462
43 354
43 333
43 322
44 45
44 825
44 1410
44 1806
44 2088
44 2265
44 2380
44 2444
44 2478
44 2493
44 2505
44 2508
45 190
45 305
45 307
45 310
45 312
45 313
45 314
45 315
45 316
45 317
45 360
45 521
45 348
45 346
46 47
46 231
46 213
46 838
46 884
46 890
46 891
46 892
46 893
46 894
46 895
46 896
46 897
47 48
47 49
47 824
47 1409
47 1805
47 2087
47 2264
47 2379
47 2443
47 2477
47 2492
47 2506
47 2507
48 566
48 625
48 636
48 638
48 640
48 642
48 644
48 646
48 648
48 650
48 411
48 460
48 352
48 331
48 322
49 193
49 305
49 319
49 321
49 324
49 326
49 328
49 330
49 332
49 334
49 354
49 344
50 51
50 567
50 626
50 636
50 652
50 653
50 654
50 655
50 656
50 657
50 658
50 413
50 458
50 350
50 329
50 322
51 52
51 823
51 1408
51 1804
51 2086
51 2263
51 2378
51 2442
51 2476
51 2491
51 2505
51 2507
52 195
52 307
52 319
52 336
52 337
52 339
52 340
52 341
52 342
52 343
52 352
52 344
53 54
53 535
53 383
53 228
53 213
53 840
53 886
53 891
53 898
53 902
53 903
53 904
53 905
53 906
53 907
54 55
54 56
54 822
54 1407
54 1803
54 2085
54 2262
54 2377
54 2441
54 2475
54 2490
54 2505
54 2506
55 569
55 628
55 638
55 652
55 660
55 662
55 664
55 666
55 668
55 670
55 414
55 456
55 348
55 327
55 322
56 198
56 310
56 321
56 336
56 345
56 347
56 349
56 351
56 353
56 355
56 363
56 361
56 350
56 344
57 58
57 571
57 629
57 640
57 653
57 660
57 672
57 673
57 674
57 671
57 669
57 415
57 454
57 346
57 325
57 322
58 821
58 1406
58 1802
58 2084
58 2261
58 2376
58 2440
58 2474
58 2499
58 2503
58 2504
59 60
59 573
59 630
59 642
59 654
59 662
59 672
59 667
59 665
59 663
59 661
59 416
59 452
59 344
59 323
59 322
60 820
60 1405
60 1801
60 2083
60 2260
60 2375
60 2439
60 2473
60 2498
60 2502
60 2504
61 62
61 574
61 631
61 644
61 655
61 664
61 673
61 667
61 659
61 651
61 649
61 333
61 318
62 819
62 1404
62 1800
62 2082
62 2259
62 2374
62 2438
62 2472
62 2497
62 2501
62 2504
63 64
63 225
63 213
63 844
63 887
63 895
63 899
63 905
63 909
63 912
63 915
63 918
63 919
64 65
64 66
64 818
64 1402
64 1798
64 2081
64 2258
64 2372
64 2436
64 2470
64 2495
64 2502
64 2503
65 576
65 632
65 646
65 656
65 666
65 674
65 665
65 659
65 647
65 645
65 331
65 318
66 207
66 315
66 330
66 341
66 351
66 360
66 363
66 365
66 365
66 367
66 369
66 348
66 344
67 68
67 538
67 379
67 243
67 222
67 213
67 845
67 888
67 896
67 900
67 906
67 910
67 913
67 916
67 918
67 920
68 69
68 817
68 1401
68 1797
68 2080
68 2257
68 2371
68 2435
68 2469
68 2494
68 2501
68 2503
69 577
69 633
69 648
69 657
69 668
69 671
69 663
69 651
69 647
69 643
69 329
69 318
70 71
70 375
70 241
70 219
70 213
70 846
70 889
70 897
70 901
70 907
70 911
70 914
70 917
70 919
70 920
71 72
71 816
71 1399
71 1795
71 2078
71 2255
71 2370
71 2434
71 2467
71 2492
71 2501
71 2502
72 578
72 634
72 650
72 658
72 670
72 669
72 661
72 649
72 645
72 643
72 447
72 327
72 318
73 74
73 541
73 374
73 240
73 216
73 213
73 847
73 884
73 921
73 922
73 923
73 924
73 925
73 926
73 927
73 928
74 75
74 76
74 815
74 1398
74 1794
74 2077
74 2254
74 2369
74 2433
74 2466
74 2491
74 2500
74 2502
75 579
75 625
75 641
75 639
75 637
75 635
75 627
75 624
75 622
75 620
75 338
75 325
75 318
76 212
76 305
76 373
76 376
76 378
76 380
76 382
76 384
76 386
76 388
76 367
76 358
76 346
76 344
77 78
77 543
77 208
77 848
77 885
77 921
77 929
77 930
77 931
77 932
77 933
77 934
77 935
78 79
78 80
78 814
78 1397
78 1793
78 2076
78 2253
78 2368
78 2432
78 2465
78 2490
78 2500
78 2501
79 581
79 626
79 641
79 618
79 615
79 613
79 611
79 590
79 580
79 575
79 323
79 318
80 215
80 307
80 373
80 390
80 393
80 396
80 399
80 402
80 405
80 408
80 369
80 511
81 82
81 582
81 628
81 639
81 618
81 572
81 570
81 568
81 565
81 561
81 559
81 417
81 443
81 335
81 322
81 318
82 83
82 813
82 1393
82 1789
82 2073
82 2250
82 2365
82 2429
82 2462
82 2492
82 2497
82 2498
83 218
83 310
83 376
83 390
83 410
83 411
83 413
83 414
83 415
83 416
83 371
83 505
83 338
84 85
84 221
84 312
84 378
84 393
84 410
84 417
84 419
84 422
84 424
84 426
84 338
85 812
85 1392
85 1788
85 2072
85 2249
85 2364
85 2428
85 2461
85 2491
85 2496
85 2498
86 87
86 224
86 313
86 380
86 396
86 411
86 417
86 427
86 428
86 429
86 430
86 373
86 364
86 338
87 811
87 1391
87 1787
87 2070
87 2247
87 2362
87 2426
87 2459
87 2492
87 2494
87 2495
88 89
88 227
88 314
88 382
88 399
88 413
88 419
88 427
88 431
88 433
88 436
88 376
88 499
88 338
89 810
89 1390
89 1786
89 2068
89 2245
89 2360
89 2424
89 2457
89 2490
89 2493
89 2494
90 91
90 545
90 208
90 853
90 887
90 926
90 933
90 936
90 940
90 943
90 946
90 949
90 950
91 92
91 809
91 1389
91 1785
91 2067
91 2244
91 2359
91 2423
91 2456
91 2490
91 2491
91 2492
92 230
92 315
92 384
92 402
92 414
92 422
92 428
92 431
92 438
92 440
92 378
92 361
93 94
93 547
93 208
93 854
93 888
93 927
93 934
93 937
93 941
93 944
93 947
93 949
93 951
94 95
94 96
94 808
94 1388
94 1784
94 2066
94 2243
94 2358
94 2422
94 2474
94 2484
94 2488
94 2489
95 587
95 633
95 622
95 580
95 561
95 555
95 553
95 551
95 549
95 544
95 419
95 434
96 233
96 316
96 386
96 405
96 415
96 424
96 429
96 433
96 438
96 442
96 380
96 358
96 338
97 98
97 550
97 204
97 855
97 889
97 928
97 935
97 938
97 942
97 945
97 948
97 950
97 951
98 99
98 807
98 1387
98 1783
98 2065
98 2242
98 2357
98 2421
98 2473
98 2483
98 2487
98 2489
99 236
99 317
99 388
99 408
99 416
99 426
99 430
99 436
99 440
99 442
99 382
99 491
99 354
99 335
100 101
100 589
100 636
100 641
100 542
100 540
100 537
100 534
100 532
100 530
100 528
100 422
100 364
101 102
101 806
101 1386
101 1782
101 2064
101 2241
101 2356
101 2420
101 2472
101 2482
101 2486
101 2489
102 239
102 319
102 373
102 444
102 445
102 446
102 448
102 449
102 450
102 451
102 352
102 335
103 104
103 552
103 204
103 857
103 891
103 922
103 952
103 956
103 957
103 958
103 959
103 960
103 961
104 105
104 106
104 805
104 1384
104 1780
104 2063
104 2240
104 2354
104 2418
104 2470
104 2480
104 2487
104 2488
105 591
105 638
105 639
105 542
105 525
105 522
105 519
105 516
105 514
105 512
105 311
106 242
106 321
106 376
106 444
106 453
106 455
106 457
106 459
106 461
106 463
106 350
106 335
107 108
107 592
107 640
107 637
107 540
107 525
107 509
107 507
107 503
107 500
107 497
107 424
107 425
107 311
108 804
108 1383
108 1779
108 2062
108 2239
108 2353
108 2417
108 2469
108 2479
108 2486
108 2488
109 110
109 593
109 642
109 635
109 537
109 522
109 509
109 489
109 484
109 481
109 478
109 426
109 361
109 311
110 803
110 1381
110 1777
110 2060
110 2237
110 2352
110 2416
110 2467
110 2477
110 2486
110 2487
111 112
111 594
111 644
111 627
111 534
111 519
111 507
111 489
111 476
111 474
111 471
111 427
111 420
111 311
112 802
112 1380
112 1776
112 2059
112 2236
112 2351
112 2415
112 2466
112 2476
112 2485
112 2487
113 114
113 554
113 364
113 291
113 208
113 204
113 858
113 895
113 926
113 953
113 959
113 963
113 966
113 969
113 972
113 973
114 115
114 801
114 1379
114 1775
114 2058
114 2235
114 2350
114 2414
114 2465
114 2475
114 2485
114 2486
115 595
115 646
115 624
115 532
115 516
115 503
115 484
115 476
115 467
115 464
115 428
115 358
115 311
116 117
116 556
116 204
116 859
116 896
116 927
116 954
116 960
116 964
116 967
116 970
116 972
116 974
117 118
117 119
117 800
117 1375
117 1771
117 2055
117 2232
117 2347
117 2411
117 2462
117 2477
117 2482
117 2483
118 596
118 648
118 622
118 530
118 514
118 500
118 481
118 474
118 467
118 441
118 354
118 309
119 248
119 332
119 386
119 450
119 461
119 468
119 470
119 472
119 475
119 479
119 384
119 486
119 348
119 335
120 121
120 558
120 201
120 860
120 897
120 928
120 955
120 961
120 965
120 968
120 971
120 973
120 974
121 122
121 799
121 1374
121 1770
121 2054
121 2231
121 2346
121 2410
121 2461
121 2476
121 2481
121 2483
122 597
122 650
122 620
122 528
122 512
122 497
122 478
122 471
122 464
122 441
122 352
122 309
123 124
123 560
123 201
123 861
123 898
123 929
123 952
123 975
123 976
123 977
123 978
123 979
123 980
124 125
124 126
124 798
124 1373
124 1769
124 2052
124 2229
124 2344
124 2408
124 2459
124 2477
124 2479
124 2480
125 598
125 652
125 618
125 542
125 439
125 437
125 435
125 432
125 423
125 421
125 350
125 309
126 251
126 336
126 390
126 444
126 480
126 482
126 485
126 487
126 488
126 490
126 386
126 483
126 346
126 338
126 335
127 128
127 254
127 337
127 393
127 445
127 480
127 492
127 493
127 494
127 495
127 496
127 344
127 335
128 797
128 1372
128 1768
128 2050
128 2227
128 2342
128 2406
128 2457
128 2475
128 2478
128 2479
129 130
129 257
129 339
129 396
129 446
129 482
129 492
129 498
129 501
129 502
129 504
129 333
129 331
130 796
130 1371
130 1767
130 2049
130 2226
130 2341
130 2405
130 2456
130 2475
130 2476
130 2477
131 132
131 260
131 340
131 399
131 448
131 485
131 493
131 498
131 506
131 508
131 510
131 333
131 329
132 795
132 1370
132 1766
132 2048
132 2225
132 2340
132 2404
132 2464
132 2470
132 2473
132 2474
133 134
133 562
133 361
133 284
133 208
133 201
133 865
133 899
133 933
133 953
133 978
133 981
133 985
133 988
133 991
133 992
134 135
134 794
134 1369
134 1765
134 2047
134 2224
134 2339
134 2403
134 2463
134 2469
134 2472
134 2474
135 263
135 341
135 402
135 449
135 487
135 494
135 501
135 506
135 513
135 515
135 388
135 331
135 329
136 137
136 564
136 201
136 866
136 900
136 934
136 954
136 979
136 982
136 986
136 989
136 991
136 993
137 138
137 793
137 1367
137 1763
137 2046
137 2223
137 2338
137 2402
137 2462
137 2467
137 2472
137 2473
138 266
138 342
138 405
138 450
138 488
138 495
138 502
138 508
138 513
138 517
138 333
138 327
139 140
139 566
139 358
139 280
139 204
139 201
139 867
139 901
139 935
139 955
139 980
139 983
139 987
139 990
139 992
139 993
140 141
140 142
140 792
140 1366
140 1762
140 2045
140 2222
140 2337
140 2401
140 2461
140 2466
140 2471
140 2473
141 604
141 658
141 575
141 528
141 421
141 418
141 404
141 401
141 395
141 392
141 412
141 348
141 309
142 269
142 343
142 408
142 451
142 490
142 496
142 504
142 510
142 515
142 517
142 390
142 473
142 331
142 327
143 144
143 605
143 660
143 572
143 525
143 439
143 389
143 385
143 381
143 377
143 372
143 346
143 309
144 791
144 1365
144 1761
144 2044
144 2221
144 2336
144 2400
144 2460
144 2465
144 2471
144 2472
145 146
145 606
145 662
145 570
145 522
145 437
145 389
145 370
145 368
145 366
145 362
145 344
145 311
145 309
146 790
146 1364
146 1760
146 2043
146 2220
146 2335
146 2399
146 2459
146 2467
146 2469
146 2470
147 148
147 607
147 664
147 568
147 519
147 435
147 385
147 370
147 359
147 356
147 320
147 409
147 308
148 789
148 1363
148 1759
148 2042
148 2219
148 2334
148 2398
148 2458
148 2466
148 2468
148 2470
149 150
149 354
149 197
149 868
149 905
149 936
149 959
149 978
149 994
149 998
149 1001
149 1004
149 1005
150 151
150 788
150 1362
150 1758
150 2041
150 2218
150 2333
150 2397
150 2457
150 2465
150 2468
150 2469
151 608
151 666
151 565
151 516
151 432
151 381
151 368
151 359
151 306
151 302
151 406
151 308
152 153
152 352
152 197
152 869
152 906
152 937
152 960
152 979
152 995
152 999
152 1002
152 1004
152 1006
153 154
153 787
153 1361
153 1757
153 2040
153 2217
153 2332
153 2396
153 2456
153 2465
153 2466
153 2467
154 609
154 668
154 561
154 514
154 423
154 377
154 366
154 356
154 306
154 300
154 403
154 308
155 156
155 567
155 350
155 208
155 197
155 870
155 907
155 938
155 961
155 980
155 996
155 1000
155 1003
155 1005
155 1006
156 157
156 158
156 786
156 1360
156 1756
156 2039
156 2216
156 2331
156 2395
156 2459
156 2462
156 2463
156 2464
157 610
157 670
157 559
157 512
157 421
157 372
157 362
157 320
157 302
157 300
157 400
157 308
158 277
158 355
158 416
158 463
158 490
158 518
158 523
158 526
158 531
158 533
158 329
158 327
159 160
159 348
159 197
159 872
159 909
159 940
159 963
159 981
159 994
159 1007
159 1010
159 1013
159 1014
160 785
160 1359
160 1755
160 2037
160 2214
160 2329
160 2393
160 2456
160 2460
160 2461
160 2462
161 162
161 569
161 346
161 272
161 204
161 197
161 873
161 910
161 941
161 964
161 982
161 995
161 1008
161 1011
161 1013
161 1015
162 784
162 1358
162 1754
162 2036
162 2213
162 2328
162 2392
162 2456
162 2457
162 2458
162 2459
163 164
163 571
163 344
163 201
163 197
163 874
163 911
163 942
163 965
163 983
163 996
163 1009
163 1012
163 1014
163 1015
164 783
164 1357
164 1753
164 2035
164 2212
164 2327
164 2422
164 2440
164 2450
164 2454
164 2455
165 166
165 270
165 196
165 875
165 912
165 943
165 966
165 985
165 998
165 1007
165 1016
165 1019
165 1020
166 782
166 1356
166 1752
166 2034
166 2211
166 2326
166 2421
166 2439
166 2449
166 2453
166 2455
167 168
167 267
167 196
167 876
167 913
167 944
167 967
167 986
167 999
167 1008
167 1017
167 1019
167 1021
168 781
168 1354
168 1750
168 2033
168 2210
168 2324
168 2419
168 2437
168 2447
168 2451
168 2455
169 170
169 573
169 264
169 208
169 196
169 877
169 914
169 945
169 968
169 987
169 1000
169 1009
169 1018
169 1020
169 1021
170 780
170 1350
170 1746
170 2030
170 2207
170 2321
170 2416
170 2434
170 2443
170 2452
170 2453
171 172
171 261
171 196
171 878
171 915
171 946
171 969
171 988
171 1001
171 1010
171 1016
171 1022
171 1023
172 779
172 1349
172 1745
172 2029
172 2206
172 2320
172 2415
172 2433
172 2442
172 2451
172 2453
173 174
173 574
173 338
173 258
173 204
173 196
173 879
173 916
173 947
173 970
173 989
173 1002
173 1011
173 1017
173 1022
173 1024
174 778
174 1348
174 1744
174 2027
174 2204
174 2318
174 2413
174 2431
174 2446
174 2449
174 2450
175 176
175 576
175 255
175 201
175 196
175 880
175 917
175 948
175 971
175 990
175 1003
175 1012
175 1018
175 1023
175 1024
176 777
176 1346
176 1742
176 2025
176 2202
176 2316
176 2412
176 2430
176 2444
176 2447
176 2450
177 178
177 577
177 335
177 252
177 197
177 196
177 881
177 918
177 949
177 972
177 991
177 1004
177 1013
177 1019
177 1022
177 1025
178 179
178 180
178 776
178 1345
178 1741
178 2024
178 2201
178 2315
178 2411
178 2429
178 2443
178 2448
178 2449
179 619
179 647
179 549
179 467
179 398
179 306
179 289
179 268
179 259
179 250
179 397
179 338
179 308
180 299
180 367
180 438
180 475
180 513
180 529
180 541
180 550
180 556
180 562
180 333
180 325
181 182
181 333
181 192
181 882
181 919
181 950
181 973
181 992
181 1005
181 1014
181 1020
181 1023
181 1025
182 183
182 184
182 775
182 1344
182 1740
182 2023
182 2200
182 2314
182 2410
182 2428
182 2442
182 2447
182 2449
183 621
183 645
183 546
183 464
183 395
183 302
183 285
183 265
183 256
183 250
183 394
183 311
183 308
184 301
184 369
184 440
184 477
184 515
184 531
184 543
184 552
184 558
184 562
184 331
184 325
185 186
185 331
185 192
185 883
185 920
185 951
185 974
185 993
185 1006
185 1015
185 1021
185 1024
185 1025
186 187
186 188
186 774
186 1343
186 1739
186 2022
186 2199
186 2313
186 2409
186 2427
186 2441
186 2447
186 2448
187 623
187 643
187 544
187 441
187 392
187 300
187 282
187 262
187 253
187 250
187 391
187 335
187 309
187 308
188 303
188 371
188 442
188 479
188 517
188 533
188 545
188 554
188 560
188 562
188 393
188 364
188 329
188 325
189 190
189 578
189 329
189 208
189 192
189 837
189 1026
189 1027
189 1028
189 1029
189 1030
189 1031
189 1032
189 1033
189 1034
190 191
190 773
190 1342
190 1738
190 2020
190 2197
190 2311
190 2407
190 2425
190 2442
190 2444
190 2446
191 564
191 238
191 235
191 232
191 229
191 226
191 223
191 220
191 217
191 214
191 333
191 304
192 193
192 566
192 238
192 211
192 206
192 202
192 199
192 194
192 429
192 387
192 331
192 304
193 772
193 1341
193 1737
193 2019
193 2196
193 2310
193 2406
193 2424
193 2441
193 2444
193 2445
194 195
194 327
194 839
194 1027
194 1035
194 1040
194 1041
194 1042
194 1043
194 1044
194 1045
194 1046
195 196
195 771
195 1340
195 1736
195 2018
195 2195
195 2309
195 2405
195 2423
195 2441
195 2442
195 2443
196 567
196 235
196 211
196 329
196 304
197 198
197 569
197 232
197 206
197 430
197 383
197 327
197 304
198 770
198 1339
198 1735
198 2017
198 2194
198 2308
198 2404
198 2431
198 2436
198 2439
198 2440
199 200
199 579
199 325
199 204
199 841
199 1029
199 1037
199 1041
199 1047
199 1050
199 1051
199 1052
199 1053
199 1054
200 201
200 767
200 1336
200 1732
200 2016
200 2191
200 2306
200 2402
200 2429
200 2434
200 2438
200 2439
201 571
201 229
201 202
201 325
201 304
202 203
202 581
202 323
202 243
202 842
202 1030
202 1038
202 1042
202 1048
202 1050
202 1055
202 1056
202 1057
202 1058
203 204
203 766
203 1335
203 1731
203 2015
203 2190
203 2305
203 2401
203 2428
203 2433
203 2437
203 2439
204 573
204 226
204 431
204 379
204 323
204 311
204 304
205 764
205 1334
205 1729
205 2014
205 2188
205 2303
205 2399
205 2426
205 2434
205 2435
205 2436
206 207
206 582
206 322
206 241
206 844
206 1032
206 1039
206 1044
206 1049
206 1052
206 1056
206 1059
206 1060
206 1061
207 208
207 761
207 1333
207 1726
207 2012
207 2185
207 2301
207 2396
207 2423
207 2432
207 2433
207 2434
208 576
208 220
208 433
208 375
208 322
208 309
208 304
209 759
209 1332
209 1724
209 2011
209 2183
209 2299
209 2394
209 2425
209 2428
209 2430
209 2431
210 757
210 1331
210 1722
210 2009
210 2181
210 2297
210 2393
210 2423
210 2427
210 2428
210 2429
211 212
211 318
211 240
211 847
211 1026
211 1063
211 1064
211 1065
211 1066
211 1067
211 1068
211 1069
211 1070
212 213
212 756
212 1330
212 1721
212 2008
212 2180
212 2296
212 2392
212 2423
212 2424
212 2425
212 2426
213 579
213 238
213 374
213 318
213 308
213 304
214 215
214 237
214 848
214 1027
214 1063
214 1071
214 1072
214 1073
214 1074
214 1075
214 1076
214 1077
215 216
215 755
215 1326
215 1717
215 2006
215 2178
215 2293
215 2402
215 2411
215 2416
215 2420
215 2421
216 581
216 235
216 563
216 563
216 548
216 539
216 436
217 218
217 234
217 849
217 1028
217 1064
217 1071
217 1078
217 1079
217 1080
217 1081
217 1082
217 1083
218 219
218 754
218 1325
218 1716
218 2005
218 2177
218 2292
218 2401
218 2410
218 2415
218 2419
218 2421
219 582
219 232
219 536
219 527
219 524
219 521
219 511
219 505
219 438
219 291
220 221
220 583
220 231
220 850
220 1029
220 1065
220 1072
220 1078
220 1084
220 1085
220 1086
220 1087
220 1088
221 222
221 752
221 1324
221 1715
221 2004
221 2176
221 2290
221 2399
221 2408
221 2416
221 2417
221 2418
222 583
222 229
222 536
222 499
222 491
222 486
222 483
222 473
222 440
222 291
223 224
223 228
223 851
223 1030
223 1066
223 1073
223 1079
223 1084
223 1089
223 1090
223 1091
223 1092
224 225
224 751
224 1322
224 1714
224 2002
224 2174
224 2288
224 2396
224 2405
224 2414
224 2415
224 2416
225 584
225 226
225 527
225 499
225 469
225 466
225 462
225 460
225 442
225 548
226 227
226 584
226 852
226 1031
226 1067
226 1074
226 1080
226 1085
226 1089
226 1093
226 1094
226 1095
227 228
227 750
227 1321
227 1713
227 2001
227 2173
227 2286
227 2394
227 2407
227 2410
227 2412
227 2413
228 585
228 524
228 491
228 469
228 458
228 456
228 454
228 444
228 291
229 230
229 585
229 311
229 853
229 1032
229 1068
229 1075
229 1081
229 1086
229 1090
229 1093
229 1096
229 1097
230 231
230 749
230 1320
230 1711
230 1999
230 2171
230 2284
230 2393
230 2405
230 2409
230 2410
230 2411
231 586
231 563
231 521
231 486
231 466
231 458
231 452
231 447
231 445
231 284
232 233
232 309
232 854
232 1033
232 1069
232 1076
232 1082
232 1087
232 1091
232 1094
232 1096
232 1098
233 234
233 748
233 1319
233 1710
233 1997
233 2169
233 2282
233 2395
233 2399
233 2402
233 2403
233 2404
234 587
234 548
234 511
234 483
234 462
234 456
234 452
234 443
234 446
234 284
235 236
235 586
235 308
235 855
235 1034
235 1070
235 1077
235 1083
235 1088
235 1092
235 1095
235 1097
235 1098
236 237
236 745
236 1318
236 1707
236 1996
236 2166
236 2279
236 2393
236 2396
236 2400
236 2401
236 2402
237 588
237 539
237 539
237 505
237 473
237 460
237 454
237 447
237 443
237 448
238 239
238 587
238 304
238 856
238 1035
238 1063
238 1099
238 1100
238 1101
238 1102
238 1103
238 1104
238 1105
239 240
239 744
239 1317
239 1706
239 1995
239 2165
239 2278
239 2392
239 2396
239 2397
239 2398
239 2399
240 589
240 434
240 425
240 420
240 412
240 409
240 406
240 403
240 449
240 284
241 242
241 591
241 434
241 400
241 397
241 394
241 391
241 387
241 383
241 450
241 280
242 742
242 1316
242 1704
242 1994
242 2163
242 2327
242 2358
242 2376
242 2386
242 2390
242 2391
243 244
243 592
243 425
243 400
243 379
243 375
243 374
243 364
243 361
243 451
243 280
244 741
244 1315
244 1703
244 1993
244 2162
244 2326
244 2357
244 2375
244 2385
244 2389
244 2391
245 740
245 1313
245 1701
245 1992
245 2161
245 2324
245 2355
245 2373
245 2383
245 2387
245 2391
246 739
246 1309
246 1697
246 1989
246 2158
246 2321
246 2352
246 2370
246 2379
246 2388
246 2389
247 738
247 1308
247 1696
247 1988
247 2157
247 2320
247 2351
247 2369
247 2378
247 2387
247 2389
248 737
248 1307
248 1695
248 1986
248 2155
248 2318
248 2349
248 2367
248 2382
248 2385
248 2386
249 736
249 1305
249 1693
249 1984
249 2153
249 2316
249 2348
249 2366
249 2380
249 2383
249 2386
250 251
250 588
250 563
250 861
250 1040
250 1071
250 1099
250 1116
250 1117
250 1118
250 1119
250 1120
250 1121
251 252
251 735
251 1304
251 1692
251 1983
251 2152
251 2315
251 2347
251 2365
251 2379
251 2384
251 2385
252 598
252 434
252 352
252 350
252 348
252 346
252 344
252 338
252 453
252 536
252 291
252 284
252 280
253 254
253 589
253 862
253 1041
253 1072
253 1100
253 1116
253 1122
253 1123
253 1124
253 1125
253 1126
254 255
254 734
254 1303
254 1691
254 1982
254 2151
254 2314
254 2346
254 2364
254 2378
254 2383
254 2385
255 599
255 425
255 352
255 335
255 333
255 331
255 329
255 327
255 455
255 280
256 257
256 591
256 863
256 1042
256 1073
256 1101
256 1117
256 1122
256 1127
256 1128
256 1129
256 1130
257 258
257 733
257 1302
257 1690
257 1981
257 2150
257 2313
257 2345
257 2363
257 2377
257 2383
257 2384
258 600
258 420
258 350
258 335
258 325
258 323
258 322
258 318
258 457
258 527
259 260
259 592
259 864
259 1043
259 1074
259 1102
259 1118
259 1123
259 1127
259 1131
259 1132
259 1133
260 261
260 732
260 1301
260 1689
260 1979
260 2148
260 2311
260 2343
260 2361
260 2378
260 2380
260 2382
261 601
261 412
261 348
261 333
261 325
261 311
261 309
261 308
261 459
261 524
261 272
262 263
262 593
262 865
262 1044
262 1075
262 1103
262 1119
262 1124
262 1128
262 1131
262 1134
262 1135
263 264
263 731
263 1300
263 1688
263 1978
263 2147
263 2310
263 2342
263 2360
263 2377
263 2380
263 2381
264 602
264 563
264 409
264 346
264 331
264 323
264 311
264 304
264 291
264 272
265 266
265 594
265 866
265 1045
265 1076
265 1104
265 1120
265 1125
265 1129
265 1132
265 1134
265 1136
266 267
266 730
266 1299
266 1687
266 1977
266 2146
266 2309
266 2341
266 2359
266 2377
266 2378
266 2379
267 603
267 548
267 406
267 344
267 329
267 322
267 309
267 304
267 284
267 461
267 291
267 272
268 269
268 595
268 867
268 1046
268 1077
268 1105
268 1121
268 1126
268 1130
268 1133
268 1135
268 1136
269 270
269 729
269 1295
269 1683
269 1975
269 2144
269 2306
269 2338
269 2365
269 2370
269 2374
269 2375
270 604
270 539
270 403
270 338
270 327
270 318
270 308
270 291
270 284
270 463
270 521
270 272
271 728
271 1294
271 1682
271 1974
271 2143
271 2305
271 2337
271 2364
271 2369
271 2373
271 2375
272 273
272 606
272 527
272 397
272 350
272 280
272 465
272 284
273 726
273 1293
273 1681
273 1973
273 2142
273 2303
273 2335
273 2362
273 2370
273 2371
273 2372
274 725
274 1292
274 1679
274 1971
274 2140
274 2301
274 2332
274 2359
274 2368
274 2369
274 2370
275 724
275 1291
275 1678
275 1970
275 2139
275 2299
275 2330
275 2361
275 2364
275 2366
275 2367
276 723
276 1289
276 1677
276 1968
276 2137
276 2297
276 2329
276 2359
276 2363
276 2364
276 2365
277 722
277 1288
277 1676
277 1966
277 2135
277 2295
277 2340
277 2349
277 2354
277 2357
277 2358
278 279
278 596
278 548
278 871
278 1050
278 1084
278 1106
278 1122
278 1137
278 1147
278 1148
278 1149
278 1150
279 280
279 719
279 1285
279 1673
279 1963
279 2134
279 2293
279 2338
279 2347
279 2352
279 2356
279 2357
280 612
280 499
280 379
280 335
280 468
281 718
281 1284
281 1672
281 1962
281 2133
281 2292
281 2337
281 2346
281 2351
281 2355
281 2357
282 283
282 597
282 872
282 1052
282 1086
282 1108
282 1124
282 1138
282 1148
282 1151
282 1153
282 1154
283 284
283 716
283 1282
283 1671
283 1960
283 2132
283 2290
283 2335
283 2344
283 2352
283 2353
283 2354
284 614
284 486
284 374
284 331
285 286
285 598
285 873
285 1053
285 1087
285 1109
285 1125
285 1139
285 1149
285 1152
285 1153
285 1155
286 713
286 1279
286 1670
286 1957
286 2130
286 2288
286 2332
286 2341
286 2350
286 2351
286 2352
287 711
287 1277
287 1669
287 1955
287 2129
287 2286
287 2330
287 2343
287 2346
287 2348
287 2349
288 709
288 1275
288 1668
288 1953
288 2127
288 2284
288 2329
288 2341
288 2345
288 2346
288 2347
289 290
289 599
289 875
289 1056
289 1090
289 1110
289 1128
289 1141
289 1148
289 1156
289 1158
289 1159
290 291
290 708
290 1274
290 1667
290 1952
290 2126
290 2283
290 2328
290 2341
290 2342
290 2343
290 2344
291 616
291 466
291 358
291 323
291 470
292 707
292 1273
292 1666
292 1951
292 2125
292 2282
292 2331
292 2335
292 2338
292 2339
292 2340
293 294
293 600
293 539
293 877
293 1058
293 1092
293 1111
293 1130
293 1142
293 1150
293 1157
293 1159
293 1160
294 704
294 1270
294 1665
294 1948
294 2124
294 2279
294 2329
294 2332
294 2336
294 2337
294 2338
295 703
295 1269
295 1664
295 1947
295 2123
295 2278
295 2328
295 2332
295 2333
295 2334
295 2335
296 701
296 1267
296 1663
296 1945
296 2122
296 2295
296 2308
296 2318
296 2323
296 2326
296 2327
297 700
297 1265
297 1661
297 1944
297 2121
297 2294
297 2307
297 2316
297 2322
297 2324
297 2327
298 299
298 601
298 536
298 881
298 1060
298 1096
298 1113
298 1134
298 1144
298 1153
298 1158
298 1161
298 1164
299 699
299 1264
299 1660
299 1943
299 2120
299 2293
299 2306
299 2315
299 2321
299 2325
299 2326
300 301
300 602
300 882
300 1061
300 1097
300 1114
300 1135
300 1145
300 1154
300 1159
300 1162
300 1164
301 698
301 1263
301 1659
301 1942
301 2119
301 2292
301 2305
301 2314
301 2320
301 2324
301 2326
302 303
302 603
302 883
302 1062
302 1098
302 1115
302 1136
302 1146
302 1155
302 1160
302 1163
302 1164
303 697
303 1262
303 1658
303 1941
303 2118
303 2291
303 2304
303 2313
303 2319
303 2324
303 2325
304 305
304 625
305 696
305 1261
305 1657
305 1940
305 2117
305 2289
305 2302
305 2311
305 2320
305 2322
305 2323
306 307
306 604
306 885
306 1027
306 1165
306 1170
306 1171
306 1172
306 1173
306 1174
306 1175
306 1176
307 308
307 695
307 1260
307 1656
307 1938
307 2115
307 2288
307 2301
307 2309
307 2319
307 2320
307 2321
308 626
308 472
308 511
309 310
309 628
310 694
310 1259
310 1655
310 1937
310 2114
310 2287
310 2300
310 2312
310 2315
310 2317
310 2318
311 312
311 629
312 693
312 1258
312 1654
312 1936
312 2113
312 2286
312 2299
312 2311
312 2314
312 2316
312 2318
313 692
313 1257
313 1653
313 1935
313 2112
313 2285
313 2298
313 2310
313 2313
313 2316
313 2317
314 691
314 1256
314 1652
314 1934
314 2111
314 2284
314 2297
314 2309
314 2313
314 2314
314 2315
315 690
315 1255
315 1651
315 1933
315 2110
315 2283
315 2296
315 2309
315 2310
315 2311
315 2312
316 688
316 1254
316 1649
316 1932
316 2108
316 2281
316 2299
316 2302
316 2305
316 2307
316 2308
317 686
317 1253
317 1647
317 1931
317 2106
317 2279
317 2297
317 2301
317 2304
317 2305
317 2306
318 319
318 636
318 475
318 505
319 684
319 1252
319 1645
319 1930
319 2104
319 2277
319 2296
319 2297
319 2298
319 2299
319 2300
320 321
320 605
320 527
320 891
320 1036
320 1166
320 1187
320 1188
320 1189
320 1190
320 1191
320 1192
320 1193
321 322
321 682
321 1250
321 1644
321 1928
321 2103
321 2281
321 2286
321 2289
321 2292
321 2294
321 2295
322 638
323 324
323 640
323 477
324 680
324 1248
324 1643
324 1926
324 2102
324 2279
324 2284
324 2288
324 2291
324 2292
324 2293
325 326
325 642
325 479
325 499
326 678
326 1246
326 1642
326 1924
326 2101
326 2277
326 2283
326 2284
326 2285
326 2286
326 2287
327 328
327 644
328 677
328 1245
328 1641
328 1923
328 2100
328 2277
328 2278
328 2279
328 2280
328 2281
328 2282
329 330
329 646
330 676
330 1244
330 1640
330 1922
330 2163
330 2212
330 2243
330 2261
330 2271
330 2275
330 2276
331 332
331 648
331 480
332 675
332 1239
332 1635
332 1918
332 2160
332 2209
332 2239
332 2257
332 2266
332 2273
332 2275
333 334
333 650
333 482
334 1238
334 1634
334 1917
334 2159
334 2208
334 2238
334 2256
334 2265
334 2272
334 2275
335 336
335 652
335 485
336 1237
336 1633
336 1916
336 2158
336 2207
336 2237
336 2255
336 2264
336 2273
336 2274
337 1236
337 1632
337 1914
337 2156
337 2205
337 2235
337 2253
337 2262
337 2272
337 2273
338 339
338 654
338 487
338 491
339 1234
339 1630
339 1912
339 2154
339 2203
339 2234
339 2252
339 2266
339 2269
339 2271
340 1233
340 1629
340 1911
340 2153
340 2202
340 2233
340 2251
340 2265
340 2268
340 2271
341 1232
341 1628
341 1909
341 2151
341 2200
341 2231
341 2249
341 2263
341 2268
341 2270
342 1231
342 1627
342 1908
342 2150
342 2199
342 2230
342 2248
342 2262
342 2268
342 2269
343 1230
343 1626
343 1907
343 2149
343 2198
343 2229
343 2247
343 2264
343 2266
343 2267
344 345
344 660
345 1229
345 1625
345 1906
345 2148
345 2197
345 2228
345 2246
345 2263
345 2265
345 2267
346 347
346 662
347 1228
347 1624
347 1905
347 2147
347 2196
347 2227
347 2245
347 2262
347 2265
347 2266
348 349
348 664
348 488
348 486
349 1227
349 1623
349 1904
349 2146
349 2195
349 2226
349 2244
349 2262
349 2263
349 2264
350 351
350 666
350 490
350 483
351 1225
351 1621
351 1903
351 2145
351 2193
351 2224
351 2252
351 2257
351 2259
351 2261
352 353
352 668
353 1223
353 1619
353 1901
353 2144
353 2191
353 2223
353 2250
353 2255
353 2259
353 2260
354 355
354 670
354 492
354 473
355 1222
355 1616
355 1899
355 2142
355 2188
355 2220
355 2247
355 2255
355 2257
355 2258
356 357
356 606
356 908
356 1050
356 1177
356 1194
356 1207
356 1217
356 1227
356 1228
356 1229
356 1230
357 358
357 1221
357 1614
357 1897
357 2141
357 2186
357 2218
357 2245
357 2253
357 2256
357 2257
358 672
358 493
359 360
359 909
359 1052
359 1179
359 1196
359 1208
359 1219
359 1228
359 1231
359 1233
359 1234
360 361
360 1220
360 1613
360 1896
360 2140
360 2185
360 2217
360 2244
360 2253
360 2254
360 2255
361 674
362 363
362 607
362 524
362 912
362 1056
362 1181
362 1199
362 1210
362 1221
362 1228
362 1236
362 1238
362 1239
363 364
363 1219
363 1610
363 1893
363 2138
363 2182
363 2215
363 2245
363 2248
363 2251
363 2252
364 665
364 494
364 469
364 675
365 1218
365 1609
365 1892
365 2137
365 2181
365 2214
365 2244
365 2248
365 2249
365 2250
366 367
366 918
366 1060
366 1184
366 1201
366 1214
366 1224
366 1233
366 1238
366 1241
366 1244
367 1217
367 1608
367 1891
367 2136
367 2180
367 2213
367 2244
367 2245
367 2246
367 2247
368 369
368 608
368 919
368 1061
368 1185
368 1202
368 1215
368 1225
368 1234
368 1239
368 1242
368 1244
369 1213
369 1604
369 1888
369 2134
369 2178
369 2223
369 2232
369 2237
369 2241
369 2242
370 371
370 609
370 521
370 920
370 1062
370 1186
370 1203
370 1216
370 1226
370 1235
370 1240
370 1243
370 1244
371 1211
371 1603
371 1886
371 2132
371 2176
371 2220
371 2229
371 2237
371 2239
371 2240
372 373
372 921
372 1063
372 1165
372 1245
372 1246
372 1247
372 1248
372 1249
372 1250
372 1251
373 374
373 1210
373 1602
373 1884
373 2131
373 2175
373 2218
373 2227
373 2235
373 2238
373 2239
374 641
374 495
374 677
374 678
374 679
374 680
374 681
374 682
374 683
375 376
375 639
375 496
375 466
375 677
375 684
375 685
375 686
375 687
375 688
375 689
376 1209
376 1601
376 1883
376 2130
376 2174
376 2217
376 2226
376 2235
376 2236
376 2237
377 378
377 923
377 1065
377 1167
377 1246
377 1252
377 1255
377 1256
377 1257
377 1258
377 1259
378 379
378 1208
378 1599
378 1880
378 2128
378 2172
378 2215
378 2227
378 2230
378 2233
378 2234
379 637
379 498
379 678
379 684
379 690
379 691
379 692
379 693
379 694
380 1207
380 1598
380 1878
380 2126
380 2170
380 2213
380 2226
380 2227
380 2228
380 2229
381 382
381 925
381 1067
381 1168
381 1248
381 1253
381 1256
381 1260
381 1262
381 1263
381 1264
382 383
382 1206
382 1597
382 1877
382 2125
382 2169
382 2216
382 2220
382 2223
382 2224
382 2225
383 627
383 462
383 680
383 686
383 691
383 695
383 697
383 698
383 699
384 1205
384 1594
384 1874
384 2124
384 2166
384 2214
384 2217
384 2221
384 2222
384 2223
385 386
385 927
385 1069
385 1169
385 1250
385 1254
385 1258
385 1261
385 1263
385 1265
385 1267
386 387
386 1204
386 1593
386 1873
386 2123
386 2165
386 2213
386 2217
386 2218
386 2219
386 2220
387 622
387 460
387 682
387 688
387 693
387 696
387 698
387 700
387 701
388 1201
388 1589
388 1870
388 2121
388 2179
388 2192
388 2202
388 2208
388 2210
388 2212
389 390
389 929
389 1071
389 1170
389 1245
389 1268
389 1269
389 1270
389 1271
389 1272
389 1273
390 391
390 1200
390 1587
390 1869
390 2119
390 2177
390 2190
390 2200
390 2206
390 2210
390 2211
391 618
391 458
391 677
391 702
391 703
391 704
391 705
391 706
391 707
392 393
392 610
392 930
392 1072
392 1171
392 1246
392 1268
392 1274
392 1275
392 1276
392 1277
392 1278
393 394
393 1199
393 1583
393 1865
393 2116
393 2175
393 2186
393 2196
393 2205
393 2208
393 2209
394 615
394 456
394 678
394 702
394 708
394 709
394 710
394 711
394 712
395 396
395 612
395 931
395 1073
395 1172
395 1247
395 1269
395 1274
395 1279
395 1280
395 1281
395 1282
396 397
396 1198
396 1582
396 1864
396 2115
396 2174
396 2185
396 2195
396 2205
396 2206
396 2207
397 613
397 454
397 679
397 703
397 708
397 713
397 714
397 715
397 716
398 399
398 614
398 932
398 1074
398 1173
398 1248
398 1270
398 1275
398 1279
398 1283
398 1284
398 1285
399 400
399 1197
399 1580
399 1862
399 2113
399 2173
399 2183
399 2197
399 2200
399 2202
399 2204
400 611
400 452
400 680
400 704
400 709
400 713
400 717
400 718
400 719
401 402
401 616
401 511
401 933
401 1075
401 1174
401 1249
401 1271
401 1276
401 1280
401 1283
401 1286
401 1287
402 403
402 1196
402 1579
402 1861
402 2112
402 2172
402 2182
402 2196
402 2199
402 2202
402 2203
403 590
403 563
403 681
403 705
403 710
403 714
403 717
403 720
403 721
404 405
404 617
404 505
404 934
404 1076
404 1175
404 1250
404 1272
404 1277
404 1281
404 1284
404 1286
404 1288
405 406
405 1195
405 1578
405 1860
405 2111
405 2171
405 2181
405 2195
405 2199
405 2200
405 2201
406 580
406 548
406 682
406 706
406 711
406 715
406 718
406 720
406 722
407 408
407 619
407 499
407 935
407 1077
407 1176
407 1251
407 1273
407 1278
407 1282
407 1285
407 1287
407 1288
408 409
408 1194
408 1577
408 1859
408 2110
408 2170
408 2180
408 2195
408 2196
408 2197
408 2198
409 575
409 539
409 683
409 707
409 712
409 716
409 719
409 721
409 722
410 1193
410 1576
410 1858
410 2109
410 2169
410 2184
410 2188
410 2191
410 2193
410 2194
411 1192
411 1575
411 1857
411 2108
411 2168
411 2183
411 2187
411 2190
411 2192
411 2194
412 413
412 568
412 524
412 447
412 686
412 704
412 723
412 725
412 727
412 728
412 729
413 1191
413 1574
413 1856
413 2107
413 2167
413 2182
413 2186
413 2189
413 2192
413 2193
414 1190
414 1573
414 1855
414 2106
414 2166
414 2181
414 2185
414 2189
414 2190
414 2191
415 1189
415 1572
415 1854
415 2105
415 2165
415 2180
415 2185
415 2186
415 2187
415 2188
416 1188
416 1571
416 1853
416 2104
416 2164
416 2180
416 2181
416 2182
416 2183
416 2184
417 1187
417 1564
417 1849
417 2100
417 2164
417 2165
417 2166
417 2167
417 2168
417 2169
418 419
418 939
418 1085
418 1178
418 1256
418 1275
418 1289
418 1299
418 1302
418 1303
418 1304
419 420
419 1182
419 1560
419 1846
419 2119
419 2133
419 2143
419 2151
419 2157
419 2161
419 2162
420 557
420 491
420 691
420 709
420 723
420 730
420 733
420 734
420 735
421 422
421 621
421 491
421 940
421 1086
421 1179
421 1257
421 1276
421 1290
421 1300
421 1302
421 1305
421 1306
422 1181
422 1558
422 1842
422 2116
422 2131
422 2141
422 2147
422 2156
422 2159
422 2160
423 424
423 941
423 1087
423 1180
423 1258
423 1277
423 1291
423 1301
423 1303
423 1305
423 1307
424 425
424 1180
424 1557
424 1839
424 2113
424 2129
424 2139
424 2148
424 2151
424 2153
424 2155
425 555
425 483
425 693
425 711
425 724
425 732
425 734
425 736
425 737
426 1179
426 1556
426 1838
426 2112
426 2128
426 2138
426 2147
426 2150
426 2153
426 2154
427 1178
427 1555
427 1837
427 2111
427 2127
427 2137
427 2146
427 2150
427 2151
427 2152
428 1177
428 1554
428 1836
428 2110
428 2126
428 2136
428 2146
428 2147
428 2148
428 2149
429 1169
429 1545
429 1824
429 2103
429 2108
429 2113
429 2117
429 2119
429 2121
429 2122
430 1168
430 1543
430 1822
430 2102
430 2106
430 2111
430 2115
430 2118
430 2119
430 2120
431 1167
431 1541
431 1820
431 2101
431 2104
431 2110
431 2111
431 2112
431 2113
431 2114
432 433
432 947
432 1094
432 1182
432 1263
432 1284
432 1294
432 1303
432 1308
432 1313
432 1315
433 434
433 1166
433 1540
433 1819
433 2100
433 2104
433 2105
433 2106
433 2107
433 2108
433 2109
434 551
434 456
434 443
434 698
434 718
434 728
434 734
434 738
434 740
434 741
435 436
435 623
435 486
435 948
435 1095
435 1183
435 1264
435 1285
435 1295
435 1304
435 1309
435 1314
435 1315
436 1164
436 1538
436 1922
436 1994
436 2035
436 2066
436 2084
436 2094
436 2098
436 2099
437 438
437 625
437 483
437 949
437 1096
437 1184
437 1265
437 1286
437 1296
437 1305
437 1310
437 1313
437 1316
438 1159
438 1533
438 1918
438 1991
438 2032
438 2062
438 2080
438 2089
438 2096
438 2098
439 440
439 950
439 1097
439 1185
439 1266
439 1287
439 1297
439 1306
439 1311
439 1314
439 1316
440 1158
440 1532
440 1917
440 1990
440 2031
440 2061
440 2079
440 2088
440 2095
440 2098
441 442
441 626
441 951
441 1098
441 1186
441 1267
441 1288
441 1298
441 1307
441 1312
441 1315
441 1316
442 1157
442 1531
442 1916
442 1989
442 2030
442 2060
442 2078
442 2087
442 2096
442 2097
443 444
443 542
443 677
443 743
443 744
443 745
443 746
443 747
443 748
444 1156
444 1530
444 1914
444 1987
444 2028
444 2058
444 2076
444 2085
444 2095
444 2096
445 1154
445 1528
445 1912
445 1985
445 2026
445 2057
445 2075
445 2089
445 2092
445 2094
446 1153
446 1527
446 1911
446 1984
446 2025
446 2056
446 2074
446 2088
446 2091
446 2094
447 448
447 534
447 680
447 745
447 749
447 751
447 753
447 754
447 755
448 1152
448 1526
448 1909
448 1982
448 2023
448 2054
448 2072
448 2086
448 2091
448 2093
449 1151
449 1525
449 1908
449 1981
449 2022
449 2053
449 2071
449 2085
449 2091
449 2092
450 1150
450 1524
450 1907
450 1980
450 2021
450 2052
450 2070
450 2087
450 2089
450 2090
451 1149
451 1523
451 1906
451 1979
451 2020
451 2051
451 2069
451 2086
451 2088
451 2090
452 453
452 525
452 501
452 684
452 743
452 756
452 757
452 758
452 759
452 760
453 1148
453 1522
453 1905
453 1978
453 2019
453 2050
453 2068
453 2085
453 2088
453 2089
454 455
454 522
454 685
454 744
454 756
454 761
454 762
454 763
454 764
455 1147
455 1521
455 1904
455 1977
455 2018
455 2049
455 2067
455 2085
455 2086
455 2087
456 457
456 519
456 502
456 686
456 745
456 757
456 761
456 765
456 766
456 767
457 1143
457 1517
457 1901
457 1975
457 2016
457 2046
457 2073
457 2078
457 2082
457 2083
458 459
458 516
458 687
458 746
458 758
458 762
458 765
458 768
458 769
459 1142
459 1515
459 1899
459 1973
459 2014
459 2043
459 2070
459 2078
459 2080
459 2081
460 461
460 514
460 688
460 747
460 759
460 763
460 766
460 768
460 770
461 1141
461 1514
461 1897
461 1972
461 2013
461 2041
461 2068
461 2076
461 2079
461 2080
462 463
462 512
462 689
462 748
462 760
462 764
462 767
462 769
462 770
463 1140
463 1513
463 1896
463 1971
463 2012
463 2040
463 2067
463 2076
463 2077
463 2078
464 465
464 628
464 962
464 1107
464 1195
464 1256
464 1320
464 1331
464 1340
464 1343
464 1344
464 1345
465 466
465 1138
465 1512
465 1893
465 1969
465 2010
465 2038
465 2068
465 2071
465 2074
465 2075
466 507
466 504
466 691
466 749
466 757
466 771
466 774
466 775
466 776
467 468
467 629
467 964
467 1109
467 1197
467 1258
467 1321
467 1332
467 1342
467 1344
467 1346
467 1348
468 469
468 1137
468 1511
468 1891
468 1967
468 2008
468 2036
468 2067
468 2068
468 2069
468 2070
469 500
469 506
469 693
469 750
469 759
469 773
469 775
469 777
469 778
470 1135
470 1509
470 1890
470 1965
470 2007
470 2047
470 2057
470 2062
470 2064
470 2066
471 472
471 630
471 970
471 1112
471 1200
471 1263
471 1325
471 1335
471 1344
471 1349
471 1354
471 1356
472 473
472 1133
472 1507
472 1888
472 1963
472 2006
472 2046
472 2055
472 2060
472 2064
472 2065
473 474
473 698
473 754
473 766
473 775
473 779
473 781
473 782
474 475
474 631
474 972
474 1113
474 1201
474 1265
474 1327
474 1337
474 1346
474 1351
474 1354
474 1357
475 1130
475 1506
475 1886
475 1960
475 2004
475 2043
475 2052
475 2060
475 2062
475 2063
476 477
476 973
476 1114
476 1202
476 1266
476 1328
476 1338
476 1347
476 1352
476 1355
476 1357
477 1128
477 1505
477 1884
477 1958
477 2003
477 2041
477 2050
477 2058
477 2061
477 2062
478 479
478 974
478 1115
478 1203
478 1267
478 1329
478 1339
478 1348
478 1353
478 1356
478 1357
479 1127
479 1504
479 1883
479 1957
479 2002
479 2040
479 2049
479 2058
479 2059
479 2060
480 1124
480 1503
480 1880
480 1954
480 2000
480 2038
480 2050
480 2053
480 2056
480 2057
481 482
481 976
481 1117
481 1204
481 1269
481 1317
481 1358
481 1361
481 1362
481 1363
481 1364
482 483
482 1123
482 1502
482 1879
482 1953
482 1999
482 2037
482 2049
482 2053
482 2054
482 2055
483 508
483 703
483 744
483 784
483 787
483 788
483 789
483 790
484 485
484 977
484 1118
484 1205
484 1270
484 1318
484 1359
484 1361
484 1365
484 1366
484 1367
485 486
485 1122
485 1501
485 1878
485 1952
485 1998
485 2036
485 2049
485 2050
485 2051
485 2052
486 510
486 704
486 745
486 785
486 787
486 791
486 792
486 793
487 1121
487 1500
487 1877
487 1951
487 1997
487 2039
487 2043
487 2046
487 2047
487 2048
488 1118
488 1499
488 1874
488 1948
488 1996
488 2037
488 2040
488 2044
488 2045
488 2046
489 490
489 980
489 1121
489 1206
489 1273
489 1319
489 1360
489 1364
489 1367
489 1369
489 1370
490 491
490 1117
490 1498
490 1873
490 1947
490 1995
490 2036
490 2040
490 2041
490 2042
490 2043
491 513
491 707
491 748
491 786
491 790
491 793
491 794
491 795
492 1112
492 1493
492 1869
492 1942
492 2005
492 2015
492 2023
492 2029
492 2033
492 2034
493 1110
493 1492
493 1865
493 1939
493 2003
493 2013
493 2019
493 2028
493 2031
493 2032
494 1109
494 1491
494 1862
494 1936
494 2001
494 2011
494 2020
494 2023
494 2025
494 2027
495 1108
495 1490
495 1861
495 1935
495 2000
495 2010
495 2019
495 2022
495 2025
495 2026
496 1107
496 1489
496 1860
496 1934
496 1999
496 2009
496 2018
496 2022
496 2023
496 2024
497 498
497 984
497 1127
497 1209
497 1279
497 1322
497 1361
497 1371
497 1379
497 1380
497 1381
498 499
498 1106
498 1488
498 1859
498 1933
498 1998
498 2008
498 2018
498 2019
498 2020
498 2021
499 515
499 713
499 751
499 787
499 796
499 801
499 802
499 803
500 501
500 632
500 985
500 1128
500 1210
500 1280
500 1323
500 1362
500 1372
500 1379
500 1382
500 1383
501 1096
501 1478
501 1847
501 1944
501 1964
501 1976
501 1984
501 1990
501 1992
501 1994
502 1094
502 1477
502 1846
502 1942
502 1962
502 1974
502 1982
502 1988
502 1992
502 1993
503 504
503 633
503 987
503 1130
503 1211
503 1282
503 1324
503 1364
503 1373
503 1381
503 1383
503 1384
504 505
504 1090
504 1476
504 1842
504 1939
504 1958
504 1972
504 1978
504 1987
504 1990
504 1991
505 716
505 752
505 790
505 798
505 803
505 804
505 805
506 1089
506 1475
506 1841
506 1938
506 1957
506 1971
506 1977
506 1987
506 1988
506 1989
507 508
507 634
507 989
507 1132
507 1212
507 1284
507 1325
507 1366
507 1374
507 1380
507 1385
507 1387
508 1087
508 1474
508 1839
508 1936
508 1955
508 1970
508 1979
508 1982
508 1984
508 1986
509 510
509 990
509 1133
509 1213
509 1285
509 1326
509 1367
509 1375
509 1381
509 1386
509 1387
510 511
510 1086
510 1473
510 1838
510 1935
510 1954
510 1969
510 1978
510 1981
510 1984
510 1985
511 719
511 755
511 793
511 800
511 803
511 806
511 807
512 513
512 636
512 991
512 1134
512 1214
512 1286
512 1327
512 1368
512 1376
512 1382
512 1385
512 1388
513 1085
513 1472
513 1837
513 1934
513 1953
513 1968
513 1977
513 1981
513 1982
513 1983
514 515
514 638
514 992
514 1135
514 1215
514 1287
514 1328
514 1369
514 1377
514 1383
514 1386
514 1388
515 1084
515 1471
515 1836
515 1933
515 1952
515 1967
515 1977
515 1978
515 1979
515 1980
516 517
516 640
516 993
516 1136
516 1216
516 1288
516 1329
516 1370
516 1378
516 1384
516 1387
516 1388
517 539
517 1077
517 1470
517 1832
517 1929
517 1951
517 1956
517 1960
517 1963
517 1965
517 1966
518 548
518 1076
518 1469
518 1831
518 1928
518 1950
518 1955
518 1959
518 1962
518 1964
518 1966
519 520
519 642
519 997
519 1140
519 1220
519 1292
519 1333
519 1361
519 1389
519 1397
519 1398
519 1399
520 521
520 563
520 1075
520 1468
520 1830
520 1927
520 1949
520 1954
520 1958
520 1961
520 1964
520 1965
521 725
521 761
521 787
521 809
521 814
521 815
521 816
522 523
522 644
522 1000
522 1142
522 1222
522 1293
522 1334
522 1364
522 1391
522 1399
522 1401
522 1402
523 524
523 1074
523 1467
523 1829
523 1926
523 1948
523 1953
523 1957
523 1961
523 1962
523 1963
524 726
524 764
524 790
524 811
524 816
524 817
524 818
525 526
525 646
525 1003
525 1143
525 1223
525 1295
525 1336
525 1367
525 1393
525 1399
525 1404
525 1405
526 527
526 1073
526 1466
526 1828
526 1925
526 1947
526 1952
526 1957
526 1958
526 1959
526 1960
527 729
527 767
527 793
527 813
527 816
527 819
527 820
528 529
528 1004
528 1144
528 1224
528 1296
528 1337
528 1368
528 1394
528 1400
528 1403
528 1406
529 1072
529 1465
529 1827
529 1924
529 1946
529 1952
529 1953
529 1954
529 1955
529 1956
530 531
530 1005
530 1145
530 1225
530 1297
530 1338
530 1369
530 1395
530 1401
530 1404
530 1406
531 1071
531 1464
531 1826
531 1923
531 1946
531 1947
531 1948
531 1949
531 1950
531 1951
532 533
532 1006
532 1146
532 1226
532 1298
532 1339
532 1370
532 1396
532 1402
532 1405
532 1406
533 1069
533 1463
533 1824
533 1928
533 1932
533 1936
533 1940
533 1942
533 1944
533 1945
534 535
534 1007
534 1148
534 1228
534 1300
534 1341
534 1372
534 1390
534 1407
534 1410
534 1411
535 536
535 1067
535 1462
535 1822
535 1926
535 1931
535 1934
535 1938
535 1941
535 1942
535 1943
536 731
536 772
536 797
536 810
536 822
536 825
536 826
537 538
537 1011
537 1152
537 1232
537 1303
537 1344
537 1374
537 1392
537 1408
537 1413
537 1415
538 539
538 1065
538 1461
538 1820
538 1924
538 1930
538 1933
538 1934
538 1935
538 1936
538 1937
539 734
539 775
539 799
539 812
539 823
539 828
539 830
540 541
540 1013
540 1153
540 1233
540 1305
540 1346
540 1376
540 1394
540 1410
540 1413
540 1416
541 1063
541 1459
541 1818
541 1923
541 1924
541 1925
541 1926
541 1927
541 1928
541 1929
542 543
542 648
542 1014
542 1154
542 1234
542 1306
542 1347
542 1377
542 1395
542 1411
542 1414
542 1416
543 1061
543 1457
543 1848
543 1871
543 1890
543 1903
543 1912
543 1918
543 1921
543 1922
544 545
544 650
544 1015
544 1155
544 1235
544 1307
544 1348
544 1378
544 1396
544 1412
544 1415
544 1416
545 1060
545 1456
545 1847
545 1870
545 1889
545 1902
545 1911
545 1917
545 1920
545 1922
546 547
546 652
546 1018
546 1157
546 1237
546 1309
546 1350
546 1381
546 1399
546 1409
546 1418
546 1419
547 548
547 1059
547 1455
547 1845
547 1868
547 1887
547 1900
547 1908
547 1914
547 1920
547 1921
548 739
548 780
548 803
548 816
548 824
548 833
548 834
549 550
549 653
549 1019
549 1158
549 1238
549 1310
549 1351
549 1382
549 1400
549 1410
549 1417
549 1420
550 1058
550 1454
550 1844
550 1867
550 1886
550 1899
550 1907
550 1916
550 1918
550 1919
551 552
551 654
551 1020
551 1159
551 1239
551 1311
551 1352
551 1383
551 1401
551 1411
551 1418
551 1420
552 1057
552 1453
552 1843
552 1866
552 1885
552 1898
552 1906
552 1915
552 1917
552 1919
553 554
553 1021
553 1160
553 1240
553 1312
553 1353
553 1384
553 1402
553 1412
553 1419
553 1420
554 1056
554 1452
554 1842
554 1865
554 1884
554 1897
554 1905
554 1914
554 1917
554 1918
555 556
555 655
555 1022
555 1161
555 1241
555 1313
555 1354
555 1385
555 1403
555 1413
555 1417
555 1421
556 1055
556 1451
556 1841
556 1864
556 1883
556 1896
556 1904
556 1914
556 1915
556 1916
557 558
557 656
557 1023
557 1162
557 1242
557 1314
557 1355
557 1386
557 1404
557 1414
557 1418
557 1421
558 1054
558 1450
558 1840
558 1863
558 1882
558 1895
558 1907
558 1910
558 1912
558 1913
559 560
559 1024
559 1163
559 1243
559 1315
559 1356
559 1387
559 1405
559 1415
559 1419
559 1421
560 1053
560 1449
560 1839
560 1862
560 1881
560 1894
560 1906
560 1909
560 1911
560 1913
561 562
561 1025
561 1164
561 1244
561 1316
561 1357
561 1388
561 1406
561 1416
561 1420
561 1421
562 563
562 1052
562 1448
562 1838
562 1861
562 1880
562 1893
562 1905
562 1908
562 1911
562 1912
563 676
563 742
563 783
563 808
563 821
563 831
563 835
563 836
564 1051
564 1447
564 1837
564 1860
564 1879
564 1892
564 1904
564 1908
564 1909
564 1910
565 566
565 838
565 1422
565 1428
565 1429
565 1430
565 1431
565 1432
565 1433
565 1434
565 1435
566 1050
566 1446
566 1836
566 1859
566 1878
566 1891
566 1904
566 1905
566 1906
566 1907
567 1049
567 1443
567 1835
567 1856
567 1875
567 1893
567 1897
567 1900
567 1902
567 1903
568 569
568 840
568 1424
568 1429
568 1436
568 1440
568 1441
568 1442
568 1443
568 1444
568 1445
569 1048
569 1441
569 1834
569 1854
569 1873
569 1891
569 1896
569 1897
569 1898
569 1899
570 571
570 841
570 1425
570 1430
570 1437
570 1440
570 1446
570 1447
570 1448
570 1449
570 1450
571 1047
571 1440
571 1833
571 1853
571 1872
571 1891
571 1892
571 1893
571 1894
571 1895
572 573
572 842
572 1426
572 1431
572 1438
572 1441
572 1446
572 1451
572 1452
572 1453
572 1454
573 1044
573 1439
573 1830
573 1852
573 1875
573 1880
573 1884
573 1887
573 1889
573 1890
574 1042
574 1438
574 1828
574 1851
574 1873
574 1878
574 1883
574 1884
574 1885
574 1886
575 576
575 844
575 1427
575 1433
575 1439
575 1443
575 1448
575 1452
575 1455
575 1456
575 1457
576 1041
576 1437
576 1827
576 1850
576 1872
576 1878
576 1879
576 1880
576 1881
576 1882
577 1040
577 1436
577 1826
577 1849
577 1872
577 1873
577 1874
577 1875
577 1876
577 1877
578 1039
578 1433
578 1823
578 1852
578 1856
578 1861
578 1865
578 1868
578 1870
578 1871
579 1038
579 1431
579 1821
579 1851
579 1854
579 1859
579 1864
579 1865
579 1866
579 1867
580 581
580 848
580 1423
580 1459
580 1464
580 1465
580 1466
580 1467
580 1468
580 1469
580 1470
581 1037
581 1430
581 1820
581 1850
581 1853
581 1859
581 1860
581 1861
581 1862
581 1863
582 1036
582 1429
582 1819
582 1849
582 1853
582 1854
582 1855
582 1856
582 1857
582 1858
583 1032
583 1427
583 1823
583 1830
583 1835
583 1838
583 1842
583 1845
583 1847
583 1848
584 1030
584 1426
584 1821
584 1828
584 1834
584 1836
584 1841
584 1842
584 1843
584 1844
585 1029
585 1425
585 1820
585 1827
585 1833
585 1836
585 1837
585 1838
585 1839
585 1840
586 1027
586 1423
586 1818
586 1826
586 1827
586 1828
586 1829
586 1830
586 1831
586 1832
587 1026
587 1422
587 1818
587 1819
587 1820
587 1821
587 1822
587 1823
587 1824
587 1825
588 1025
588 1538
588 1640
588 1704
588 1753
588 1784
588 1802
588 1812
588 1816
588 1817
589 1024
589 1537
589 1639
589 1703
589 1752
589 1783
589 1801
589 1811
589 1815
589 1817
590 591
590 857
590 1429
590 1460
590 1481
590 1482
590 1483
590 1484
590 1485
590 1486
590 1487
591 1023
591 1536
591 1638
591 1702
591 1751
591 1782
591 1800
591 1810
591 1814
591 1817
592 1022
592 1535
592 1637
592 1701
592 1750
592 1781
592 1799
592 1809
592 1813
592 1817
593 1021
593 1534
593 1636
593 1700
593 1749
593 1780
593 1798
593 1808
593 1815
593 1816
594 1020
594 1533
594 1635
594 1699
594 1748
594 1779
594 1797
594 1807
594 1814
594 1816
595 1019
595 1532
595 1634
595 1698
595 1747
595 1778
595 1796
595 1806
595 1813
595 1816
596 1018
596 1531
596 1633
596 1697
596 1746
596 1777
596 1795
596 1805
596 1814
596 1815
597 1015
597 1529
597 1631
597 1695
597 1744
597 1774
597 1792
597 1808
597 1811
597 1812
598 1014
598 1528
598 1630
598 1694
598 1743
598 1773
598 1791
598 1807
598 1810
598 1812
599 1013
599 1527
599 1629
599 1693
599 1742
599 1772
599 1790
599 1806
599 1809
599 1812
600 1011
600 1526
600 1628
600 1691
600 1740
600 1770
600 1788
600 1804
600 1809
600 1811
601 1007
601 1522
601 1624
601 1688
601 1737
601 1768
601 1786
601 1803
601 1806
601 1807
602 1006
602 1520
602 1622
602 1686
602 1735
602 1766
602 1792
602 1798
602 1801
602 1802
603 1005
603 1519
603 1621
603 1685
603 1734
603 1765
603 1791
603 1797
603 1800
603 1802
604 1004
604 1518
604 1620
604 1684
604 1733
604 1764
604 1790
604 1796
604 1799
604 1802
605 1003
605 1517
605 1619
605 1683
605 1732
605 1763
605 1789
605 1795
605 1800
605 1801
606 1002
606 1516
606 1618
606 1682
606 1731
606 1762
606 1788
606 1794
606 1799
606 1801
607 1000
607 1515
607 1616
607 1681
607 1729
607 1760
607 1787
607 1795
607 1797
607 1798
608 998
608 1514
608 1614
608 1680
608 1727
608 1758
608 1786
608 1793
608 1796
608 1797
609 997
609 1513
609 1613
609 1679
609 1726
609 1757
609 1785
609 1793
609 1794
609 1795
610 993
610 1510
610 1607
610 1676
610 1720
610 1766
610 1774
610 1780
610 1783
610 1784
611 612
611 871
611 1446
611 1471
611 1488
611 1501
611 1511
611 1521
611 1522
611 1523
611 1524
612 992
612 1509
612 1606
612 1675
612 1719
612 1765
612 1773
612 1779
612 1782
612 1784
613 614
613 872
613 1448
613 1473
613 1490
613 1503
613 1512
613 1522
613 1525
613 1527
613 1528
614 991
614 1508
614 1605
614 1674
614 1718
614 1764
614 1772
614 1778
614 1781
614 1784
615 616
615 875
615 1452
615 1476
615 1492
615 1505
615 1514
615 1522
615 1530
615 1532
615 1533
616 990
616 1507
616 1604
616 1673
616 1717
616 1763
616 1771
616 1777
616 1782
616 1783
617 987
617 1506
617 1603
617 1671
617 1715
617 1760
617 1769
617 1777
617 1779
617 1780
618 619
618 881
618 1456
618 1478
618 1495
618 1508
618 1518
618 1527
618 1532
618 1535
618 1538
619 984
619 1504
619 1601
619 1670
619 1714
619 1757
619 1767
619 1775
619 1776
619 1777
620 621
620 882
620 1457
620 1479
620 1496
620 1509
620 1519
620 1528
620 1533
620 1536
620 1538
621 980
621 1500
621 1597
621 1666
621 1710
621 1756
621 1760
621 1763
621 1765
621 1766
622 623
622 657
622 883
622 1458
622 1480
622 1497
622 1510
622 1520
622 1529
622 1534
622 1537
622 1538
623 977
623 1499
623 1594
623 1665
623 1707
623 1755
623 1757
623 1761
623 1762
623 1763
624 625
624 884
624 1422
624 1539
624 1540
624 1541
624 1542
624 1543
624 1544
624 1545
624 1546
625 976
625 1498
625 1593
625 1664
625 1706
625 1754
625 1757
625 1758
625 1759
625 1760
626 974
626 1497
626 1591
626 1663
626 1720
626 1735
626 1744
626 1749
626 1752
626 1753
627 628
627 658
627 886
627 1424
627 1540
627 1547
627 1548
627 1549
627 1550
627 1551
627 1552
627 1553
628 973
628 1496
628 1590
628 1662
628 1719
628 1734
628 1743
628 1748
628 1751
628 1753
629 972
629 1495
629 1589
629 1661
629 1718
629 1733
629 1742
629 1747
629 1750
629 1753
630 971
630 1494
630 1588
630 1660
630 1717
630 1732
630 1741
630 1746
630 1751
630 1752
631 970
631 1493
631 1587
631 1659
631 1716
631 1731
631 1740
631 1745
631 1750
631 1752
632 964
632 1491
632 1580
632 1654
632 1713
632 1724
632 1738
632 1740
632 1742
632 1744
633 963
633 1490
633 1579
633 1653
633 1712
633 1723
633 1737
633 1739
633 1742
633 1743
634 962
634 1489
634 1578
634 1652
634 1711
634 1722
634 1736
634 1739
634 1740
634 1741
635 636
635 890
635 1428
635 1539
635 1564
635 1565
635 1566
635 1567
635 1568
635 1569
635 1570
636 961
636 1487
636 1576
636 1650
636 1710
636 1725
636 1729
636 1732
636 1734
636 1735
637 638
637 660
637 891
637 1429
637 1540
637 1564
637 1571
637 1572
637 1573
637 1574
637 1575
637 1576
638 960
638 1486
638 1575
638 1649
638 1709
638 1724
638 1728
638 1731
638 1733
638 1735
639 640
639 662
639 892
639 1430
639 1541
639 1565
639 1571
639 1577
639 1578
639 1579
639 1580
639 1581
640 959
640 1485
640 1574
640 1648
640 1708
640 1723
640 1727
640 1730
640 1733
640 1734
641 642
641 893
641 1431
641 1542
641 1566
641 1572
641 1577
641 1582
641 1583
641 1584
641 1585
642 958
642 1484
642 1573
642 1647
642 1707
642 1722
642 1726
642 1730
642 1731
642 1732
643 644
643 664
643 894
643 1432
643 1543
643 1567
643 1573
643 1578
643 1582
643 1586
643 1587
643 1588
644 957
644 1483
644 1572
644 1646
644 1706
644 1721
644 1726
644 1727
644 1728
644 1729
645 646
645 666
645 895
645 1433
645 1544
645 1568
645 1574
645 1579
645 1583
645 1586
645 1589
645 1590
646 956
646 1482
646 1571
646 1645
646 1705
646 1721
646 1722
646 1723
646 1724
646 1725
647 648
647 668
647 896
647 1434
647 1545
647 1569
647 1575
647 1580
647 1584
647 1587
647 1589
647 1591
648 952
648 1481
648 1564
648 1641
648 1705
648 1706
648 1707
648 1708
648 1709
648 1710
649 650
649 897
649 1435
649 1546
649 1570
649 1576
649 1581
649 1585
649 1588
649 1590
649 1591
650 951
650 1480
650 1563
650 1663
650 1676
650 1686
650 1695
650 1700
650 1703
650 1704
651 652
651 898
651 1436
651 1547
651 1564
651 1592
651 1593
651 1594
651 1595
651 1596
651 1597
652 950
652 1479
652 1562
652 1662
652 1675
652 1685
652 1694
652 1699
652 1702
652 1704
653 949
653 1478
653 1561
653 1661
653 1674
653 1684
653 1693
653 1698
653 1701
653 1704
654 947
654 1477
654 1560
654 1659
654 1672
654 1682
654 1691
654 1696
654 1701
654 1703
655 941
655 1474
655 1557
655 1654
655 1669
655 1678
655 1689
655 1691
655 1693
655 1695
656 939
656 1472
656 1555
656 1652
656 1668
656 1677
656 1687
656 1690
656 1691
656 1692
657 927
657 1463
657 1545
657 1644
657 1649
657 1654
657 1657
657 1659
657 1661
657 1663
658 925
658 1462
658 1543
658 1643
658 1647
658 1652
658 1656
658 1658
658 1659
658 1660
659 660
659 902
659 1440
659 1548
659 1571
659 1592
659 1608
659 1609
659 1610
659 1611
659 1612
660 923
660 1461
660 1541
660 1642
660 1645
660 1651
660 1652
660 1653
660 1654
660 1655
661 662
661 670
661 903
661 1441
661 1549
661 1572
661 1593
661 1608
661 1613
661 1614
661 1615
661 1616
662 922
662 1460
662 1540
662 1641
662 1645
662 1646
662 1647
662 1648
662 1649
662 1650
663 664
663 904
663 1442
663 1550
663 1573
663 1594
663 1609
663 1613
663 1617
663 1618
663 1619
664 920
664 1458
664 1563
664 1591
664 1607
664 1622
664 1631
664 1636
664 1639
664 1640
665 666
665 672
665 905
665 1443
665 1551
665 1574
665 1595
665 1610
665 1614
665 1617
665 1620
665 1621
666 919
666 1457
666 1562
666 1590
666 1606
666 1621
666 1630
666 1635
666 1638
666 1640
667 668
667 906
667 1444
667 1552
667 1575
667 1596
667 1611
667 1615
667 1618
667 1620
667 1622
668 918
668 1456
668 1561
668 1589
668 1605
668 1620
668 1629
668 1634
668 1637
668 1640
669 670
669 907
669 1445
669 1553
669 1576
669 1597
669 1612
669 1616
669 1619
669 1621
669 1622
670 914
670 1454
670 1559
670 1585
670 1603
670 1616
670 1626
670 1633
670 1635
670 1636
671 672
671 673
671 908
671 1446
671 1554
671 1577
671 1598
671 1608
671 1623
671 1624
671 1625
671 1626
672 912
672 1452
672 1558
672 1583
672 1602
672 1614
672 1624
672 1632
672 1634
672 1635
673 910
673 1449
673 1557
673 1580
673 1600
673 1611
673 1625
673 1628
673 1629
673 1631
674 909
674 1448
674 1556
674 1579
674 1599
674 1610
674 1624
674 1627
674 1629
674 1630
