0 1
0 2
1 2
3 4
3 5
3 6
3 7
3 8
4 7
4 8
4 5
5 7
5 8
6 9
6 10
7 8
8 16
9 10
9 11
10 12
10 13
10 14
11 13
12 13
12 14
13 14
15 16
15 17
18 19
18 20
18 21
19 21
19 20
20 21
21 22
21 23
21 24
22 23
22 24
23 24
25 26
25 27
25 28
25 29
26 27
26 28
26 29
27 28
27 29
28 29
30 31
30 32
30 33
30 34
30 35
30 36
30 37
30 38
30 39
30 40
30 41
30 42
31 43
31 45
31 50
31 55
31 47
31 48
31 32
31 44
31 35
31 46
31 38
31 42
31 51
31 57
31 54
31 33
31 40
31 37
31 52
31 49
31 34
31 36
31 56
31 41
31 66
31 53
32 47
32 42
32 58
32 36
32 59
33 35
33 38
33 42
33 34
33 40
33 37
33 41
34 48
34 35
34 38
34 42
34 54
34 40
34 66
34 41
34 37
35 60
35 62
35 41
35 61
35 40
35 38
35 37
35 42
36 42
37 43
37 45
37 47
37 48
37 44
37 46
37 38
37 42
37 40
37 39
37 41
38 41
38 40
38 42
39 67
39 69
39 68
40 42
40 41
41 63
41 42
41 64
42 43
42 45
42 47
42 48
42 44
42 46
43 44
43 45
43 46
43 47
43 48
44 45
44 47
44 48
44 46
45 49
45 48
45 46
45 47
46 47
46 48
47 49
47 48
47 58
47 59
50 51
50 52
50 53
50 54
51 55
51 57
51 54
51 56
51 52
51 65
51 53
52 54
52 53
53 54
53 65
53 56
54 55
54 57
54 56
54 66
55 56
55 57
56 57
56 65
58 59
60 61
60 62
61 62
63 64
67 68
67 69
68 69
68 70
68 71
69 70
69 71
70 71
72 73
72 74
72 75
73 74
76 77
76 78
76 79
76 80
76 81
77 80
77 79
77 78
77 81
79 81
79 80
80 88
80 81
82 83
82 84
82 85
83 85
86 87
86 88
86 89
87 89
87 88
88 89
90 91
90 92
90 93
90 94
91 93
93 96
93 102
94 97
94 98
94 99
94 100
95 96
97 100
97 99
97 98
98 100
98 99
98 101
99 100
99 381
99 383
99 382
103 104
103 105
103 106
104 105
104 118
104 120
104 121
104 106
104 119
105 114
105 115
105 111
105 116
105 117
105 106
106 118
106 120
106 121
106 119
107 108
107 109
107 110
107 111
107 112
107 113
108 110
108 111
108 109
108 112
109 110
109 111
109 112
109 113
110 116
110 113
110 111
110 112
110 117
110 115
111 116
111 114
111 112
111 113
111 117
111 115
112 116
112 113
112 117
112 115
113 116
113 117
113 115
114 116
114 115
114 117
114 386
114 387
114 388
114 389
115 116
115 117
116 117
118 119
118 120
118 121
119 120
119 121
120 121
122 123
122 124
122 125
122 126
123 124
123 126
124 125
124 126
125 364
125 321
125 378
125 344
125 379
125 334
127 128
127 273
127 274
127 275
129 130
131 132
131 133
131 133
131 134
131 135
132 136
132 139
132 142
132 155
132 138
132 133
132 133
132 137
132 140
132 135
133 155
133 134
133 134
133 135
133 135
133 391
133 392
133 402
133 393
133 394
133 396
133 396
133 403
133 397
133 398
133 148
133 399
133 401
134 141
134 149
134 145
134 144
134 151
134 142
134 154
134 152
134 146
134 146
134 138
134 138
134 150
134 147
134 158
134 156
134 148
134 157
134 135
135 152
135 156
135 156
135 155
136 137
136 138
136 139
136 140
137 149
137 139
137 154
137 152
137 150
137 138
137 156
137 156
137 157
137 140
138 139
138 151
138 154
138 152
138 152
138 146
138 146
138 146
138 156
138 156
138 156
138 150
138 150
138 157
138 157
138 140
139 149
139 150
139 152
139 140
141 142
141 142
141 143
141 143
141 144
141 144
141 145
141 145
141 146
141 146
141 147
141 148
142 145
142 144
142 146
142 146
142 155
142 148
142 143
142 147
143 145
143 144
144 149
144 145
144 150
144 153
144 146
144 146
144 148
144 151
144 147
145 149
145 149
145 150
145 151
145 147
146 152
146 152
146 150
146 150
146 156
146 156
146 157
146 157
146 153
147 149
147 151
147 150
147 148
148 391
148 393
148 394
148 396
149 150
149 151
150 151
150 154
150 152
150 156
150 157
151 154
151 152
152 154
152 158
152 156
152 156
152 157
154 156
154 156
154 157
156 157
156 157
159 160
159 161
159 162
159 163
159 164
160 162
160 165
160 168
160 163
160 161
160 164
161 162
161 165
161 166
161 163
161 170
161 169
161 164
162 165
162 166
162 163
162 164
163 165
163 164
164 165
164 166
164 169
165 168
165 166
165 169
166 167
166 170
166 169
168 169
168 170
169 170
170 263
170 285
170 424
170 420
170 421
170 419
170 422
170 422
170 423
171 172
172 173
172 180
172 177
173 174
173 175
173 176
173 177
173 178
173 179
175 178
175 179
175 176
176 179
176 178
178 179
178 190
178 192
178 191
178 199
178 220
179 181
181 182
181 183
182 186
184 185
185 209
185 203
187 188
187 189
188 207
188 208
189 203
189 210
190 191
190 192
191 192
191 203
191 198
191 200
191 201
191 204
192 198
192 199
192 200
192 201
192 202
192 203
192 204
193 194
193 195
193 196
193 197
194 205
194 206
194 206
194 217
195 197
195 210
195 196
196 197
198 203
198 205
198 199
198 216
198 206
198 206
198 217
198 211
199 203
199 205
199 219
199 217
199 220
200 203
200 201
201 203
201 204
202 221
203 205
203 205
203 206
203 206
203 206
203 210
203 211
203 212
203 213
203 214
203 215
203 216
203 217
203 209
205 206
205 206
205 206
205 206
205 218
205 216
205 217
205 213
205 219
205 211
205 220
206 218
206 218
206 217
206 217
206 217
206 216
206 216
206 213
206 213
206 211
206 211
207 208
209 211
209 212
209 214
209 215
210 349
210 331
210 347
210 362
210 355
210 328
210 329
210 363
210 356
210 353
211 216
211 217
211 214
211 215
211 212
212 215
212 214
213 218
214 215
216 217
217 219
217 220
219 220
219 349
219 328
219 354
219 355
222 223
224 225
224 225
224 226
225 226
225 431
226 249
226 245
226 245
226 253
226 254
226 255
227 228
227 229
227 230
227 230
227 231
227 232
227 232
227 233
227 234
227 235
228 232
228 232
228 256
228 241
228 234
228 235
229 232
229 232
230 236
230 237
230 238
230 239
231 233
231 249
231 249
231 245
231 245
231 237
231 250
231 238
231 235
232 233
232 233
232 249
232 249
232 237
232 237
232 234
232 234
232 235
232 235
233 245
233 245
233 249
233 250
233 237
233 251
233 252
233 238
233 235
233 235
233 438
233 439
233 434
233 442
233 441
233 436
233 239
234 235
235 249
235 249
235 245
235 245
235 238
235 250
235 237
235 252
235 438
235 439
235 434
235 442
235 441
235 436
235 247
235 443
235 444
235 239
236 245
236 245
236 246
236 247
236 248
237 239
237 249
237 249
237 245
237 245
237 238
237 251
237 250
237 252
238 239
238 249
238 245
238 245
238 251
238 250
238 252
239 244
239 245
239 245
239 254
239 433
239 252
239 435
239 438
239 434
239 440
239 442
239 240
239 431
239 441
239 432
239 436
239 251
240 241
240 254
240 433
240 438
240 431
240 432
241 256
242 243
244 245
244 245
245 249
245 249
245 249
245 249
245 250
245 250
245 246
245 246
245 247
245 247
245 253
245 253
245 248
245 248
245 255
245 255
246 247
246 248
247 248
247 444
247 443
249 250
249 253
249 255
250 251
250 252
251 252
251 435
251 436
252 434
253 255
254 431
254 432
254 433
256 440
257 258
257 259
257 260
257 261
257 262
257 263
257 264
257 265
257 266
257 267
257 268
257 269
258 276
258 261
258 262
258 278
258 283
258 279
258 260
258 259
258 264
258 265
258 266
258 267
258 268
258 269
259 261
259 262
259 268
259 264
259 260
259 266
259 267
259 265
259 269
260 261
260 262
260 263
260 274
260 268
260 264
260 281
260 266
260 267
260 273
260 265
260 269
261 276
261 279
261 262
261 263
261 280
261 264
261 265
261 266
261 267
261 268
261 269
262 274
262 263
262 264
262 281
262 273
262 265
262 266
262 267
262 268
262 269
263 281
263 273
263 274
263 269
264 268
264 266
264 265
264 267
264 269
265 268
265 266
265 267
265 269
266 276
266 268
266 279
266 280
266 267
266 269
267 276
267 268
267 280
267 269
268 278
268 283
268 279
268 280
268 269
269 274
269 275
269 281
269 273
269 415
269 413
269 411
269 417
269 418
270 271
270 272
271 272
272 282
273 274
273 275
273 281
274 275
274 281
275 284
277 278
278 283
286 287
286 288
286 289
286 290
286 291
286 292
286 293
286 294
286 295
286 296
287 288
287 289
287 290
287 291
287 293
287 294
287 295
287 296
288 294
289 293
289 296
289 295
290 291
290 293
290 294
290 296
291 293
291 294
291 292
291 296
292 294
292 296
293 294
293 295
293 296
294 295
294 296
295 296
297 298
298 309
298 310
298 314
298 315
298 313
298 312
298 311
299 300
299 301
299 302
299 303
301 308
302 317
302 318
302 303
303 319
303 318
303 317
304 305
304 306
304 307
305 307
306 307
309 310
309 311
309 312
309 313
309 314
309 315
309 316
310 314
310 312
310 313
311 314
311 312
312 314
312 315
312 313
312 316
313 314
314 315
317 318
320 321
321 338
321 339
321 340
321 361
321 360
321 344
322 323
322 324
322 325
322 326
323 333
323 337
323 357
323 338
323 359
323 339
323 335
323 325
323 340
324 326
324 338
324 339
324 325
325 326
327 328
327 329
327 330
327 331
327 332
328 345
328 349
328 348
328 351
328 367
328 340
328 373
328 332
328 331
328 374
328 355
328 330
328 350
328 352
328 346
328 347
328 329
328 354
329 372
329 332
329 331
330 349
330 351
330 340
330 355
330 350
330 352
330 354
331 332
331 374
332 358
332 338
332 342
332 354
333 334
333 335
333 336
334 336
334 339
334 365
334 335
334 378
334 344
334 371
334 366
335 336
336 339
336 343
336 344
337 338
337 339
337 340
338 358
338 359
338 339
338 354
338 360
338 340
338 361
339 359
339 344
339 365
339 343
339 360
339 366
339 340
339 361
340 349
340 351
340 350
340 352
340 355
340 354
340 360
340 361
341 342
342 375
342 370
342 354
342 376
343 344
344 378
345 346
345 347
345 348
346 348
346 347
347 348
347 363
349 350
349 351
349 352
349 353
349 354
349 355
349 356
350 351
350 355
350 352
350 354
351 352
351 355
351 354
352 355
352 354
353 356
353 355
354 358
354 355
355 356
360 361
367 368
367 369
367 370
367 371
368 369
368 370
368 377
368 371
369 370
369 371
370 375
370 371
370 376
375 376
376 380
378 379
381 382
381 383
381 384
381 385
382 383
384 385
386 387
386 388
386 389
387 389
387 388
387 390
388 389
391 392
391 393
391 394
391 395
391 396
391 396
391 397
391 398
391 399
391 400
391 401
392 401
392 402
392 393
392 395
392 403
392 398
392 400
392 399
393 394
393 404
393 395
393 396
393 396
393 403
393 397
393 398
393 405
393 399
393 400
393 401
394 396
395 398
395 400
395 399
395 401
396 404
396 404
396 403
396 403
396 397
396 397
396 398
396 398
396 405
396 405
396 399
396 399
397 403
397 398
397 399
398 400
398 399
398 401
399 400
399 401
400 401
401 402
401 403
402 403
403 404
403 405
404 405
406 407
406 408
406 409
406 410
406 411
406 412
406 413
406 414
407 415
407 413
407 409
407 408
407 410
407 411
407 416
407 412
407 414
407 418
408 415
408 413
408 409
408 410
408 411
408 412
408 414
408 418
409 415
409 413
409 410
409 411
409 412
409 414
410 413
410 411
410 412
410 414
411 415
411 413
411 416
411 412
411 417
411 414
411 418
412 415
412 413
412 414
412 418
413 415
413 417
413 414
413 418
414 415
415 416
415 417
415 418
415 419
415 420
415 421
415 422
415 423
416 418
417 418
419 424
419 429
419 430
419 420
419 421
419 422
419 422
419 423
420 424
420 425
420 428
420 421
420 422
420 422
420 427
420 423
421 424
421 429
421 430
421 425
421 426
421 423
421 422
421 422
421 427
421 428
422 424
422 424
422 429
422 430
422 423
422 423
422 427
422 428
422 426
422 425
423 424
423 429
423 425
423 427
423 428
424 425
424 426
424 427
424 428
425 429
425 427
425 428
425 426
426 428
427 428
429 430
431 433
431 437
431 432
432 433
434 438
434 439
434 436
435 436
436 438
436 439
438 439
440 441
441 442
443 444
