0 1
0 1
0 1
0 1
1 2
1 2
1 2
1 2
1 3
1 3
1 4
1 4
1 5
1 5
1 6
1 6
1 7
1 7
1 8
1 8
2 8
2 8
2 76
2 76
2 171
2 171
3 18
3 18
3 27
3 27
3 8
3 8
3 42
3 42
3 54
3 54
3 54
3 54
3 55
3 55
3 69
3 69
3 75
3 75
3 76
3 76
3 76
3 76
3 101
3 101
3 114
3 114
3 115
3 115
3 116
3 116
3 116
3 116
3 117
3 117
3 118
3 118
3 119
3 119
3 35
3 35
3 120
3 120
3 121
3 121
3 122
3 122
3 123
3 123
3 124
3 124
3 125
3 125
3 126
3 126
3 50
3 50
3 58
3 58
3 21
3 21
3 127
3 127
3 128
3 128
3 128
3 128
3 129
3 129
3 130
3 130
3 131
3 131
3 132
3 132
3 132
3 132
3 133
3 133
3 22
3 22
3 104
3 104
3 59
3 59
3 134
3 134
3 135
3 135
3 136
3 136
3 137
3 137
3 138
3 138
3 139
3 139
3 140
3 140
3 105
3 105
3 141
3 141
3 142
3 142
3 143
3 143
3 144
3 144
3 145
3 145
3 146
3 146
3 146
3 146
3 147
3 147
3 148
3 148
3 63
3 63
3 149
3 149
3 150
3 150
3 151
3 151
3 107
3 107
3 152
3 152
3 153
3 153
3 154
3 154
3 96
3 96
3 64
3 64
3 155
3 155
3 156
3 156
3 157
3 157
3 158
3 158
3 158
3 158
3 159
3 159
3 160
3 160
3 160
3 160
3 161
3 161
3 162
3 162
3 163
3 163
3 164
3 164
4 5
4 5
5 144
5 144
6 186
6 186
6 125
6 125
6 125
6 125
6 249
6 249
8 18
8 18
8 26
8 26
8 19
8 19
8 43
8 43
8 44
8 44
8 45
8 45
8 30
8 30
8 46
8 46
8 47
8 47
8 47
8 47
8 48
8 48
9 10
9 10
9 11
9 11
10 12
10 12
10 12
10 12
10 13
10 13
10 14
10 14
11 12
11 12
11 15
11 15
11 16
11 16
11 16
11 16
12 54
12 54
12 54
12 54
12 54
12 54
12 54
12 54
12 66
12 66
12 66
12 66
12 67
12 67
12 67
12 67
12 68
12 68
12 68
12 68
12 69
12 69
12 69
12 69
12 70
12 70
12 70
12 70
12 71
12 71
12 71
12 71
12 72
12 72
12 72
12 72
12 73
12 73
12 73
12 73
12 74
12 74
12 74
12 74
12 75
12 75
12 75
12 75
12 76
12 76
13 101
13 101
14 96
14 96
15 67
15 67
15 67
15 67
15 67
15 67
15 174
15 174
17 18
17 18
17 18
17 18
18 19
18 19
18 19
18 19
18 20
18 20
18 20
18 20
18 18
18 18
18 21
18 21
18 22
18 22
18 23
18 23
18 24
18 24
19 41
19 41
19 42
19 42
21 22
21 22
21 23
21 23
21 24
21 24
21 133
21 133
21 136
21 136
21 146
21 146
22 30
22 30
22 162
22 162
23 30
23 30
24 170
24 170
24 30
24 30
25 26
25 26
25 26
25 26
25 27
25 27
26 28
26 28
26 29
26 29
26 29
26 29
27 30
27 30
28 70
28 70
28 70
28 70
28 30
28 30
28 239
28 239
28 147
28 147
28 147
28 147
28 207
28 207
30 32
30 32
30 33
30 33
30 33
30 33
30 39
30 39
30 39
30 39
30 39
30 39
30 42
30 42
30 66
30 66
30 67
30 67
30 68
30 68
30 68
30 68
30 71
30 71
30 71
30 71
30 81
30 81
30 81
30 81
30 170
30 170
30 179
30 179
30 44
30 44
30 180
30 180
30 181
30 181
30 182
30 182
30 48
30 48
30 183
30 183
30 112
30 112
30 91
30 91
30 97
30 97
30 40
30 40
30 36
30 36
30 80
30 80
30 184
30 184
30 37
30 37
30 185
30 185
30 93
30 93
30 186
30 186
30 187
30 187
30 188
30 188
30 131
30 131
30 132
30 132
30 189
30 189
30 190
30 190
30 191
30 191
30 192
30 192
30 92
30 92
30 92
30 92
30 193
30 193
30 194
30 194
30 195
30 195
30 196
30 196
30 197
30 197
30 134
30 134
30 77
30 77
30 198
30 198
30 199
30 199
30 200
30 200
30 138
30 138
30 139
30 139
30 140
30 140
30 201
30 201
30 202
30 202
30 78
30 78
30 203
30 203
30 173
30 173
30 173
30 173
30 204
30 204
30 205
30 205
30 206
30 206
30 149
30 149
30 207
30 207
30 106
30 106
30 208
30 208
30 157
30 157
30 160
30 160
30 65
30 65
30 209
30 209
30 209
30 209
31 32
31 32
31 33
31 33
32 34
32 34
33 35
33 35
33 36
33 36
33 37
33 37
35 101
35 101
35 96
35 96
35 189
35 189
35 134
35 134
35 138
35 138
35 225
35 225
35 228
35 228
35 229
35 229
35 230
35 230
35 121
35 121
35 231
35 231
35 232
35 232
35 50
35 50
35 260
35 260
36 67
36 67
36 81
36 81
36 235
36 235
36 80
36 80
36 37
36 37
36 37
36 37
36 59
36 59
36 195
36 195
36 204
36 204
36 205
36 205
36 205
36 205
37 66
37 66
37 67
37 67
37 68
37 68
37 68
37 68
37 71
37 71
37 74
37 74
37 110
37 110
37 221
37 221
37 91
37 91
37 91
37 91
37 97
37 97
37 97
37 97
37 80
37 80
37 184
37 184
37 184
37 184
37 235
37 235
37 240
37 240
37 195
37 195
37 204
37 204
37 205
37 205
37 248
37 248
38 39
38 39
39 40
39 40
39 40
39 40
39 40
39 40
39 40
39 40
40 47
40 47
40 47
40 47
40 47
40 47
40 188
40 188
40 188
40 188
40 188
40 188
40 194
40 194
40 194
40 194
40 194
40 194
40 164
40 164
40 164
40 164
40 164
40 164
42 49
42 49
42 50
42 50
46 200
46 200
46 255
46 255
46 255
46 255
47 188
47 188
47 151
47 151
47 164
47 164
48 172
48 172
48 172
48 172
48 172
48 172
48 172
48 172
50 118
50 118
51 52
51 52
53 54
53 54
53 54
53 54
53 55
53 55
54 56
54 56
54 56
54 56
54 56
54 56
54 54
54 54
54 57
54 57
54 58
54 58
54 58
54 58
55 59
55 59
55 60
55 60
55 61
55 61
55 62
55 62
55 63
55 63
55 64
55 64
55 65
55 65
59 91
59 91
59 228
59 228
61 166
61 166
66 77
66 77
66 78
66 78
67 79
67 79
67 79
67 79
67 79
67 79
67 80
67 80
67 81
67 81
68 82
68 82
68 83
68 83
68 84
68 84
68 85
68 85
68 68
68 68
69 86
69 86
69 87
69 87
69 87
69 87
71 88
71 88
71 88
71 88
71 89
71 89
71 89
71 89
71 90
71 90
71 91
71 91
71 91
71 91
71 80
71 80
71 92
71 92
72 93
72 93
72 93
72 93
72 94
72 94
73 95
73 95
73 95
73 95
73 96
73 96
74 74
74 74
74 97
74 97
74 97
74 97
74 97
74 97
74 98
74 98
75 99
75 99
75 99
75 99
75 100
75 100
76 100
76 100
77 254
77 254
78 174
78 174
78 258
78 258
78 254
78 254
79 159
79 159
80 91
80 91
80 91
80 91
80 242
80 242
80 92
80 92
80 92
80 92
80 92
80 92
80 92
80 92
80 243
80 243
80 203
80 203
80 205
80 205
81 114
81 114
82 101
82 101
82 171
82 171
83 175
83 175
84 96
84 96
85 189
85 189
86 87
86 87
87 103
87 103
87 104
87 104
87 104
87 104
87 105
87 105
87 106
87 106
87 106
87 106
87 107
87 107
87 107
87 107
87 107
87 107
87 108
87 108
88 165
88 165
91 165
91 165
91 165
91 165
91 242
91 242
91 92
91 92
91 92
91 92
91 243
91 243
91 243
91 243
91 244
91 244
91 244
91 244
91 244
91 244
92 226
92 226
92 118
92 118
92 252
92 252
95 96
95 96
96 125
96 125
96 144
96 144
96 173
96 173
97 98
97 98
97 98
97 98
97 245
97 245
101 102
101 102
103 210
103 210
104 104
104 104
104 104
104 104
104 104
104 104
106 117
106 117
106 117
106 117
106 215
106 215
107 107
107 107
107 107
107 107
109 109
109 109
109 110
109 110
109 111
109 111
110 112
110 112
110 112
110 112
111 113
111 113
112 240
112 240
112 241
112 241
113 186
113 186
113 186
113 186
113 186
113 186
113 186
113 186
113 186
113 186
113 124
113 124
113 124
113 124
113 152
113 152
113 152
113 152
113 152
113 152
113 274
113 274
113 275
113 275
115 214
115 214
115 134
115 134
115 138
115 138
116 141
116 141
118 226
118 226
118 257
118 257
119 254
119 254
119 263
119 263
120 134
120 134
120 138
120 138
120 229
120 229
121 123
121 123
121 225
121 225
121 225
121 225
121 228
121 228
121 229
121 229
121 230
121 230
121 121
121 121
121 231
121 231
121 232
121 232
122 225
122 225
122 262
122 262
123 179
123 179
123 179
123 179
124 141
124 141
124 152
124 152
125 249
125 249
126 126
126 126
126 126
126 126
127 193
127 193
127 235
127 235
128 144
128 144
129 225
129 225
129 227
129 227
129 231
129 231
130 143
130 143
132 251
132 251
141 214
141 214
143 172
143 172
143 172
143 172
144 264
144 264
144 172
144 172
158 265
158 265
159 177
159 177
160 160
160 160
163 207
163 207
166 167
166 167
166 168
166 168
166 169
166 169
166 170
166 170
171 172
171 172
172 173
172 173
175 176
175 176
176 245
176 245
176 245
176 245
176 245
176 245
176 245
176 245
177 186
177 186
178 178
178 178
178 178
178 178
183 201
183 201
183 201
183 201
184 246
184 246
184 247
184 247
184 205
184 205
186 249
186 249
186 249
186 249
186 186
186 186
186 186
186 186
187 250
187 250
187 196
187 196
189 212
189 212
192 192
192 192
194 250
194 250
196 253
196 253
196 253
196 253
197 213
197 213
198 250
198 250
199 253
199 253
199 253
199 253
200 255
200 255
200 256
200 256
200 256
200 256
200 257
200 257
203 259
203 259
208 208
208 208
209 253
209 253
209 260
209 260
209 260
209 260
209 261
209 261
210 211
210 211
216 217
216 217
218 219
218 219
218 219
218 219
220 221
220 221
221 222
221 222
221 223
221 223
221 223
221 223
224 225
224 225
224 226
224 226
225 227
225 227
225 228
225 228
225 228
225 228
225 229
225 229
225 229
225 229
225 230
225 230
225 230
225 230
225 231
225 231
225 231
225 231
225 231
225 231
225 232
225 232
225 232
225 232
225 233
225 233
225 234
225 234
225 235
225 235
225 236
225 236
225 237
225 237
225 238
225 238
228 229
228 229
228 229
228 229
228 230
228 230
228 230
228 230
228 231
228 231
228 231
228 231
228 232
228 232
228 232
228 232
229 230
229 230
229 230
229 230
229 231
229 231
229 231
229 231
229 232
229 232
229 232
229 232
230 231
230 231
230 231
230 231
230 232
230 232
230 232
230 232
231 232
231 232
231 232
231 232
233 237
233 237
234 235
234 235
237 238
237 238
244 244
244 244
253 260
253 260
253 276
253 276
253 276
253 276
253 277
253 277
260 261
260 261
260 261
260 261
262 269
262 269
266 267
266 267
267 268
267 268
267 268
267 268
268 280
268 280
269 270
269 270
269 271
269 271
269 272
269 272
269 272
269 272
269 273
269 273
272 281
272 281
276 276
276 276
278 279
278 279
278 279
278 279
282 283
282 283
284 285
284 285
