0 1
0 1
0 2
0 2
0 3
0 3
0 3
0 3
0 3
0 3
0 3
0 3
0 3
0 3
1 4
1 4
1 5
1 5
1 5
1 5
1 5
1 5
1 5
1 5
1 6
1 6
1 6
1 6
1 7
1 7
1 7
1 7
1 7
1 7
1 7
1 7
1 8
1 8
1 8
1 8
1 8
1 8
1 9
1 9
1 3
1 3
2 10
2 10
2 8
2 8
2 11
2 11
2 12
2 12
2 13
2 13
2 14
2 14
2 15
2 15
2 16
2 16
2 17
2 17
2 18
2 18
2 19
2 19
2 20
2 20
2 21
2 21
2 22
2 22
2 23
2 23
2 24
2 24
2 24
2 24
2 25
2 25
2 26
2 26
2 27
2 27
2 28
2 28
2 29
2 29
2 30
2 30
2 31
2 31
2 32
2 32
2 33
2 33
2 34
2 34
2 35
2 35
2 36
2 36
2 37
2 37
2 38
2 38
2 39
2 39
2 40
2 40
2 41
2 41
2 42
2 42
2 43
2 43
2 44
2 44
2 45
2 45
2 46
2 46
2 47
2 47
2 48
2 48
2 3
2 3
2 3
2 3
2 49
2 49
3 8
3 8
3 12
3 12
3 12
3 12
3 12
3 12
3 12
3 12
3 12
3 12
3 50
3 50
3 51
3 51
3 52
3 52
3 52
3 52
3 53
3 53
4 133
4 133
4 79
4 79
4 11
4 11
4 28
4 28
4 35
4 35
7 190
7 190
7 190
7 190
8 191
8 191
8 191
8 191
8 191
8 191
9 50
9 50
9 212
9 212
11 50
11 50
11 11
11 11
11 28
11 28
12 50
12 50
13 219
13 219
13 121
13 121
15 255
15 255
15 15
15 15
15 258
15 258
15 259
15 259
16 17
16 17
17 55
17 55
17 72
17 72
17 89
17 89
17 90
17 90
17 91
17 91
17 91
17 91
17 91
17 91
17 91
17 91
17 92
17 92
17 93
17 93
17 94
17 94
17 56
17 56
17 57
17 57
17 58
17 58
17 59
17 59
17 60
17 60
17 61
17 61
17 62
17 62
17 63
17 63
17 64
17 64
17 65
17 65
17 66
17 66
17 95
17 95
17 96
17 96
17 97
17 97
17 98
17 98
17 69
17 69
17 99
17 99
17 100
17 100
17 101
17 101
17 102
17 102
17 103
17 103
17 104
17 104
17 105
17 105
17 106
17 106
17 107
17 107
17 108
17 108
17 109
17 109
17 110
17 110
17 110
17 110
17 111
17 111
17 112
17 112
17 112
17 112
17 113
17 113
17 28
17 28
17 31
17 31
17 114
17 114
17 115
17 115
17 115
17 115
17 38
17 38
17 73
17 73
17 116
17 116
17 117
17 117
17 118
17 118
17 119
17 119
17 120
17 120
17 121
17 121
17 45
17 45
17 122
17 122
17 123
17 123
17 124
17 124
19 260
19 260
19 96
19 96
19 97
19 97
19 22
19 22
19 261
19 261
20 144
20 144
21 132
21 132
22 97
22 97
22 99
22 99
22 53
22 53
23 262
23 262
23 262
23 262
23 263
23 263
23 264
23 264
24 263
24 263
24 263
24 263
25 104
25 104
25 265
25 265
26 90
26 90
26 260
26 260
28 135
28 135
28 136
28 136
32 81
32 81
32 81
32 81
32 32
32 32
34 266
34 266
36 193
36 193
36 194
36 194
36 194
36 194
36 125
36 125
36 156
36 156
36 68
36 68
36 196
36 196
38 267
38 267
38 267
38 267
38 266
38 266
38 268
38 268
38 110
38 110
39 54
39 54
39 68
39 68
39 69
39 69
39 70
39 70
39 71
39 71
39 39
39 39
40 256
40 256
41 67
41 67
41 164
41 164
42 195
42 195
44 140
44 140
44 141
44 141
45 232
45 232
45 45
45 45
45 45
45 45
46 118
46 118
48 140
48 140
48 140
48 140
48 68
48 68
48 141
48 141
48 71
48 71
50 72
50 72
50 75
50 75
50 76
50 76
50 77
50 77
50 78
50 78
50 79
50 79
50 79
50 79
50 80
50 80
50 80
50 80
50 81
50 81
50 81
50 81
50 82
50 82
50 83
50 83
50 84
50 84
50 85
50 85
50 86
50 86
50 73
50 73
50 87
50 87
50 88
50 88
52 130
52 130
52 148
52 148
52 148
52 148
52 149
52 149
52 150
52 150
52 151
52 151
52 152
52 152
52 152
52 152
52 153
52 153
52 153
52 153
53 91
53 91
53 213
53 213
53 251
53 251
53 216
53 216
54 55
54 55
55 56
55 56
55 57
55 57
55 58
55 58
55 59
55 59
55 60
55 60
55 61
55 61
55 61
55 61
55 62
55 62
55 63
55 63
55 64
55 64
55 65
55 65
55 66
55 66
55 67
55 67
56 57
56 57
56 58
56 58
56 60
56 60
56 61
56 61
56 61
56 61
56 62
56 62
56 64
56 64
57 60
57 60
57 61
57 61
57 62
57 62
57 65
57 65
58 90
58 90
58 93
58 93
58 58
58 58
58 59
58 59
58 60
58 60
58 61
58 61
58 62
58 62
58 63
58 63
58 65
58 65
58 95
58 95
58 96
58 96
59 90
59 90
59 60
59 60
59 61
59 61
59 62
59 62
59 96
59 96
59 97
59 97
60 90
60 90
60 92
60 92
60 93
60 93
60 94
60 94
60 60
60 60
60 61
60 61
60 61
60 61
60 61
60 61
60 62
60 62
60 62
60 62
60 63
60 63
60 64
60 64
60 65
60 65
60 66
60 66
60 95
60 95
60 96
60 96
60 97
60 97
60 69
60 69
60 99
60 99
60 100
60 100
61 90
61 90
61 90
61 90
61 92
61 92
61 93
61 93
61 93
61 93
61 94
61 94
61 61
61 61
61 62
61 62
61 62
61 62
61 63
61 63
61 64
61 64
61 65
61 65
61 65
61 65
61 66
61 66
61 95
61 95
61 95
61 95
61 96
61 96
61 96
61 96
61 97
61 97
61 69
61 69
61 99
61 99
61 100
61 100
62 90
62 90
62 92
62 92
62 93
62 93
62 94
62 94
62 62
62 62
62 63
62 63
62 64
62 64
62 65
62 65
62 66
62 66
62 95
62 95
62 96
62 96
62 97
62 97
62 69
62 69
62 99
62 99
62 100
62 100
63 90
63 90
63 96
63 96
63 97
63 97
64 65
64 65
67 159
67 159
67 160
67 160
67 161
67 161
67 162
67 162
67 163
67 163
67 146
67 146
67 167
67 167
67 164
67 164
67 164
67 164
67 168
67 168
67 169
67 169
67 166
67 166
68 111
68 111
68 238
68 238
68 239
68 239
70 147
70 147
70 70
70 70
71 270
71 270
71 271
71 271
72 73
72 73
72 73
72 73
72 74
72 74
73 125
73 125
73 126
73 126
73 127
73 127
75 115
75 115
75 115
75 115
75 115
75 115
76 86
76 86
76 86
76 86
76 86
76 86
77 114
77 114
77 114
77 114
78 137
78 137
80 112
80 112
80 112
80 112
82 87
82 87
82 87
82 87
82 87
82 87
83 209
83 209
83 209
83 209
83 209
83 209
84 211
84 211
84 211
84 211
84 211
84 211
85 212
85 212
86 129
86 129
86 130
86 130
86 131
86 131
86 132
86 132
86 86
86 86
86 86
86 86
89 227
89 227
90 93
90 93
90 93
90 93
90 94
90 94
90 95
90 95
90 95
90 95
91 131
91 131
91 91
91 91
91 214
91 214
91 214
91 214
91 117
91 117
92 100
92 100
92 99
92 99
93 94
93 94
94 95
94 95
96 100
96 100
96 100
96 100
96 99
96 99
96 99
96 99
98 106
98 106
100 260
100 260
101 276
101 276
102 154
102 154
102 155
102 155
102 156
102 156
102 104
102 104
102 157
102 157
102 158
102 158
103 214
103 214
103 214
103 214
103 106
103 106
103 106
103 106
103 107
103 107
104 164
104 164
104 277
104 277
104 157
104 157
104 278
104 278
104 158
104 158
104 265
104 265
105 238
105 238
105 238
105 238
105 232
105 232
105 256
105 256
105 279
105 279
106 258
106 258
106 214
106 214
106 107
106 107
108 192
108 192
108 193
108 193
108 194
108 194
108 194
108 194
108 135
108 135
108 195
108 195
108 196
108 196
109 187
109 187
110 162
110 162
110 162
110 162
110 167
110 167
110 164
110 164
110 268
110 268
110 268
110 268
110 280
110 280
110 169
110 169
110 166
110 166
110 281
110 281
111 125
111 125
111 228
111 228
112 132
112 132
112 195
112 195
113 193
113 193
113 194
113 194
113 194
113 194
113 135
113 135
113 196
113 196
114 114
114 114
115 128
115 128
115 115
115 115
116 140
116 140
116 141
116 141
118 174
118 174
118 174
118 174
118 233
118 233
119 267
119 267
119 267
119 267
119 266
119 266
119 266
119 266
122 256
122 256
122 272
122 272
123 238
123 238
123 238
123 238
123 232
123 232
124 140
124 140
124 140
124 140
124 141
124 141
125 227
125 227
125 127
125 127
129 145
129 145
130 144
130 144
131 213
131 213
132 236
132 236
133 134
133 134
135 136
135 136
135 243
135 243
138 139
138 139
138 139
138 139
139 140
139 140
139 141
139 141
140 193
140 193
140 203
140 203
140 194
140 194
140 196
140 196
140 204
140 204
140 205
140 205
140 205
140 205
140 206
140 206
140 206
140 206
140 207
140 207
140 207
140 207
140 208
140 208
141 205
141 205
141 205
141 205
141 204
141 204
141 206
141 206
141 206
141 206
141 207
141 207
141 208
141 208
142 143
142 143
143 144
143 144
145 146
145 146
148 151
148 151
148 153
148 153
148 153
148 153
149 150
149 150
149 153
149 153
150 153
150 153
150 153
150 153
151 153
151 153
151 153
151 153
151 153
151 153
151 153
151 153
156 235
156 235
158 167
158 167
158 164
158 164
159 160
159 160
159 161
159 161
159 161
159 161
159 162
159 162
160 163
160 163
160 162
160 162
161 162
161 162
162 163
162 163
162 164
162 164
162 165
162 165
162 165
162 165
162 166
162 166
162 166
162 166
164 224
164 224
164 166
164 166
164 290
164 290
164 281
164 281
166 167
166 167
167 220
167 220
167 222
167 222
167 167
167 167
167 223
167 223
167 224
167 224
167 225
167 225
170 171
170 171
170 171
170 171
171 172
171 172
171 173
171 173
171 173
171 173
171 174
171 174
171 171
171 171
171 171
171 171
171 171
171 171
171 171
171 171
171 171
171 171
171 175
171 175
171 176
171 176
171 176
171 176
172 248
172 248
173 282
173 282
174 231
174 231
174 233
174 233
174 233
174 233
174 234
174 234
175 264
175 264
177 178
177 178
179 180
179 180
179 181
179 181
180 182
180 182
180 181
180 181
181 182
181 182
181 182
181 182
181 183
181 183
184 185
184 185
184 185
184 185
185 186
185 186
185 187
185 187
185 187
185 187
185 187
185 187
188 189
188 189
188 189
188 189
193 197
193 197
193 198
193 198
193 199
193 199
193 200
193 200
193 201
193 201
193 202
193 202
194 197
194 197
194 198
194 198
194 198
194 198
194 199
194 199
194 200
194 200
194 201
194 201
194 202
194 202
195 231
195 231
195 232
195 232
196 197
196 197
196 198
196 198
196 199
196 199
196 200
196 200
196 201
196 201
196 202
196 202
203 205
203 205
209 210
209 210
210 230
210 230
211 211
211 211
213 215
213 215
213 216
213 216
214 258
214 258
217 217
217 217
217 218
217 218
220 220
220 220
220 221
220 221
221 226
221 226
221 226
221 226
224 224
224 224
226 226
226 226
226 255
226 255
226 256
226 256
226 256
226 256
226 257
226 257
227 228
227 228
227 229
227 229
228 244
228 244
232 238
232 238
232 240
232 240
232 240
232 240
232 245
232 245
232 245
232 245
232 245
232 245
232 245
232 245
232 246
232 246
232 246
232 246
232 247
232 247
233 262
233 262
236 237
236 237
237 269
237 269
238 240
238 240
238 241
238 241
238 242
238 242
238 242
238 242
240 264
240 264
240 264
240 264
241 246
241 246
242 279
242 279
246 282
246 282
246 289
246 289
249 250
249 250
250 251
250 251
250 252
250 252
250 252
250 252
250 252
250 252
251 275
251 275
251 252
251 252
252 293
252 293
252 293
252 293
252 252
252 252
253 254
253 254
262 263
262 263
262 264
262 264
262 283
262 283
263 264
263 264
263 264
263 264
263 284
263 284
263 285
263 285
264 282
264 282
264 282
264 282
264 282
264 282
264 282
264 282
264 284
264 284
266 267
266 267
266 268
266 268
266 291
266 291
266 292
266 292
267 268
267 268
267 268
267 268
268 280
268 280
268 281
268 281
273 274
273 274
280 287
280 287
281 287
281 287
281 287
281 287
286 287
286 287
286 287
286 287
287 288
287 288
287 288
287 288
292 296
292 296
294 295
294 295
297 297
297 297
298 298
298 298
299 299
299 299
